9
input	13
dense	32
relu	0
dense	32
relu	0
dense	32
relu	0
dense	1
linear	0
7.999999979801942e-06
1.1341731e-02	-2.8467072e-02	-6.1802063e-02	-3.4788027e-02	-2.6209867e-02	-4.3762550e-03	2.9758951e-02	-1.8981760e-02	-1.2984471e-02	1.7315967e-02	-1.0111194e-02	-1.3320548e-02	-9.4933458e-02	-3.3340458e-02	4.5770254e-02	-1.6496789e-02	-2.5751082e-02	-8.2379533e-03	2.7466834e-02	3.0971028e-02	3.7541699e-02	-4.3450043e-04	2.8996789e-03	1.0928324e-02	-7.2793169e-03	-8.4144831e-02	-6.0494632e-02	1.3720505e-02	-2.8142497e-02	0.0000000e+00	-2.7636012e-02	4.4611324e-02
-4.4459883e-02	-1.4976574e-02	-2.8692730e-02	-2.1706302e-02	-3.6977410e-02	-3.3573605e-02	-2.6957149e-02	-4.3441385e-02	-3.1391568e-02	-1.7677851e-02	-2.0662110e-02	-1.3733058e-02	-3.2045811e-02	3.0995710e-07	-2.8877253e-02	-2.8185004e-02	-2.9482804e-02	-2.6798055e-02	-6.5478563e-02	-8.5899085e-03	-2.7496085e-02	-2.1341315e-02	-1.5851995e-02	-4.8067745e-02	-2.7940651e-02	-6.5214643e-03	-3.7316710e-02	-2.9136930e-02	-4.3764550e-02	-1.8726431e-02	-3.4923770e-02	-4.8943061e-02
-1.0931979e-02	-2.8405814e-02	3.7071409e-03	-1.0543188e-02	-2.8389884e-02	-4.9134929e-02	-7.5728712e-03	-2.1277806e-02	-9.9308519e-03	-1.2758630e-02	-7.6659610e-03	1.5292845e-04	-9.8289521e-03	-1.2368092e-02	5.2357297e-03	-1.5419359e-02	-2.3793158e-05	-3.2279264e-02	-8.0688030e-04	-2.0278405e-02	-8.6843381e-03	-1.8442972e-02	-4.6730442e-03	-1.8503724e-02	-1.1857016e-02	5.9228949e-03	-3.3685768e-03	-2.4310408e-02	-1.9911556e-02	-1.1552854e-02	-1.2350838e-02	-1.7456328e-03
2.0108717e-04
-3.3141908e-01	1.9841819e-01	1.7269653e-01	-1.8449129e-01	-2.0602213e-01	-1.1160769e-02	-1.7431659e-01	1.2034252e-01	-8.4110852e-03	-9.4468422e-02	-1.0802185e-01	-2.2765107e-01	-1.1923771e-01	1.9078328e-01	1.2277360e-01	-1.9823503e-01	-1.7219601e-02	2.6599771e-01	-1.2174346e-01	3.2761884e-01	2.0707886e-01	-2.0047265e-01	4.0311709e-02	-2.7721617e-01	2.7716169e-01	-1.3331439e-01	1.8520403e-01	1.4491120e-01	-1.3101981e-02	-3.5968369e-03	3.2741225e-01	-3.0085590e-01	-2.4120356e-01	-3.1044644e-01	-1.8793090e-01	2.9863808e-01	1.9941825e-01	-2.5324371e-01	1.3884977e-01	-1.4982994e-01	-1.6375051e-01	-3.2694429e-01	-1.9961120e-01	3.7915558e-01	3.6611208e-01	-1.9293526e-01	1.8806036e-01	-5.8650967e-02	4.1734032e-02	3.4611297e-01	-1.7765144e-01	-3.6253268e-01	1.3711744e-02	1.7742661e-01	2.5251374e-01	-2.2036766e-01	2.8328121e-01	9.9532820e-02	3.6359403e-02	1.4692889e-01	4.1914564e-01	-2.5393593e-01	-9.9798195e-02	2.2420238e-01	-1.2896499e-01	-2.3576741e-01	-1.6492216e-01	3.0322809e-02	3.9998236e-01	6.9974005e-01	1.7341700e-01	8.1081063e-02	-3.9787795e-02	-7.1412869e-02	-5.7558618e-02	-2.1205555e-01	1.0945990e-01	1.7320831e-01	-4.8146531e-02	1.3191490e-01	3.0427364e-01	-2.5694409e-01	-9.9369183e-02	8.2797185e-02	-6.8916731e-02	-2.3315118e-01	-3.0901069e-02	1.5893488e-01	1.3945615e-01	-2.0656748e-01	-1.3065182e-01	9.8867789e-02	4.1419983e-02	3.3295855e-01	-2.9825974e-01	-4.4621727e-03	-3.4104527e-03	3.0861974e-01	-3.2468471e-01	-3.2998994e-01	1.8700041e-01	9.8553084e-02	3.3796851e-02	-1.8643413e-01	-2.9651192e-01	-3.0165926e-01	-2.2305337e-01	-2.9446208e-01	3.9129298e-02	-1.0092483e-01	2.6954666e-01	-6.2607557e-02	-1.3548340e-01	2.1809472e-01	-8.1774145e-02	-1.8577155e-01	-2.5161433e-01	5.7255343e-02	-3.1213439e-01	-2.8509244e-01	3.3074236e-01	-1.6818021e-01	-2.4139720e-01	2.2247136e-01	1.6704905e-01	5.5492815e-02	3.3255565e-01	3.3815593e-01	2.5581855e-01	-1.2057723e-02	-3.2134125e-01	-2.3849651e-02	-9.9606037e-02	2.1053718e-02	-1.6609138e-01	2.7228826e-01	-1.4764832e-01	-1.1914852e-01	-1.6550925e-01	-1.3302694e-02	3.5171342e-01	3.0396750e-02	-1.9806938e-01	-2.8711227e-01	-1.5336813e-01	8.0942467e-02	4.8925254e-01	5.5714786e-01	5.2944809e-01	-2.2562157e-01	2.9191965e-01	-1.5225150e-01	4.6408363e-02	-1.7056988e-01	2.4328198e-01	-7.9444543e-02	-1.8376936e-01	-2.3857139e-01	-1.7844597e-01	2.3097898e-01	-7.2992824e-02	3.2675159e-01	-2.5177085e-01	1.2296908e-01	5.9516013e-02	7.5763591e-02	-2.1287541e-01	-2.1902527e-01	-2.2693828e-02	-6.7385472e-02	-3.7891835e-02	-4.5172524e-02	8.0939665e-02	-6.7892815e-03	5.7244502e-02	-3.2605627e-01	-1.2758461e-01	5.1428471e-02	2.3422286e-01	-1.0705029e-01	3.3685896e-01	-6.0929980e-02	2.5188172e-01	3.5366589e-01	4.4034462e-02	-2.0389983e-02	1.3665091e-01	-2.7855563e-01	2.8226113e-02	-8.7194838e-02	-1.0647237e-01	-5.1848695e-02	-8.2381696e-02	-2.7831337e-01	-1.6204111e-01	1.4623110e-01	1.3287821e-01	3.0930555e-01	4.5146413e-02	-2.5771558e-01	3.9100745e-01	-9.7971536e-02	-8.0389537e-02	-6.4819381e-02	1.5287842e-02	-1.8034583e-01	-1.1751705e-01	-8.7296434e-02	3.6002430e-01	-1.6628875e-01	3.3890590e-01	-2.0160928e-01	3.6882930e-02	-2.2380376e-01	9.9331871e-02	-3.3690971e-01	2.7427086e-01	5.7059377e-02	1.3206224e-01	1.5184352e-01	-3.4831136e-01	1.4090398e-01	-2.3742321e-01	2.8169483e-02	2.9988836e-02	7.4521475e-02	5.9517992e-01	-1.7589965e-01	2.0214739e-01	-1.1791559e-01	-1.6675916e-01	-1.6837542e-01	-1.7787054e-01	1.1267897e-01	-2.5039807e-02	2.6253647e-01	3.6994714e-01	-2.6690078e-01	-1.8298873e-01	-1.7109577e-01	-3.1991464e-01	-1.9546404e-01	1.2867731e-01	-1.5937877e-01	-2.5968915e-01	3.3462030e-01	-1.6983187e-01	2.8294494e-02	3.3531716e-01	2.3088872e-01	5.2728489e-02	1.4088301e-01	-1.4300218e-01	1.2160911e-01	1.4842123e-01	2.7389482e-01	-2.9017323e-01	1.9901310e-01	-3.8124338e-01	8.8962838e-02	-3.1376429e-02	-6.4642459e-02	-1.1863954e-02	1.2929969e-02	3.0800116e-01	9.0232315e-03	-9.7363489e-03	-1.9861703e-01	3.9632004e-02	-2.1773198e-01	1.3426365e-01	3.3181009e-01	3.6936021e-01	-1.5874314e-01	8.3956093e-02	3.7750058e-02	-6.4545467e-02	1.3633177e-01	-2.6689667e-01	2.0352449e-01	-4.0776730e-02	1.5053147e-01	-2.4561873e-01	3.8180064e-02	2.1088438e-01	-1.1539291e-01	-1.5217011e-01	1.8481663e-01	1.5250021e-01	1.4051549e-01	1.6621448e-01	-1.1949632e-01	9.7880967e-02	2.2963138e-01	-3.3817726e-01	3.4983695e-01	1.7121701e-01	1.5602577e-01	-3.2240564e-01	-9.4086096e-02	1.4412610e-01	1.1997031e-01	-2.5775713e-01	-4.9231243e-01	-5.2291071e-01	-2.1690428e-01	2.3798788e-01	-1.5834220e-01	-5.5661008e-02	-2.3679511e-01	-1.6997446e-01	2.7940104e-02	3.0270571e-01	-7.9241566e-02	2.4412733e-02	-2.0124640e-02	2.7130708e-01	3.0158123e-01	-2.5790584e-01	2.7292836e-01	-1.8836031e-03	-3.0306891e-02	2.2949003e-01	-1.6538246e-01	-2.5335217e-01	-3.2567033e-01	-3.0951265e-01	-2.0568761e-01	4.1240830e-02	3.4137768e-01	2.4695647e-01	-3.0916888e-01	4.5391023e-02	1.7841244e-01	7.8339316e-03	3.9354604e-02	-7.0142083e-02	1.5645134e-01	-7.4845858e-02	1.2860589e-01	-5.4440740e-02	4.7169676e-01	-1.9065846e-02	2.7181342e-01	-1.9403464e-01	2.4184786e-02	2.0780054e-01	1.2563334e-01	-3.0048031e-01	2.9663005e-01	-7.3897183e-02	3.2867268e-01	-1.7877023e-01	-8.6660624e-02	-2.7816057e-01	-5.9651613e-02	-1.9006129e-01	-2.1029955e-01	2.6780301e-01	1.2948341e-02	-1.9072399e-01	-1.1902109e-01	-6.0010161e-02	3.3333629e-01	2.0543112e-01	-1.3104148e-01	-3.5288361e-01	1.1813995e-01	-1.9131796e-01	-1.3034347e-02	-3.4428987e-01	-2.4701029e-01	-2.7435425e-01	2.8541249e-01	-2.5517026e-01	-2.5307500e-01	-2.2585444e-01	-3.1590462e-01	1.0641056e-01	1.3228148e-01	9.1936380e-02	-7.0622265e-02	3.2259023e-01	-2.0782427e-01	2.0042616e-01	-3.5714981e-01	-1.6467111e-01	5.9964448e-02	2.7175850e-01	-5.2973509e-02	-1.0255773e-01	-2.5717527e-01	2.1732762e-01	4.9915010e-01	-2.2638805e-01	-2.1205163e-02	9.1822460e-02	2.0052624e-01	-1.3714434e-01	-7.2229072e-02	-5.6196220e-02	-2.9203507e-01	2.2277509e-01	-3.3553654e-01	3.9272368e-02	-1.2963444e-01	-1.1717661e-01	1.6319054e-01	-2.5753516e-01	-9.1619946e-02	-7.1141489e-02	-3.7873700e-01	9.9834926e-02	3.8428880e-02	-2.4965306e-01	-1.8630318e-01
6.4256810e-02	2.9345012e-01	1.2540634e-01	-2.2009106e-01	-6.3991219e-02	-4.8255112e-02	6.2757038e-02	2.4849494e-01	-2.7675581e-01	2.5897294e-01	1.5748810e-02	1.8745410e-01	-1.6981812e-02	1.9202015e-01	1.1868633e-01	1.0697491e-01	-1.4573894e-01	1.7914692e-01	2.7502412e-01	-1.8593484e-01	-3.0264499e-02	-2.8930449e-01	-1.6094692e-01	-1.2181278e-01	-2.8055611e-01	2.2991936e-01	7.8744248e-02	1.5186894e-01	6.2038381e-02	1.0092390e-01	6.5810464e-02	-3.5403106e-01	-1.9982851e-01	-2.7360490e-01	-1.5794770e-01	-2.6766336e-01	-8.9082241e-02	-1.9849724e-01	1.8432771e-01	-1.5410659e-01	-3.2037383e-01	5.2139748e-02	-1.2908661e-01	2.2845791e-01	1.8550222e-01	-1.4017847e-01	-1.1242504e-01	-2.2550134e-02	-2.7584651e-01	-3.0601498e-01	-5.1801778e-02	-2.6039176e-02	2.7703962e-01	-1.6310053e-01	-1.0465699e-01	1.1571411e-01	-3.0624619e-01	-5.8197692e-02	2.3890990e-01	-1.1975745e-01	-1.7310607e-01	1.7127842e-01	9.6139628e-03	7.4364178e-02	-9.3053550e-02	-6.6750661e-02	-1.5730250e-01	-3.3394884e-02	3.3255398e-02	-2.0919606e-01	-2.5032598e-01	-1.7520769e-01	8.5191790e-04	-2.5028890e-01	-3.9331645e-02	2.3189448e-01	-1.1630324e-01	3.2243028e-02	1.3454324e-01	-2.3356436e-01	3.1212536e-01	-2.9344732e-01	-7.8731522e-02	3.5482299e-02	1.6387542e-01	-1.0044758e-01	-1.5101740e-01	1.1411108e-01	-2.5016841e-02	8.1138939e-02	-1.6971132e-02	2.4794649e-01	2.4361314e-01	2.8023073e-01	-5.6559298e-02	-4.6072494e-02	-1.8695848e-01	-3.6609523e-02	-2.2688635e-01	-2.6541361e-01	-1.5676086e-01	-2.9704355e-02	-4.2039495e-02	-2.5074124e-01	3.7100773e-02	2.1459807e-01	-3.7080586e-02	-1.8787456e-01	1.1828332e-02	1.7802510e-02	-2.6825422e-01	1.0928272e-01	2.7514911e-01	2.6627386e-01	-2.7057385e-01	3.2521438e-02	2.5857640e-02	2.6030979e-01	-1.4799836e-01	-4.0989652e-02	1.2767877e-01	-1.1248468e-02	1.5499260e-02	-1.7924827e-02	-6.1546989e-02	-2.3402642e-01	-2.1422449e-02	1.5164080e-01	2.1978177e-01	-2.4612345e-01	6.1233465e-02	-2.5065812e-01	-3.9696619e-02	3.2911345e-02	-1.2836510e-01	1.8709065e-01	5.8107679e-03	-2.0525916e-01	1.5757599e-01	8.5309215e-02	2.4515530e-01	-9.9499106e-02	-2.9462770e-01	-1.9901536e-02	-7.5060852e-02	-2.8872499e-01	2.6823321e-01	-2.1816151e-01	-2.4279881e-01	-4.8920184e-02	2.6027128e-01	1.2019299e-01	-2.4519165e-01	1.1156496e-01	-4.6749376e-02	-2.1979639e-01	-1.3064504e-01	-2.3150206e-01	2.0119435e-01	-2.5958797e-01	2.7266161e-03	-8.4181942e-02	-2.2412416e-01	-1.1854210e-01	-1.1410291e-01	-2.8087574e-01	-3.5520360e-02	1.4943779e-01	-4.2142536e-02	-2.7441978e-01	1.3132735e-01	2.7645540e-01	1.6618192e-01	-3.4517211e-01	-1.5944329e-01	2.6163790e-01	-3.0941701e-01	4.7927778e-02	6.7874328e-03	-1.9134809e-01	2.9922906e-01	-2.5799707e-01	-1.3821259e-01	-6.2706232e-02	-2.7451167e-01	7.5777941e-03	-4.8441011e-02	1.3857698e-01	1.4938879e-01	-1.1107229e-01	-3.1927401e-01	-1.7164828e-01	-1.3858148e-01	1.7750327e-01	1.5462780e-01	-1.4405359e-01	1.3929738e-01	3.6711660e-01	-1.5807791e-01	-1.7719744e-01	-7.7133916e-02	-1.4329639e-01	-5.5892825e-02	2.1495487e-01	1.4560771e-01	8.6385742e-02	-5.9735194e-02	1.8807523e-01	1.2102022e-03	1.2558044e-01	1.5750371e-01	-4.6043195e-02	-1.8737064e-01	1.3811758e-01	-2.8611630e-02	-2.1637781e-01	8.8491023e-02	-1.4735481e-01	6.7322068e-02	-1.1039857e-01	7.1656592e-02	3.4230053e-03	6.6614181e-02	-5.3899307e-02	1.8057379e-01	3.1633452e-02	2.8404158e-01	1.9130437e-01	-2.4018709e-01	5.0112210e-02	-4.7288969e-02	-1.5289824e-01	1.6801289e-01	6.4040624e-02	1.7337878e-01	-1.8735297e-01	2.6475683e-01	-2.0835984e-01	-2.1097991e-01	-1.1724228e-01	4.8912231e-02	-1.1243831e-01	2.3434079e-01	-4.1268602e-02	-1.5922725e-01	-2.8855318e-01	4.4834502e-02	2.4407545e-01	1.8817717e-01	7.7114545e-02	-2.9040463e-02	-1.7058116e-01	-2.4434364e-01	2.4454162e-01	-1.4977977e-01	-2.7686694e-01	-1.8629162e-01	-1.0457460e-01	2.5261685e-01	-8.6890189e-03	-2.3634414e-01	-9.7119845e-02	4.6892777e-02	1.4444166e-01	-1.9722538e-02	1.0520943e-01	2.9995450e-01	-2.6764897e-01	1.4727683e-02	-2.6345024e-02	-2.0673349e-01	1.1908530e-01	-2.4771039e-01	-2.5082600e-01	-1.8469413e-01	1.9687252e-01	2.7720115e-01	-2.9883361e-01	1.7186026e-01	-1.8097678e-02	1.7744161e-01	2.7633449e-01	1.9257973e-01	-1.1421619e-01	-3.7138805e-02	7.5375259e-02	5.3734452e-02	5.0815109e-02	7.5502172e-02	1.4339481e-01	2.6703897e-01	9.6813425e-02	1.1639865e-01	-2.2512975e-01	-2.8418222e-01	2.6605433e-01	-2.0590204e-01	7.7861473e-03	4.3398893e-04	2.9467657e-01	1.1432745e-01	2.2025026e-01	1.5624589e-01	2.2350574e-02	-1.8979891e-01	2.5076151e-02	-2.1951778e-01	1.6606396e-01	1.4902945e-01	1.6798836e-01	-1.2553471e-01	2.1023710e-01	2.8701493e-01	3.1611189e-02	-2.2103727e-01	1.4653921e-02	-2.2245657e-01	1.5931457e-01	-2.9594713e-01	-4.3389294e-02	4.7675803e-02	-1.0575327e-01	4.1113511e-02	-1.3149539e-01	2.6053435e-01	-2.5886349e-02	-6.3953996e-02	1.6852637e-01	1.2412262e-01	-8.2119696e-02	2.7357885e-01	-5.1065233e-02	2.7503207e-01	9.1086805e-02	-8.5185431e-02	-8.1422888e-02	-1.7747706e-01	-5.2909382e-02	1.8283649e-01	-2.7896976e-01	9.9136733e-02	-6.8375759e-02	-1.8163085e-01	-1.5800583e-01	3.0711943e-03	-2.0166688e-01	-2.5015622e-01	1.7195910e-01	9.8702751e-02	8.9379013e-02	-3.0375216e-02	-3.9552286e-04	-6.3997038e-02	6.0236946e-02	-2.3594540e-01	1.9131391e-01	-2.5217980e-01	4.7060382e-02	-2.2422457e-01	1.6772655e-01	-1.9797882e-01	-8.1750460e-02	-2.3574492e-01	1.8397132e-01	1.8656857e-01	1.5541133e-01	-1.3853794e-01	1.7711480e-01	-1.9302255e-02	-2.2702551e-01	-1.6753006e-01	-1.7915022e-01	-1.0896870e-01	8.5803539e-02	3.4939777e-02	9.8104768e-02	1.1850062e-01	1.5077078e-01	-2.1647580e-01	-1.6470125e-01	-1.2627338e-01	-1.4886749e-01	-2.4259929e-01	-3.0625893e-02	-2.8414321e-01	6.2517673e-03	2.4182299e-01	-2.9994011e-02	-1.2867354e-01	3.0017653e-01	-1.2711969e-01	-2.0127666e-01	-2.6410317e-01	1.1229940e-01	2.9651347e-01	-3.2468960e-02	1.5273508e-01	4.1126072e-02	-1.5087233e-02	1.3356805e-01	2.4037413e-01	-2.1312907e-01	-2.5604762e-02	-2.2041155e-01	-1.0723998e-01	-2.4543238e-01	-1.7604274e-01	1.4251575e-01	-2.8147483e-01	1.2499507e-01	1.7619303e-01	-1.2122411e-01	-2.7793169e-01	3.2763422e-02	-1.5779440e-01	-1.4128602e-01	2.5396284e-01	-2.6374352e-01	-2.2900376e-01	-1.5288536e-01	2.2062483e-01	-2.7843136e-01	-4.7243252e-02	-3.0075645e-01	-2.3657282e-01	1.0036305e-01	2.8640428e-01	-1.3071409e-01	-1.8212190e-01	2.5552908e-01	-4.3210048e-02	-7.8360990e-02	2.7917203e-01	-1.2776443e-01	2.1048954e-01	-7.4756145e-02	5.4818541e-02	-2.7659753e-01	2.8498390e-01	6.5709883e-04	-2.1853709e-01	1.3456523e-01	-2.3208231e-02	-1.3044830e-01	2.2815752e-03	2.6817977e-02	2.3752424e-01	-4.4376399e-02	-9.1616616e-02	1.8192534e-01	2.1679904e-01	1.0429547e-01	1.1585721e-01	1.1135374e-01	2.5085554e-01	1.3067347e-01	-2.0754743e-01	1.9448541e-01	8.9053765e-02	8.8456191e-02	2.4238466e-01	-2.2859562e-02	-2.7910173e-01	-2.3327996e-01	-1.2912740e-01	-1.8594427e-01	-3.5820094e-01	2.4006398e-01	1.8242297e-01	-9.2533156e-02	-3.7889060e-02	-2.3368558e-01	1.8087661e-01	6.7597039e-02	9.4897345e-02	1.0092197e-01	1.7221615e-01	7.2886616e-02	-1.1470796e-01	-2.1417829e-01	9.1846906e-02	-2.3526523e-01	2.1576358e-01	-6.8585709e-02	1.6960798e-01	1.6537757e-01	2.6546061e-01	-3.9781183e-02	-1.5480620e-01	-1.8266807e-01	-1.6516402e-01	1.0023936e-01	-2.3115399e-01	8.9458436e-02	-8.3769247e-02	2.7402052e-01	1.0688989e-02	1.3045095e-01	-1.0561335e-02	-8.8646591e-02	-2.4392009e-01	-2.4527493e-01	2.6383463e-01	-2.9494160e-01	7.5197503e-02	-9.1906108e-02	6.7305803e-02	-7.2595216e-02	2.3573601e-01	-1.0541306e-01	1.9838639e-01	-3.3446917e-01	6.7680024e-02	-2.3293104e-03	-1.5104860e-01	-2.6590815e-01	2.5546753e-01	1.0014079e-01	2.8286731e-01	-9.3022592e-02	7.1127243e-02	2.4092671e-01	1.7173009e-01	4.5739651e-02	-1.9765578e-01	-1.6968915e-01	-1.7413091e-02	-2.8555605e-01	-1.9285153e-01	1.3401191e-01	-1.7002296e-01	-1.9899253e-02	-2.3778349e-01	2.6699987e-01	-7.6618962e-02	2.1654621e-01	9.7751923e-02	5.6565769e-02	-4.1930228e-02	-1.5493928e-01	-6.1149210e-02	-3.5763144e-02	9.9001229e-02	-1.5560867e-01	4.5846436e-02	3.8912922e-02	-2.1011487e-01	-1.0775437e-01	-1.8690094e-01	2.9390371e-01	2.4061082e-02	-4.1777015e-02	-2.5991911e-01	2.3066494e-01	-7.0026740e-02	2.9755208e-01	-1.9680032e-01	2.2329769e-01	-3.1247440e-01	-2.8206423e-01	4.9610764e-02	-2.2340427e-01	2.8266701e-01	2.5901741e-01	-2.8713143e-01	2.7019888e-02	1.5758103e-01	-8.7204121e-02	-1.9918095e-01	-1.2914243e-01	-1.5171662e-01	-9.8016329e-02	-2.3623835e-01	-1.0255539e-01	2.6698571e-01	3.3709653e-02	8.3455041e-02	2.2464189e-01	2.3048906e-01	-1.7008951e-01	2.1957831e-01	2.0780736e-01	-1.3655719e-01	2.1825936e-01	1.5663163e-01	-3.0043492e-01	6.9767416e-02	3.4608666e-02	-2.0807432e-01	1.3668320e-01	-1.6246885e-01	-1.7551163e-01	-1.5799297e-01	6.3408561e-02	-1.2278533e-01	1.6505000e-01	-5.6908671e-02	-2.7855021e-01	-7.3331594e-02	2.3767923e-01	2.9104292e-02	1.9746760e-01	-1.5094161e-02	-2.0082742e-01	-6.9962271e-02	-1.8673927e-01	2.0332836e-01	-2.7839163e-01	-2.5274417e-01	-1.7669559e-01	2.1904898e-01	-1.9352698e-01	-2.2436984e-01	-1.2438983e-01	-2.8284287e-01	4.7131866e-02	-1.3915554e-01	-1.9640903e-01	-3.0375591e-01	1.4645213e-01	1.0551170e-01	-2.3584192e-01	-1.7324439e-01	-7.5947344e-02	-4.3687627e-02	-2.6839349e-01	-2.5849867e-01	1.0621046e-01	-2.5710779e-01	-2.3710193e-01	-1.2822440e-01	1.1943088e-01	-6.2462863e-02	-1.5982772e-01	9.7165935e-02	-2.6565245e-01	-2.9825272e-02	-1.9371614e-01	4.3847237e-02	7.8968421e-02	-8.6175740e-02	-7.4427813e-02	6.4483933e-02	1.5422228e-01	2.3898901e-01	9.6509658e-02	-2.3861796e-01	-2.3597164e-01	-4.6686973e-02	-5.0851226e-02	2.7912819e-01	1.1728194e-01	1.8068898e-01	-2.0692708e-01	1.3908939e-01	2.9008415e-02	1.2681520e-02	-1.9025184e-01	1.3104565e-01	-1.2601724e-01	1.4687316e-01	2.6466396e-01	8.9418605e-02	-1.2987660e-01	-2.6936111e-01	5.0526634e-02	-1.6912746e-01	-2.7594808e-01	2.6176780e-01	2.8491917e-01	1.6501728e-01	-3.1668457e-01	2.3566251e-01	2.7388796e-01	2.0668498e-01	7.8011281e-03	-1.9130926e-01	-1.0009744e-01	-3.1521589e-01	2.3574670e-01	2.0334229e-01	1.7135173e-02	2.8790358e-02	-2.4623896e-01	-3.0376777e-01	-2.3764214e-01	1.8821257e-01	1.1146148e-02	1.8633737e-01	-2.2667266e-02	2.4884509e-01	2.1193397e-01	-1.8736278e-01	-4.4897497e-02	-2.0343290e-01	-2.1836776e-01	2.2935751e-01	-7.1328104e-02	-6.3146219e-02	-4.5913540e-02	-3.0267602e-01	2.9762194e-01	7.9861932e-02	-1.7562997e-01	-1.1856421e-02	-6.6942513e-02	1.1272033e-01	-1.9248363e-01	-8.2142696e-02	-2.4544518e-01	-3.7661731e-02	2.3745212e-01	-2.6870948e-01	2.7580848e-01	7.4832797e-02	2.3877902e-01	1.0040134e-02	1.2256450e-01	2.3835864e-02	1.3774206e-01	2.2232056e-01	-4.9197651e-03	-2.7081284e-01	1.9020948e-01	-2.1749704e-01	-1.8919602e-01	-1.8520838e-01	2.9721977e-02	-6.9125451e-02	1.8833598e-01	2.2436185e-01	-2.5364229e-01	-3.2586154e-01	1.2994918e-01	1.5378406e-02	-7.1413018e-02	5.0016813e-02	-2.7541863e-02	2.5256744e-01	8.5341349e-02	8.6397983e-02	4.6092671e-01	-1.6121553e-01	-1.3126948e-01	-2.3414528e-01	7.4987948e-02	-2.2900040e-01	2.5426024e-01	4.0258851e-02	-2.2779796e-01	1.0501738e-01	1.5683849e-01	9.3315430e-03	3.0062729e-01	-6.1693989e-02	-3.6168590e-01	-1.9537197e-01	2.9978815e-01	-1.2289015e-01	-2.9476172e-01	2.7497368e-02	1.9884749e-01	2.1758883e-01	-2.4799351e-01	-1.6539161e-01	1.8743655e-01	-8.6738691e-02	-2.4094744e-02	2.6540250e-02	2.1601413e-01	-5.4898085e-03	-1.9925649e-01	-2.8766584e-01	2.6480861e-02	-2.1150060e-02	-1.0212768e-01	-1.0561470e-01	2.7910653e-01	-2.4080619e-01	7.9611316e-02	-2.1253429e-01	2.1802075e-01	-1.4041495e-01	1.5521853e-01	-1.4892770e-01	2.3771197e-01	-7.3764920e-03	-2.7329975e-01	2.5787950e-01	1.0765913e-01	6.4167798e-02	8.9366265e-02	-2.2263603e-01	5.2237697e-02	-1.6172001e-01	-7.7090181e-02	2.6240032e-02	-3.7029058e-02	-7.5797789e-02	4.2439513e-03	-6.3658632e-02	-2.5319785e-01	-3.0194521e-01	2.5812981e-01	-4.9019039e-02	-9.8143302e-02	-1.1269109e-01	2.3659825e-02	-8.8626742e-02	-2.2244602e-01	-1.7043203e-02	1.7787997e-01	1.7840639e-01	2.4485987e-01	-2.2614884e-01	-1.4391336e-01	-2.1205316e-01	-1.5237151e-01	2.0528270e-01	3.3763558e-02	-2.5744632e-01	-1.9987464e-02	-1.5854137e-01	-9.7405255e-02	-5.6906488e-02	8.5397974e-02	-1.4837289e-01	2.5865489e-01	-7.6846130e-02	-9.2417300e-03	-5.8092378e-02	-1.5331781e-01	-2.6562309e-01	3.2165993e-02	-2.2294062e-01	-2.1380159e-01	-1.0832547e-01	-1.3815008e-01	-1.2586822e-01	3.0632907e-01	2.4356762e-01	1.2083174e-01	-1.2306631e-02	1.6416365e-01	1.6958356e-01	-1.1091118e-01	-1.0449255e-01	-1.3606046e-01	1.7691405e-01	2.9935756e-01	1.0789342e-01	-1.0089098e-01	8.7793231e-02	-2.2028095e-01	-1.2534411e-01	9.2333630e-03	-4.0802486e-02	-2.3739368e-01	2.1801321e-01	-1.9066849e-01	-1.5984640e-01	-1.8871020e-01	1.1581327e-01	-3.6125199e-03	6.9787189e-02	1.7930877e-01	2.8006397e-02	2.3656709e-01	6.1475288e-02	-9.5665142e-02	2.6014441e-01	-3.1051335e-01	4.9568739e-02	-2.0982295e-01	1.3332550e-01	-2.2163065e-01	-3.2812160e-01	-1.1232565e-01	-3.1727362e-01	2.4065793e-01	3.0122770e-02	-1.7586273e-01	-1.8120135e-01	4.5374747e-02	-2.5439021e-01	8.8306516e-02	1.2852763e-01	-1.2630950e-01	-2.2639409e-01	-6.0276077e-03	2.3743945e-01	1.8704621e-01	-1.3096473e-01	-7.8924760e-02	1.2132942e-01	2.1463160e-01	-9.6568622e-02	6.3364960e-02	1.7591636e-01	-2.9282299e-01	-2.7568859e-01	2.0916182e-01	6.1961245e-02	-2.3542027e-01	3.5817645e-02	2.6465565e-01	-2.4580015e-01	2.1024029e-01	-2.3114927e-01	2.6083151e-01	-7.1390212e-02	-1.5878223e-01	1.4852942e-03	-1.0389827e-02	-1.8028335e-01	1.5946737e-01	-2.7722192e-01	-1.0923676e-01	-2.5631082e-01	9.5557801e-02	1.5600228e-02	1.9464354e-01	2.3589131e-01	-2.6469231e-01	-2.8778134e-02	-6.1446413e-02	2.2957367e-01	-1.0121380e-01	2.6675215e-01	-5.9587020e-02	-2.2875262e-02	1.2171622e-01	1.8174820e-01	-2.4884646e-01	6.1159797e-02	-6.3149445e-02	-2.9168767e-01	2.0017534e-02	-2.1452051e-02	-2.4708685e-01	-2.6012993e-01	-1.1752301e-01	-3.1232235e-01	1.4082581e-01	2.8817818e-02	2.6562148e-01	1.0253032e-02	-2.8512213e-01	3.8051069e-02	1.9391164e-01	1.2534098e-01	-3.1061608e-01	2.2181475e-01	1.7868271e-01	1.0017195e-01	-1.7427102e-02	3.4333505e-02	6.5922439e-03	-2.1906389e-01	2.2947831e-01	8.9195244e-02	-4.7495119e-02	1.4185174e-01	1.9692458e-01	-1.6064769e-01	-7.4935175e-02	-4.3104932e-02	-2.6800996e-01	1.8450555e-01	-7.8718543e-02	-2.7663928e-01	1.6385671e-01	-1.2685856e-01	1.0192769e-01	1.9030674e-01	-4.4548359e-02	-1.1206649e-01	3.4379659e-03	2.3338491e-01	4.1420471e-02	2.8225433e-02	1.9721773e-01	-1.4994532e-01	-1.2509255e-01	-2.1512751e-01	-2.3461077e-01	-1.3539319e-01	-6.6833459e-02	-1.1075883e-01	-2.3104785e-01	2.3606609e-01	-1.7152494e-01	7.4719004e-02	-2.6245567e-01	-2.7276909e-01	-3.0783451e-01	-7.1438693e-02	-2.9619873e-01	2.6762748e-01	2.3460600e-01	7.9111993e-02	-1.7704608e-01	3.8610697e-03	1.7305435e-01	1.7871995e-01	-1.1537902e-02	-1.1940992e-02	-2.5599959e-01	-1.3524260e-01	-1.2754031e-01	-2.8174740e-01	6.2448934e-02	-2.9409671e-01	-1.2629332e-01	2.3651758e-01	2.6077190e-01	-6.2287565e-02	1.5407543e-01	7.2182767e-02	1.5312421e-01	-2.7492121e-01	2.5950786e-01	-1.8610571e-01	-3.3157161e-03
-1.2673332e-01	1.0627135e-01	-3.0794445e-01	-2.3221861e-01	2.7300864e-01	2.2759987e-01	-3.7437480e-02	1.2476946e-01	-2.5485820e-01	2.7396312e-01	2.7448097e-01	-1.7344274e-01	-1.0166519e-01	-2.4152145e-01	-2.2901139e-01	-1.6970208e-01	2.4986896e-01	1.5904427e-01	1.1934697e-01	-2.3325460e-01	-1.8511349e-01	-2.6256263e-01	-1.7100291e-01	6.5302700e-02	-2.3807459e-01	-2.1664771e-01	2.2368847e-01	-2.1804366e-01	-5.7566915e-02	-8.4323324e-02	-2.8774408e-01	-1.9147781e-01	-1.9081427e-01	1.5608811e-01	7.7028433e-03	-1.0273043e-01	1.6813175e-01	-1.3594635e-01	-2.6597274e-02	-2.8868526e-01	2.2862184e-01	-4.7981545e-02	2.5828302e-01	1.7460373e-01	1.6286822e-01	-3.0297962e-01	1.4958927e-01	-2.4792276e-02	-1.0333470e-01	-1.2925619e-01	2.0878639e-02	2.4466204e-02	-2.4084292e-01	-1.8328853e-01	2.9148492e-01	2.1677637e-01	2.3802590e-01	-1.0630054e-01	-1.0960297e-01	-2.7074590e-01	-3.0921608e-01	2.1589266e-01	3.7144195e-02	-7.3245719e-02	1.8275967e-01	-2.0864306e-01	2.8346485e-01	1.4779292e-01	3.7785955e-02	1.9064343e-01	-1.3830972e-02	-2.0897025e-01	-1.9928028e-01	-2.3184744e-01	1.3041228e-01	2.8302094e-01	2.4969699e-02	-2.7127640e-02	1.5077682e-01	-1.7983938e-02	-2.6224154e-01	-6.0560204e-02	-4.2477757e-02	-2.4662702e-01	4.7667876e-02	4.2589370e-02	-2.0955910e-01	1.1193830e-01	-1.1355902e-01	6.9352731e-02	-1.1455873e-01	7.7857286e-02	-3.9317023e-02	8.9248903e-02	1.2625298e-01	-1.6438709e-01	-1.6238818e-01	-2.8893250e-01	2.5974932e-01	3.8718261e-02	-1.3796268e-02	-1.5347512e-01	-7.1740091e-02	-2.8952125e-02	1.7502970e-01	-1.2172814e-01	2.6165691e-01	-2.8101587e-01	-2.8964221e-01	-1.6576162e-01	1.9358101e-01	-4.3924241e-03	8.4021069e-02	-1.9430649e-01	-7.9074807e-02	-2.6626408e-01	-1.2593526e-01	-1.3936161e-01	-1.3499725e-01	5.4218113e-02	1.4057660e-01	-1.3306631e-01	-1.8436924e-01	2.8388119e-01	4.0992826e-02	-1.2538387e-01	-1.2813117e-01	-2.3238702e-01	-1.8201129e-01	-2.2964802e-01	3.1455494e-02	-2.5227153e-01	1.0631866e-01	-4.3600056e-02	-1.1077072e-01	-2.8510016e-01	8.5542433e-02	-4.5509143e-03	-1.7544480e-01	7.5822175e-02	-2.1701743e-01	1.6956946e-01	-2.5880358e-01	-1.4401697e-02	-1.2745722e-01	1.1394507e-01	1.1730447e-01	1.7570084e-01	1.8308854e-01	-2.4038525e-02	2.3547585e-01	-1.6478685e-01	1.7427996e-01	2.2900034e-01	8.6299613e-02	1.7614162e-01	2.7140209e-01	-7.9130262e-02	-2.8304914e-01	1.9811289e-01	-2.9536209e-01	-2.8749880e-01	6.6505559e-02	2.8415786e-02	-2.3975448e-01	2.4939203e-01	2.4576169e-01	-4.5664314e-02	-3.4335393e-02	-6.9002584e-02	1.5800025e-01	1.6595949e-01	2.0329230e-01	-1.6115528e-01	2.5408554e-01	-8.1019998e-02	1.1364913e-01	-3.5059154e-02	-8.9574397e-02	3.0878058e-01	-2.8241071e-01	-1.2189953e-02	1.4263818e-01	1.4921482e-01	2.9006442e-01	-1.6041358e-01	2.0546739e-01	-2.5289157e-01	2.0917812e-01	8.2430998e-03	2.0294273e-01	-2.1248716e-01	-9.1640456e-03	-2.5477862e-01	-2.7147375e-02	-5.7623468e-02	-2.7958399e-01	-1.6896281e-01	-1.3882759e-01	1.3107641e-01	-8.6144865e-02	-2.6136541e-01	2.3678616e-01	-2.4761218e-01	-1.6809458e-01	-1.2988545e-01	1.0959135e-01	-1.5009986e-01	-4.7526181e-02	1.5118927e-01	1.9118711e-01	-2.7415246e-02	-1.1294572e-01	-1.5163726e-01	-2.9875609e-01	5.5159014e-02	-7.1690626e-02	-4.8970044e-02	3.2887798e-02	-3.4375202e-02	-1.3080503e-01	1.2559496e-03	-2.5930279e-01	-3.4135457e-02	-3.0808726e-01	-3.2546856e-03	-1.8096824e-01	-1.8172033e-01	1.5197654e-01	2.2480570e-01	-1.6613179e-01	-7.8808747e-02	-2.8331560e-01	-2.3479164e-01	-4.5846999e-02	-3.0853730e-01	2.2144200e-01	-1.5658823e-01	9.8564394e-02	-2.9395780e-01	7.4459352e-02	-1.3857441e-01	-2.3795599e-01	-5.7204545e-02	1.6224027e-01	-1.6162579e-01	-6.8301208e-02	7.9969190e-02	-2.3976739e-01	-5.4701939e-02	5.2460589e-02	1.5082392e-01	2.2072715e-01	2.6385987e-01	1.5257868e-01	-8.4597148e-02	-2.6664928e-01	-5.6908328e-02	-5.1735651e-02	2.6685074e-01	-1.3231131e-01	-9.3420014e-02	2.1454871e-02	2.2767548e-01	-1.3588650e-02	4.6981717e-03	5.0359676e-03	-2.9609641e-02	1.9151883e-01	1.7945197e-01	8.0812305e-02	-3.7756017e-03	2.2608772e-01	5.3431541e-02	-7.5229272e-02	-1.8053743e-01	2.2376285e-01	-2.6744941e-01	6.0897280e-02	1.4719987e-01	-1.0070886e-01	1.2943925e-01	2.6770267e-03	-1.6698803e-01	-7.1080536e-02	-2.9037133e-01	6.1157286e-02	1.1288049e-01	-7.5190016e-03	3.3846285e-02	2.7343735e-01	-6.5427646e-02	2.0585118e-01	-1.6354043e-03	1.3071044e-01	-3.4072109e-02	1.3605762e-01	-2.7778777e-01	-1.6825180e-01	2.1717761e-01	-4.8187565e-02	-1.3334429e-01	-1.9352439e-01	2.1946864e-01	-2.4431711e-01	9.4558392e-03	-9.5621847e-02	-6.4400733e-02	2.9406750e-01	7.7062629e-02	-1.4596553e-01	2.5803202e-01	-9.0725511e-02	2.7786332e-01	4.2017203e-02	1.6660781e-01	8.9677550e-02	7.8739464e-02	2.6935041e-01	2.5324762e-01	7.7513561e-02	-8.7324418e-02	-2.7189019e-01	1.4815743e-01	2.3338462e-01	-7.6894686e-02	-1.3549368e-01	1.7646018e-01	1.0536733e-01	-1.7472525e-01	-1.4942789e-01	8.4245160e-02	1.9413544e-01	1.9165862e-01	1.8266267e-01	1.0557415e-01	1.9840179e-01	-2.0329379e-01	8.5404098e-02	-8.5089877e-02	1.1405631e-01	-4.6663117e-02	1.9344527e-01	-3.2864827e-01	-2.0684692e-01	-1.5253033e-01	-1.5260208e-02	-1.2111201e-01	1.3018131e-01	-2.5881314e-01	-2.1521197e-01	2.4948394e-01	3.0127689e-01	1.2856062e-01	8.7017581e-02	-3.6983505e-02	-6.5057695e-02	1.4867191e-01	-2.2679874e-01	-1.4628647e-01	-2.6182799e-02	3.1320429e-01	-2.6693347e-01	-2.8382814e-01	5.8088481e-02	-2.4743149e-01	2.3867097e-01	2.5533968e-01	-2.4658304e-01	1.2526675e-02	2.0614704e-01	-1.5435021e-01	1.2079831e-01	-2.6882860e-01	1.3817119e-02	2.9070997e-01	-2.1154353e-01	-2.3567598e-01	-2.5646046e-01	-2.0540109e-01	1.5785159e-01	-1.2944887e-02	-6.3478373e-02	-4.1841247e-04	-1.0466517e-01	2.7015710e-01	2.9932204e-01	2.6221657e-01	2.1102293e-01	-2.4099242e-02	-1.7879426e-01	-2.6256901e-01	1.7696856e-01	-4.0497729e-03	-1.7206348e-01	1.1505182e-01	9.5739558e-02	6.3127905e-02	-4.5087077e-02	-1.7712519e-01	2.4645042e-02	3.3589438e-02	2.5175861e-01	1.3185219e-01	-1.5414403e-01	-9.3236096e-02	2.3686802e-02	-2.4998091e-02	-7.5007841e-02	-2.5971356e-01	-1.0833011e-01	2.2224125e-01	2.5238082e-01	-1.3582316e-01	2.3006324e-01	-5.5368844e-02	-2.0793098e-01	1.1931113e-01	-2.8123280e-01	-1.2046060e-02	-1.2061843e-01	-2.6951760e-01	-1.0932040e-01	-2.3977554e-01	3.1230313e-01	2.2541855e-01	-2.5343670e-02	-2.1847287e-01	5.2673329e-02	2.5905958e-01	-1.4481398e-01	-2.8412497e-01	1.3949876e-02	-2.8079844e-01	1.6950740e-01	-2.9103845e-02	5.8943061e-03	-1.3123959e-01	7.1487419e-02	-8.2046367e-02	1.8052015e-01	-1.1154493e-01	-2.0098512e-01	-1.0216700e-01	-5.7436001e-02	5.9810501e-02	2.0259079e-01	2.4893427e-01	1.1456224e-01	1.7090870e-01	-1.9690044e-01	-2.6634824e-01	-1.4980681e-01	2.9859963e-01	2.9049531e-01	-2.1298218e-01	-9.6416786e-02	-1.4218761e-01	2.0650937e-01	2.5722980e-01	4.7926631e-02	7.0406258e-02	1.9584797e-01	-1.5349664e-01	2.2711386e-01	2.6524255e-01	2.8499737e-01	9.4361352e-03	-1.0001112e-01	-1.7180477e-01	1.1106367e-01	-1.9231853e-01	-6.3218586e-02	4.1219838e-02	1.0574145e-01	1.0076477e-01	4.6491738e-02	-6.6134393e-02	-1.4043999e-01	2.6779077e-03	1.5270297e-01	-1.0151128e-01	2.7246946e-01	2.2009309e-01	2.8438377e-01	1.2146380e-01	2.1044990e-01	-1.3338871e-01	2.5144944e-01	1.9814828e-03	1.9063886e-01	-1.6603145e-01	-4.8248395e-02	-8.7384790e-02	3.2371514e-02	-1.7798519e-01	2.3614450e-01	9.7577572e-02	2.3448791e-01	-1.0151559e-01	-1.2467085e-01	1.3629185e-01	-1.2208258e-01	-2.4473275e-01	3.3589486e-02	-2.1139625e-01	-1.9259402e-01	1.1476272e-01	1.3175376e-01	-2.6328641e-01	2.5670221e-01	2.4615781e-01	-2.2497639e-01	2.5392708e-01	-9.5375381e-02	2.4205171e-01	-3.3325888e-02	1.2528032e-01	-2.6056441e-02	6.0044117e-02	-1.0655519e-02	-2.3866031e-02	2.0946103e-01	-3.3119601e-01	-1.9439374e-01	4.7627628e-02	2.0486388e-01	2.5617421e-01	-2.6957148e-01	-5.0001323e-02	3.4138935e-03	-1.5156399e-01	-1.6735417e-01	-1.9150269e-01	2.6278865e-01	-2.4052994e-01	-2.7686581e-01	-2.4929871e-01	-2.5444418e-01	-2.3185596e-01	-2.3591356e-01	2.7888244e-01	-2.1959238e-01	2.3257509e-01	-2.8344664e-01	-5.7186097e-02	-2.0291880e-01	-2.6458567e-01	9.3568146e-02	-2.1599996e-01	-7.4800462e-02	-3.8812336e-02	-1.5833405e-01	6.8289293e-03	5.1564313e-02	-1.3175237e-01	1.8525743e-01	-1.2809615e-01	-1.1608262e-01	4.4846177e-02	2.9590672e-01	2.6172653e-01	-2.1008515e-01	1.1009881e-01	-2.5366178e-01	-7.4139260e-02	4.5576990e-02	-2.6792252e-01	7.3953301e-02	-2.4361058e-01	-2.7065143e-01	2.1940856e-01	-2.0523036e-01	1.6051507e-01	-1.5845899e-01	4.3045957e-02	7.8418866e-02	2.5047675e-01	-2.2525510e-01	8.1988901e-02	2.1526209e-01	1.9630677e-01	1.2338867e-02	1.0483652e-01	2.1486284e-01	-2.5108695e-01	2.7391052e-01	-2.0516202e-01	1.1263026e-01	1.5704304e-02	1.0126466e-01	2.6450029e-01	1.9134822e-01	2.9984802e-01	2.7329212e-01	-2.7124381e-01	1.4323020e-02	-4.7411665e-02	-8.2184099e-02	2.7911642e-03	1.2069889e-01	-1.6517372e-01	4.4186059e-02	-4.0223785e-02	1.9715507e-01	3.0786589e-01	1.6557623e-01	2.2204439e-01	2.9708323e-01	-2.0286851e-01	9.4459020e-02	1.8012729e-01	1.1582831e-01	4.3426216e-02	2.6913587e-02	-3.1069711e-01	-4.9598958e-02	1.7163083e-01	-2.6985011e-01	-1.8892670e-01	-2.9756874e-01	-1.0234040e-01	-1.4580837e-01	-7.1984362e-03	-1.2481196e-01	1.6208507e-01	1.6413777e-01	-2.5155258e-01	2.7917394e-01	-2.7200130e-01	1.3357563e-01	3.8463333e-01	-1.1234580e-01	-5.8632838e-03	5.9230838e-02	2.8827724e-01	-1.8720649e-01	1.2147754e-01	2.1173592e-01	-2.2858436e-01	2.2713313e-01	1.0088734e-01	-2.7074492e-01	1.2549832e-02	2.6847419e-01	8.5463658e-02	4.5992751e-02	1.7200336e-01	2.9138106e-01	9.2194177e-02	-2.4956630e-01	1.7768234e-01	-3.0549875e-01	1.9000128e-01	-4.0078703e-02	-2.2256958e-01	2.2562904e-02	7.1982868e-02	-1.6172673e-01	7.9562038e-02	-2.9138348e-01	3.1717729e-02	7.2826281e-02	2.0087812e-02	-7.8265101e-02	3.0468047e-01	1.7563939e-02	-1.8407439e-01	1.3188417e-01	1.1219968e-01	1.0562439e-01	2.9935506e-01	1.2695006e-03	-1.3732371e-01	1.0202704e-01	-2.9485604e-01	2.7156967e-01	-2.0573211e-01	1.4004558e-01	2.1888442e-01	2.1475103e-01	5.2313048e-02	4.6086375e-02	3.4110393e-02	-4.7789693e-02	7.8631818e-02	-1.8955269e-01	8.0185451e-02	1.1061206e-01	2.9442367e-01	-2.6887167e-01	-6.8461709e-02	-2.0867820e-01	3.0360013e-01	2.6248461e-01	-2.5872874e-01	-1.3711916e-01	1.9807624e-02	2.6578653e-01	-2.5365052e-01	-2.7118522e-01	1.8893719e-01	-1.3843083e-01	2.4029253e-01	2.1363544e-01	-1.6653548e-01	-1.8989261e-02	1.5453878e-01	1.4457916e-01	-6.7390859e-02	2.3453829e-01	1.3145845e-01	9.5771424e-02	-1.8889335e-01	-3.9073560e-02	2.8820243e-01	1.1434433e-01	-2.9284394e-01	2.4530257e-01	1.0023695e-01	3.5766046e-02	2.4341184e-01	7.8052692e-02	-2.7943257e-02	-3.4650767e-03	1.8174274e-01	1.6373849e-01	2.9344332e-01	2.6703051e-01	-3.5127413e-02	1.0875131e-01	-6.9186024e-02	6.6544294e-02	1.3499300e-01	2.4128245e-01	-2.5863093e-01	-2.0113993e-02	2.7408886e-01	-2.6088086e-01	-2.2830664e-01	-4.6453644e-02	3.1822944e-01	2.2031973e-01	-8.6859576e-02	-3.6984596e-02	-2.5024366e-01	-3.6459640e-02	-2.9969847e-01	-7.9867572e-02	2.7041435e-02	-3.3442906e-01	1.9709524e-02	-2.0797151e-01	-2.6770234e-02	-1.3943513e-01	-1.0712296e-01	-4.1889489e-02	-9.8479271e-02	-1.5473062e-01	3.4009561e-01	2.6417241e-01	-2.2029978e-01	2.1235026e-02	2.2092789e-01	-2.4577084e-01	2.3921143e-01	-2.9605564e-01	8.8923678e-02	1.2689109e-01	-2.8776497e-02	-1.9309448e-01	4.8449613e-02	-1.2178943e-01	4.0450521e-02	1.0398323e-01	-9.7041398e-02	-1.4224179e-02	-3.0822971e-01	-2.6662555e-01	2.7304670e-01	7.7512898e-02	-9.1776252e-04	-2.5248465e-01	-2.0543630e-01	-2.7035484e-01	2.6225340e-01	1.0974847e-01	-1.1860323e-01	2.2856051e-01	9.6483313e-02	-1.5112974e-01	-7.2270088e-02	2.0667259e-01	-1.0579266e-01	4.7346886e-02	2.0411895e-01	1.3086785e-01	-6.4541115e-03	1.6204935e-01	-1.8747106e-01	2.6976809e-01	2.8875744e-01	-9.4020531e-02	5.2821346e-02	1.3964824e-01	-7.5132316e-03	-4.8304256e-03	2.2386025e-01	8.5918471e-02	2.1112992e-01	-1.2340569e-01	2.8724122e-01	1.0730246e-01	2.5419775e-01	4.6632659e-02	2.2678307e-01	-1.5985771e-01	5.2328411e-02	1.6441011e-01	-2.8999444e-02	1.8508668e-01	-9.7516574e-02	-8.8748746e-02	-4.9314436e-02	2.4676289e-01	2.3951390e-01	-1.0232303e-01	-2.0807588e-01	-2.5228879e-01	6.1296389e-02	-2.9028248e-02	5.5690184e-02	-1.1897568e-01	-2.9311815e-01	-3.3098325e-02	-2.4636158e-01	2.4751920e-01	2.4798599e-01	3.7544045e-01	1.4644748e-01	-2.5289974e-01	-1.0096796e-01	-8.3028711e-03	-1.4593434e-01	-3.4724858e-02	1.7800912e-01	-7.0432246e-02	1.7863871e-01	1.4310723e-02	-1.8635702e-01	-3.4509845e-02	2.8112942e-01	4.0480096e-02	-8.8155426e-02	1.5028295e-01	-5.3515628e-02	-9.4954573e-02	2.2680443e-02	-1.0540858e-01	-2.2896729e-01	-2.2271410e-01	-8.4082037e-03	-2.3951294e-01	-2.2147830e-01	-4.5567406e-03	2.5825322e-02	-1.2666562e-01	-2.4050215e-01	-6.5683216e-02	-1.6948216e-01	-9.8997690e-02	-2.5771520e-01	-2.9464912e-01	9.9296063e-02	-1.2264422e-01	-1.3074081e-01	-2.6022220e-01	-2.9221183e-01	3.3178560e-02	-1.7196326e-01	-2.3119488e-01	-2.4324194e-01	7.1472690e-02	-2.1045288e-01	-2.2068918e-03	-2.4297093e-01	2.1832287e-03	2.0664178e-01	1.0637168e-01	1.8978813e-01	-2.1503060e-01	-3.0771762e-02	-2.2252603e-01	-2.9835036e-01	1.2812047e-01	1.8733045e-01	9.3084864e-02	-1.9293074e-01	-7.3669165e-02	-2.6308203e-01	-2.9815674e-01	-2.8141248e-01	2.6110989e-01	1.8600416e-01	-1.2074332e-01	-1.0227378e-01	2.6602730e-01	1.0204698e-01	1.2809689e-01	4.8725694e-02	2.8263012e-01	-1.3495559e-01	-1.5150091e-01	-1.6769029e-01	-2.9536405e-01	9.3877047e-02	6.9086000e-02	1.4934541e-01	-1.3317724e-01	1.8193750e-02	-2.7006015e-01	3.2836732e-02	-8.4199086e-02	-1.7700264e-01	-2.3787713e-01	3.6015451e-02	2.3139994e-01	1.8159164e-01	2.2016329e-01	1.6735631e-01	1.4697765e-01	8.6478107e-02	-1.3583228e-01	2.0369300e-01	5.3276233e-02	1.4498816e-01	2.5904953e-01	2.7794072e-01	-1.2048651e-01	-2.3848703e-02	9.8952632e-03	-2.4421233e-01	2.9003048e-01	-2.5273044e-02	3.0171007e-01	2.0102893e-01	2.5162318e-01	1.6280505e-01	-2.5650197e-01	-8.0525734e-02	2.7054968e-01	-3.8768437e-02	1.3239160e-01	1.7929557e-01	-2.0402709e-01	8.4561199e-02	7.6919846e-02	1.7920779e-01	-1.9357221e-01	-2.4853975e-01	1.6625395e-01	2.8176251e-01	-6.9962576e-02	1.4613149e-01	-2.8036022e-01	-1.1167852e-01	-3.0208120e-01	2.1459813e-01	-2.4744765e-01	-2.7668172e-01	1.0219871e-01	-4.2224854e-02	-2.0351806e-01	-9.7985193e-02	2.4964766e-01	-2.6681954e-01	2.8532261e-01	1.8111500e-01	-3.0488282e-01	4.4892371e-02	-2.4275133e-01	2.7634284e-01	-1.6877969e-01	-1.1153809e-02	1.4311454e-01	2.5070408e-01	4.6604097e-02	2.6916260e-01	-2.7574822e-01	1.3129495e-01	-6.4420693e-02	-3.1167304e-02	2.3728879e-01	-3.0113685e-01	8.7419428e-02	-2.2419633e-01	-9.9945635e-02	-6.2224166e-03	-3.0486023e-01	1.4977702e-01	2.2205077e-01	-4.4923358e-02	-1.5209016e-01	-3.1414863e-02	-2.9539067e-01	1.9823864e-01	1.7633362e-01	2.2448599e-01	-1.2024720e-02	-2.3313750e-01	-4.1243218e-02	-1.0564509e-01	-1.7634092e-01	1.2759164e-01	2.8431788e-01	2.4896485e-01	-1.7291923e-01	-1.7418829e-01	-1.1747336e-01	-6.8599850e-02	-2.5280815e-01	6.5971196e-02	4.1451864e-02	2.6281911e-01
1.0420287e-01	6.1495833e-02	1.4969882e-01	-3.0067757e-01	2.8812480e-01	8.7803982e-02	3.0036590e-01	-9.7602323e-02	9.8260514e-02	2.0072687e-02	-2.0986749e-01	-2.6864549e-03	-2.1806201e-01	-8.8022210e-02	-2.1705848e-01	2.8535461e-01	-2.9061752e-04	1.7353907e-01	-1.5133558e-02	-9.8543882e-02	-2.1760197e-01	1.5839754e-01	-3.9411607e-01	-3.6575761e-02	7.2050467e-03	6.1483581e-02	-1.2098873e-01	-1.1127117e-01	2.5531009e-01	3.0937770e-01	-3.7880743e-01	1.9611688e-02
