9
input	15
dense	32
relu	0
dense	32
relu	0
dense	32
relu	0
dense	1
linear	0
7.999999979801942e-06
-8.9767970e-02	-8.6612656e-04	-1.6957762e-02	-1.3690962e-02	4.2345982e-02	1.4254659e-02	-2.8437497e-02	-1.0036820e-01	-1.7997703e-02	-5.6191694e-02	1.7783461e-02	-6.6978312e-03	-1.4518648e-02	-5.9596848e-02	-6.6871718e-02	-7.4389875e-02	5.7148349e-02	1.8675755e-03	-1.2004622e-02	-1.1143693e-02	3.4666285e-03	3.0171991e-04	-5.7035346e-02	3.1168886e-02	-2.1422975e-04	-3.1948049e-02	-9.6935118e-03	1.4097670e-02	-3.4502108e-02	3.6174171e-02	1.2728884e-02	-1.1738694e-01
-7.4186735e-02	-7.9795793e-02	8.2031321e-03	-6.1881347e-03	-4.8656471e-02	-1.4925751e-02	-1.4841449e-02	1.5630352e-03	-6.6971570e-02	-2.5868483e-02	-1.7989686e-02	-3.6718458e-02	-6.5277137e-02	-3.8175631e-02	-1.7114675e-02	-3.0261438e-02	-7.9684956e-03	-3.0374245e-04	-2.4552522e-03	-2.2974554e-03	-6.8843894e-02	-2.6422681e-02	-3.3287887e-02	-9.2721954e-03	-2.1979678e-02	-2.8646458e-02	-2.3678862e-02	-1.3609384e-03	-1.8268827e-02	-6.3609667e-02	9.7995559e-03	-8.7666653e-02
-5.2753557e-03	-8.0964901e-03	1.0405586e-02	-2.6226163e-02	-3.1272136e-02	-2.4646252e-02	1.6750174e-02	-1.7425995e-02	-3.3378527e-02	-3.1617600e-02	-3.0068342e-02	-2.9610442e-02	2.2528837e-03	-9.4131753e-03	-2.0481184e-02	-1.1854427e-02	-8.1801722e-03	-1.5909412e-03	-1.0640712e-02	-1.8854378e-02	-2.7799895e-02	-2.2306314e-02	-5.6214473e-04	-2.7118348e-02	2.2376865e-02	-1.7974200e-02	-6.3030764e-02	-1.8968625e-02	-2.4448765e-02	-1.7068379e-02	-2.9730231e-02	-1.6326196e-02
-1.9881043e-03
2.7020797e-01	2.8517500e-01	7.8314416e-02	3.0056781e-01	-1.7562199e-01	1.3843612e-01	-1.5874369e-01	-1.3940163e-01	-1.6816346e-01	6.0789858e-04	-3.7667416e-02	-5.7123419e-02	-8.8125840e-02	-1.8650243e-01	-2.6257944e-01	-1.0375774e-01	1.4641725e-01	-4.2222893e-01	-5.6745327e-01	-2.7327001e-01	-1.4364906e-02	2.3336925e-01	4.9936739e-03	-7.3303916e-02	-1.9351123e-01	3.2155594e-01	3.4431860e-01	1.7521001e-02	1.1247614e-01	4.7196157e-02	-2.8926733e-01	3.0939933e-02	1.7701945e-01	-2.1933781e-01	-1.1991134e-01	-2.4567203e-01	1.9252136e-02	-1.0553272e-01	7.1431004e-02	-1.1624966e-01	1.8270494e-02	2.8981212e-01	1.0760425e-01	1.6817772e-01	-9.0206519e-02	-1.8470441e-01	2.7956867e-01	3.0326837e-01	-1.1019479e-01	-4.4620480e-02	-3.0516687e-01	-2.1049352e-01	6.5240286e-02	9.4289728e-02	2.7964130e-01	-3.2706562e-01	7.1468934e-02	-9.4261974e-02	3.0368364e-01	2.3841855e-01	3.2741791e-01	-3.8087970e-01	-5.2920830e-01	1.3020083e-01	3.0383569e-01	-1.7703179e-01	-2.1780051e-01	4.4026390e-02	-1.8049434e-02	8.9929909e-02	-1.6946179e-01	1.3724865e-01	1.8549331e-02	8.3328955e-02	-1.5601662e-01	-2.9478040e-01	-1.9633412e-01	-3.9413464e-01	-4.0924159e-01	3.1563152e-02	-2.3265041e-01	7.0130430e-02	-3.9404068e-02	8.5767590e-02	-4.7724608e-02	1.1871000e-01	-3.1830174e-01	-1.3831457e-01	-1.3391918e-01	-5.0680730e-02	1.7780298e-01	2.8031727e-02	-6.0250926e-01	-5.8526510e-01	-4.9445516e-01	-2.8043866e-01	4.9963094e-02	1.3048772e-02	2.2950256e-01	-5.1292181e-02	-7.0355482e-02	-9.3601838e-02	-1.5991707e-01	1.5355980e-01	-1.0531977e-01	8.4338738e-03	6.0011041e-01	3.1634757e-01	7.7625304e-01	-6.9352314e-03	2.6685432e-01	-6.3190840e-02	3.0241527e-02	4.1256849e-02	5.0118748e-02	-4.4720853e-03	1.9157385e-02	2.5132489e-01	-1.8433680e-01	2.7567223e-01	2.1857689e-01	1.7243236e-01	-6.6475920e-02	-8.5170574e-02	-1.0266987e-01	1.9014646e-01	-3.3964086e-01	1.4106081e-01	6.1116576e-02	-1.1191510e-01	-1.0017985e-02	4.4718340e-02	-3.4282699e-01	-8.5469522e-02	-2.5397810e-01	3.3183932e-01	-2.4554338e-01	1.8058883e-01	-1.1818781e-01	-2.7574733e-01	2.7796513e-01	1.8790998e-01	1.2022332e-01	-1.4706276e-01	2.5381336e-01	2.8345155e-02	-2.6585340e-01	-2.4587016e-01	1.1243114e-01	-6.5063514e-02	2.1610177e-01	-1.8321548e-01	-6.6012818e-01	-2.0150542e-01	2.1759242e-01	1.5947871e-01	1.3283156e-01	-1.6890970e-01	7.0418976e-02	2.1733272e-01	-2.5560844e-01	-1.1301896e-01	6.9002092e-02	-1.5647860e-01	1.2092141e-01	-4.2983195e-01	-4.3955374e-01	-4.7254056e-01	-8.5277784e-01	-4.0503508e-01	1.7777528e-01	-2.1573623e-01	-9.8661587e-02	3.2736078e-01	-2.2477077e-01	4.5423314e-02	2.4479513e-01	2.0464917e-01	-2.7488632e-02	1.7624776e-01	-9.5791340e-02	2.6463735e-01	-1.5390426e-01	-2.6156399e-01	3.6007982e-01	-1.8724443e-01	-1.9798467e-01	6.4701065e-02	-2.3655266e-01	2.2786151e-01	1.4659509e-01	6.7322403e-02	-1.6028515e-01	1.9954622e-01	6.9214357e-03	-1.9449346e-01	1.6732319e-01	9.4677502e-01	5.0174230e-01	-4.1187566e-02	3.1905316e-02	1.8396479e-01	1.8458082e-01	1.8924403e-01	-3.2936104e-02	2.4267574e-01	-1.0195529e-01	1.2167444e-01	-2.4645905e-01	4.0517382e-02	-1.3841960e-02	9.0782151e-02	1.6235003e-01	-6.8893559e-02	-2.4234578e-01	1.8436469e-01	-1.9227417e-01	4.5353010e-02	1.4133413e-01	2.6906285e-01	-3.5374147e-01	-2.6285383e-01	-2.1518013e-01	-1.6490640e-01	1.6598953e-01	3.8441798e-01	1.1572562e-01	9.2217468e-02	2.9868078e-01	-6.3147001e-02	3.3218842e-02	1.9396117e-01	-1.5301822e-01	2.2568572e-01	-1.2662074e-01	1.7960282e-02	3.7261519e-01	1.5722823e-01	-1.6253965e-01	-1.6013174e-01	-3.8340530e-01	-2.3654842e-01	-9.1410214e-01	-7.0294738e-01	-6.1783884e-02	3.4025142e-01	-3.8647037e-02	-1.0397227e-01	-7.1207709e-03	4.1701332e-02	-6.9842517e-02	-2.3840082e-01	9.9552743e-02	1.9791424e-01	-2.1214759e-02	7.3372498e-02	5.0627679e-01	9.1150868e-01	8.7117285e-01	3.3916366e-01	2.5906295e-01	2.7725780e-01	-1.9682474e-01	-2.6268420e-01	1.7456572e-01	-1.2954617e-01	2.5885325e-02	-3.6596723e-02	1.1331025e-01	5.0649635e-02	1.4099075e-01	-2.9482794e-01	3.6422926e-01	3.6916372e-01	-8.5935846e-02	1.0945953e-01	-8.3882473e-02	2.1644350e-02	-2.8540665e-01	7.9217061e-02	-2.5463203e-01	-2.6891741e-03	-1.3614897e-01	1.5142296e-01	1.0764446e-01	-1.9728009e-01	-2.2326450e-01	-5.3655761e-01	-7.8042769e-01	-1.9504361e-01	-3.7744987e-01	-1.1687769e-01	2.7539143e-01	3.2795465e-01	5.9358820e-02	-3.9000843e-02	-1.5551165e-01	-6.5444537e-02	8.9479908e-02	2.0615451e-01	3.3993027e-01	9.6549231e-01	1.3311799e+00	1.0390133e+00	4.0919682e-01	-2.1306331e-01	-2.2042828e-02	2.6351476e-01	2.8374624e-01	-1.3917685e-02	1.2270515e-01	-9.7627796e-02	1.9879547e-01	-1.6417630e-01	-2.6929162e-02	-1.6161205e-01	1.8735541e-01	3.1238824e-01	4.2103893e-01	-2.5435334e-01	-3.0836147e-01	4.6671968e-02	5.9404399e-02	-2.2866400e-01	-1.3807829e-01	-1.2469864e-02	-2.2640681e-01	6.0090505e-02	2.0076481e-01	-1.1025324e-01	-2.0374219e-01	1.6926797e-02	-1.4536801e-01	1.4271969e-01	-3.8403343e-02	-3.1301472e-01	-2.5033805e-01	-1.6493949e-01	-2.2817107e-01	-9.3317054e-02	2.7347448e-01	1.1285955e-01	2.0694551e-01	-1.9301270e-01	-9.7237587e-02	-2.9532617e-01	-5.5421883e-01	-4.3812847e-01	-4.9897662e-01	-3.7941450e-01	2.1068141e-01	2.4080952e-01	-9.8867461e-02	-1.1471291e-01	-4.0978372e-02	-2.0702967e-01	1.9854449e-01	2.5413123e-01	-8.6408537e-03	1.8299824e-01	2.7914685e-01	3.8770121e-01	-2.2525920e-01	3.7042466e-01	5.0778842e-01	8.6984441e-02	-3.1166849e-01	1.0395890e-01	5.1686104e-02	-8.1978617e-03	2.6977308e-02	1.4932881e-02	-2.4856697e-01	2.5720334e-01	2.3934470e-01	2.8579041e-01	3.1772554e-01	-1.6992769e-01	2.0586483e-01	-4.8205689e-02	-3.8629344e-01	1.0528558e-01	2.0385206e-01	1.8419078e-02	6.9538124e-02	-2.9560789e-01	2.4056081e-01	-1.2405717e-01	-7.6693647e-02	2.7496150e-02	6.8071000e-02	2.9377043e-02	1.4328805e-01	9.3701482e-02	2.6957679e-01	-2.0513622e-01	-2.4169748e-01	-5.9809104e-02	9.6639089e-02	-1.6663922e-01	2.2998758e-01	2.8915865e-02	1.7159335e-01	-2.2814593e-01	-2.2174686e-01	2.3972532e-01	6.6797990e-01	8.6518824e-01	8.2744950e-01	-9.3619870e-03	2.9189515e-01	-3.1957212e-01	2.4785136e-03	1.4866073e-01	-1.1636730e-01	-3.4543831e-02	-1.3736844e-01	1.5074953e-01	2.1514118e-01	2.1690745e-02	1.0109881e-01	2.4217875e-01	8.5015200e-02	2.4038744e-01	3.2876453e-01	-1.8334776e-02	-2.5993976e-01	-2.7913508e-01	-2.4906205e-01	1.6017084e-01	-1.2834483e-01	-1.7952769e-01	2.0869960e-01	4.8506740e-02	-1.8094695e-01	-8.1698047e-03	-7.5220072e-01	-8.7214833e-01	-3.5386878e-01	6.6997916e-02	1.7223078e-01	-8.4053084e-02	1.9480026e-01	5.8625136e-02	-3.6521871e-02	3.7233740e-02	6.7347892e-02	2.1930756e-01	-1.3378099e-01	-2.3228490e-01	1.1895987e-01	-2.0665318e-02	-5.8475447e-01	-6.6034991e-01	-2.8783479e-01	6.1345633e-02	1.3998069e-01	2.1634543e-01	1.3693875e-01	7.7365220e-02	1.6661000e-01	9.8331928e-02	-6.4585251e-03	-2.3857872e-01	-3.1441996e-01	2.7227819e-01	-2.6578715e-01	1.2240000e-01	3.4264234e-01	-2.0010789e-01	8.6770535e-02	-1.0246030e-02	2.0760837e-01	-3.5633871e-01	-1.9636628e-01	-1.4439490e-01	-1.3785069e-01	-1.4397843e-01	-7.7779968e-03	-1.0601999e-01
-2.1863909e-01	5.6158774e-02	-8.6182721e-02	-2.2176425e-01	2.2236589e-02	-1.5925206e-01	-1.1499571e-01	3.5490838e-01	-2.7744654e-01	3.8544363e-01	1.0375950e-01	-8.4025882e-02	2.2469142e-01	-1.6352516e-02	2.0063171e-02	1.1178011e-01	-1.9222243e-01	-2.8657716e-02	-1.5251227e-01	4.9119953e-02	-2.2926746e-01	4.9183480e-02	-2.2476014e-01	2.0288508e-01	2.2654656e-01	-3.1491947e-01	-1.8656230e-01	9.6404187e-02	-7.6687917e-02	1.2824155e-01	3.2280181e-02	6.6102140e-02	1.2246434e-01	-1.7492424e-01	2.7068570e-01	-4.8150878e-02	-9.1361754e-02	-2.5374964e-01	1.3271619e-01	1.4163193e-01	-8.3225397e-03	-1.1403985e-01	-2.8507888e-02	-7.1330152e-02	1.6113883e-01	-1.3493177e-01	1.8985051e-01	-2.4458624e-01	-1.6739173e-01	1.6718851e-01	2.1015979e-01	1.6694598e-01	1.6359834e-01	-4.5879863e-02	1.6603777e-02	4.3916151e-02	-5.2871518e-03	-2.0055820e-01	2.2787382e-01	2.4181128e-02	-4.5372315e-02	6.6335499e-02	-1.4717117e-02	4.9527626e-02	-1.3008481e-01	1.4789344e-01	-7.0238829e-02	-2.4966583e-01	-2.0731738e-01	-4.4735886e-02	-6.0479745e-02	-2.2409229e-01	-1.0603240e-01	-2.9603308e-01	-2.6550999e-01	-3.0763379e-01	-1.9183122e-01	1.0500997e-01	-1.8812291e-01	4.2726293e-02	2.7653483e-01	-1.9018993e-01	1.2051604e-02	3.1041056e-02	-2.4273568e-01	-2.0325986e-01	1.4585015e-01	-5.1540840e-02	-8.5916281e-02	-3.3090644e-02	-2.9066083e-01	8.5047074e-02	2.0116431e-01	2.6507470e-01	3.2984957e-02	-2.8721318e-01	1.1473175e-01	-5.7439853e-02	1.6555777e-01	1.3990965e-01	-2.7648902e-01	-3.0454925e-01	1.3439545e-01	-2.0749699e-01	-1.0038052e-01	4.1661315e-02	2.4623066e-01	-2.1608686e-01	-6.4038679e-02	-5.3679083e-02	1.9555511e-01	-2.8479016e-01	-1.9326580e-01	-3.0401912e-01	-7.8798316e-02	-2.5209132e-01	1.2391144e-01	-1.9689760e-01	2.6549697e-01	-2.4667557e-01	-1.0556972e-01	-2.6178616e-01	2.5899100e-01	2.8633399e-02	-2.0299239e-01	-2.3385428e-01	-1.1597998e-01	2.3556238e-01	-7.4025996e-02	1.9752575e-01	1.2349183e-01	-1.5627916e-01	1.2410098e-01	-1.3745405e-01	-1.0643882e-01	-1.4439230e-01	-2.7151138e-01	2.9646218e-02	-1.6853040e-01	-3.3831277e-01	-2.7237013e-01	1.4935598e-01	5.7787139e-02	-4.6691388e-02	1.0008714e-01	2.4676110e-01	9.6674070e-02	-8.5351551e-03	-8.2617290e-03	1.3655019e-01	2.1770315e-01	-1.4751576e-01	1.6080374e-01	-4.3024760e-02	2.3931026e-01	-1.3173725e-02	1.7829779e-01	2.4951398e-01	-1.4146470e-01	7.6221421e-02	2.5089070e-01	-4.4286200e-03	-2.1426043e-01	1.2791325e-01	-3.1021458e-01	-2.8412244e-01	-1.8472721e-01	-4.4599764e-02	2.0608097e-02	-1.8662198e-02	-1.9344899e-01	-4.1996948e-02	-1.5755649e-01	1.3823014e-01	1.3999046e-01	-1.3849097e-01	-2.2945498e-01	3.9946821e-02	7.6153398e-02	-1.4004561e-01	-2.3125108e-01	-1.0225034e-01	1.1428205e-01	1.3567929e-01	3.9610915e-02	5.1967613e-04	4.7104482e-02	-1.2893656e-01	-1.5358974e-01	2.3897353e-01	-2.8391623e-01	-1.2898025e-01	6.6616759e-02	-2.8515819e-01	1.3960254e-01	-6.0121078e-02	-1.8615176e-01	-3.0875197e-01	-1.5693525e-02	-6.7511320e-02	-2.2137430e-01	-1.0832749e-01	-2.2919084e-01	-2.7588806e-01	-2.6674619e-01	7.3530197e-02	5.5653412e-02	1.1066121e-01	3.5718113e-02	-3.4837559e-02	1.1674929e-01	-9.9878199e-02	-1.2359484e-01	1.0410968e-01	2.5160545e-01	-2.9589328e-01	-8.9758998e-03	-2.9491898e-01	-2.3827775e-01	2.1204627e-01	-2.3573533e-01	-1.2116393e-01	6.5348201e-02	2.7477050e-01	1.1868206e-01	1.1136587e-01	1.7530322e-01	8.9820601e-02	-1.7206377e-01	1.2003571e-01	-4.2056143e-02	2.3897560e-01	-2.2379707e-01	7.9582557e-02	-1.3778976e-01	-3.2072204e-01	-1.9794856e-01	4.0396888e-02	-1.9614331e-01	-4.3382630e-02	-3.3548942e-01	4.4466677e-01	2.6574540e-01	1.4845845e-01	2.6522970e-01	-1.2994748e-01	2.6448709e-01	-1.5868440e-01	-5.0824988e-03	-1.0520855e-01	4.1589867e-03	2.2484170e-01	1.5960635e-01	-3.3033696e-01	-2.2888134e-01	-7.1676448e-02	1.5086399e-01	-3.8695252e-01	8.2746483e-03	-1.8179677e-01	1.1364032e-01	-2.3850337e-01	-3.1183085e-01	1.3744211e-01	2.6409769e-01	2.0830035e-01	-1.8239918e-01	-1.7724222e-01	1.3378911e-01	2.3809099e-01	1.0721122e-01	1.1080245e-02	-3.0396530e-01	6.2717162e-02	3.3789296e-02	-1.9404434e-01	1.0114449e-01	6.3443291e-03	-6.8663865e-02	-1.7049731e-01	2.0884395e-01	1.5545739e-01	-3.4899092e-01	1.7674591e-01	1.2798867e-01	1.6578224e-01	4.5702346e-02	1.6134106e-01	1.4169432e-01	2.6739517e-01	-2.8984353e-01	-9.5397681e-02	-2.1556403e-01	2.9582807e-03	9.1959074e-02	-1.2925464e-01	-2.7792063e-01	-1.6624562e-01	-7.5886786e-02	1.8146208e-02	1.6342688e-01	1.4908098e-01	-9.9495783e-02	-5.2059688e-02	-3.0637649e-01	-2.1024761e-01	2.0808953e-01	1.1369127e-01	8.4525213e-02	1.6327097e-01	-1.5864991e-02	2.1933362e-01	1.8193501e-01	-1.6337636e-01	8.6159736e-02	-9.4603166e-02	1.2215728e-01	-2.1386372e-01	-1.8101558e-01	2.0116735e-01	1.1535753e-01	-2.7789068e-01	-2.9834276e-01	-2.8878090e-01	2.3169236e-02	1.3218071e-01	2.8278980e-02	-6.8263197e-03	-2.1530931e-01	-9.8546252e-02	-2.0618170e-01	1.1779007e-01	2.5958553e-01	-1.9948304e-02	2.4161640e-01	-9.5227890e-02	-1.1466671e-01	1.8295737e-01	-1.7181142e-01	2.3272103e-01	1.0522425e-01	2.0857176e-01	1.4636046e-01	-1.9388619e-01	2.2645769e-01	-1.5694249e-01	1.9406077e-01	-2.1318354e-01	1.2664248e-01	1.8057340e-01	-9.9601246e-02	1.1280872e-01	2.6796028e-01	-2.7275082e-01	-3.0766886e-01	-2.8783375e-02	-2.4733452e-01	-1.8540226e-01	-3.2049689e-01	-2.2107221e-01	-3.2349658e-01	-3.0182666e-01	-6.1467998e-02	-1.7699616e-01	2.7115911e-01	3.1722859e-02	1.6569272e-01	9.3970373e-02	1.7201194e-01	2.6688892e-01	1.4860994e-01	-2.7960151e-01	1.7991267e-01	-1.1664719e-01	2.8515789e-01	-2.3988257e-01	2.2822155e-01	2.5418320e-01	-8.0734879e-02	-5.5393189e-02	6.4046630e-03	-1.8351236e-01	-6.4784415e-02	2.7596390e-01	-1.1877871e-02	1.3244235e-02	1.8278185e-01	2.1278845e-01	1.6227968e-01	-3.6988574e-01	-1.6772389e-02	-1.4271860e-01	-3.1703120e-01	-1.7918094e-01	-2.0565884e-01	-1.3465086e-01	2.4234574e-01	-1.0191117e-01	1.9177169e-01	-6.3747168e-02	-2.6246592e-01	7.8608558e-02	-2.5369868e-02	-1.9143595e-01	-1.0474849e-01	-6.5834835e-02	-2.1365516e-01	1.5937664e-02	-2.8430611e-01	7.0179097e-02	-1.9508769e-01	6.3909508e-02	-1.9284236e-01	-4.8019877e-03	-3.5733008e-03	-1.1647175e-01	9.2959829e-02	-1.4513977e-02	2.3059434e-01	3.6204923e-02	-8.3046354e-02	-1.4250270e-01	-2.8887114e-03	-1.9269435e-01	1.4648469e-01	1.0220118e-01	-1.8802612e-01	-1.6985245e-01	-3.0502400e-01	2.1577539e-01	-1.9374941e-01	-1.2211209e-01	-4.1939240e-02	-2.0446695e-01	-5.6932472e-02	-1.3232021e-01	1.1015989e-01	2.0904922e-01	-3.6864523e-02	-2.8451228e-01	7.3632210e-02	-2.3927869e-02	-2.5739687e-02	-2.2908813e-01	-1.8458739e-01	4.9702249e-02	-1.0200898e-01	4.6934575e-02	1.8299299e-01	2.2791632e-02	1.0453685e-01	1.0901860e-01	2.6069187e-02	1.7625415e-01	2.5248704e-02	1.8232127e-01	4.4135537e-02	1.0126918e-01	-2.1265268e-01	-6.5008879e-02	-1.8534480e-01	-5.4461814e-02	-9.1417059e-02	-1.0802209e-01	-1.7281127e-01	3.5039473e-01	2.4094793e-01	1.7379831e-01	3.0962035e-02	-3.1280634e-01	1.9652937e-01	2.0375049e-02	-2.3129405e-01	1.6818827e-01	-3.1533778e-01	3.6838776e-01	1.8049924e-01	-2.8276187e-01	-9.1608010e-02	1.3826118e-01	-2.0185851e-01	-2.3553683e-01	-1.6858715e-01	-8.1012830e-02	2.8063214e-01	4.1706383e-02	-3.9291978e-02	3.0759642e-01	-1.9854388e-01	-6.8549447e-02	2.1715529e-01	-3.2771149e-01	-2.7917656e-01	2.3349662e-01	-2.9649219e-01	1.5784898e-01	-6.9176853e-02	-2.3248096e-01	-2.2774124e-01	-1.8539608e-01	1.8634476e-01	1.9820906e-01	1.1181122e-01	-2.0432551e-01	3.0673084e-01	8.6826041e-02	5.7078082e-02	1.7745405e-01	-2.2573434e-01	-2.9024401e-01	-1.3443483e-01	1.2707580e-02	7.0859171e-02	-2.8930792e-01	-8.5016400e-02	-2.7722362e-01	-1.6639858e-02	7.5125463e-02	-2.5795621e-01	-1.1731607e-01	-8.7465890e-02	-2.8328687e-01	-9.4826303e-02	4.3159883e-02	-2.5671234e-02	-1.9097859e-01	8.8073328e-02	-8.5325256e-02	-3.2579777e-01	2.2627398e-01	-3.0887693e-01	1.2057011e-01	1.5765935e-02	2.4059753e-01	-2.3383108e-01	-1.9682467e-02	-2.7207467e-01	-2.3528004e-02	2.4184313e-01	5.0480402e-01	3.2354027e-01	-8.1763506e-02	-1.3247187e-01	-5.5038501e-02	3.2117322e-02	6.9128744e-02	1.1068694e-02	-1.3352906e-03	-2.0934652e-01	-1.0401008e-01	-2.0031983e-01	3.3511214e-02	1.3414158e-02	-1.8981595e-01	-6.0879547e-02	-1.5758091e-01	9.4509326e-02	1.0484795e-01	-6.4455572e-04	-5.1011182e-02	-3.6295271e-01	3.7850460e-01	1.9412357e-01	-1.1538488e-01	3.6141825e-01	-2.5528340e-02	1.7225198e-02	-1.7811666e-01	-2.5783548e-01	-1.0116950e-01	1.4727563e-01	3.1945640e-01	2.5539301e-02	-1.3099758e-01	-2.6741436e-01	-6.8165138e-02	-7.2035857e-02	-6.8033910e-03	1.3424212e-01	-1.9239894e-01	-1.6562435e-01	-2.1283032e-01	-1.8964310e-01	-1.3242295e-01	-1.6475180e-01	-2.4185725e-01	1.7450798e-01	-3.2178532e-02	-1.5449604e-01	-2.0775709e-01	8.2814269e-02	7.1777273e-03	8.2546091e-03	2.9647133e-01	-2.7078322e-01	-7.1122676e-02	7.7025369e-02	-5.6314196e-02	1.7860451e-01	-4.3425146e-02	1.8025419e-01	-2.7827758e-01	1.2567955e-01	-9.2549615e-02	1.0962871e-01	2.0820320e-01	6.7838557e-02	-1.3852534e-01	1.1439412e-01	1.3275675e-01	-2.4799998e-01	-1.4572403e-01	1.4957392e-01	-1.1853601e-01	-6.3439772e-02	1.2387022e-01	1.0222784e-01	1.4203019e-01	1.7717630e-01	-1.2829313e-01	4.4002391e-02	9.2780143e-03	-1.6287418e-01	-2.9032314e-01	-1.6245498e-01	-8.8923298e-02	-6.7058131e-03	-2.2494929e-01	6.9943458e-02	1.5673269e-02	1.6013265e-01	-6.6286571e-02	2.7984807e-01	6.9452092e-02	2.8954542e-01	6.3815393e-02	4.0634010e-02	1.5594272e-01	-2.3782106e-01	-7.4090056e-02	-7.3460504e-02	7.8140929e-02	2.5823835e-01	-5.0132722e-02	-3.0479785e-02	-8.0254085e-02	1.1772915e-01	3.3645295e-02	2.2160386e-01	-1.6664588e-01	5.3188413e-02	6.2791333e-02	6.5062299e-02	1.3256026e-02	1.6781811e-01	-5.7319153e-02	1.7341486e-01	-3.4204535e-02	-2.2606975e-01	1.2334780e-01	-1.3728067e-01	-1.9997182e-01	2.7495363e-01	1.3884443e-01	-1.1521462e-01	-2.0581351e-01	1.5276964e-01	6.1113633e-02	-1.5380245e-01	1.1688077e-01	1.1933786e-01	-2.2370033e-02	-1.7760061e-01	-1.7615187e-01	-1.6534449e-01	1.9708113e-01	4.9778301e-02	-2.0654282e-01	1.1672867e-01	3.9333057e-01	-1.6807856e-01	2.2196352e-01	1.8892935e-01	-2.1982805e-01	-6.4927906e-02	-1.1598100e-01	-2.7081734e-01	1.7418261e-01	-9.1952704e-02	3.6202267e-01	-1.7834991e-01	-3.3286139e-01	2.7989814e-01	-7.1156654e-03	2.4187797e-01	-1.8457094e-01	1.3668220e-01	-5.0692752e-02	2.7888083e-01	1.7592190e-01	2.1879266e-01	-2.5892296e-01	1.3523787e-01	1.9896116e-02	1.0906521e-01	-1.9843489e-01	-1.9605173e-01	-1.0930040e-01	-1.8068647e-01	-1.6974780e-01	-3.0422216e-02	-2.1993478e-01	1.3136651e-01	-9.7274840e-02	-1.7112514e-01	-2.0841268e-01	-2.5601056e-01	-1.2008215e-01	2.5557399e-01	-1.3667773e-01	4.8464954e-02	-5.2341934e-02	1.5850860e-01	4.4171281e-02	-1.9430350e-01	-3.2543790e-02	-1.7696023e-01	-1.8311033e-01	-2.5518700e-01	-1.4515787e-01	-2.6740277e-01	2.9516909e-01	3.3633110e-01	-1.1017519e-02	-8.9822903e-02	-2.7027863e-01	-1.1326559e-01	-2.0227952e-02	-8.1161864e-02	-6.6097640e-02	-1.1456715e-01	-2.5054145e-01	2.5552323e-01	-1.8659651e-01	1.5835008e-01	-4.1428801e-02	1.5127604e-01	-1.0482442e-01	2.0949633e-01	2.5146785e-01	-1.6746515e-01	-2.2673890e-01	-2.0903733e-01	-8.4443241e-02	3.7966724e-02	-2.4216652e-01	-5.2842729e-02	-1.6332358e-01	-1.3537578e-01	-1.6451854e-02	-3.5897436e-04	1.9262928e-01	-2.6148207e-02	3.1351166e-05	-1.7373477e-01	3.9877187e-02	-1.2633726e-01	8.0778047e-02	-2.6131201e-01	-2.5681871e-01	-2.9140326e-01	-2.0159954e-01	-2.2965088e-01	-1.3002382e-01	8.9790419e-02	-2.0621909e-01	9.8198336e-03	1.9373581e-01	-2.5458995e-01	1.5663248e-01	1.9817850e-01	-2.2830234e-01	-3.0407397e-02	-5.2519929e-02	1.5130743e-01	1.3792142e-01	-1.1178694e-02	-5.0879192e-02	9.0568056e-03	-1.8480738e-01	-2.5721040e-01	2.6592238e-02	-1.6069765e-01	1.7606467e-01	2.4288635e-01	-2.5960949e-01	1.0821255e-01	-1.4494185e-01	1.2825356e-01	1.4235470e-01	-2.2966602e-01	1.0923574e-01	-2.7563590e-01	9.1467783e-02	-2.4265112e-02	6.4416856e-02	1.5717667e-01	-2.3374185e-02	-1.8336016e-01	2.8272182e-01	2.1014959e-02	-1.1007675e-01	-1.8031283e-01	2.7375427e-01	5.7159886e-02	1.3039431e-01	5.7037942e-02	3.3944633e-02	-1.3147026e-01	-2.5100687e-01	-2.3835352e-02	-1.8093477e-01	2.3777965e-01	1.9853346e-02	1.7208250e-01	1.4549591e-01	3.0977416e-01	-2.2157361e-01	-2.5417003e-01	7.0582159e-02	-2.8524703e-01	6.0703736e-02	-1.8745603e-01	1.5282567e-01	3.6435045e-02	-2.2405544e-01	-1.0574168e-01	-2.8303295e-01	-1.7168622e-01	-1.0534119e-02	-4.7962904e-02	7.6432429e-02	-2.2525015e-01	1.4344361e-01	-2.3478459e-01	-2.7555662e-01	-2.2943440e-01	1.2872069e-01	-1.6131291e-01	-2.7636629e-01	7.0116669e-02	5.0262611e-02	-1.2176099e-01	-1.5371898e-01	-2.4474460e-01	-2.9075092e-01	-2.0621485e-01	-1.5861429e-01	-1.3708951e-01	1.8427707e-01	-4.8075501e-02	2.6536778e-01	9.8954327e-02	-2.2203517e-01	1.4265870e-01	-5.3719231e-03	2.4163187e-01	1.6967672e-01	-1.8865624e-01	1.1969098e-01	-6.7117922e-02	1.0828253e-01	7.0573084e-02	1.1484766e-01	-3.2801887e-01	1.6431163e-01	-1.2091588e-01	-1.7129489e-03	1.9107412e-01	2.1029744e-02	-3.5165021e-01	9.5035978e-02	7.8484334e-02	-2.0824535e-01	-1.5002163e-01	-2.5799334e-01	8.5078456e-02	1.4699024e-01	1.0423274e-01	2.7467445e-01	-2.0434035e-01	-2.4348013e-01	2.7434513e-01	-1.2800229e-01	1.4461891e-02	-2.1968944e-01	2.1805221e-01	2.3995964e-01	-1.4807872e-01	-1.7186309e-01	-2.7846569e-01	-2.5438532e-01	1.9266887e-01	8.8106059e-02	2.0776685e-01	-2.7743471e-01	9.4013534e-02	-3.6822934e-02	-3.6720134e-02	-2.4788879e-01	1.0118271e-01	-3.3705181e-01	-7.7607773e-02	7.1995929e-02	2.4664389e-01	2.1652785e-01	-4.5150228e-02	-2.3428680e-01	1.5317637e-01	1.6619800e-01	1.4806335e-01	-3.8795199e-02	-1.7147277e-01	-4.8737552e-02	-9.5126830e-02	2.1449453e-01	1.4645535e-01	2.2607855e-01	-8.2344361e-02	-9.3856931e-02	5.5160247e-02	2.0522493e-01	4.8008736e-02	-1.9158730e-01	1.6990595e-01	-2.9986581e-01	2.4548213e-01	1.7146240e-01	1.0176785e-01	2.3608105e-01	-1.9535764e-01	-1.5452063e-01	2.4122988e-01	2.6329347e-01	9.0225386e-03	-2.2380741e-01	-2.9174975e-01	-2.1031862e-01	-6.6612892e-02	-6.5930402e-03	-3.3064616e-01	-2.1570057e-01	1.8587378e-01	8.4285170e-02	-2.1295255e-01	-1.7953658e-01	-2.8435645e-01	-4.8690766e-02	-3.2492898e-02	2.1047120e-01	2.5611511e-01	3.3128026e-01	-1.0230274e-01	-8.4326938e-02	9.0943940e-02	3.4450117e-01	1.3626544e-01	-4.6538852e-02	-1.4700342e-02	1.4479586e-01	2.7774462e-01	1.5538023e-01	1.9295891e-01	-1.5732132e-01	-2.1077450e-01	1.1786161e-01	2.8043985e-01	-3.4890857e-02	1.8451686e-01	2.1791883e-01	-2.6220876e-01	-1.7735089e-01	-6.9643356e-02	-4.3781407e-02	1.3179372e-01	-3.1079719e-02	1.8210231e-01	3.5969675e-02	2.5247136e-01	2.1536927e-01	1.4142646e-01	-1.9846353e-01	-2.2551043e-01	3.7088543e-02	-5.9624478e-02	-6.4966604e-02	-3.7855234e-03	9.4470158e-02	8.4430337e-02	1.5881711e-01	2.0971435e-01	-1.0578465e-01	1.2422714e-01	-2.9254049e-01	1.0143311e-02	3.4745105e-02	-9.5896512e-02	1.6268602e-01	-1.8192746e-01	-1.7111018e-01	2.9068572e-02	7.1672417e-02	3.0852824e-02	1.9230239e-01	-1.0620042e-01	4.8112404e-02	1.2085845e-01	1.2634104e-01	3.3098862e-01	1.2385659e-02	-1.2107129e-01	-3.1832570e-01	-3.0557495e-02	-1.1934115e-01
2.5268594e-02	-1.5577312e-01	-4.6843790e-02	3.9400049e-02	-3.2592735e-01	-3.5947211e-02	5.5908877e-02	3.5432771e-01	2.5044328e-01	2.7021196e-01	6.8281718e-02	-2.0766477e-01	-1.1024360e-01	-1.2455367e-01	-1.1765921e-01	-2.8290844e-01	2.7562413e-01	-6.5853164e-02	1.7321689e-02	-1.5883620e-01	3.1256744e-01	1.8239062e-01	1.4639018e-01	-2.9780686e-02	2.2729039e-01	-6.3385345e-02	1.8965751e-02	1.3011698e-01	2.2953427e-01	1.0282157e-01	-1.1628824e-01	2.3857428e-01	1.0589300e-01	7.4076183e-02	-2.2756268e-01	1.8587653e-01	-2.0028865e-01	1.1178828e-01	-2.4114929e-01	-2.9796515e-02	-1.7304935e-01	1.0889717e-01	-2.0352247e-01	-1.4702192e-01	-2.1061830e-01	1.8663847e-01	-8.2109623e-02	-7.2327048e-02	2.1869510e-01	-1.0621927e-01	6.4865440e-02	-1.6790603e-01	2.6021427e-01	2.0615613e-02	-1.5643501e-01	-1.4681056e-01	6.9339775e-02	2.6576802e-01	4.4164270e-02	1.3320293e-01	2.2820823e-01	-1.3912727e-01	-3.0479375e-01	-2.5933582e-01	-7.9038292e-02	3.0908383e-02	-1.2591121e-01	-1.7893361e-01	1.4821748e-01	1.8107538e-01	-1.4394075e-01	1.5382740e-01	1.8491904e-01	-2.9630795e-01	4.4360723e-02	-1.5381797e-01	2.4536091e-01	-1.3931879e-01	2.3037830e-01	2.4128237e-01	2.0774266e-01	2.5844628e-01	-1.1807962e-01	1.0706092e-02	-1.5048933e-02	1.4361328e-01	3.7889533e-02	1.0132669e-02	-2.7074781e-01	1.4327260e-02	2.6415923e-01	-1.4042670e-01	-1.8367004e-01	1.5954000e-01	-3.2336342e-01	1.4301935e-01	2.7278018e-01	1.6250847e-01	-1.8270285e-01	-1.4573202e-01	-2.4428053e-01	9.0600878e-02	1.9532526e-02	-1.6348718e-01	3.6110532e-02	-6.2940829e-02	1.1178968e-01	-2.7205735e-01	-2.3836249e-01	-8.6539991e-02	-6.2677078e-02	1.2061035e-01	-1.9836695e-01	-2.4526350e-01	-8.2549348e-02	-1.7124623e-01	1.0966554e-01	-1.5551788e-01	-8.4493890e-02	-9.1785498e-02	-2.3675691e-01	-2.1176039e-01	2.0442367e-01	-7.0685954e-03	-3.1507176e-01	-1.9286193e-01	-8.4126420e-02	1.2947243e-02	1.1405165e-01	-1.3661043e-01	3.4098674e-02	1.0549528e-01	3.0755189e-01	-3.4996003e-02	1.9795939e-01	-4.2136004e-03	6.7859650e-02	-9.3861856e-02	-1.2219317e-01	6.7242943e-03	2.1557331e-01	-1.9981390e-01	-2.5878152e-01	-9.4258666e-02	-3.5836928e-02	-1.6303824e-01	3.0006549e-01	1.6006216e-01	-2.8237730e-01	-3.1333685e-02	1.1318659e-01	-8.5500404e-02	-1.0517292e-01	4.8193999e-02	-2.2459146e-01	-1.0066438e-01	2.0004803e-02	2.1137397e-01	9.5173083e-02	-7.2051086e-02	3.1102208e-02	6.4018726e-02	-7.6903342e-03	9.9400997e-02	7.8079291e-02	-2.5387719e-01	2.5030243e-01	7.3952340e-02	1.0540171e-02	5.4624237e-02	-1.3375229e-01	2.1839412e-01	2.3469934e-02	-4.4939522e-02	2.6135612e-01	-2.7143252e-01	-7.3858402e-03	9.4955703e-03	-6.6083126e-02	-2.8207648e-01	-1.5595183e-01	1.0185038e-01	2.6756486e-01	-1.1503533e-01	1.0301930e-01	6.1807040e-02	2.8476807e-01	1.7407988e-01	-5.8200590e-02	2.5660506e-01	-2.8687811e-01	2.8370056e-01	-2.3225786e-01	1.7295054e-01	1.9173628e-01	1.0114072e-01	-2.3361586e-02	2.8640142e-01	-5.0295509e-02	7.0814945e-02	-1.2254106e-01	2.0408010e-02	-3.0234995e-01	-1.7190298e-01	-2.5594795e-01	1.0928510e-01	1.3433915e-01	-1.7083177e-01	2.1698149e-01	-3.1729144e-01	2.3758435e-01	2.3943016e-01	-2.2205828e-01	7.1722768e-02	2.5221285e-01	-8.0008127e-02	-6.0812417e-02	2.3234433e-01	-1.9539776e-01	4.1184877e-03	-7.4431807e-02	3.3092967e-01	1.8998241e-03	8.8209547e-02	3.1723446e-01	7.9810381e-02	1.9845676e-03	-1.2669913e-01	3.2173585e-02	-2.5358099e-01	-9.8404847e-02	-1.6095327e-01	2.4171205e-02	-2.5055808e-01	2.8120348e-01	2.6681975e-01	-2.1694121e-01	-2.8288651e-01	-2.5381348e-01	2.6960862e-01	-1.8986745e-01	-2.9879460e-01	5.4946605e-02	1.8985905e-01	2.5109512e-01	-2.0259890e-01	-1.5184730e-01	2.4153259e-01	-2.3319347e-01	1.1211222e-01	-9.2062512e-03	1.4920035e-01	-2.3413034e-01	2.5531274e-01	-2.5276998e-01	-1.7052367e-01	-2.1010689e-01	2.8849241e-01	1.6529016e-02	-1.5465625e-01	-4.1907415e-02	-1.2365200e-02	-1.5907137e-01	1.0558379e-01	2.7244031e-01	-7.9870582e-02	1.5019608e-01	-2.7588862e-01	2.1080665e-01	-1.3536710e-01	-1.3546325e-01	-6.1840340e-02	-2.2764812e-01	-1.7769249e-02	-2.4743976e-02	1.9585945e-01	3.3280239e-02	2.6067549e-01	-6.6662058e-02	-1.5137413e-01	1.0540444e-01	2.1681855e-02	9.2698671e-02	5.7210326e-02	1.6182846e-01	1.2280048e-01	-1.2707947e-01	-2.1318686e-01	-8.1917448e-03	-5.9574611e-02	4.5166649e-03	2.9576489e-01	8.8799238e-02	2.4945402e-01	-5.1318452e-02	2.7215871e-01	-8.6837269e-02	1.0795033e-02	2.1220644e-01	-2.9015312e-01	-2.4763961e-01	3.7491247e-02	-2.3203838e-01	-1.8496583e-01	2.3914596e-01	-2.8081745e-01	-7.8775853e-02	2.0669328e-01	-1.9232488e-01	2.0007923e-01	1.1592972e-01	5.3844419e-03	-2.1890636e-01	-3.1104216e-01	-1.1776154e-01	3.5549946e-02	1.5983030e-02	1.0833141e-01	1.4245379e-01	-1.5836523e-01	1.6393244e-01	-1.8391389e-01	2.1639831e-01	-1.8203070e-02	6.2261738e-02	-2.0021787e-02	9.2418723e-02	-1.9880103e-01	2.6609978e-02	-4.4869736e-02	-2.1657689e-01	-1.4482547e-01	-3.2261681e-02	1.6577713e-01	1.7407861e-01	-3.0160502e-01	-1.3334951e-01	2.2724669e-02	1.6658294e-01	-1.9249029e-01	-1.0031001e-01	3.1564397e-01	2.2432829e-01	-6.8482853e-02	-2.5681015e-02	5.4184821e-02	-1.2612395e-01	-2.6771495e-01	-2.3665086e-04	1.7978898e-01	-3.6366880e-02	1.2696217e-01	-1.6997138e-01	-2.5383076e-01	7.7154532e-02	-6.6155419e-02	-2.5641242e-01	-2.3778424e-01	3.3636142e-03	1.6347870e-02	-1.8486628e-01	-9.0082027e-02	2.3600245e-01	2.3976411e-01	-3.0508861e-01	1.7747661e-01	4.7304727e-02	-3.5997418e-01	-2.6201263e-01	-7.1404345e-02	-1.1862404e-01	1.6433151e-01	-3.3604823e-02	-3.0438498e-02	2.9715297e-01	-4.5701612e-02	1.8834801e-01	1.7696412e-01	3.9774746e-02	6.0315404e-02	6.6119917e-02	1.5408459e-01	3.2137219e-02	-2.2036313e-01	-1.8884844e-01	3.1059796e-02	-5.2211475e-02	3.0510843e-02	-2.8069690e-03	-1.8718435e-01	1.7366405e-01	-7.4088991e-02	1.0332680e-01	1.5058762e-01	1.3460258e-01	-1.1438907e-01	2.0298629e-01	1.5365595e-01	-1.9342901e-01	-1.5541390e-01	2.4160853e-01	-1.6989660e-02	-1.4681001e-01	2.0218234e-01	2.4938630e-01	1.6015415e-01	-2.3657504e-01	7.7710032e-02	-2.3741953e-02	4.7327656e-02	-2.2684027e-01	-1.4905949e-02	7.1946725e-02	-1.2715197e-01	1.2624033e-01	2.5863335e-01	-3.8658173e-03	-2.3808573e-01	-1.0176430e-01	1.4081328e-01	2.7896538e-01	-1.2658106e-01	3.9452948e-03	2.9080814e-01	1.2698442e-01	-2.4387948e-01	-1.1077841e-01	-1.6834125e-01	-1.7798620e-01	2.4105895e-01	1.2976781e-01	-1.0838537e-01	1.9684552e-01	1.5197374e-01	-2.5772557e-01	9.2006423e-02	2.7158299e-01	1.3489132e-02	-2.3497188e-01	2.7123085e-01	-2.1013278e-01	-1.0270276e-02	-2.3391467e-01	3.8286395e-02	2.2108166e-01	-1.9197260e-01	8.1552258e-03	2.2375730e-01	-2.3753215e-01	-6.5337799e-02	4.5072597e-02	-2.6576558e-01	7.7781931e-02	1.5096258e-01	7.0667163e-02	3.8442217e-02	-3.0094272e-01	2.5785637e-01	4.5572206e-02	3.1024033e-01	1.4892587e-01	1.8675311e-01	2.4547908e-03	-1.0642383e-01	2.0239724e-01	-1.2799285e-01	1.8764950e-01	-5.8468658e-02	-8.8403210e-02	-2.0161790e-01	4.9862564e-02	3.1258380e-01	-4.6178553e-02	2.0881334e-02	7.9966396e-02	2.6093540e-01	2.2350684e-01	9.2858687e-02	-1.5992254e-01	3.3319137e-01	-1.0181542e-01	-2.1382949e-01	-2.4358901e-01	-2.4409090e-01	2.1776445e-01	6.9299094e-02	6.6870145e-02	-1.7493924e-01	1.1193610e-01	1.9880743e-01	4.9423207e-02	-1.1878776e-01	1.8619183e-02	-2.1282518e-02	1.0267363e-01	-1.0122591e-01	-2.5620726e-01	-2.8623244e-01	-1.6932189e-01	-5.6833852e-02	2.8922412e-01	-1.6821163e-02	-2.7271703e-01	2.4223143e-02	2.2282979e-01	-2.9514638e-01	2.1534535e-01	-3.9090563e-02	-2.6368117e-01	2.3449162e-01	-3.0664843e-01	-2.4105528e-01	-1.6601968e-01	1.8245254e-01	8.5280657e-02	-1.6808899e-01	-1.2445808e-01	2.2796936e-01	3.5784069e-02	-1.3314453e-01	-1.1832180e-01	1.9362196e-02	1.8520275e-01	-2.3088326e-01	-3.0628586e-01	2.0757206e-01	6.3896589e-02	-2.3469271e-01	-2.5588331e-01	2.2718981e-01	-2.6940826e-01	1.5726870e-01	-3.1061132e-02	1.8204014e-01	1.8179646e-01	1.6034257e-01	-1.6443756e-01	2.4619530e-01	7.9996057e-02	1.9668078e-01	1.6172317e-01	3.5336152e-02	-2.1969581e-01	-1.9206800e-01	3.0083522e-01	-1.9590749e-01	-1.8784589e-01	-1.6780500e-01	2.1991515e-01	-1.7169517e-01	-1.7976536e-01	-2.5747639e-01	8.8118136e-02	1.7001636e-01	-2.2250800e-01	6.2754408e-02	-2.8289452e-01	-5.2196510e-02	1.5043674e-01	7.8343995e-02	2.7993071e-01	-1.8323025e-01	3.6223108e-01	3.2825097e-02	1.5608020e-01	-1.8793358e-01	8.5570998e-02	-1.4673293e-01	2.1691832e-01	9.1382086e-02	1.7338340e-01	1.7119884e-01	1.0236853e-01	-1.1358441e-01	-1.2561864e-01	-2.3592666e-01	-1.0357061e-01	2.5224856e-01	-2.2302751e-01	2.5361875e-02	2.5440791e-01	1.1569940e-01	2.4189273e-01	1.8840578e-01	1.3684271e-01	-3.6014251e-02	-1.0802994e-01	2.5583324e-01	1.6195446e-01	2.0420448e-01	-1.0496373e-01	-5.1877242e-02	-3.7417397e-02	-3.5643551e-02	4.2549253e-02	1.5499552e-01	-1.2436122e-01	-1.3170758e-01	2.0663810e-01	-3.4629937e-02	-1.2240247e-02	-2.9752591e-01	1.6719531e-01	-4.6316003e-03	1.7388560e-01	-1.6341953e-01	-1.8543150e-02	1.1682840e-01	-3.4739307e-01	-2.2245736e-01	-1.8456322e-01	-9.2028454e-02	2.7227131e-01	6.9933109e-02	1.5867665e-01	-2.6514989e-01	1.2531285e-01	3.2135767e-01	3.5730258e-02	-2.1769139e-01	2.7411306e-01	-1.9583903e-01	-1.5374480e-01	1.5625982e-01	-2.1942399e-01	-1.6706905e-01	-3.5249501e-01	-2.4752207e-01	2.9534322e-01	1.7059480e-01	-1.6694209e-02	2.8294346e-01	-2.4813344e-01	-5.7834856e-02	-2.1941420e-01	1.4688498e-01	5.1011313e-02	-1.6837321e-01	2.5857058e-01	1.9736643e-01	4.7699001e-02	-7.5516663e-02	-1.9730997e-01	2.2834086e-01	2.1554996e-01	2.0830595e-01	-2.4197130e-01	-2.9866609e-01	-2.5525752e-01	1.8586719e-01	2.2780669e-01	2.1590404e-01	9.6204370e-02	-2.4305089e-01	4.6024706e-02	-3.8368884e-02	-2.4605548e-01	2.4998422e-01	-4.4437349e-02	-1.3273375e-02	-1.9951060e-01	2.7884662e-02	-2.0632891e-01	1.5170026e-01	-4.2032845e-02	9.7540900e-02	1.5128060e-01	-7.2390042e-02	-9.3242586e-02	1.2494297e-01	-2.4605048e-01	-7.8348339e-02	7.6291971e-02	-2.3816326e-01	-2.4379668e-01	-2.4193411e-01	-1.7526573e-01	8.7076910e-02	1.2263562e-02	1.6258439e-04	2.6500675e-01	1.8422730e-01	1.7138442e-01	1.9308856e-01	-1.4785925e-01	-1.0402119e-01	-1.5983798e-02	-2.4202785e-01	1.5368164e-01	-3.1312993e-01	1.4506464e-01	2.1747684e-01	-4.7625480e-03	3.2324534e-02	2.0561355e-01	1.3763654e-01	-9.0785451e-02	2.3575148e-01	2.7119344e-01	1.8386871e-01	-3.1013156e-03	2.5965542e-01	-6.2895170e-03	5.9358306e-02	1.2804668e-01	-2.4735275e-01	-1.1422335e-01	1.9139065e-01	1.1369199e-01	-5.6707326e-02	5.0772730e-02	-9.7427949e-02	1.0238201e-01	2.4379198e-01	-1.0983991e-01	1.1390042e-01	3.8774211e-02	4.1504856e-02	-1.9709496e-01	8.8835154e-03	2.2074997e-01	3.3199757e-01	-7.0058562e-02	-6.1892625e-02	2.7122995e-01	6.5545812e-02	2.2604072e-01	2.3104429e-01	-2.5692117e-01	-2.3375116e-02	-5.0652780e-02	-1.3001713e-01	1.1357509e-01	6.5654069e-02	1.8271130e-01	6.7149274e-02	2.7351409e-01	-2.9605004e-01	2.0542409e-01	-1.7480214e-01	9.9995576e-02	6.7412943e-02	-2.2287938e-01	2.1890560e-01	-1.0992314e-01	-1.4905330e-02	5.3441521e-02	8.4776185e-02	-2.5198011e-02	2.0670427e-01	-2.8023112e-01	-2.5327858e-01	7.4399874e-02	-2.9001373e-01	5.8919188e-02	-1.7681672e-01	1.8644596e-02	-1.2550293e-01	2.5038770e-01	-1.9507292e-01	-7.2996698e-02	-3.4319777e-02	2.9321381e-01	-1.3310531e-01	-1.2092066e-01	2.8982174e-01	-9.3387224e-02	-2.4308582e-01	2.0529477e-01	9.7956583e-03	-2.2672713e-01	9.8040104e-02	1.9311126e-01	-3.9860860e-02	-3.6356869e-01	-1.5182559e-01	-3.9147854e-02	1.5119010e-01	-3.3888686e-01	-1.3227339e-01	2.5915372e-01	-1.4338747e-01	5.0083965e-02	1.6690919e-02	-2.2173664e-01	-7.8668274e-02	5.6461366e-03	-2.5956377e-01	-4.8331726e-02	-2.0890206e-01	-1.2341359e-01	-6.1129920e-02	1.5772939e-01	-9.1835938e-02	-1.1783279e-01	5.8679711e-03	-7.0899233e-02	3.6425874e-01	-1.0330125e-02	-1.5958412e-01	2.0196348e-01	1.1291253e-01	-5.7885621e-02	2.3106791e-01	2.2246403e-01	-2.2157811e-01	-2.1874742e-01	-2.0784079e-01	-2.8746856e-02	1.5940630e-01	-2.9804714e-02	2.1306342e-01	1.4041454e-01	2.8373852e-01	5.5425808e-02	1.4704955e-01	6.4225574e-03	-1.8153712e-02	-2.0040555e-01	3.1975936e-02	1.5040359e-01	1.8050472e-03	1.1362531e-02	-2.5954461e-01	-1.6820773e-01	1.8812692e-01	2.1361934e-03	-5.2134790e-02	-2.5798368e-01	-2.2174077e-01	-1.4651611e-01	1.3566811e-01	1.0726745e-01	2.6704377e-01	1.6857499e-01	2.2848747e-03	-2.2920930e-01	1.9638941e-01	-2.8836361e-01	1.1239110e-01	2.9523477e-01	-2.2725996e-01	-1.1699812e-01	4.4540688e-02	-2.6627603e-01	-1.4701636e-01	-2.9373971e-01	2.9118347e-01	-2.3913176e-01	-1.9880679e-01	3.2728794e-01	-2.7382287e-01	-2.3545107e-01	2.4362843e-01	9.8593503e-02	3.0725652e-01	2.2078834e-01	-1.5704760e-01	2.7430630e-01	-2.9810047e-01	-2.2170350e-01	-1.4373642e-01	1.0506625e-01	1.0823106e-01	-1.4084108e-01	-1.6942991e-01	-1.9490151e-01	1.6578430e-01	-2.5865167e-01	1.3839132e-01	-2.7329948e-02	2.2741549e-01	1.7882116e-02	2.5565395e-01	1.0921319e-01	2.0131530e-01	1.9058174e-01	1.2462636e-01	5.4560818e-02	-5.1443461e-02	5.4385722e-02	2.1629973e-01	1.4122272e-01	-2.0578291e-01	-2.2283709e-01	1.1997172e-01	-3.6414947e-02	-1.6239469e-01	2.0510241e-01	-1.0713571e-01	1.9733654e-01	2.7289760e-01	-9.7501688e-02	-1.2041178e-01	-1.4717391e-01	1.2789252e-02	2.2877812e-01	1.3862252e-01	-1.0112794e-01	1.8180120e-01	-1.9417661e-01	1.6767079e-01	1.2994444e-01	-2.9023349e-01	-2.0723049e-01	2.9414573e-01	-2.8324071e-01	-2.6077804e-01	2.8316689e-01	-8.0707729e-02	-1.0051811e-01	2.3685442e-02	2.7300985e-04	-3.0163813e-01	-1.8687680e-01	-1.8197605e-01	-1.2288081e-02	-2.6062486e-01	-2.0597547e-01	2.6510355e-01	-6.9716014e-02	8.9187115e-02	-2.8126264e-01	-1.3474627e-01	-1.5413505e-01	-2.8518742e-01	-4.4399865e-02	-1.0949518e-01	-1.3835861e-02	-1.5209028e-01	7.3911265e-02	2.9965840e-02	-6.3832976e-02	1.0025027e-01	-3.1587082e-01	8.7711729e-02	-1.6806373e-01	2.4966834e-01	-3.1177911e-01	-1.1022623e-01	-1.6622657e-01	2.2504719e-01	1.6585658e-01	2.2459365e-01	-1.7730534e-01	-2.1017663e-01	2.0495729e-01	-2.5600374e-01	2.3945731e-01	-1.8411111e-02	1.8182398e-01	2.6045480e-01	-1.5893871e-02	-2.4895257e-01	-9.0878159e-02	1.3460922e-01	1.3502452e-01	1.3806663e-01	2.2715963e-01	6.4642198e-02	-2.4206188e-01	2.3000138e-01	5.6355882e-02	2.9481611e-01	2.2813691e-01	2.4656853e-01	2.0233855e-01	-1.2940496e-01	5.0865840e-02	-2.5510105e-01	2.3824675e-02	1.4967430e-01	1.3675179e-01	-3.0376178e-01	2.5990874e-01	7.2415918e-02	-2.3928206e-01	-1.2634982e-01	-3.9029714e-02	1.8925869e-01	-2.2966938e-01	1.3724430e-01	-2.1901830e-01	-2.5101420e-01	2.3592128e-01	-9.2095353e-02	-2.8709000e-01	-1.3831104e-01	-1.6448295e-01	-2.2226085e-01	-1.3280901e-01	-1.9899081e-01	-9.3469359e-02	-3.8252521e-02	1.7995895e-01	-3.3288620e-02	2.0203263e-01	1.7267241e-01	-2.0313087e-01	5.1907346e-02	2.4781546e-02	1.6367280e-01	1.8710251e-01	-1.9770551e-02	-1.9216231e-01	-1.7892616e-02	-2.5643021e-01	-6.6461763e-03	-1.9952148e-01	-2.1083590e-01	2.1519352e-02	2.1464975e-01	-4.8407044e-02	1.9563569e-01	1.8772839e-01	-3.1143537e-01	-8.7544262e-02	-1.1251489e-01	-2.7699620e-01	1.8480060e-01	1.8064173e-01	-8.8619277e-02	-3.1067479e-01	-1.1403232e-01
-6.4879522e-02	-1.7116576e-01	-2.3511119e-01	3.4730148e-01	-6.9464251e-02	-2.9158995e-01	1.8383464e-02	1.2606874e-01	-1.7090790e-01	1.6313569e-01	-1.9065229e-02	8.8030957e-02	1.8371885e-01	-2.9608186e-02	-6.7862779e-02	-3.4816456e-01	2.9200155e-01	3.0455835e-02	2.5288004e-01	-2.6249543e-02	3.1337082e-01	1.7432179e-01	-1.3432135e-01	2.4912448e-04	5.8359593e-02	-3.0333775e-01	-1.7860647e-01	-2.3311047e-01	3.4514496e-01	2.7846541e-02	3.7101620e-01	1.5008669e-01
