9
input	18
dense	32
relu	0
dense	32
relu	0
dense	32
relu	0
dense	1
linear	0
7.999999979801942e-06
-8.9134686e-02	-5.7238438e-03	8.5294299e-02	-6.1249250e-04	-3.1240523e-02	-9.5020989e-03	-2.5569011e-02	-5.2387115e-02	-4.6457466e-02	-1.3939445e-02	-3.8108934e-02	-2.3647880e-03	-7.8120232e-02	-7.9218894e-02	9.5098000e-03	-8.6957533e-03	-8.0297843e-02	-2.2889210e-02	-2.8156975e-02	-3.4218654e-02	-6.9494136e-02	-1.5016481e-02	-9.0172283e-02	-1.0245014e-02	1.0866095e-02	-2.6846945e-02	-7.9166949e-02	-2.2928581e-02	2.8156614e-02	6.3394345e-02	2.2452706e-02	-7.5717387e-03
-5.3475551e-02	-2.9095819e-03	4.5913678e-02	-3.5907358e-02	-1.9307560e-03	-1.9875357e-02	-4.8829287e-02	-8.8290289e-02	-4.3598600e-02	-7.1200289e-02	-9.0592541e-02	-3.6191951e-02	1.7417699e-02	-4.2061318e-02	-5.5912547e-03	-1.9920191e-02	-7.4804746e-02	5.2490425e-03	-3.7137812e-03	-2.4151750e-02	-5.9306584e-02	-3.0482508e-02	-5.2506975e-03	1.2580550e-02	3.5372254e-02	-5.1743172e-02	-6.4801477e-02	-5.8300506e-02	-1.4164391e-02	-3.0510660e-02	3.9754890e-02	-2.8803896e-02
-2.9436326e-02	-4.4665620e-02	-2.6971642e-02	-1.6169794e-02	-5.8653113e-02	-4.0784958e-03	-5.2816182e-02	-3.1982742e-02	-1.8067962e-02	-4.3808728e-02	-2.7044818e-02	-6.5537840e-02	-6.1659221e-02	-1.6853686e-03	-8.9151345e-02	2.9860251e-02	-1.7957933e-02	-3.2315612e-02	-4.1334096e-02	-3.9351203e-02	-2.0193310e-02	4.3667038e-03	-2.2072328e-02	-2.2063926e-02	-2.0338412e-02	-5.5364456e-02	-1.9792613e-02	-4.8348658e-02	-5.7297740e-02	-2.4094319e-02	-7.1353100e-02	-9.6406695e-03
4.1518113e-05
2.0103520e-01	2.6172742e-01	4.4717538e-01	1.4112340e-01	3.3904237e-01	1.7645781e-01	2.2305328e-01	1.4750208e-01	-3.2735518e-01	1.8576464e-02	-8.9552663e-02	6.0890399e-02	-1.3721063e-03	-1.1779196e-01	-1.3406421e-01	-1.3598092e-01	6.8871409e-02	1.0433001e-01	4.3455601e-02	-2.0292814e-01	2.8062269e-01	8.1219254e-03	1.5807727e-01	-2.6965448e-01	-5.1058587e-02	5.6379028e-02	-3.2478866e-01	-1.9102992e-01	-1.2649617e-01	2.3508056e-01	-2.3109466e-01	-1.3531722e-01	1.0134073e-01	-3.0395178e-02	3.3789182e-01	1.1700214e-01	3.1140965e-01	2.2239302e-01	9.7626098e-02	-2.3514828e-01	-5.1102507e-01	-4.5972878e-01	-4.2026684e-02	-9.7424529e-02	-5.8578148e-02	-1.4997505e-01	-7.1900591e-02	-1.3452132e-01	1.6949077e-01	8.2860149e-02	-3.2864848e-01	2.3010401e-01	9.4161101e-02	1.5225337e-01	2.3866165e-02	8.9474328e-02	-6.4996552e-01	-6.8369985e-01	-5.7297426e-01	4.2237137e-02	-3.3265969e-01	2.4325584e-01	1.8402849e-01	6.2332530e-02	9.0740815e-02	3.8757522e-02	-5.6621842e-02	-1.4897023e-01	1.5815835e-01	4.7786734e-01	6.6594325e-02	5.7707872e-02	-1.3825774e-01	8.1519246e-02	2.6330864e-01	-7.0521399e-02	9.8783322e-02	-2.2455765e-01	-1.5192200e-01	-1.1161354e-01	-9.6205719e-02	1.9053483e-01	4.7594078e-02	1.9010845e-01	2.4468113e-01	-2.9842842e-01	2.2431770e-01	1.0743596e-01	1.5325209e-01	2.5290102e-01	2.3417300e-01	1.5589646e-01	-4.0783409e-02	1.4238709e-01	-1.2477697e-01	-1.6056225e-01	-4.1982105e-01	-2.7170623e-02	6.8257265e-02	-2.3973946e-01	-9.6132651e-02	7.4702978e-02	-1.7402311e-01	1.4745766e-01	-2.7477035e-01	-1.9869012e-01	2.3494840e-01	2.7400059e-01	-2.4400580e-01	3.5476911e-01	7.9754460e-01	1.2144269e+00	6.0253823e-01	2.7212301e-01	-2.0886287e-01	1.0281933e-01	-1.8629432e-02	7.2319441e-02	8.5071087e-02	-5.1238043e-03	2.8908932e-01	3.6534443e-02	-1.2666628e-01	-2.0344493e-01	-2.0607464e-01	1.8702509e-01	-1.4759590e-01	-1.3386589e-02	1.7194408e-01	-6.1025172e-01	-3.0507657e-01	1.9498737e-01	1.3571090e-01	5.9468817e-02	2.5105566e-01	5.6800306e-02	-4.1240070e-02	6.8879858e-02	1.2503440e-02	-1.0730791e-02	-2.9856348e-01	1.6390672e-02	2.2205184e-01	-1.6720100e-01	3.3693647e-01	2.4132113e-01	-2.1284112e-01	7.2839580e-02	3.8974807e-02	2.9981753e-01	-2.3602484e-01	-2.4637744e-02	3.9331578e-02	-8.7221183e-02	1.3126546e-01	1.6535170e-01	-3.2971957e-01	1.1205831e-01	1.7278491e-01	-3.7102315e-01	-1.0188003e-01	-2.6908216e-01	1.2506637e-01	-1.4580590e-01	-1.1638935e-01	-4.9363077e-02	-3.9490709e-01	-2.6669121e-01	4.1462281e-01	1.3610487e-01	-1.8084548e-01	-2.1601902e-01	-1.8303928e-01	2.6375318e-01	1.8382011e-02	5.3914458e-01	-1.0696111e-01	9.5000327e-02	2.8719434e-01	3.1031374e-02	5.1748795e-03	2.9481092e-01	3.0061620e-01	-2.9369959e-01	-2.4944806e-01	-1.4768510e-01	3.3152509e-01	2.5903432e-02	-2.4625325e-01	-2.5255999e-01	-4.0850561e-02	-2.9921347e-01	3.4197861e-01	-1.0862894e-01	2.5787494e-01	2.6306298e-01	2.3487337e-01	-1.3805024e-01	-5.1485009e-02	-2.3828751e-01	-7.0677900e-01	-6.0670537e-01	-1.6496961e-01	3.5508737e-01	-2.8425145e-01	2.5280483e-02	1.5015933e-01	4.0387267e-01	1.4505658e-01	2.0672916e-01	-2.3209548e-01	-1.8308438e-02	5.0484885e-02	-1.5166280e-01	-8.3807476e-02	-1.0534553e-02	2.3099548e-01	-4.8621897e-02	9.5097266e-02	-1.5309866e-01	-1.4786130e-01	-2.0619467e-01	2.7135825e-01	-1.0691464e-01	-2.4300113e-01	-5.7594493e-02	-2.2056516e-01	5.6455985e-02	8.5563131e-02	-3.6054924e-03	-2.4510548e-01	-4.9331930e-02	2.6925740e-01	1.7827351e-01	1.3370109e-01	-1.5874456e-01	-4.8251379e-01	-5.8232903e-01	9.4730638e-02	1.1705704e-01	3.1762508e-01	1.6567269e-01	-2.1784851e-01	2.2577880e-01	1.1422653e-01	2.0313743e-01	-2.8974229e-01	-8.5005552e-02	6.9128256e-03	-8.7712213e-02	1.7083513e-02	-3.1547081e-01	2.0729443e-01	2.9709116e-01	1.3235846e-01	3.4372595e-01	-2.8686053e-01	1.6245756e-01	-1.4888233e-01	-2.8998792e-01	-2.3667039e-01	-3.0454762e-02	2.1102580e-01	3.4156489e-01	-4.0198722e-01	-1.1889663e-01	-3.7501503e-02	2.4562433e-01	-1.4479886e-01	-6.3729368e-02	-1.1196698e-01	-3.2416049e-01	-1.6860662e-01	-4.9313650e-01	-2.7058995e-01	2.1038139e-01	-2.0421224e-02	1.4504108e-01	1.9233467e-01	1.3200796e-01	-2.3055817e-01	-2.8768148e-02	-5.4830395e-02	3.9327180e-01	-2.4557349e-01	-2.1041507e-01	-3.1042644e-01	1.1114575e-01	-1.3374428e-01	1.2689115e-02	2.2892973e-01	3.4456715e-01	1.7075436e-01	3.3179066e-01	3.7162777e-02	1.3968270e-02	-2.4776591e-02	-1.6495621e-01	2.0174126e-01	-3.8338375e-01	5.0506943e-01	4.7508124e-02	6.6706277e-02	-3.9269984e-02	1.3377784e-01	1.7791694e-01	2.3461838e-01	2.0220867e-01	2.3865312e-01	9.1053076e-02	-1.1347797e-02	3.3285499e-01	-2.7146885e-01	1.5045747e-02	2.7302757e-01	-1.9864604e-01	-2.6558501e-01	2.3216214e-02	-1.1591825e-01	2.8166640e-01	2.2460821e-01	3.8277504e-01	-1.1267010e-01	-2.5839415e-01	1.3124879e-02	5.4241729e-01	7.6464432e-01	1.3189718e+00	5.5327934e-01	2.4250969e-01	-1.0430314e-01	1.6082071e-01	-4.3183468e-02	-1.3400950e-01	8.0206916e-02	-2.6161447e-02	-2.4622560e-01	1.2359373e-01	1.6675438e-01	2.5184098e-01	-1.0342737e-02	-5.1038228e-02	2.4051188e-01	9.4093069e-02	-1.3955605e-01	-8.1190458e-03	-3.5917568e-01	-2.3102911e-01	-1.0581511e-01	9.6923605e-02	-2.2239788e-01	-3.1723168e-03	3.3631852e-01	3.6690181e-01	1.5651638e-02	-2.2840573e-01	1.3504064e-01	5.1041164e-02	-2.4623342e-01	-6.0253464e-02	-2.3267813e-01	-4.8118107e-02	5.7869744e-01	7.5489551e-01	5.1044363e-01	1.6206101e-01	3.4691773e-02	1.5337130e-01	1.8982849e-01	-2.2494253e-02	-1.7197029e-01	2.3112115e-01	-1.0105997e-01	-9.4216950e-02	2.1094742e-01	-1.1329433e-01	-2.8335456e-02	2.2446655e-01	-5.1610213e-02	-3.0591273e-01	-1.3993169e-01	-4.5895162e-01	-2.3531526e-01	1.1996952e-01	-2.8232306e-01	2.8832978e-01	-1.0931411e-01	-9.9212959e-02	-1.9718269e-01	-1.6621651e-01	-2.6260710e-01	2.7498975e-01	-5.4199543e-02	1.0111801e-01	-2.4393281e-01	1.6167489e-01	1.1133313e-01	3.2166862e-01	3.1790391e-01	2.0372307e-01	-7.3594712e-02	2.5931713e-01	2.7516216e-01	2.3135066e-01	-3.0188709e-01	-1.6222140e-01	1.3456255e-01	1.4606607e-01	3.1701867e-02	2.6590544e-01	2.8363881e-01	-3.2891683e-02	7.0969023e-02	1.7312433e-01	2.7847594e-01	1.8571652e-01	5.3050953e-01	4.3840075e-01	1.8039834e-01	-2.2431181e-01	2.0127435e-01	-1.4850354e-02	-1.6038822e-01	2.0992891e-01	-1.2320335e-01	-2.7373084e-01	3.4120393e-01	-3.1046233e-01	2.7425361e-01	2.7111441e-01	-1.7947203e-01	3.2077178e-02	2.8646913e-01	2.1234338e-01	-2.3990627e-01	-1.9619712e-01	2.5634018e-01	1.9331916e-01	-3.3977985e-01	-2.1609508e-01	1.4835304e-01	9.8969191e-03	6.8921328e-02	1.7795639e-01	2.9701656e-01	-2.6950869e-01	3.0670604e-01	-1.4055696e-01	-2.1631150e-02	-3.0076376e-01	2.7776977e-01	3.0361566e-01	-2.6498175e-01	-3.9336741e-01	4.1426200e-02	3.9810595e-01	1.8107401e-01	-2.2029805e-01	-3.8532610e-03	1.8709889e-01	3.3642480e-03	-1.9937538e-01	2.0138673e-01	-2.1784695e-02	3.6593312e-01	2.1074693e-01	-1.5903479e-01	9.5300838e-02	8.8009872e-03	4.8125863e-01	7.5057608e-01	2.5581166e-01	1.0893868e-01	1.7364560e-01	-1.3536255e-01	2.4422470e-03	9.7455621e-02	2.6830885e-01	2.7651098e-01	-8.8970497e-02	-1.4265823e-01	2.3154275e-01	-6.5265119e-02	-2.2537436e-01	2.1786215e-02	7.9280585e-02	-1.9545434e-01	-7.3745579e-02	2.4147366e-01	-2.1331793e-01	3.6421677e-01	1.6786793e-01	-8.4269449e-02	1.2960126e-01	-1.7768417e-01	5.1330370e-01	2.7976345e-02	6.7255609e-02	1.2033231e-01	1.6844931e-01	-3.4422898e-01	-3.0291447e-01	3.0600169e-01	-2.3986658e-01	-2.1314266e-01	7.0588075e-02	-5.1322591e-01	-8.9657664e-01	-2.7574015e-01	2.5917146e-01	-2.5696856e-01	2.1202554e-01	-4.4075485e-02	2.3257364e-01	6.9389552e-02	-2.3848248e-01	6.3389629e-02	1.6504850e-02	6.0454875e-02	-8.3784074e-02	-1.7100936e-01	6.1182648e-02	3.2940072e-01	-2.3123358e-01	2.9759252e-01	7.1869642e-03	8.3069570e-02	1.0057767e-01	-2.7515456e-01	3.3609763e-01	-2.2690485e-01	-3.2858068e-01	6.9318831e-02	-1.2852585e-01	2.5301200e-01	1.1397495e-01	2.5148854e-01	-2.5587258e-01	3.2745036e-01	-3.9812885e-02	-3.1745803e-01	4.3514535e-01	5.9925854e-01	9.5986825e-01	6.2095600e-01	3.4158525e-01	-1.8501568e-01	-6.6443332e-02	9.1713987e-02	-3.4327948e-01	8.1969365e-02	-2.1463507e-01	-3.6254469e-03	2.0491497e-01	-1.0946485e-01	-1.0099746e-03	1.0506368e-01	-7.1021453e-02	3.1397289e-01	5.0381061e-02	-7.5771230e-01	-3.3641681e-01	-2.4490224e-01	-4.2065829e-03	-7.7478901e-02	1.7197359e-01	-1.3037953e-01	2.8152975e-01	-7.7737379e-04	5.4565895e-02	-4.7524646e-03	3.7385955e-01	4.2570603e-01	3.5258956e-02	1.0644904e-01	1.9689474e-01
8.8438101e-02	-2.7987939e-01	-1.2518558e-01	2.2914833e-01	-3.7110969e-02	1.0748554e-01	1.1859629e-01	2.3638745e-01	2.1511069e-01	1.1527861e-01	1.6193917e-01	1.4781314e-01	-1.1509584e-01	-7.3995881e-02	1.3065374e-01	-2.3277384e-01	1.8659119e-01	-1.4866680e-02	-5.1409826e-02	9.3856961e-02	7.3167388e-03	-1.4526880e-01	1.8552968e-01	-8.6762443e-02	8.0943346e-02	-2.6190552e-01	-1.2640457e-01	2.1029307e-01	-3.1037682e-01	-2.6069397e-01	1.3489233e-01	4.9455397e-02	-1.3035266e-01	1.7412813e-01	2.7775437e-01	-1.7058977e-01	2.2109409e-01	2.7054098e-01	-6.0322132e-02	-2.6150554e-01	1.5055034e-01	4.0313348e-02	1.0236980e-03	-3.1876989e-02	-2.5311738e-01	-3.0346146e-01	-5.2646320e-02	-5.7094008e-02	2.3761344e-01	5.1941436e-02	-1.7477603e-01	-2.0982434e-01	1.0555541e-02	9.5780663e-02	1.0474543e-01	1.7531870e-02	-1.3268659e-01	-1.8122557e-01	1.3520383e-02	-1.8600520e-01	-3.9758313e-02	-1.5672541e-01	-9.3706094e-02	2.8547475e-01	7.4115582e-02	-1.1426618e-01	3.5043862e-01	2.7646663e-02	1.5716377e-01	-9.1722436e-02	-2.1741325e-01	-7.5941034e-02	-2.5886622e-01	3.3329036e-02	7.1458712e-02	2.1189824e-01	-8.4807500e-02	-1.5744768e-01	7.1811251e-02	7.8923121e-02	-1.6994374e-01	-3.2978433e-01	-3.8192365e-01	9.6776336e-02	1.4701748e-01	-1.4926901e-01	1.1986196e-01	-2.6650569e-01	2.1533564e-02	1.3678148e-02	3.1126356e-01	8.2346976e-02	2.4747220e-01	2.3541728e-01	-8.7130621e-02	-2.6726801e-02	-1.2335321e-01	-4.1003745e-02	1.2023154e-01	5.6409288e-02	1.2004776e-01	-3.0341366e-02	1.0390751e-01	1.2163760e-01	-2.3136924e-01	1.3676749e-01	-1.5470444e-01	-2.1126440e-01	-2.3839407e-01	-1.6208057e-01	9.7417749e-02	-7.1538657e-02	-2.0540860e-01	-7.9604521e-02	-2.3826484e-01	-2.7430421e-01	-1.7783743e-01	-5.7440262e-02	2.0196237e-01	6.1931763e-02	-1.2248717e-02	1.9426444e-01	-1.3176604e-01	-1.5291482e-01	1.2234958e-01	-2.2756340e-01	-1.5601976e-01	-1.1196149e-01	1.6302061e-01	-1.3786796e-01	3.7178455e-03	3.0426738e-01	-7.9749674e-02	7.9281099e-02	-1.9809514e-01	-2.0899533e-01	1.4518698e-01	-1.8835565e-01	-2.5908628e-01	-1.6511227e-01	1.9153012e-02	4.0888071e-02	-4.9518857e-02	-1.4995858e-01	-8.8918068e-02	1.5760601e-01	-6.5029211e-02	1.6633818e-01	2.6397109e-01	-1.6654639e-01	-1.9211321e-01	1.6236752e-01	-2.1086980e-01	-5.6308635e-02	-1.8913798e-01	1.8496840e-01	-1.4790113e-01	9.1119587e-02	-3.6705509e-01	3.2905170e-01	-1.8017066e-01	-2.0788611e-01	-7.8066014e-02	1.6310483e-01	-1.4188695e-01	-2.1314105e-01	-1.9419668e-02	1.2186544e-01	-1.1218911e-02	8.9810346e-04	-9.0542562e-02	3.5648521e-02	-1.2673317e-01	5.1053967e-02	-1.2773845e-01	1.4859281e-01	-2.9106098e-01	4.5855749e-02	-7.8306692e-03	-1.5641539e-01	-6.4408228e-02	-7.7989399e-02	-1.5773098e-01	-6.8484189e-04	-3.7256680e-02	-5.2872192e-02	3.2392836e-01	-2.4926496e-01	-5.2086189e-02	-2.8941649e-01	-4.2256996e-01	1.8893737e-01	1.8752775e-01	-3.2472619e-01	-1.0894340e-01	-1.2832820e-01	1.8101084e-01	-1.2284931e-01	-1.2954709e-01	2.7266005e-01	-1.0462563e-01	1.9705945e-01	1.5749483e-01	-2.2225556e-01	-8.0924019e-02	-3.1911576e-01	-2.0404743e-01	-2.6527414e-01	-2.7414736e-01	3.0992782e-01	4.3612346e-03	4.2910047e-02	3.8780492e-02	6.3862398e-02	2.9137842e-02	4.0144030e-02	-3.8151160e-02	9.6388988e-02	-1.9434029e-01	5.8547901e-03	1.3684821e-01	-8.5375510e-02	2.9786730e-01	-1.3557395e-01	7.9376660e-02	1.0592357e-01	1.9975916e-02	-2.9586729e-01	8.1259541e-02	-2.3801301e-01	-1.4059071e-01	-3.3157638e-01	-6.6072002e-02	1.6628285e-01	-8.8984609e-02	-2.1135190e-01	2.6686895e-01	-1.1414435e-01	-2.2150926e-01	2.6011819e-01	8.7346926e-02	-2.5539758e-02	8.8234745e-02	-1.3928455e-01	-2.7253768e-01	2.1243624e-01	1.2940314e-01	-2.0747775e-02	-2.4976160e-03	1.9551198e-01	9.2933416e-02	-2.6786456e-02	1.6598176e-02	-3.0506091e-02	-1.8068050e-01	1.5450427e-01	-1.8702681e-01	-1.0010131e-01	1.1789639e-01	-2.0857154e-01	-2.7869606e-01	2.0924990e-01	3.6503014e-01	8.4016658e-02	1.3032812e-01	2.1506763e-01	-1.3719273e-02	2.3292683e-01	-2.9965603e-01	-9.1455091e-04	-3.1023297e-01	-2.3556641e-01	1.2433460e-01	1.3343653e-01	3.8130477e-01	-1.0167194e-01	2.0852819e-01	-1.4054680e-01	-1.4230095e-01	-3.8206736e-03	-5.1428717e-02	-2.6326489e-01	-1.2493242e-01	-2.9202875e-01	-1.1665356e-01	1.4419329e-01	-8.9182276e-03	-2.0925134e-01	-1.0267123e-01	7.8415483e-02	-6.2379986e-02	-6.9106534e-02	-8.5638724e-02	6.7464574e-03	1.2393934e-01	8.9638837e-02	9.8765224e-02	1.5905499e-01	-2.5196901e-01	-1.4087650e-01	-1.9443044e-02	1.0673948e-01	-6.7491114e-02	3.9110757e-02	1.1749115e-03	-3.2480115e-01	1.1678407e-01	-2.7415651e-01	4.1272707e-02	-2.7899534e-01	-1.8910265e-01	2.0861838e-02	-1.6693249e-01	2.5522029e-01	8.3710076e-03	-3.0923221e-01	-1.0669034e-01	2.0689823e-01	6.5059781e-02	-1.0883702e-01	2.4203542e-01	-2.2489123e-01	2.1650207e-01	9.3317054e-02	-1.1002895e-01	2.1397984e-01	3.0805162e-01	1.0871362e-01	-8.7796502e-02	-2.3071401e-01	-1.1674163e-01	-8.5460097e-02	2.0018098e-01	-2.3768781e-01	-4.9961817e-02	-2.8921774e-01	6.9909103e-02	-1.9858778e-01	2.0452249e-01	6.4541087e-02	2.3498994e-01	-2.6113147e-01	8.7326840e-02	5.6947760e-02	1.9044633e-01	2.6219958e-01	2.0975052e-01	-9.3667647e-03	9.8159015e-02	2.4749373e-01	-4.5031108e-02	-2.0829058e-01	1.0988552e-01	-6.8234950e-02	1.2555103e-01	1.3193394e-01	-1.7324232e-02	-1.3930103e-01	-1.2887734e-01	1.4753880e-01	-7.2355621e-02	9.1091119e-02	4.5698892e-02	-2.4705206e-01	1.4949517e-01	-4.1259386e-02	-2.5445018e-03	-1.2339662e-01	-2.5039423e-01	5.3024516e-02	-1.4603522e-01	-2.7229644e-02	-1.3681343e-01	1.3693523e-01	-3.0073240e-01	6.7225449e-02	-8.4220029e-02	-2.7505061e-01	2.5099275e-01	-2.2005989e-01	1.0743750e-01	7.9289137e-04	4.7669511e-02	-2.1274519e-01	-2.5374606e-01	-2.5420971e-02	-2.0611557e-01	1.2478691e-01	1.4111009e-01	3.2810152e-01	-1.0872842e-01	-2.8761747e-01	4.4583917e-02	-2.9116167e-02	-2.3348145e-01	1.6610968e-01	-9.1921739e-02	-4.3286279e-02	-1.3640236e-02	5.3699028e-02	1.1164553e-02	3.2036191e-01	9.3009911e-02	-9.0326980e-02	-2.5933576e-01	-1.3703808e-01	-8.2826890e-02	2.7162078e-01	-7.4901767e-02	2.0452801e-02	4.9654476e-02	-1.3925229e-01	-7.3153051e-03	-3.9360738e-01	-1.7939140e-01	1.5465133e-01	2.6183397e-01	2.0008583e-01	8.8412508e-02	-1.0875089e-01	1.0815621e-01	2.1783303e-01	-1.5211023e-01	2.1103188e-01	3.7332028e-02	-1.0214168e-01	2.7538592e-01	2.3282586e-01	-1.0801157e-01	-1.6352269e-01	-2.2202846e-01	1.2230942e-01	-2.1655923e-01	2.1504468e-01	-3.5112372e-01	-1.2788327e-01	-6.8593346e-02	-9.0854108e-02	2.7500195e-02	-1.0753411e-01	8.0551736e-02	3.5047242e-01	1.6574635e-01	4.6071717e-01	1.5826628e-01	-2.3999332e-01	1.2792151e-01	7.9975091e-02	1.6822386e-01	2.6717693e-01	5.7504471e-02	1.0337477e-01	-1.4035606e-01	-3.6622074e-02	5.1349320e-02	-3.2141589e-02	1.9782296e-01	-1.0166485e-01	-1.0406444e-01	-1.4823672e-01	1.3886330e-01	2.6067942e-01	2.5473374e-01	-2.6523575e-01	-1.3142246e-01	-5.2941386e-02	1.4568968e-01	-1.1362386e-01	-2.0344815e-01	1.3801510e-02	1.5913820e-01	-3.0073169e-01	3.4566395e-02	-4.5136318e-02	-1.6846308e-01	2.5622460e-01	-2.9384631e-01	6.8597384e-02	8.0391154e-02	-2.3223546e-01	1.0300361e-01	-2.5000226e-01	-1.3683112e-02	-7.0579097e-02	-1.6328922e-02	-4.2341176e-02	3.8902193e-01	2.2274885e-01	1.4626319e-03	2.1324039e-01	-7.1969219e-02	-1.3736094e-02	2.1988288e-01	-3.0449288e-02	-2.0027298e-01	2.1602452e-01	1.8740545e-01	8.1440151e-02	3.6093190e-02	7.7844486e-02	-1.7740744e-01	9.2205919e-02	-2.0173551e-01	-5.9596084e-02	5.2865695e-02	1.5018930e-01	1.9126534e-01	-4.1018334e-01	-1.1829738e-01	2.3280045e-02	1.2064765e-01	-3.4267899e-02	-2.6503482e-01	-2.3203549e-01	-1.9321877e-01	2.6318648e-01	1.3162805e-01	-1.2521058e-01	-2.0386501e-01	-1.6236696e-01	-1.3856788e-01	9.2805460e-02	-3.1488723e-01	-5.4639518e-02	2.6037267e-01	-4.9547963e-02	7.2867118e-02	-2.0365264e-01	-1.0071564e-01	1.9883040e-01	-1.7024945e-01	-8.6475769e-03	2.8479683e-01	6.2408261e-02	-2.7634385e-01	-9.6086547e-02	-1.7757039e-01	2.3746820e-01	1.1468352e-01	9.7798362e-02	1.4529623e-01	-1.5869530e-01	-1.6437832e-01	5.4837480e-02	8.6695731e-02	2.3336186e-01	-2.4573992e-01	1.7916937e-01	-2.3311517e-01	-1.7860630e-01	2.9690713e-01	-1.2373474e-01	2.4501421e-01	1.4573880e-02	-4.3732036e-02	-3.9325133e-01	2.6651490e-01	-3.5794982e-01	-1.7484784e-02	9.5634401e-02	2.1347168e-01	-8.4893189e-02	1.3441023e-01	-9.8706394e-02	-7.4311532e-03	2.3074183e-01	1.7506756e-01	1.0186300e-01	1.6586863e-01	-1.2469207e-01	1.3554429e-01	-7.2656848e-02	3.8563211e-02	7.1828790e-02	-8.6197644e-02	1.2150995e-01	1.0665254e-01	-2.1679860e-01	-3.3861348e-01	-9.6844085e-02	4.7055569e-01	-6.9603674e-02	3.4629241e-01	-1.2553771e-01	-4.9759880e-02	5.8229612e-03	3.9592113e-02	-7.9006903e-02	-3.0449194e-01	-5.9052795e-02	-1.5414545e-03	2.2762612e-02	-3.2109872e-02	1.1887966e-01	3.8348895e-01	-2.8624699e-01	3.5639632e-02	-7.8831330e-02	-3.4838135e-04	-1.8024687e-02	-1.9622256e-01	-1.3545622e-01	2.1375602e-01	2.3724900e-01	-2.8704622e-01	1.4504030e-01	1.9604497e-01	-3.2851228e-01	8.7033182e-02	-5.7775594e-02	1.7933197e-01	-7.0269540e-02	-5.9861816e-02	4.1092239e-02	2.7666545e-01	-1.4019897e-02	-2.0688029e-01	1.9973695e-01	6.9603927e-02	1.2999560e-01	1.6483913e-01	2.5157776e-01	-2.4140736e-01	3.2040286e-01	2.0669501e-01	-2.0574571e-01	-3.9555448e-01	1.4892492e-01	1.7137390e-02	7.2638452e-02	-3.2992240e-02	5.6895323e-02	-1.4369935e-01	-6.5131925e-02	2.8669482e-02	1.6295816e-01	2.1258833e-02	1.0341822e-01	-3.4475136e-01	-5.9284762e-02	1.5719247e-01	-1.6021219e-01	8.9705050e-02	1.2273504e-01	-1.4506985e-01	-2.8972426e-01	3.1627066e-02	-3.3476496e-01	1.9294822e-01	-1.6300221e-01	2.2991854e-01	-1.7055789e-02	2.6260093e-01	1.2353566e-01	-2.6387349e-01	-1.3030754e-01	2.5737295e-01	-2.1475537e-02	2.8421748e-01	-2.2099498e-01	2.4108151e-01	1.7659321e-01	2.0376216e-01	9.1847874e-02	-2.8267327e-01	-2.9253957e-01	5.0178557e-03	3.4693286e-01	-3.8512200e-01	1.3181804e-01	3.8902998e-02	7.6880613e-03	-4.6911467e-02	2.4206109e-02	-8.3544016e-02	2.7364194e-01	1.3160446e-01	-7.0656627e-02	7.1347523e-03	-3.0210733e-01	-4.8895203e-02	-1.6680963e-01	1.6064423e-01	-2.5876161e-01	-2.1040662e-01	1.0394023e-01	-2.7141246e-01	2.0246814e-01	-4.4454414e-02	-1.0277445e-01	8.8228852e-02	2.5933874e-01	-1.0360909e-01	-1.1109930e-01	-5.2928504e-02	-1.5168455e-01	-1.6516356e-01	8.6238362e-02	-2.7293032e-01	-1.3674471e-01	-1.5755928e-01	-8.7849602e-02	-3.0307150e-01	1.1951458e-01	7.3037734e-03	1.6004717e-01	2.3254051e-03	-2.6613918e-01	1.1606823e-02	2.2304635e-01	2.8448910e-01	-1.5753074e-01	-9.5395427e-03	-2.4411893e-01	3.5116780e-01	-2.3115243e-01	2.4386783e-01	-1.9593765e-01	1.5506932e-01	1.7987329e-01	-2.0821381e-01	-3.0649832e-01	4.1348845e-01	-1.6498929e-01	2.8845912e-01	-1.7267051e-01	5.4261677e-02	3.1089681e-01	5.4432217e-02	-1.6267297e-01	-1.0454567e-01	8.2913525e-02	-2.3584989e-01	-3.2959250e-01	3.6049348e-01	-7.9891868e-02	-2.7731735e-01	-1.6154270e-01	7.5738624e-02	5.0994214e-02	3.5063250e-03	2.4117461e-01	2.1551763e-01	-7.6724038e-02	1.5436679e-01	-8.3993673e-02	-3.0375215e-01	-3.0350989e-01	6.6318974e-02	3.0030414e-01	1.5068461e-01	-1.9195442e-01	1.9635604e-01	1.2644778e-01	-1.5886039e-01	-1.2042338e-01	-1.0329144e-01	-1.0097501e-01	1.1992519e-01	-3.2744327e-01	2.1149948e-01	1.9615976e-02	-2.4098434e-01	-2.3115085e-01	-1.5070917e-01	-3.7707742e-02	2.1776560e-01	-1.9290760e-01	-1.8373212e-01	8.9910798e-02	3.4088784e-01	1.4024031e-02	-2.6395433e-02	3.5225272e-03	-2.7993467e-01	2.7650591e-02	1.2774601e-03	1.2608141e-01	-3.5962749e-03	3.7504172e-01	7.6620065e-02	-3.1213544e-02	1.9557002e-01	7.9937577e-02	-1.8200575e-01	-1.6134022e-02	-1.4325479e-01	-1.1043476e-01	-1.9935295e-01	2.8182161e-01	-7.7314392e-02	-1.1873286e-02	2.0333232e-01	7.9251446e-02	-9.9063434e-02	3.1788135e-01	4.2924869e-01	9.8592609e-02	-2.4013063e-01	2.0474452e-01	3.1403270e-01	-2.2531269e-01	-1.4301506e-01	1.7219886e-01	-1.1849166e-01	-2.4738915e-01	3.6700359e-01	-1.1677174e-01	-1.2414627e-01	-1.7276490e-01	-2.4407403e-01	-8.2003765e-02	2.6345751e-01	2.8639206e-01	1.4428081e-01	-1.4962420e-01	4.9299911e-02	4.6722367e-02	-3.5869814e-02	-2.4544883e-01	2.4315147e-01	7.1496852e-02	-6.9037997e-03	3.8161287e-01	-1.9716127e-01	1.0285498e-01	1.7066194e-01	3.7554726e-01	-4.6421567e-01	-1.1016013e-01	9.3657263e-02	3.1355273e-02	-1.5167050e-01	5.4735087e-02	-7.5691439e-02	-2.3406184e-01	-9.1699138e-02	-2.0724265e-01	2.3574905e-01	1.4238900e-01	3.0340990e-01	-4.1509774e-01	4.4670444e-02	-2.6558363e-01	-2.5099763e-01	6.4885296e-02	1.1692034e-01	-2.0327312e-01	2.9597118e-01	4.3873480e-03	1.6327427e-01	2.3216428e-01	3.4144923e-01	2.4219967e-02	3.2838017e-02	1.4739645e-01	-1.0992917e-01	7.9469256e-02	1.3537455e-01	-3.1189087e-01	-2.8440002e-01	-3.6691281e-03	2.6789087e-01	-3.4650120e-01	1.8528967e-01	1.5091389e-01	2.6823759e-01	1.2784199e-01	-6.1314091e-02	-1.5526365e-01	2.1754543e-01	-8.9863241e-02	1.3838086e-01	-1.1629792e-01	1.8778157e-01	-2.8615743e-01	7.8575499e-02	7.0014380e-02	1.5794703e-01	-5.3966716e-03	-2.2387287e-01	1.3759345e-01	6.1662227e-02	2.3106056e-01	-1.5305408e-02	3.6526803e-02	-2.2833018e-01	-1.8238761e-01	-1.4753763e-01	-2.8398979e-01	-2.1334764e-01	-2.1241002e-01	-5.4371022e-02	-2.6862097e-01	-5.3407880e-03	1.4152566e-01	1.2472434e-01	2.2448914e-01	1.3870372e-01	4.8667446e-02	-2.4455306e-01	-7.2572894e-02	-3.1408897e-01	7.2637960e-02	-1.9715950e-02	4.2202100e-03	5.0572798e-02	8.2787070e-03	1.5433525e-01	3.1358436e-01	-1.6160358e-01	-2.0199824e-02	1.9465944e-01	-1.6182549e-01	-6.5980077e-02	9.6903279e-02	1.3671207e-01	-8.1314862e-02	2.0871842e-01	4.1209295e-02	-4.3831733e-03	3.8640794e-01	-2.6885453e-01	-4.0427431e-02	6.9808580e-02	-3.0067161e-01	4.8408501e-02	-8.4645517e-02	4.4583488e-02	1.4447713e-01	-2.5346109e-01	-1.6596220e-01	3.1075910e-01	-2.7118540e-01	7.7600285e-02	-4.0635887e-01	1.4256844e-01	-2.6018131e-01	7.6043135e-03	2.0403907e-01	1.6465598e-01	2.1364373e-01	9.6570432e-02	6.4061701e-02	8.2630916e-03	-7.1785107e-02	1.5217660e-01	-3.1803104e-01	1.3313101e-01	6.1867606e-02	1.4763772e-01	1.4941187e-01	3.6559649e-02	-1.0380740e-01	1.2421849e-01	2.3390399e-01	-3.7909144e-01	-4.1488940e-03	-1.7881021e-01	-5.4432578e-02	1.2374154e-01	-1.2360391e-01	-1.8832624e-01	8.0637202e-02	-3.2650907e-02	1.4008065e-01	4.8058134e-02	-2.0937617e-01	2.7656570e-01	-2.9705171e-02	-2.7265760e-01	-1.3369538e-01	5.8091145e-02	-2.3562931e-01	1.3017413e-01	-1.6445988e-01	2.1352500e-01	-2.2003461e-02	-2.5874281e-01	9.6287571e-02	-1.8685865e-01	-1.8936959e-01	2.8861690e-01	-8.5348651e-02	-3.2238761e-01	2.1608050e-01	-1.6214262e-01	1.5816189e-02	-1.3594288e-01	-2.6700354e-01	2.1712683e-01	-3.0605313e-01	6.0282134e-02	-4.2177349e-02	-1.2592702e-01	2.4498485e-01	7.8813516e-02	-2.5344008e-01	1.1290178e-01	1.7781937e-01	1.3311706e-01	1.3802193e-01	-1.3096970e-01	-2.2041287e-01	8.0496389e-03	2.0035433e-02	-1.9479944e-01	-1.4777298e-01	8.9805380e-02	1.0325509e-01	-1.3594963e-01	6.3714562e-03	-2.1964267e-01	2.6263762e-01	1.9007170e-01	-2.4842805e-01	-2.3456565e-01	2.4119422e-03	-2.4268499e-01	-9.9456832e-02	9.3455710e-02	-2.9717538e-01	-1.2906240e-01	-1.5892628e-01
-2.6347074e-01	2.6142970e-01	1.7316596e-01	-2.1147458e-01	2.3652332e-01	-2.4855898e-01	4.7335688e-02	1.9171093e-01	1.7230996e-01	8.1314176e-02	-1.2652668e-01	-2.3347948e-01	-1.9476515e-01	7.8809649e-02	-8.8525072e-02	-1.9847696e-01	-2.6661213e-02	-1.2594998e-01	-1.9668816e-01	1.5303110e-01	-1.9252405e-01	4.1268017e-02	1.5697303e-01	8.4424086e-02	-3.3416688e-01	1.3471857e-01	-2.7365026e-01	1.6476487e-01	2.9007596e-01	1.4602777e-01	2.0170690e-01	-2.8273928e-01	2.1364897e-01	6.0155101e-02	-3.9904526e-01	-2.2142334e-01	2.8522763e-01	-8.5064568e-02	-2.7846748e-02	-1.2872055e-02	-8.2326465e-04	2.1667224e-03	-8.0928735e-02	-1.7299376e-01	-2.4032202e-01	-1.1127266e-01	-2.4341145e-01	-9.9838786e-02	4.0006876e-02	2.8682223e-01	3.5853457e-01	-5.7489064e-02	2.8810757e-01	1.9392926e-01	-7.5543277e-02	-8.2716964e-02	-2.5255850e-01	-1.2005166e-02	-5.4826163e-02	2.8308401e-01	8.1578001e-02	1.4871489e-01	2.2387126e-01	2.3168549e-01	-3.3970769e-02	-1.4022894e-01	-3.5670343e-01	9.7235413e-03	-1.4801250e-01	-2.3186041e-01	5.9601024e-02	-1.8770501e-01	-4.2934310e-02	-1.9865166e-01	-1.7044275e-01	-1.4804134e-01	-1.3570151e-01	2.1382612e-01	1.5933059e-01	-2.9881164e-01	2.1481882e-01	2.1407807e-02	1.6739237e-01	1.0518721e-01	7.0999131e-02	-2.3377386e-01	7.3001660e-02	-1.8007676e-01	-1.2032375e-01	1.9572226e-02	-1.6037671e-02	1.1377764e-01	-8.8972539e-02	-1.9358690e-01	2.0893203e-02	-2.9163566e-01	2.8550845e-01	4.6163276e-02	2.0584695e-01	-9.4665423e-02	-5.2981053e-02	2.3257832e-01	1.9104064e-01	3.1646863e-02	-3.3756265e-01	2.0097694e-01	2.0558916e-01	2.2179064e-01	4.1980393e-02	-3.1792913e-02	1.6597293e-01	-2.1953155e-01	3.3422765e-01	-8.9799695e-02	-1.2967826e-01	-9.4830945e-02	1.2566659e-01	-1.1284802e-01	-5.6095846e-02	-2.4631715e-01	-1.6668701e-01	1.6159131e-01	-1.9695769e-01	-1.0947596e-01	-2.9411653e-01	-5.4169923e-02	-1.5328431e-01	-8.9426134e-03	-2.7037719e-01	5.0440468e-02	-1.1102827e-01	2.5897074e-01	2.4862535e-01	-2.1458061e-01	2.6697409e-01	1.5430370e-01	-6.4545259e-02	1.8392178e-01	-2.2837761e-01	-1.4151554e-01	1.4529054e-01	-2.6828641e-01	-8.1583001e-02	-2.9614676e-02	-1.1681037e-01	5.5759229e-02	-1.0068791e-01	-1.0691999e-01	-1.3262525e-01	-3.1005493e-01	1.1672954e-01	1.0704679e-01	1.8148047e-01	-7.0145056e-02	-2.5542754e-01	-5.5307370e-02	6.2856637e-02	-2.4047713e-01	1.2843138e-01	-1.4075290e-01	6.4462110e-02	1.8050393e-01	7.2849222e-02	2.7596599e-01	6.0423106e-02	2.9889986e-01	-7.5205460e-02	6.0064193e-02	-2.1699816e-01	2.4094227e-01	-9.2775948e-02	-3.3050999e-02	7.9086967e-02	3.6404079e-01	5.1848609e-02	1.5914196e-01	7.1064658e-02	6.8475030e-02	8.7456279e-02	-9.4006069e-02	-1.5343413e-01	-2.1835206e-01	-1.2889516e-01	-1.1076125e-01	-1.9378784e-01	1.0203651e-01	1.5441664e-01	1.8056604e-01	6.5010995e-02	-1.1736160e-01	-2.0804018e-01	1.8298455e-01	1.7168549e-01	1.1082834e-01	1.0653078e-01	7.3287480e-02	1.1031924e-01	1.0427111e-01	-9.4925649e-02	1.3287024e-01	2.4210218e-02	-2.1331212e-01	7.4038357e-02	2.1817076e-01	-2.4540961e-01	6.8596423e-02	-2.5059345e-01	-1.3653523e-01	-7.6677836e-02	1.7236400e-01	-8.2329385e-02	1.4020360e-01	9.6248001e-02	-2.7103758e-01	-2.4989544e-01	-1.7515810e-01	-2.1346971e-01	5.3465519e-02	-2.8418216e-01	2.5005826e-01	-2.3769288e-01	7.7196188e-02	-6.6410080e-02	1.9118299e-01	2.8321832e-01	-1.9578895e-01	1.0885584e-01	-2.7197862e-01	1.1997891e-01	-9.8377712e-02	1.1533268e-01	-2.2252966e-01	5.7536613e-02	1.6120067e-01	-2.2487529e-01	-1.7575935e-01	2.2110394e-01	5.7336565e-02	2.3847167e-01	-3.8356867e-02	2.1825563e-02	2.3790742e-01	-2.4135764e-01	-7.1462013e-02	1.8051210e-01	3.8310684e-02	1.9834220e-01	-2.9867622e-01	-2.8299189e-01	1.2224741e-01	-1.1889994e-01	-2.6535100e-01	-9.5695183e-02	3.2153326e-01	-1.1979555e-02	7.4194692e-02	7.5040944e-03	-9.8333240e-02	-2.1682882e-01	1.6363519e-01	9.9087842e-02	2.2578971e-01	-2.3541743e-01	2.5897533e-01	1.5998796e-01	2.6234052e-01	6.3463107e-02	2.0920976e-01	2.8411257e-01	-1.9665511e-01	1.4270575e-01	-2.4772693e-01	1.0665454e-01	-1.3411807e-01	-1.2422367e-01	1.4328952e-01	-1.1877175e-01	-2.1180528e-01	-4.8321433e-02	1.2264823e-01	-3.1161591e-01	-6.9497913e-02	1.3749896e-01	6.6966638e-02	2.6695353e-01	1.7379215e-02	1.6563220e-01	-1.2169866e-01	2.5680956e-01	-2.3408140e-01	-2.3581989e-01	-2.6368183e-01	2.1949169e-01	2.5778675e-01	-2.3716708e-01	8.1177779e-02	3.2527018e-02	1.2725212e-01	-2.8275162e-01	2.9879415e-01	2.1936862e-01	1.8107459e-01	2.5544235e-01	8.9539155e-02	-3.5285946e-02	7.9936527e-02	2.5745380e-01	-2.7977765e-01	-2.3593849e-01	4.3150842e-02	1.7155768e-01	-1.7576824e-01	2.0796275e-01	-3.1015688e-01	-1.3392566e-01	1.4910066e-01	5.4951005e-02	5.2254900e-02	2.0328508e-01	2.2313346e-01	-2.4306007e-01	-1.9254956e-01	1.4146338e-01	-1.5181091e-01	2.7684698e-01	-1.1740833e-01	-1.5773009e-01	-4.6034306e-02	1.1635534e-01	8.9145213e-02	1.9871739e-01	7.7923544e-02	-2.9532778e-01	-1.3595897e-01	9.7215429e-02	-1.1973923e-01	1.5343614e-01	-1.5960315e-01	-2.1839264e-01	1.4462994e-01	2.8635862e-01	-2.4290100e-01	-5.4591034e-02	-2.5825462e-01	-5.5498790e-02	-5.7888810e-02	2.5686026e-02	-1.5659964e-01	2.6460867e-02	-2.5552914e-01	-1.0542177e-01	2.6881254e-01	-9.0404138e-02	-1.9448532e-01	3.5003047e-02	-1.0183762e-01	4.4515681e-02	-8.8696934e-02	-9.5675193e-02	2.4612038e-01	1.8321133e-01	9.7401075e-02	-1.0756315e-01	-1.2944631e-01	-1.7211899e-01	1.8985954e-01	-4.0946279e-02	-9.5379055e-02	4.1118074e-02	-8.6139083e-02	2.1922076e-01	-3.2355896e-01	1.0616049e-01	2.2211713e-01	-1.1002108e-01	-1.3219149e-01	-1.2151708e-01	2.6001617e-01	2.9810110e-01	1.0513936e-01	-2.6584446e-01	7.8373626e-02	-3.1330648e-01	-1.4843093e-01	3.6010254e-02	-2.7280062e-01	6.8077639e-02	1.8142048e-01	-1.4239649e-01	2.8005866e-02	-2.1760097e-01	2.2480230e-01	-2.9595214e-01	3.6307726e-02	-1.4031446e-01	2.6700902e-01	2.1364026e-01	-1.4736608e-01	-4.0161844e-02	4.4154789e-02	-4.2576488e-02	1.5680104e-01	7.6760612e-02	-2.2773753e-01	-1.0171489e-02	-2.2748977e-01	2.4835287e-01	2.4439192e-01	1.5214008e-01	1.0299845e-01	-3.4052685e-02	-4.8151743e-02	1.1576181e-01	-2.2097605e-01	2.2935852e-01	1.9341123e-01	-5.7498164e-02	1.6601360e-01	-2.5635222e-01	5.6336500e-02	-8.3514471e-03	2.6113489e-01	-6.2450498e-02	5.2331712e-02	-2.9926382e-02	5.4643050e-02	2.3852341e-01	-2.7194461e-01	-1.0857973e-01	-4.4139877e-02	1.2603161e-02	-1.7978017e-01	-1.9239271e-02	-7.9528876e-02	-1.8657668e-01	1.3990108e-02	2.0001743e-02	1.6708267e-01	-1.3409978e-01	2.4260651e-02	3.7243549e-02	1.4520594e-01	-6.9042929e-02	3.1057945e-01	2.8724682e-01	-2.6311815e-01	1.0092154e-01	-2.6032880e-01	-4.1520450e-02	-3.0580592e-01	-1.9302170e-01	-1.7450671e-01	-1.2407113e-01	1.8141854e-01	2.7560053e-02	-1.3329141e-01	2.7549183e-01	-2.1681888e-01	-2.0817035e-01	2.4091525e-02	-2.9636171e-01	-1.1624661e-01	1.8641649e-01	1.8286717e-01	-2.9616225e-01	-3.9677437e-02	1.4557198e-01	-3.1624749e-01	3.0199391e-01	8.7787725e-02	2.7354473e-01	2.5063968e-01	-2.3106384e-01	7.1962938e-02	3.4891549e-01	2.5728342e-01	-3.3757739e-02	2.0074947e-01	-5.1768404e-02	2.0420051e-01	-1.4832900e-01	-2.0520779e-01	-7.8901805e-02	1.6626771e-01	-7.5049095e-02	-2.5342962e-01	3.4560320e-01	4.3763429e-02	3.3833829e-01	5.6956176e-02	1.1793608e-01	2.5845450e-01	-1.9466689e-01	-4.0709195e-01	-8.1593148e-02	2.1853314e-01	-3.1866997e-02	1.4003049e-01	2.7038294e-01	-1.1132037e-01	2.1311480e-01	-1.9869982e-01	2.2647224e-01	-1.4084271e-01	-2.4853644e-01	-2.7901692e-02	1.9869755e-01	1.3802309e-01	-3.3664638e-01	3.5436702e-01	-5.5935752e-02	1.2528889e-01	2.7188417e-01	1.7556833e-02	-8.7017588e-02	-4.7022060e-02	-1.4534052e-01	6.9901019e-02	2.1520622e-02	-1.0130539e-02	2.2127852e-01	7.5330235e-02	1.0496135e-01	-1.7386544e-02	1.1835179e-01	-1.8560886e-01	1.1445393e-01	3.8234662e-02	2.1272820e-01	-9.1454811e-02	1.4276907e-01	-2.0151138e-01	1.3166379e-02	1.2836134e-01	3.4585050e-01	-1.2493517e-01	4.3364823e-02	2.7477127e-01	4.9103893e-02	2.0035313e-01	-1.4564997e-01	-8.5832380e-02	-1.5181682e-01	-1.7826414e-01	-1.0415635e-01	2.1895538e-01	-1.1089017e-01	-2.4371321e-01	-2.2872338e-02	-2.6305720e-01	-1.0857751e-02	1.0138007e-01	6.3795410e-02	2.7266729e-01	2.7642038e-01	-1.2254181e-01	-1.0486479e-01	1.4501540e-01	-5.5459745e-02	-1.7383468e-01	-3.0048034e-01	7.2632544e-02	-6.6173531e-02	-8.5537009e-02	-8.3631307e-02	1.1864685e-01	-1.7142414e-01	2.7844092e-01	1.1244477e-04	3.6165588e-02	2.4348927e-01	-1.1007923e-01	1.3148868e-01	-2.2248950e-02	7.1394719e-02	-2.7634227e-01	1.6980648e-01	-2.2294255e-01	-2.2331738e-01	1.5839386e-01	1.7405066e-01	-1.8745150e-01	6.8365693e-02	-2.4930438e-01	8.5898619e-03	2.2944476e-01	-2.1208464e-01	-2.1029118e-01	1.0411581e-01	-2.6959783e-01	3.6908336e-02	5.2475058e-02	-2.4032293e-01	1.3025376e-02	1.4329243e-01	1.2480156e-01	-6.0159523e-02	-2.1382427e-01	-1.1001126e-01	-1.5525371e-01	9.4280258e-02	4.3638900e-02	1.1149846e-01	-1.0571835e-01	-2.0294724e-01	1.6785870e-01	2.0832261e-01	2.6733026e-01	9.5006093e-02	-2.4629483e-01	1.1706301e-01	-1.0886934e-01	1.2883630e-01	-2.5794446e-01	-6.1265316e-02	4.1178472e-02	1.7244129e-01	2.5272298e-01	-1.3498062e-01	-1.9225463e-01	-1.7541166e-01	1.4629021e-01	-2.1810453e-01	1.4934640e-01	3.0299062e-01	8.3020218e-02	-4.8999388e-02	-2.7448684e-01	-1.9317119e-01	2.6735306e-01	-2.3223613e-01	-5.4975599e-02	-2.3640278e-01	1.2423596e-01	-2.8985867e-01	5.0739016e-02	-1.5842116e-01	2.1391059e-01	-1.6539297e-01	4.1019469e-02	-2.6611704e-01	-3.1945500e-01	-1.8132758e-01	2.8369340e-01	-1.2723517e-01	-1.5240562e-02	2.0773210e-01	1.0570989e-01	-2.3933655e-01	7.6934040e-02	1.2686135e-01	-2.6922005e-01	1.3268766e-01	-7.1376197e-02	-2.6098940e-01	2.0897339e-01	-2.8201202e-01	5.9083357e-02	-3.3145180e-01	1.4565862e-02	2.8392532e-01	-1.2782441e-01	-1.5037695e-01	-1.6770606e-01	1.2897478e-01	1.7822027e-01	5.6875139e-02	7.1890265e-02	-2.9361349e-02	8.1715271e-02	-1.0814309e-02	6.7309581e-02	-3.4931528e-03	8.1074335e-02	-2.1617630e-01	2.4007042e-01	7.0306234e-02	6.5533198e-02	5.4396208e-02	2.0384471e-01	-1.5416326e-01	-2.7376267e-01	9.8601691e-02	-2.8408867e-01	-2.8114104e-01	-8.8102758e-02	2.0760602e-01	-1.1112088e-01	9.0450704e-02	6.4841948e-02	-1.9847341e-01	1.6400771e-01	9.5027074e-02	-1.0716697e-02	-1.9899458e-01	-9.9866344e-03	-3.2933745e-01	3.5172269e-02	-1.2021851e-02	2.8732923e-01	-3.2845266e-02	-2.7783984e-01	-1.0113724e-01	2.2199107e-02	-2.9613760e-01	-2.5294060e-01	-1.7210839e-02	1.9094892e-01	-2.9649228e-01	2.3341644e-01	1.1664570e-01	-2.4082482e-01	-2.1177550e-01	1.9590028e-01	-9.2282388e-03	-2.4961923e-01	-2.8970882e-01	1.6540529e-01	-2.1007502e-01	-1.7355382e-01	-2.1194632e-01	1.9205737e-01	-8.8882707e-02	-3.0074304e-01	4.2390257e-02	-2.6688570e-01	1.4061812e-01	-1.4878336e-02	-3.0422503e-01	-9.3959741e-02	-4.9819198e-02	2.9560679e-01	-1.9349444e-01	7.0379563e-02	1.9646525e-01	1.9917491e-01	1.3528867e-01	-2.7719283e-01	-4.0944621e-02	1.0620432e-01	-2.1667856e-01	-1.0397908e-01	1.4142181e-01	7.1781613e-02	1.7207894e-01	-2.3440972e-01	6.5721698e-02	1.1387219e-01	-1.5371422e-01	-8.5443005e-02	6.2640995e-02	-1.5575558e-01	1.0334811e-01	7.9417944e-02	-3.0359864e-01	-3.7636295e-02	2.7072778e-01	-1.8561724e-01	1.7760336e-01	1.8690431e-01	-2.5151879e-01	-1.7573230e-01	-1.8209267e-01	8.3805667e-03	-4.6797156e-02	8.6545333e-02	-8.4175736e-02	-1.3339910e-02	-1.6501506e-01	2.4370590e-01	5.7205062e-02	-1.2234049e-01	2.4469674e-01	2.7232665e-01	-1.0134108e-01	-1.5691641e-01	-2.6407357e-02	2.4736468e-01	-2.3462875e-01	-3.9583694e-02	2.9827169e-01	7.0027962e-02	-2.7822104e-01	-7.6768130e-02	1.8527640e-01	-7.2894022e-02	1.3105045e-01	1.0885931e-01	8.0923684e-02	-2.1479802e-01	-3.3831015e-02	-9.7149760e-02	-2.4689740e-01	1.1362288e-02	-2.0424585e-01	2.8177992e-01	1.3939263e-01	-7.0275255e-02	-7.9688236e-02	-2.5910750e-01	-2.5036347e-01	-2.9421398e-01	-1.3578559e-01	9.9874765e-02	7.9042628e-02	-2.7048178e-02	2.2023341e-01	-1.0548947e-01	2.1646130e-01	-1.8923269e-01	-1.3213840e-01	1.2157936e-02	-2.7532032e-01	1.5848522e-01	4.5617916e-02	-1.8536358e-01	-2.1060158e-01	-1.8749060e-01	6.2886313e-02	2.0414065e-01	-1.5348150e-01	-2.8165862e-01	4.2665958e-02	-1.0290175e-01	1.4555460e-01	9.3443379e-02	-2.8000984e-01	1.0158401e-01	-1.3204706e-01	-4.3714060e-03	8.8105030e-02	-9.7792782e-02	-1.8906352e-01	-7.0947230e-02	-2.0610790e-01	2.7670658e-01	2.4098599e-01	1.2480602e-01	-4.8487026e-02	2.8989875e-01	-3.3563986e-01	-1.5666416e-01	1.1015464e-01	2.3706552e-01	-2.1755050e-01	-2.2731137e-01	-2.7073932e-01	1.0998176e-01	9.8806389e-02	-1.0893211e-01	-1.4193773e-01	1.5489858e-01	2.4941164e-01	-3.3996917e-02	-1.3559541e-01	-1.1282731e-01	-2.7396366e-01	-1.8141744e-01	2.6480713e-01	-2.6754296e-01	-1.6875683e-01	-2.5427646e-03	-2.3133448e-01	-1.9286892e-01	-2.5556615e-01	-5.4694928e-02	3.4391850e-02	-6.2581189e-03	-2.2158609e-01	1.0729364e-01	-6.1674196e-02	-1.0550077e-01	2.3756182e-01	-1.4693090e-01	6.5088399e-02	8.3893873e-02	-2.0534980e-01	-1.1225258e-01	2.8169754e-01	8.0776490e-02	-2.4420510e-01	-1.0270952e-01	-2.3302317e-02	1.4244401e-01	2.0659335e-01	2.4541669e-01	-1.7914745e-01	8.6670361e-02	1.0039077e-01	-1.9529599e-01	-2.1953900e-01	-2.7882591e-01	-1.7458269e-01	1.8440495e-01	2.6009625e-01	-1.9114780e-01	7.9004541e-02	1.7021793e-01	-2.7291071e-01	1.6346779e-01	1.1766869e-01	-2.4486977e-01	-2.0649570e-01	8.3838915e-03	2.3137739e-01	2.5292364e-01	1.2803097e-01	5.2028500e-02	-2.8785285e-01	-2.1207072e-02	-1.9771774e-01	-3.0346602e-01	1.6774498e-01	-1.1683224e-01	-1.5887244e-01	-1.4186296e-01	-2.3714714e-02	1.1703134e-01	-1.0990659e-01	3.1961359e-02	-1.2772568e-01	7.3700801e-02	2.2198288e-01	-2.8379187e-01	-1.9930618e-01	2.0454440e-01	-2.1841690e-01	-1.6916561e-01	-2.5983796e-01	7.6244205e-02	-1.4934869e-01	1.5358871e-03	4.6825871e-02	2.2171052e-01	1.8676834e-01	2.0505641e-01	-1.7863499e-01	2.6669446e-01	-6.5159015e-03	-2.9420698e-01	-1.4208725e-01	7.5389341e-02	-4.1407645e-02	-5.0755180e-02	2.4429007e-01	-1.6826400e-01	-1.1312597e-01	2.8516816e-02	2.2061737e-01	9.7371005e-02	-2.8594896e-02	-2.4384487e-01	-9.7263858e-02	4.2056743e-02	-2.4670327e-01	2.1252216e-01	2.7325684e-01	2.5423500e-01	1.6845049e-01	9.3575992e-02	1.6538315e-01	-1.5983719e-02	3.9706055e-02	-2.9775038e-01	-3.3424228e-02	-3.6971939e-01	2.2495203e-01	1.9475587e-01	2.1728301e-01	3.3723665e-03	-1.4201039e-01	2.1312270e-02	-2.4702904e-01	-9.0244776e-03	6.1920438e-02	1.8507737e-01	-2.6291376e-01	-2.8086665e-01	2.7225683e-02	-1.3070238e-01	-4.4126675e-02	-5.1219642e-02	2.3539989e-01	-1.1791630e-01	-1.8252988e-01	-2.2899732e-01	-1.2329248e-01	2.2944060e-01	2.7586737e-01	1.2907952e-01	1.3523193e-01	-2.2075096e-02	9.3118446e-03	-6.1831228e-02	-3.3807795e-02	1.5084295e-01	1.0817976e-01	2.1325946e-01	1.2995835e-01	-2.5500989e-01	-1.6488848e-02	-5.4811602e-03	-2.9097393e-01	2.5828338e-01	-6.9694534e-02	2.7066135e-01	-8.3927192e-02	-1.4026794e-01	-2.2333890e-01	-8.0101982e-02	-1.9852135e-01	2.3024651e-01	1.7563169e-01	-2.8321633e-01	1.6563852e-01	1.8514132e-01	-1.7260230e-01	-5.8956772e-02	3.1199902e-01	1.5645242e-01	2.4307458e-01	1.6022600e-01	7.9993829e-02	-2.9060006e-01
6.0429946e-02	-1.0017873e-01	-1.0352379e-01	7.0420049e-02	-4.7010627e-02	8.8099703e-02	2.1799102e-01	-1.1780064e-01	3.1711915e-01	-3.8623415e-02	-1.9695041e-01	-1.2081648e-01	1.3586046e-02	3.2758325e-01	-2.0437540e-01	-2.6818734e-01	-3.1231165e-01	-2.9382399e-01	3.5100386e-01	2.6391354e-01	-5.8365233e-02	-2.1852645e-01	2.4199802e-01	2.6445955e-01	-1.0987204e-03	9.9528208e-02	1.5916544e-01	-2.5191018e-01	-9.4050050e-02	3.9218318e-02	-1.9731441e-01	1.7394277e-01
