9
input	22
dense	32
relu	0
dense	32
relu	0
dense	32
relu	0
dense	1
linear	0
7.999999979801942e-06
-6.4040665e-03	-3.7001614e-02	-8.3585404e-02	-3.6424607e-02	-1.5222459e-02	-8.5221685e-02	-4.7707420e-02	-7.0711643e-02	-6.9055794e-04	6.7257946e-03	-4.7986999e-02	9.0339724e-03	-7.5996049e-02	-6.7923823e-03	3.9338801e-02	-5.3833693e-02	1.1195935e-01	2.0504273e-02	-1.0211733e-02	3.4111727e-02	-3.1067622e-03	-7.8636564e-02	1.8154761e-02	-1.9167241e-02	4.5037664e-02	-6.0957767e-02	-3.3280909e-02	-2.4382431e-02	-8.8473596e-02	-1.4530734e-02	-6.4532585e-02	-3.5321049e-02
-2.2573456e-02	-1.1111896e-02	-3.9680552e-02	-1.4062472e-02	-2.8592924e-02	2.2920862e-02	-2.3873009e-02	-2.8710826e-03	-4.0519182e-02	7.3823621e-03	1.9834377e-03	-5.5475757e-02	1.3242731e-02	-3.8580205e-02	2.6066763e-02	-5.0653931e-02	-4.5532934e-02	-5.2021805e-02	-8.7934313e-03	-4.8691574e-02	-6.0740560e-02	-1.1648857e-01	-2.1184582e-02	-8.9283906e-02	-3.9639536e-02	-2.0552021e-02	1.8321178e-03	-8.0716513e-02	-4.6773072e-02	-2.7215637e-02	-2.3391393e-03	-5.7793301e-02
-4.1581888e-02	-3.0538425e-02	-2.3771953e-02	-5.7860665e-02	-3.4257066e-02	-2.1333715e-02	-3.4461401e-02	-6.2715538e-02	-5.4734722e-02	-6.4876981e-02	-2.6802156e-02	-2.0040192e-02	-3.6512945e-02	1.9071540e-02	-6.9864802e-02	-1.7537514e-02	-1.5956113e-03	1.2635343e-02	-8.1154525e-02	6.7809300e-04	-1.5733447e-02	-2.1932440e-02	-4.8642412e-02	-1.9123970e-02	-2.3327027e-02	-1.7964393e-02	-5.5720638e-02	-8.0599949e-02	-2.1015203e-02	-4.4156317e-02	-3.7995286e-02	6.4087412e-03
-8.8706316e-04
8.0286436e-02	1.1147866e-01	2.6825607e-01	-1.0057656e-01	3.1627661e-01	-5.6163292e-02	3.0817717e-01	-1.3302425e-01	1.5376259e-01	-2.0096236e-01	1.2395528e-01	-3.5801184e-01	-1.1466208e-01	2.2706249e-01	-4.9092069e-02	-1.3306196e-01	-1.8774757e-01	-2.7593416e-01	-1.4589205e-01	-1.3560468e-01	-3.0254659e-03	-2.2395439e-02	9.3296401e-02	6.8553108e-01	4.7306442e-01	2.0366332e-01	-4.0921193e-01	-6.5442622e-01	-2.5712669e-01	-1.8693927e-01	3.0208409e-01	7.1689144e-02	-8.4003145e-03	8.8585326e-03	3.0244222e-01	2.2969647e-01	-8.9939022e-03	-1.4850272e-01	4.9256347e-02	-4.0424672e-01	1.1267906e-01	-1.5702741e-01	-3.0174968e-01	-4.0097021e-02	8.2744181e-02	-2.9215568e-01	-3.3707723e-01	2.0402096e-01	-3.1723309e-01	-1.1973785e-01	-3.9007512e-01	1.2218390e-01	-7.2608329e-02	6.6317722e-02	2.0384176e-01	-1.2154955e-01	-1.2913431e-01	-5.3852364e-02	1.0865092e-02	1.6147862e-01	3.2323149e-01	1.5607525e-01	-4.2274490e-02	7.4469380e-02	2.3631746e-01	-3.3812237e-01	3.1794496e-02	-8.9027929e-01	-1.6689211e-01	-7.3338591e-02	6.3905853e-01	7.9753655e-01	3.9380702e-01	2.5821376e-01	-1.5395249e-01	5.0546867e-03	-1.0371579e-02	2.0351063e-02	-1.5595122e-01	-8.4079459e-02	2.5583503e-01	-2.3498318e-01	-2.9212496e-01	-2.3224872e-01	9.2249542e-02	-2.7613637e-01	2.5236892e-02	1.0093689e-01	9.7899660e-02	4.1428873e-01	3.6629990e-01	9.3688026e-02	-5.0330367e-02	-8.1709623e-01	-2.3059851e-01	2.9309252e-01	-1.1324558e-01	2.7942386e-01	-2.6846117e-01	5.9321058e-01	4.1984454e-01	-2.0047376e-02	9.4499595e-02	-5.8914751e-02	3.9425887e-02	-1.1615238e-01	1.0731722e-01	-2.6634287e-02	2.0001058e-01	-3.9276984e-02	1.3369587e-01	-1.3888063e-01	-3.0054490e-03	-3.6546648e-02	-2.3261634e-01	9.8443534e-03	-2.8861043e-01	-3.2187793e-01	-1.0376070e-01	2.2193283e-01	2.4445462e-01	-3.8972463e-02	2.9787746e-01	2.2783139e-01	6.4511746e-02	1.9662195e-01	-1.0501555e-01	-9.6947707e-02	6.6207469e-02	-1.4000874e-02	1.0132568e-01	-2.7343225e-01	3.1153988e-02	-2.1063936e-01	-6.3287336e-01	2.6297048e-01	4.8674333e-01	6.3056356e-01	4.8304158e-01	2.9268790e-02	1.1454213e-01	1.5421550e-01	2.7109358e-01	-2.8046742e-01	-2.9840123e-02	-4.4941787e-02	3.3745553e-02	1.6318853e-01	4.2989198e-02	-4.1091233e-02	-3.0401388e-01	-3.6910197e-01	1.8506709e-01	-7.6856330e-02	2.0855463e-01	6.0101980e-01	6.2058592e-01	-1.3260943e-01	-5.4412258e-01	-3.1093296e-01	-4.9657565e-01	2.3805958e-01	2.8030631e-01	-1.6328079e-01	2.5147378e-01	4.1375360e-01	-1.8742226e-02	2.1772784e-01	8.8008277e-02	-3.8699287e-01	2.7128425e-01	1.8874514e-01	8.4670417e-02	-1.8441245e-02	8.9000180e-02	-9.4058268e-02	-1.8674706e-01	1.1620521e-01	5.6612831e-01	-6.2962752e-03	-4.1665649e-01	-7.8851002e-01	7.2236784e-02	1.9814579e-01	-1.6958596e-01	-1.5601049e-01	2.4382257e-01	3.3443439e-01	1.2860906e-01	8.9805521e-02	1.5508343e-01	2.8751221e-02	7.7141695e-02	-1.9783777e-01	1.6281714e-01	-2.5913818e-02	-4.4255883e-01	1.4550678e-01	1.5358119e-01	7.6091635e-01	3.9819402e-01	3.6969051e-01	-3.2788321e-01	-6.3932395e-01	-1.9316170e-01	-1.7043708e-01	-9.4984271e-02	3.0031171e-01	2.7068739e-03	6.3684207e-01	-2.1252342e-02	-1.0720941e-02	-4.5701731e-02	5.0543580e-02	6.4242251e-02	-3.7021287e-02	2.3313960e-02	-4.3314856e-02	-3.1735674e-01	2.9735118e-01	9.7246654e-02	5.1938432e-01	3.7229413e-01	2.7264804e-01	-5.6247711e-02	-1.2081143e-01	-2.9862136e-01	1.9949701e-01	1.0163779e-01	-3.7008005e-01	2.3790625e-01	2.8192148e-01	-2.6606831e-01	2.4808843e-01	-7.9458423e-02	-1.6516860e-01	-6.5372055e-03	-3.6359316e-01	-3.9697489e-01	5.1807746e-02	-5.8322579e-01	-1.2916601e-01	4.3437445e-01	8.3982408e-01	7.6814228e-01	1.2770434e-01	-4.6058592e-01	-4.0641341e-01	-2.3354302e-01	2.5279433e-01	4.4981074e-02	-2.2571419e-01	8.3295837e-02	-1.0282221e-02	9.4886117e-02	1.4587297e-01	-8.4747642e-02	-2.5672695e-01	-5.7599466e-02	1.1161207e-01	4.3661365e-01	1.5746999e-01	2.2109257e-01	-7.4457936e-02	1.8217608e-01	-8.2262240e-02	2.3692371e-01	2.0733833e-01	-1.7661004e-01	-2.7177876e-03	-2.1122336e-01	4.6629801e-02	2.0772362e-01	1.1536948e-02	-9.2537969e-02	1.7898193e-02	2.0755862e-01	8.7403595e-02	-7.6630928e-02	2.0052609e-01	3.5240144e-01	3.1714416e-01	2.8890285e-01	-3.1524518e-01	-3.3115375e-01	-2.4747286e-02	-2.0996690e-01	-5.3049409e-01	-6.9803023e-01	-3.4813985e-01	2.7192003e-01	6.5129519e-01	3.6004308e-01	-2.6673886e-01	8.1078738e-02	2.8749296e-01	8.5660450e-02	-4.1800821e-01	9.7112507e-02	-1.1118250e-01	1.1701677e-01	-1.9665750e-02	7.3529504e-02	1.8032150e-01	1.4375129e-01	-1.1993592e-01	-4.3470036e-02	-1.2724434e-01	-1.4912967e-01	1.8743467e-01	-9.5710151e-02	-1.3761897e-01	-1.4283781e-01	-1.5856950e-01	-2.8017569e-01	-1.1630546e-01	4.5078706e-02	-1.6094208e-01	-8.9366920e-02	-2.9222820e-02	1.1935222e-01	-1.2954234e-01	1.3402389e-01	1.2747768e-01	7.2030142e-02	-2.3200379e-01	2.6578426e-01	4.7006048e-02	6.1956115e-02	1.9529197e-01	-1.5913990e-01	3.0460456e-01	-2.3231914e-02	2.9658690e-01	7.6204807e-02	-1.8887831e-01	-1.7752410e-01	2.7444965e-01	1.6412488e-01	8.7683938e-02	-1.0046405e-01	-8.2682155e-02	-2.3239048e-02	-1.7643741e-01	-2.4082436e-01	8.7493353e-02	-2.0224942e-01	-1.5768338e-02	3.2552111e-01	2.3953179e-01	-9.0178870e-02	-4.6625966e-01	-2.4099742e-01	1.9204979e-01	-7.6539718e-02	3.1059077e-01	3.3008921e-01	3.0308801e-01	-4.9430490e-01	-4.4008929e-01	-6.1600152e-02	2.2254372e-01	-1.6564050e-01	-2.7420902e-01	5.0013270e-02	-7.2660886e-02	-5.3078003e-02	2.2846922e-01	8.4926501e-02	8.2638688e-02	-4.8630148e-02	-6.1327517e-02	9.4890408e-02	-1.3776930e-01	2.8730911e-01	-3.2213435e-01	5.9136506e-02	-4.8407703e-03	-2.5858060e-01	1.2707420e-01	2.3378365e-01	-1.4448403e-01	-2.0715144e-01	1.7323014e-01	1.8641369e-02	-1.0962244e-01	-2.7748790e-01	-1.7595825e-01	1.6460143e-03	-3.2819055e-02	-2.4400042e-02	1.3795701e-01	-7.0743740e-02	-5.1442679e-02	3.5712276e-02	3.8651386e-01	-2.8120267e-01	-3.1982881e-01	-8.1142094e-03	2.3147340e-01	2.0201731e-01	-8.0801614e-02	-4.4209868e-02	7.0663981e-02	-3.2552963e-01	-5.5451248e-02	3.7347347e-02	-1.5651412e-01	2.4128620e-01	-1.6671038e-01	-2.0034286e-01	1.2316647e-01	-3.1029961e-01	1.3679388e-01	1.0708880e-01	2.3771603e-01	-1.8152793e-01	1.0129587e-01	3.2555118e-01	-4.0937200e-02	-2.0161201e-01	2.6995000e-01	2.3712176e-01	3.5000718e-01	-8.5324623e-02	-3.5237843e-01	-6.5892570e-02	-3.6106652e-01	-2.6963383e-01	5.2945473e-04	1.3550219e-01	-3.3338585e-01	2.9657173e-01	-1.1529999e-01	1.2019100e-01	-5.7265241e-02	-1.9420268e-01	2.2669375e-01	2.6345426e-01	-2.0210224e-01	3.2632336e-01	7.2776937e-01	4.5458856e-01	-2.3189220e-01	-1.8893197e-01	-5.7805783e-01	-2.4126673e-01	-1.8877853e-02	3.1511005e-02	-1.3656437e-01	2.4555311e-01	1.7817962e-01	5.8879282e-02	8.9120947e-02	-6.0245447e-02	4.0912557e-02	-2.6363331e-01	-1.2014486e-01	-6.7276978e-01	-3.5448727e-01	-1.0166009e-01	1.0091943e-01	7.0423067e-02	-1.1939578e-01	1.7436485e-01	-4.5605779e-01	-1.8159802e-01	-3.1842363e-01	-1.3796230e-01	-4.5564137e-02	1.8209793e-01	6.1417278e-02	1.0580550e-01	-2.9576525e-01	-6.0091279e-02	2.0528783e-01	-7.8805044e-02	-3.0730999e-01	-3.4579259e-01	2.8425780e-01	5.4554030e-02	-4.3166395e-02	-3.5087040e-01	2.2580944e-01	-1.1644617e-01	-3.0711314e-01	-3.6186572e-02	-1.9662184e-01	-1.9980972e-01	-1.1416555e-02	3.2416967e-01	-1.4465588e-01	4.6059862e-02	-5.3599827e-02	-3.4059829e-01	-1.1812612e-01	3.7064499e-01	3.4097716e-01	-1.6527778e-01	1.4715283e-01	3.0485027e-02	2.6046875e-01	-4.8551209e-02	3.3188500e-02	-8.9713022e-02	-3.9548535e-02	2.1115212e-01	1.4844641e-01	-3.7903637e-01	-1.8667882e-04	-9.6845999e-02	4.7119969e-01	-7.2594538e-02	-9.9105400e-04	-2.6234597e-01	-2.4664798e-01	1.8801953e-01	-1.0205121e-01	2.7362609e-01	3.7776759e-01	2.6658744e-01	-3.8665459e-02	-2.8987390e-01	5.0138596e-02	1.2151939e-01	2.5273880e-01	9.5869236e-02	-2.0506810e-01	3.4997322e-02	6.4093524e-01	2.3817368e-01	7.9171941e-02	-3.8367710e-01	-6.9704294e-01	-7.5192355e-02	-3.6398020e-02	-2.1899372e-01	1.8066649e-01	3.4962658e-02	2.2060739e-01	2.7288681e-01	2.9557139e-01	5.0525162e-02	1.7481281e-03	-2.3270296e-01	2.6591501e-01	-1.6694492e-01	2.8571504e-01	1.6810754e-02	-1.9614586e-01	-3.5149845e-01	-7.0350820e-01	-1.4392249e-01	2.2513391e-01	2.5496489e-01	6.4709461e-01	4.9166280e-01	4.2099632e-02	2.5833001e-02	-2.0019114e-02	1.0280464e-01	-2.8143030e-01	4.9158949e-02	1.6918790e-01	-4.1425709e-02	-1.9755587e-01	4.2308733e-02	1.1999764e-01	4.3088783e-02	1.1805658e-01	7.7716053e-02	-2.1284550e-01	-4.0871236e-02	-3.1466836e-01	-6.3699877e-01	1.8171966e-01	6.4717191e-01	8.0122852e-01	2.1532647e-01	4.7266141e-02	-1.2959012e-01	2.4138222e-02	2.6162741e-01	-2.2996823e-01	1.6089445e-02	-4.5447186e-02	-2.7487265e-02	-1.9188221e-01	-8.9651071e-02	3.5924169e-01	-2.1686290e-01	1.7767486e-01	6.4440362e-02	-6.7261890e-02	-1.7261778e-01	-1.6497895e-01	-3.8287789e-01	-2.1921712e-01	1.9718939e-01	4.7333646e-01	5.1933974e-01	1.9432695e-01	2.5686207e-01	-1.6448259e-01	-1.2364113e-01	-4.4969833e-01	4.8371453e-02	-1.1742239e-01	1.5862996e-02	1.3516715e-01	8.2010254e-02	2.1531904e-01	-8.8968642e-02	3.0438995e-03	9.0116806e-02	-9.0850487e-02	2.3472032e-01	-5.7293123e-01	-1.8489797e-01	-3.2382403e-02	4.6742371e-01	6.9394094e-01	3.3747008e-01	-8.4644090e-03	2.2346465e-01	-1.7445406e-02	2.9660845e-01	-5.2042603e-01	1.0708410e-01	-1.0647819e-01	-8.4548749e-02	2.2157961e-01	-6.0928077e-02	-2.4169570e-02	8.0660023e-02	-3.0426383e-03	8.7219894e-02	1.6809863e-01	-4.4942597e-01	-4.8285946e-01	-7.0937014e-01	-1.5940939e-01	3.5962078e-01	6.5406513e-01	2.9266560e-01	-1.8882149e-01	1.0753999e-01	8.2489178e-02	-2.1256460e-01	-4.6494445e-01	3.2121632e-01	2.3668975e-01	-9.5036663e-02	-1.2200255e-01	8.4722238e-03	-2.0345373e-01	2.0692748e-01	7.8291155e-02	-4.2790376e-02	1.3867225e-01	3.0478141e-01	-6.6792034e-02	1.7506860e-01	-1.2952621e-01	1.1232103e-01	1.2077668e-01	5.9396851e-01	2.4812290e-01	-2.4635786e-01	-1.3046028e-01	-9.2444420e-02	-8.9437580e-03	2.2051200e-01	5.8618695e-02	-1.4954609e-01	1.5137523e-01	-5.7121336e-02	-2.4081192e-03	2.0503519e-01	-2.4067369e-01	-1.8562138e-01	1.8413648e-01	5.7241924e-02	2.9146352e-01	6.0210377e-01	1.7055674e-01	-8.8461541e-02	-6.5186238e-01	3.9367351e-01	-8.7307401e-02	-1.4805019e-01	-2.7845705e-01	3.5010159e-01	4.6036214e-01	1.8554126e-01	2.9857939e-01	3.9715275e-02	7.1626261e-02	-3.7203688e-02	3.6151463e-01	1.2858772e-01	-2.4637643e-01	1.6229893e-01	-5.3038664e-02
-3.1361270e-01	-1.0814410e-01	2.6381716e-01	-1.8727270e-01	-2.2666064e-01	2.3539296e-01	-2.2074545e-02	-2.6423544e-01	-5.7163838e-02	5.3634375e-02	-2.1127804e-01	3.5612946e-03	1.9399878e-01	-2.6850024e-01	-2.9027838e-01	3.1526849e-02	-1.1691105e-01	-8.8524684e-02	2.6427966e-02	-7.1350522e-02	-9.0307795e-02	3.5952620e-02	-1.8042360e-01	1.7249282e-01	1.4759722e-05	2.5691482e-01	-2.8695014e-01	-2.5176057e-01	6.7575805e-02	-9.9176534e-02	6.1617322e-02	-1.6312781e-01	-1.1331257e-01	-3.3626723e-01	-4.2251274e-01	-2.8244904e-01	6.6332638e-02	-5.9450332e-02	2.4030650e-01	2.6410642e-01	-1.2621298e-01	-3.9731988e-01	2.1382445e-01	3.8153566e-02	3.0123505e-01	-3.3690023e-01	6.9302447e-02	1.6027671e-01	1.6513787e-02	-8.7701589e-02	1.4989214e-01	1.2738678e-01	3.2361504e-02	1.5383354e-01	-1.7565172e-02	-2.5953519e-01	-1.2021506e-01	2.3569956e-01	-1.9983715e-01	1.2992419e-01	1.7728550e-02	6.7319684e-02	-9.5588975e-02	3.5299711e-02	-2.1552145e-01	2.1225987e-01	1.7748738e-02	-1.0499255e-01	4.8839994e-02	-8.3082199e-02	8.2714371e-02	-1.2087205e-01	-2.5826329e-01	9.3857445e-02	-3.1821653e-01	9.5120542e-02	2.6604611e-01	1.0282320e-01	-2.7358925e-01	-3.0873919e-01	-1.1888912e-01	-1.0753939e-01	3.3850500e-01	1.9882764e-01	-2.9287165e-01	-2.3012626e-01	-3.8477782e-02	1.7097329e-01	5.0070524e-02	1.9091004e-01	1.5198785e-01	-2.1193314e-01	-8.2497619e-02	7.9243556e-02	2.6200446e-01	-2.8039688e-02	1.1374759e-01	-3.0412200e-01	3.1475282e-01	3.6261156e-01	-4.4145185e-01	-1.1567290e-01	3.6925507e-01	-1.0122101e-01	-3.1437862e-01	-1.3800479e-01	-2.8839731e-01	-2.9286760e-01	-9.9793293e-02	7.2510421e-02	9.5648676e-02	-2.6126108e-01	-3.9528120e-01	-1.8972690e-01	-1.9051412e-01	-3.9340720e-02	-3.9928916e-01	2.3791654e-01	1.0468321e-01	1.5173379e-01	-3.5764566e-01	2.5766706e-01	2.1517463e-01	1.1239225e-01	6.3600332e-02	3.3261216e-01	1.1189951e-01	5.5018548e-02	-3.5206652e-03	-1.2414267e-01	1.8290719e-02	-1.8963601e-01	-6.7748822e-02	-1.2657274e-01	-4.4814155e-02	-2.3243798e-01	-1.7757645e-01	2.0243749e-01	6.5005288e-02	-2.0155264e-01	-2.5223315e-01	-1.6537380e-01	-9.7203776e-02	1.9960730e-01	6.3217795e-03	2.2724908e-02	-2.8423958e-02	1.0791606e-01	-1.0658477e-01	1.3261869e-03	1.2837452e-01	6.5957375e-02	1.6913290e-01	-3.0106497e-01	-2.8781545e-01	-2.1326265e-01	-9.2602298e-02	-1.2939888e-01	1.1877669e-01	2.4078958e-02	-1.8012853e-01	-4.1165736e-02	1.3820530e-01	-4.0554017e-01	-5.9172219e-01	-7.1160503e-02	-9.7649641e-02	-1.5992391e-01	-4.1576009e-02	-2.0200312e-02	-9.4862081e-02	-1.5010418e-01	2.7391201e-01	-8.0875434e-02	-2.8481790e-01	4.0038544e-01	-1.5015678e-01	8.7026238e-02	-2.1436101e-01	-3.1674302e-01	-1.2824924e-01	1.0231733e-01	-2.8857034e-01	-3.0759138e-01	9.7613959e-03	2.4104059e-01	-5.8917858e-02	1.7738308e-01	2.0803802e-01	3.4559575e-01	3.9226544e-01	-2.3401801e-01	-8.0265053e-02	-1.2805670e-01	1.1198844e-01	-1.4792243e-01	2.9259509e-01	-2.0868567e-01	1.1376107e-01	3.1784070e-01	-1.0052564e-01	2.7475104e-01	-6.8381503e-02	2.2890751e-01	1.5890320e-01	7.8336857e-02	3.3813731e-03	-9.4898399e-03	1.9763912e-01	2.6127559e-03	2.0328328e-01	-5.0564200e-02	1.0756941e-01	2.0105414e-01	2.7365571e-01	8.8997856e-02	7.4472323e-02	2.2224869e-01	-1.7059109e-01	-2.2366105e-01	-2.3712732e-01	-3.0172387e-01	1.0753507e-01	6.5533551e-03	-4.1017318e-01	-2.9107401e-01	-2.4571808e-01	2.1254275e-02	-5.4352570e-01	-1.7227928e-01	-1.7520617e-01	-1.6603360e-01	2.6155674e-01	-1.4263641e-02	9.2313185e-02	1.5330586e-01	5.0521895e-02	4.2320806e-01	4.3991279e-02	-1.4849627e-01	-2.4886987e-01	-2.7365902e-01	-1.5709160e-01	-1.6067921e-01	-1.3702300e-01	-1.4618732e-01	-9.9684924e-02	1.1101315e-01	-3.5681263e-01	-2.4971563e-01	-1.8238947e-01	1.8338206e-01	1.7713864e-01	2.5041780e-01	2.3571429e-01	-1.6224552e-02	2.0251150e-01	-3.2456785e-01	-1.5341300e-01	-4.7871213e-02	1.7641763e-01	1.2968338e-01	-1.9732279e-01	5.6150354e-02	2.1697838e-02	-1.5960211e-02	1.8318157e-01	4.9434025e-02	-2.5769859e-03	7.0353061e-02	1.9892810e-01	-2.8992549e-01	-2.2098319e-01	-5.9082352e-02	1.9751889e-01	6.1154641e-02	1.2974513e-01	8.7905787e-02	7.7350758e-02	1.8039347e-01	9.3691736e-02	-1.0809045e-01	1.0725859e-01	2.2661088e-01	-2.7875510e-01	-4.9629524e-02	1.8437365e-02	2.4417177e-01	-1.4083022e-01	7.1197629e-02	-1.8661882e-01	9.7587235e-02	-1.2869559e-01	-3.8514110e-05	-1.6308753e-01	1.7147021e-01	3.2275742e-01	5.4713864e-02	3.8451906e-02	3.4290075e-01	1.4992175e-01	-4.1879475e-02	7.1598910e-02	-2.6127669e-01	5.9384950e-02	-2.3363056e-02	-1.0431986e-01	-2.6762450e-01	1.0213583e-01	1.3786122e-01	-3.2545745e-01	6.7921780e-02	2.2957684e-01	-3.1082742e-02	-1.9015865e-01	1.0646173e-01	2.6008252e-02	2.3337477e-01	-4.0160412e-01	1.1253597e-01	-3.2306844e-01	1.9626936e-01	1.2107094e-01	-1.1108703e-01	1.8353684e-01	2.2674146e-01	-2.2385330e-01	4.6114931e-01	-1.5607148e-01	2.8850147e-01	1.2596166e-01	8.8424802e-02	-2.3499887e-02	-2.1871385e-01	5.1140223e-02	-1.7653184e-01	1.0319416e-01	-1.0532440e-01	-1.5187739e-01	4.5542054e-02	1.8174200e-01	1.3374227e-01	-1.1098250e-01	1.0305277e-01	-7.0446953e-02	-4.2445946e-01	-8.5204586e-02	1.6002307e-02	-9.9292584e-02	7.5358652e-02	-2.2721276e-01	1.9737083e-02	1.2851304e-01	1.2041731e-01	5.4935268e-03	-7.6894172e-02	1.3690290e-02	-2.0767230e-01	9.1500834e-02	-1.5213579e-01	-2.4889955e-01	-9.6535712e-02	-2.1143077e-01	-1.1834470e-02	-2.2023275e-02	-2.4256434e-01	1.2173007e-01	-1.2206328e-01	2.3258322e-01	1.4415838e-01	-1.3089728e-01	1.5099299e-01	-1.5791230e-01	-1.7474779e-01	-1.6292408e-01	1.3412559e-01	2.1767318e-01	2.2661516e-01	-3.8776897e-02	-1.1353397e-01	-1.9618356e-01	-5.8461964e-02	-1.5127946e-01	-4.9342651e-02	1.7961130e-01	-1.3747993e-01	1.0258377e-01	4.3191761e-02	-3.7268624e-01	-5.9556004e-02	3.2699540e-01	3.4250424e-03	-2.2066097e-01	-3.7790254e-01	1.4724575e-01	7.0825309e-02	-1.7181766e-01	2.5896797e-01	2.0916396e-01	2.1339695e-01	-3.3613068e-01	-2.6356581e-01	-4.3110329e-01	-1.3737133e-01	-2.3952806e-01	1.6416849e-01	1.3982046e-01	-8.9526750e-02	-1.3784228e-01	1.8760063e-01	-1.9395331e-01	2.0836374e-01	-2.2074199e-01	1.5791692e-01	-3.0362624e-01	1.2983143e-01	-1.4357701e-01	2.5053477e-01	2.7970600e-01	3.7876621e-01	-1.5949367e-01	3.5663971e-01	-2.4105468e-01	-1.2296637e-01	1.6557148e-01	-4.8282507e-01	-3.4551099e-01	-6.6718511e-02	1.2950520e-01	2.9259554e-01	1.2032171e-01	1.2804262e-01	-4.6141791e-01	-1.8050091e-01	-2.2110993e-01	3.0574558e-02	-2.7962950e-01	-1.6659212e-01	2.9233351e-01	-2.6484835e-01	-3.5147962e-01	1.9168440e-01	2.6362947e-01	1.7379527e-01	3.0001119e-01	1.4151454e-01	6.9031283e-02	-1.4369215e-01	4.3986086e-02	1.9837624e-01	-8.3817773e-02	2.9840645e-01	9.4418013e-03	-2.8233093e-01	-9.5426552e-02	-2.7124444e-01	-3.2004935e-01	-2.7011013e-01	-1.8711080e-01	-1.8920375e-01	1.1200493e-02	-1.6766712e-01	1.7107752e-01	-5.2114796e-02	-2.0409361e-01	1.1824979e-01	1.8928973e-01	-2.4876085e-01	-2.2738840e-01	-3.6584791e-02	-2.8417056e-02	6.0253914e-02	-2.5382018e-01	-4.1354377e-02	2.8488281e-01	-2.2653997e-01	-1.2057915e-01	7.6831289e-02	-1.4303936e-01	-1.6417582e-01	9.4346538e-02	-2.1839419e-01	-9.5507659e-02	1.8204193e-01	1.2266517e-01	1.7003565e-01	3.0802226e-01	2.2588103e-01	7.8987427e-02	-1.9258863e-01	1.6413467e-01	-5.5912565e-02	1.7778720e-01	2.0479679e-01	1.1567012e-01	-2.0397162e-01	-1.6475283e-02	2.3461303e-02	1.6937780e-01	-4.1111212e-02	1.4921632e-01	1.2388262e-01	2.7293807e-01	-1.8346266e-01	6.6386849e-02	-5.7092048e-02	-1.5748069e-02	-1.6532838e-01	2.1069761e-02	2.0114809e-01	-2.8399226e-01	-1.0284355e-01	-3.8301536e-01	1.7690049e-02	-4.9216570e-03	-4.6257870e-03	-1.2048735e-01	-1.6603352e-01	-7.3572069e-02	-9.8239549e-02	-2.2687010e-01	9.3657389e-02	1.7210905e-01	-3.0691439e-01	-2.7989128e-01	-1.4347109e-01	-3.3782381e-01	-6.7581907e-03	2.4849580e-01	1.1673260e-01	1.9917913e-01	-3.2252249e-01	6.7921117e-02	-2.1667813e-01	-2.2593839e-01	1.7573150e-01	5.4742672e-02	2.2676894e-01	-1.4176123e-01	2.5111264e-02	-6.4038865e-02	2.6922202e-01	2.1795836e-01	-1.6566631e-01	1.1118281e-01	2.3076624e-01	-6.2964745e-02	1.3969706e-01	2.8902993e-02	1.2658413e-01	2.1821947e-01	1.1498866e-01	1.7374638e-01	2.8133059e-01	2.0506363e-01	2.6868019e-01	-1.0029727e-01	-2.7821314e-01	-9.5033295e-02	1.4861472e-01	-1.1039793e-01	-3.1192738e-01	-1.4154822e-01	2.8164303e-01	-2.5308721e-02	1.5703950e-02	4.6670539e-03	-4.7076900e-02	1.7496396e-02	-1.4838436e-01	-3.2954106e-01	2.1944843e-01	9.1266625e-02	-2.7722406e-01	4.5860705e-01	3.1479758e-01	1.1874516e-01	-2.5671735e-01	2.6650060e-02	1.0451461e-02	-5.5257702e-01	1.7056914e-02	2.8544795e-02	-5.1304441e-02	-3.1994379e-01	2.9404240e-02	-2.8303438e-01	-2.8807566e-01	1.8170027e-01	2.8101638e-01	-3.8700890e-02	-2.9479158e-01	-1.2760615e-01	-3.4355810e-01	2.4206752e-01	9.5614396e-02	-7.1497723e-02	1.4321584e-01	5.2724011e-02	5.8616687e-02	-3.4200635e-02	1.1275352e-01	1.9054800e-01	-1.3728100e-01	-2.2048742e-01	3.2206994e-01	-5.3941086e-02	6.2457800e-02	4.1235494e-03	-2.5740756e-02	1.6956088e-01	-2.0972334e-01	-2.0771322e-01	-6.2345508e-02	3.2214914e-02	-1.2702094e-01	-1.7364693e-01	-6.2286489e-02	1.7883992e-01	-1.6969392e-01	-1.5784612e-01	1.2368463e-01	4.1466836e-02	-1.3114394e-02	1.9602744e-01	-2.3840519e-02	-6.7922227e-02	-1.9124241e-01	-7.1905367e-02	-2.7036968e-01	1.6456455e-01	2.5657490e-01	-2.6489896e-01	-2.8888798e-01	-1.3088334e-01	-2.9267195e-01	-1.3499647e-01	-2.9575318e-02	-2.3991303e-01	1.4045899e-01	2.2489208e-01	-2.3676644e-01	-2.5704679e-01	2.0247803e-03	1.5156674e-01	2.4187918e-01	3.2884002e-02	3.1133888e-02	-1.5058886e-01	-1.0415950e-01	-1.7841125e-01	4.9310569e-02	-2.1779980e-01	-2.1461314e-01	2.2285259e-01	1.9109955e-01	2.1493030e-01	-2.0023911e-01	-9.3688920e-02	-1.0338165e-01	-8.1495624e-03	-9.6897699e-02	-1.7677264e-02	2.4625091e-01	-2.0587428e-01	-8.0026090e-02	8.4186718e-02	1.0524786e-01	-2.0898177e-01	-3.2151127e-01	2.1755631e-01	-2.8304681e-01	-1.8249211e-01	-2.2152194e-01	9.1685556e-02	1.0134311e-01	1.5033938e-01	3.3986190e-01	2.0341989e-01	1.7620398e-01	-5.8737367e-02	-1.3391943e-01	-1.8159287e-01	-1.1280137e-01	-6.1924234e-02	-7.9771906e-02	1.7312057e-01	-7.2692344e-03	-3.6100844e-01	1.1072730e-01	-8.6925074e-02	2.5081765e-02	-2.5007373e-01	1.3863176e-01	1.5047309e-01	1.9132335e-02	1.3650778e-01	2.3026052e-01	7.2920164e-03	1.7654631e-02	-6.2770643e-03	3.0257916e-02	-2.5437737e-01	3.2357877e-01	-2.4515323e-01	2.9226059e-01	-2.9932812e-03	1.7969427e-01	-1.2086823e-01	1.8211825e-02	2.9696755e-02	2.0415275e-01	-3.0244574e-01	1.1436251e-01	-3.5459414e-01	1.2158558e-01	1.0744064e-01	2.1085866e-01	-1.5044110e-01	1.7426570e-01	-2.4782326e-02	6.6102818e-02	-3.8295975e-01	-3.2808581e-01	-1.7539389e-02	2.2144383e-01	-1.2846802e-01	-8.2533330e-02	-1.9610147e-01	-7.6322757e-02	2.2981508e-02	2.1904297e-01	8.6092040e-02	-2.1813433e-01	-2.3160177e-01	-3.5076371e-01	5.4043196e-02	7.0650414e-02	9.5258303e-02	8.7977305e-02	3.9884558e-01	8.6037494e-02	-2.6212290e-01	2.4496777e-01	-1.1311774e-03	1.9408351e-01	-2.8407380e-01	1.2083185e-01	4.4559069e-02	7.1476363e-02	-3.9635423e-01	-1.8996249e-01	1.6764444e-01	3.7563130e-02	-1.8568314e-03	1.1555397e-01	5.4680914e-02	1.7305490e-01	-1.8260191e-01	2.3375882e-01	2.4362749e-01	1.1694513e-01	-1.8921429e-01	1.3587669e-01	2.5026920e-01	1.0994020e-01	8.9508697e-02	-1.8304621e-01	-5.7461340e-02	-1.9131140e-01	-2.4822022e-01	2.0560957e-01	-2.0123823e-01	5.5818933e-01	2.1012379e-01	-1.3395631e-01	-2.7191535e-01	-4.3193784e-01	-6.3179471e-02	-9.0774909e-02	-3.2479629e-01	-5.6621019e-02	6.9278665e-02	9.7704992e-02	-5.0989127e-01	-2.8518769e-01	6.4793415e-02	9.2423663e-02	-2.7623561e-01	-1.7092626e-01	-1.3237597e-01	3.0257949e-01	-1.1060999e-01	2.7220777e-01	5.5738401e-02	1.7577650e-01	-2.0703180e-01	1.7619741e-01	1.1628657e-01	1.1963339e-01	-9.2008166e-02	-2.2863017e-01	7.6473244e-02	6.5464765e-02	-1.3925308e-01	2.3463184e-01	-1.6843474e-01	1.5798196e-01	1.5820809e-01	-6.8424933e-02	-9.1620840e-02	-5.1807880e-02	-1.7097454e-01	1.2418740e-01	-3.3397970e-01	1.6104139e-01	-2.5960252e-01	-8.8118151e-02	2.0208472e-02	-8.5425496e-02	4.2222191e-02	-7.7445939e-02	2.9432413e-01	-1.5422279e-01	1.4921954e-01	3.2605761e-01	1.9285040e-01	3.7006289e-01	2.4627608e-01	1.6944438e-01	6.9491737e-02	-2.1159537e-01	1.3585103e-01	-1.8687262e-01	5.8545321e-02	1.3893282e-01	3.7967640e-01	-4.0201449e-01	-9.9643163e-02	-1.0474678e-01	7.8742072e-02	-2.9220781e-01	2.1871942e-01	9.4975755e-03	-1.6107944e-01	1.8335925e-02	-1.7916942e-02	2.4540709e-02	-1.8676230e-01	1.3640381e-01	8.3822176e-02	-2.2428913e-01	4.6925884e-02	-2.2396715e-01	-5.2197564e-02	2.8741784e-02	1.5922172e-01	-3.8805601e-01	-2.8230758e-02	2.0278898e-01	-1.9347525e-01	-1.0698514e-01	3.4726900e-01	-4.2839833e-02	8.2807593e-02	-2.6967528e-01	-1.8562163e-01	3.6415022e-02	-1.5227063e-01	-3.2152370e-01	-2.9650572e-01	4.2610490e-03	-1.6333559e-01	2.7279507e-03	-2.1176298e-01	1.1661760e-01	-3.4045967e-01	1.6201743e-01	-2.5937250e-01	1.5467824e-01	-2.0063582e-01	-1.5971123e-01	-1.9816759e-01	-1.8215089e-01	-1.7474598e-01	-1.3873047e-01	1.0688900e-01	-2.0018589e-01	-3.0905437e-01	2.0088805e-01	1.5762533e-01	9.5180780e-02	1.9176604e-01	2.9101807e-01	-1.9511083e-01	-2.4176717e-02	-2.6017672e-01	-3.1970587e-01	-1.0575076e-01	1.2688329e-02	6.5844588e-02	-9.1262147e-02	1.1189533e-01	1.5257961e-02	-1.0338501e-01	-3.7110963e-01	-7.3836729e-02	-4.8050541e-01	1.2040551e-01	-1.3225521e-01	-6.6700421e-02	-2.0229490e-01	1.0888174e-01	-2.6613083e-01	7.0578292e-02	-2.6736638e-01	-4.5615833e-02	2.6411694e-02	8.4116474e-02	5.2029884e-01	-7.5093284e-03	3.5144198e-01	2.7422994e-01	2.4195105e-01	2.7272493e-01	3.3453020e-01	1.8689403e-01	-1.8104467e-01	5.2751444e-02	-1.2007000e-01	2.5527030e-01	1.6069961e-01	-1.3173250e-02	1.4733554e-01	-4.6816096e-02	-1.8163139e-01	-2.8230825e-01	-3.5110998e-01	1.1270374e-01	4.3517154e-02	4.9729962e-02	6.9302712e-03	-2.0192590e-01	-1.9687350e-01	1.5372761e-01	-2.8184611e-01	-1.6534721e-02	2.3546931e-03	-2.0019849e-01	-2.7545291e-01	-3.4260324e-01	-2.0456590e-01	-1.1515068e-01	2.6580179e-01	2.8561461e-01	-6.5292250e-03	3.2176998e-01	-2.5798386e-01	3.6255769e-02	1.1812323e-01	1.3372673e-01	2.4699531e-01	-1.5592660e-01	-1.6341636e-01	2.5950503e-01	-1.9303925e-01	1.1884420e-01	2.8361258e-01	2.5451036e-02	1.4894505e-01	-6.2042482e-02	2.4098516e-02	-1.4663397e-01	-1.8780091e-01	1.7879207e-01	-1.5410988e-01	2.4798086e-01	3.8795836e-02	-1.2614343e-01	1.4728159e-01	1.2983060e-01	2.3968732e-01	7.5926818e-02	-2.4100335e-01	1.1474987e-01	1.6687562e-01	9.5995240e-02	7.7468067e-02	-2.3810074e-01	2.3305003e-01	1.2150823e-01	2.9988009e-01	5.4803930e-02	1.5414381e-01	-1.9052508e-01	3.4632739e-01	1.9518030e-01	-2.4151942e-01	3.0108271e-03	4.1971168e-01	8.6371422e-02	-1.4808768e-01	-8.7162755e-02	-3.7271753e-02	3.5169882e-01	-4.7430731e-02	-6.0598934e-01	2.5484246e-01	-8.8700101e-02	-6.7408003e-02	5.4646511e-02	-2.6422860e-03	8.2661867e-02	-2.4193463e-01	1.2503798e-02	7.1564816e-02	-1.6175933e-01	-7.7235117e-03	-2.3425937e-01	1.9251864e-01	4.1002096e-03	5.0973687e-02	4.1184768e-02	1.5956563e-01
1.0756722e-01	2.3394845e-01	-2.0574532e-01	-7.5548604e-02	1.8693285e-01	-1.6560002e-01	1.5498721e-02	-6.5413773e-02	-1.0274161e-01	2.2433622e-01	-6.8956874e-02	2.4147274e-01	-2.8691811e-02	-2.2512384e-01	9.3235433e-02	-4.4841677e-02	-2.4284972e-01	-1.9043355e-01	-2.6023978e-01	2.7880830e-01	-2.8012410e-02	-7.1693160e-02	2.1193066e-01	3.0026495e-01	3.2279599e-01	1.9866718e-02	1.1972758e-02	2.2713564e-01	2.1703342e-01	1.2040918e-02	-1.8106942e-01	3.1089360e-01	2.3664467e-01	-1.3408245e-01	-7.8216419e-02	-7.2998226e-02	1.3132191e-01	8.1807010e-02	2.4058598e-01	8.3773382e-02	-7.7440485e-02	-2.9638642e-01	2.0859617e-01	-2.1157424e-01	-9.9420980e-02	6.2194522e-02	1.2350705e-01	8.7691784e-02	1.6150658e-01	-3.2274488e-02	2.0562834e-01	6.6625305e-02	-1.8864590e-01	-1.2711783e-01	4.1287490e-03	-9.5277399e-02	1.3512023e-01	2.8405419e-01	2.2158045e-01	3.9287135e-01	-5.2185182e-02	1.7197365e-01	-3.0644619e-01	-1.6478930e-01	-1.5599831e-02	4.4237599e-01	2.1586105e-01	-1.7913233e-01	1.7011508e-01	-7.1828954e-02	2.4729741e-01	-9.3995854e-02	-8.7653294e-02	6.0780864e-02	6.5825894e-02	-3.7652828e-02	-4.3443349e-01	-2.3076288e-01	-1.5934402e-01	3.7554067e-02	-2.6539364e-01	1.4223741e-01	1.6010755e-01	-2.9893064e-01	-1.2723692e-01	2.1410245e-01	3.0719347e-02	-3.4904052e-02	-1.6688621e-01	-3.3167288e-01	2.0753993e-01	2.9824361e-01	-2.6730120e-01	-1.6135767e-01	1.1712821e-01	5.0865871e-01	2.0582035e-01	-1.2203661e-01	8.9308821e-02	-1.4961878e-02	2.6860943e-01	-1.7445241e-01	-2.4455386e-01	2.4614953e-01	-3.2793483e-01	-1.5347156e-01	-9.2971288e-02	4.4003908e-02	-3.4709826e-01	-6.1803658e-02	9.0415142e-03	-1.3870612e-01	-2.6489368e-01	9.8531328e-02	-1.0893776e-01	1.9496332e-01	3.7757501e-02	1.6482796e-01	-8.3529107e-02	-1.0073734e-01	-3.1247792e-01	2.2292489e-01	9.3757406e-02	1.3235489e-01	-7.8856451e-03	-6.5185010e-02	1.3796738e-01	-1.1560185e-01	1.2202442e-01	-7.7287957e-02	-1.5608433e-01	2.3150858e-01	-1.0529560e-01	-1.6343147e-01	-1.6745457e-01	-3.0402565e-01	-4.1479662e-02	-1.3671093e-01	1.8666632e-01	-1.3297752e-01	1.4555517e-01	2.9321453e-01	2.3764942e-03	9.9004485e-02	1.3101825e-01	-1.7530705e-01	-8.3296359e-02	3.8771078e-02	-1.5001552e-01	1.8628478e-01	3.4708474e-02	-1.1301532e-02	1.0041059e-01	1.5673963e-02	1.1252455e-01	2.4377380e-01	7.9071805e-02	-1.6890593e-01	-2.1419728e-01	4.9428314e-02	2.7294803e-01	5.9621386e-02	2.6955472e-02	2.5128257e-01	-2.0535079e-01	-2.0169838e-01	4.7296518e-03	-2.5257474e-01	6.9670379e-02	1.5799145e-01	-2.5089139e-01	8.0518901e-02	-4.0044621e-02	9.4447404e-02	-2.0255996e-01	-2.8115004e-01	-2.6993793e-01	-4.9187239e-02	3.0980874e-02	-5.8379535e-02	3.1259120e-01	1.1682092e-01	-2.3881638e-01	7.3657274e-02	-1.4131130e-01	1.0919287e-01	-3.4252357e-01	-1.6004021e-01	-8.1355147e-02	1.1213519e-01	1.3175385e-01	-1.7734267e-01	1.7110425e-01	-2.5593075e-01	-2.6491201e-01	5.7608232e-02	-8.2085155e-02	-1.8023618e-01	-9.2500016e-02	-8.6834081e-02	-3.3831227e-01	7.9307795e-02	2.7077103e-01	-1.3560019e-01	-2.5064501e-01	-7.2484285e-02	2.2555615e-01	-8.0486454e-02	8.1211790e-02	5.7901867e-02	-9.4385326e-02	-1.2282016e-01	7.0667885e-02	2.9335275e-01	1.8782219e-01	-2.0504089e-01	-2.6620671e-01	4.4264724e-03	-9.5073350e-02	-1.0867120e-01	1.4201905e-01	3.0788973e-01	2.3626859e-01	-7.1000025e-02	-2.7334884e-01	1.6414377e-01	1.9695453e-01	1.1564184e-01	3.1644464e-02	1.0111203e-01	-2.3902959e-01	-1.5752473e-01	1.2700325e-02	-2.5971374e-01	3.8266301e-02	-6.3057266e-02	-6.1513625e-02	-1.0691217e-01	-2.5090891e-01	1.4000183e-01	5.4055531e-02	-2.4901302e-01	-9.4898537e-02	-1.6873540e-01	-1.0451038e-01	-1.0394790e-01	2.5858417e-01	1.2481886e-02	2.2036528e-02	-1.3540530e-01	-1.8335459e-01	8.6238325e-02	3.0647370e-01	-1.5225224e-01	-3.3427188e-01	-3.0942258e-01	4.2459846e-02	1.2416647e-01	2.8679228e-01	1.0684764e-01	-1.0740599e-01	-9.8134488e-02	1.0196052e-01	1.7425554e-01	2.3966704e-01	-9.2408463e-02	4.1360810e-02	-9.5804833e-02	1.1260742e-01	9.7409822e-02	1.7263493e-01	1.1373688e-02	1.9661996e-01	-8.1688240e-02	2.9447237e-01	-8.8786095e-02	2.1146862e-02	2.6666251e-01	-1.3003238e-02	-5.0957881e-02	-1.6500865e-01	-4.1267537e-02	1.3603538e-01	2.4829602e-01	-2.3173849e-01	-1.3331605e-01	-2.4161246e-01	3.8316332e-02	2.3884735e-01	1.7859994e-01	5.1586747e-02	2.2131293e-01	1.2402696e-01	2.2371553e-01	-2.5610837e-01	-7.2765365e-02	-6.7772508e-02	-3.2628849e-01	-1.1148349e-01	1.8730047e-01	-6.2980652e-02	-2.7051866e-01	-1.6380104e-01	-1.9848263e-01	1.1615007e-01	2.4399498e-01	-2.8910658e-01	-2.8558999e-01	2.3723449e-01	1.0049865e-01	-2.9886019e-01	-2.3521543e-01	-1.7022346e-01	9.1849007e-02	-2.4857537e-01	-1.9325677e-01	-7.9634756e-02	9.2726953e-02	9.7417191e-02	1.8999271e-02	-1.8587470e-02	4.7769416e-02	-8.8181295e-02	-2.0266901e-01	-9.8991580e-02	9.1138087e-02	-2.0998532e-01	-1.1431352e-01	-3.8809130e-01	5.1201530e-02	-3.1840774e-01	-3.4585947e-01	1.8568835e-01	2.0598146e-01	5.3097468e-02	-3.3075374e-01	-2.4147574e-02	-1.5121663e-01	1.5601613e-01	-1.3664110e-01	2.6782602e-01	-2.0063469e-01	-1.5441488e-02	-3.2366621e-01	5.3128012e-02	5.4713976e-02	-1.9565578e-01	-1.2733938e-01	-1.3087411e-01	1.8835075e-01	3.0837029e-01	-4.5818586e-02	2.1591052e-01	-2.6624233e-01	-4.9834207e-02	3.0929640e-01	-2.2035685e-01	3.9337199e-02	-2.7368507e-01	1.8341085e-02	-3.8393396e-01	3.8754333e-02	-4.5784608e-02	4.5617864e-02	3.2163829e-02	8.3539754e-02	1.3755623e-01	-2.7766967e-01	-1.1548381e-01	2.4408747e-01	-2.2109237e-01	-3.8677707e-02	-1.4956543e-02	-1.4592278e-01	-8.6034149e-02	1.5622486e-01	1.2037808e-01	-2.4298419e-01	3.2535294e-01	3.2021224e-01	1.6211800e-01	-2.8429294e-01	2.7916458e-01	2.5160375e-01	8.7232813e-02	8.9562923e-02	1.3778782e-02	1.1463537e-02	-3.4153920e-02	1.8668723e-01	1.1791228e-02	1.4336008e-01	1.0531078e-01	3.7739628e-03	1.7203583e-01	-2.7027494e-01	1.1693222e-01	-2.5381080e-03	5.2205790e-02	-3.1862810e-01	-6.0832746e-02	-1.4639468e-01	-1.3550512e-01	9.1217913e-02	-2.4892206e-01	-1.2146789e-02	-1.2178293e-01	-1.3343787e-01	-4.5230683e-02	-1.6451252e-01	2.5811350e-01	2.2529716e-02	-3.2114446e-02	1.1158373e-01	-3.6879666e-02	1.8743989e-01	2.8576717e-02	2.4154168e-01	-1.8433006e-01	-1.9520496e-01	-5.9232142e-02	3.5000941e-01	-2.7265739e-01	-1.0270371e-01	1.0302331e-01	1.0737687e-01	2.8777096e-01	-1.6254416e-01	-1.6337278e-01	1.7731254e-01	2.9489633e-01	-1.7425431e-01	-2.8044638e-01	2.8479761e-01	-6.5575287e-02	2.8884066e-02	-2.2300321e-01	-1.8366528e-01	-3.6314435e-02	-9.7902849e-02	-2.1241398e-01	1.0161087e-01	2.3010235e-01	-2.1297316e-01	-2.9759789e-01	2.6071206e-02	-2.9066223e-01	-3.6223006e-02	-9.9711239e-02	2.9930124e-01	-9.9217974e-02	-1.6525852e-02	1.5339726e-01	5.2717850e-02	2.2404605e-01	1.1558084e-01	-1.8481880e-01	-3.1982535e-01	2.1017702e-01	-2.2050089e-01	-1.2038164e-01	-6.9687091e-02	-6.5473445e-02	2.0055148e-01	-1.6628960e-01	-1.2718637e-01	-1.3408773e-01	-1.8605673e-01	-2.1133626e-02	1.3009425e-01	3.2605791e-01	2.6301963e-02	1.2394810e-02	-5.5061404e-02	1.3059133e-01	2.8238049e-01	-2.0515012e-02	3.4190826e-02	2.7230248e-01	-2.5523886e-01	-4.3902397e-03	-2.3541197e-01	-1.2117745e-01	-6.1760239e-02	-9.5735788e-03	-4.9415741e-02	5.5919841e-02	1.1163694e-01	2.0548213e-01	-2.7417266e-01	-2.1512857e-01	7.6158397e-02	2.8269067e-01	-2.2921138e-01	7.8415304e-02	-2.7532545e-01	-2.9967684e-01	-2.3076141e-01	-4.0051315e-02	-2.3607364e-01	4.0090650e-02	-2.8562662e-01	1.5399641e-01	-7.2751746e-02	-1.7670804e-01	-2.1286017e-01	6.2528983e-02	-7.2090805e-02	-2.4975410e-01	-1.5909447e-01	-9.1328934e-02	-2.5440007e-01	2.9709879e-01	-9.8013747e-03	-2.0741781e-02	9.8701626e-02	-9.8645709e-02	1.9014141e-01	-5.4686420e-02	-2.5883970e-01	1.9005914e-01	4.4720031e-02	-1.0530508e-01	-2.9675052e-01	1.6498250e-01	-2.1855593e-01	-9.0452984e-02	1.5748481e-01	6.5480120e-02	1.3131258e-01	-1.0219467e-01	-8.7687485e-02	-2.8076974e-01	-8.4804997e-02	-5.5069208e-02	-2.1611351e-01	2.3220509e-01	-3.0405575e-01	2.7792630e-01	1.3859831e-01	2.0423885e-01	-1.7993721e-01	-3.6321315e-01	7.7695162e-03	-2.3146865e-01	-1.5382472e-01	2.3609997e-01	-2.9615319e-01	2.7074358e-01	-7.7786162e-02	-2.3911223e-01	-1.0736451e-02	-1.7909126e-01	-3.9377666e-01	1.5069312e-01	-5.6329846e-02	3.0662242e-01	-2.6404426e-01	-1.2253894e-01	1.5343916e-01	3.3516917e-01	2.8133243e-01	1.2440732e-01	-2.6102895e-02	2.9696211e-01	-4.2126513e-01	9.0886816e-02	3.7561450e-02	-1.4588055e-01	-3.0999902e-01	-6.6471510e-02	-2.3183905e-02	-1.7936592e-01	-1.1396115e-01	-2.4170609e-01	-1.7797051e-01	2.4616157e-01	3.9280206e-01	-5.6747049e-02	-1.7768431e-01	2.3371619e-01	2.0166130e-01	1.2540261e-01	-2.3584871e-01	-3.1142381e-01	7.3297964e-03	-5.2610230e-01	-5.6922562e-02	5.6505941e-02	-2.2317222e-01	1.7207117e-01	3.3326292e-01	2.4735820e-01	3.5621279e-01	-1.1854958e-01	-2.9790670e-01	-2.9850218e-01	3.4685871e-01	5.5265620e-02	1.4056462e-01	6.2626256e-03	1.3109164e-01	-4.2502189e-01	2.4153015e-01	-9.7635224e-02	1.0638003e-01	8.7523870e-02	2.5247940e-01	-2.8223655e-01	-1.4429022e-01	-1.3281144e-01	2.7205324e-01	-1.4275037e-02	2.7482438e-01	1.2688555e-01	3.5653356e-01	4.2711344e-02	-2.0776674e-02	8.4158964e-02	-9.4232589e-02	1.5359932e-01	5.9495948e-02	-1.2479120e-01	1.9465534e-01	-1.4063287e-01	-1.6008271e-01	-2.1351151e-01	8.5352570e-02	1.7326863e-01	-1.3257131e-01	3.0392641e-01	-3.6241522e-03	3.4554055e-01	1.9077842e-01	-4.2204339e-02	-3.2933027e-02	3.3198816e-01	3.1668741e-01	6.9508269e-02	-1.3329005e-01	9.5928334e-02	2.6729134e-01	9.1485158e-02	-4.7954473e-01	3.6021308e-03	-1.1143053e-01	2.1117213e-01	-2.1398896e-01	4.8541009e-02	1.7610817e-01	-2.5128141e-01	1.1468041e-01	1.2050036e-01	-2.9881591e-01	-1.9838342e-01	2.4377088e-01	2.1501264e-01	1.6420563e-01	-2.8811139e-01	2.5522131e-01	1.7940652e-01	-1.0797425e-01	1.3392299e-01	-1.4712562e-01	6.9382071e-02	2.4133542e-01	-2.0811866e-01	-2.0677769e-01	-6.5425597e-02	1.6854387e-02	2.1685407e-01	2.6979741e-01	1.5256341e-01	1.1880583e-02	2.8845760e-01	-1.5453026e-01	-2.3865156e-01	3.3317499e-02	8.1309825e-03	-4.7264632e-02	1.1552589e-01	-4.9986251e-02	2.2800070e-01	2.2902195e-01	4.9109731e-02	-2.8095636e-01	5.2185118e-02	-1.0478200e-02	1.8301235e-01	-3.3073544e-03	2.0748506e-01	-1.6296105e-02	9.7422674e-03	6.9004275e-02	-7.4556082e-02	-1.5609328e-01	2.5199637e-01	5.5053309e-02	1.9812183e-01	-6.5246411e-02	-1.3252692e-01	8.8660225e-02	-2.6282996e-01	1.8326777e-01	-1.2428150e-01	-8.8878758e-02	-1.1628765e-01	-4.3916468e-02	-2.7915835e-04	-1.2638004e-01	2.3145933e-01	-2.1514016e-01	-2.1366492e-01	-1.2455153e-01	1.3071781e-01	-9.9171549e-02	-6.0361829e-02	-1.1740521e-01	-2.7475929e-01	-1.7186725e-01	2.5152594e-01	-1.7101490e-03	-9.5855996e-02	-2.6687145e-01	-1.4830413e-01	-9.3549430e-02	-9.8876558e-02	-2.9181874e-01	-5.1599819e-02	1.7972670e-01	3.0158013e-01	-1.7798336e-01	-2.0020288e-01	7.8713715e-02	-4.5835976e-02	-1.8399997e-01	-2.1037281e-01	-1.6154459e-01	4.5424178e-02	-1.2192402e-01	-2.6941627e-01	-1.0975013e-01	-2.2126818e-01	-1.3312691e-01	-2.7200761e-01	-5.8140587e-02	-5.6042630e-02	1.7599131e-01	-1.4878628e-01	1.8846083e-01	-8.1889242e-02	-1.2736996e-01	-1.2957597e-01	2.9273000e-01	1.0182261e-01	-5.0667729e-02	-2.6392448e-01	-7.2931424e-02	-9.0378746e-02	-1.2490717e-01	-5.0458312e-04	-2.4064676e-01	2.3793718e-01	2.3786940e-02	-2.8683907e-01	2.4296989e-01	-2.1751738e-01	-1.1953557e-01	-2.5476986e-01	-1.5243493e-01	-2.4478856e-04	-1.3179767e-01	1.4027104e-01	-8.9925736e-02	-8.7545566e-02	2.8369248e-01	-4.9417764e-02	4.4281256e-01	-4.2059818e-01	1.6718457e-02	1.1447293e-01	-2.3159477e-01	8.9078672e-02	1.3330607e-01	-4.5075712e-01	-2.7890526e-02	2.7555487e-01	9.2333995e-02	-3.8496527e-01	6.0420018e-02	1.7821662e-02	-2.0778303e-01	1.6345875e-01	5.1192604e-02	-8.0903601e-03	9.7359926e-02	-1.2282070e-01	-2.8132901e-01	1.3475710e-01	-8.3908439e-03	1.7762777e-01	-1.9374208e-01	6.5188408e-02	-2.4946146e-01	-2.4297167e-01	-1.8425259e-01	-3.2248810e-02	4.9691737e-02	-1.7411096e-01	-1.9286112e-01	-1.5190136e-01	1.8653750e-01	-2.8216060e-02	-1.1653956e-01	1.6532554e-01	1.2379663e-01	-1.6729267e-01	1.5057216e-02	-8.0937229e-02	-1.7728324e-01	-1.6996723e-01	-6.3922860e-02	-1.8170603e-01	6.5546557e-02	9.8630458e-02	-1.2298778e-01	2.0327432e-01	1.2376577e-02	1.4905241e-02	6.0369503e-02	-2.4078341e-01	-2.2426626e-01	2.7111548e-01	4.8638865e-02	-3.2244030e-02	2.9781419e-01	1.2032770e-01	-2.4213693e-01	-2.5750631e-01	2.2805604e-01	-2.4657094e-01	-1.8530779e-01	-7.7774189e-02	1.0031100e-01	-1.1416043e-01	-2.2841389e-01	2.2054170e-01	-3.5126448e-01	1.8663934e-01	-1.1880152e-01	9.9793814e-02	-1.1335237e-02	8.3435692e-02	1.1077452e-01	-2.5345206e-01	1.4523421e-01	1.1653589e-01	2.3512599e-01	2.1725856e-01	2.2731766e-01	1.5406275e-01	1.1324824e-01	-3.4944975e-01	-2.3344269e-03	-1.8253201e-01	9.3305536e-02	-8.1373444e-03	3.7144727e-01	1.0068829e-01	-1.6750792e-01	-3.4819478e-03	-2.2902647e-01	2.0563588e-01	-2.7258366e-01	7.9632632e-02	1.3720429e-01	2.5670969e-01	2.0841064e-01	3.4441460e-02	-1.3877141e-01	2.2789620e-01	-1.0498590e-01	4.7453615e-01	-1.2179126e-01	2.0810144e-01	2.4692771e-01	-1.9588472e-01	1.8455604e-01	-1.1995044e-01	-2.5379974e-01	7.9717532e-02	5.8734305e-02	-2.7975162e-02	2.3885866e-01	-3.2766086e-01	-1.3596380e-01	-2.2040466e-02	-2.3378463e-01	2.9733244e-01	1.1537461e-01	-1.9668333e-01	2.3841542e-01	9.2830993e-02	-3.0541757e-01	-3.8849902e-01	-2.9142939e-02	6.0698368e-02	-7.6881790e-04	1.7391855e-01	-3.3213890e-01	-4.0677182e-02	2.3128040e-01	6.1939597e-02	3.8382977e-02	1.2174312e-01	-1.6481218e-01	1.5446302e-02	-1.4551082e-01	-2.7473998e-01	9.2561871e-02	-1.1405684e-01	-2.0629628e-01	3.8874846e-02	2.6811707e-01	6.9207236e-02	-2.8936449e-01	-1.9064583e-01	1.9372612e-01	-2.5333497e-01	-1.0754079e-02	1.9665988e-01	3.2164257e-02	-5.9851296e-02	1.2191028e-01	-2.3069775e-01	1.1764543e-01	2.0663109e-01	2.4620458e-01	-5.2902110e-02	1.2717792e-01	4.8478875e-02	-1.8289438e-01	5.7718821e-02	1.6278480e-01	-1.5519217e-01	-3.1761676e-01	-2.6691762e-01	3.0167323e-02	5.6642495e-02	7.6767288e-02	2.7148268e-01	1.3083951e-01	2.0789897e-01	-4.7849875e-02	1.0656350e-02	2.1416762e-01	-3.0889326e-01	-1.7893545e-01	-2.5727417e-02	-2.5686654e-01	4.0180847e-02	6.4422324e-02	2.6506114e-01	2.1839023e-01	2.2757477e-01	2.6860249e-01	-2.2646892e-01	6.0051601e-02	-1.1148284e-01	1.1143818e-01	1.7334412e-01	8.2428060e-02	-1.3833512e-01	-1.6140926e-01	-1.8595140e-01	-1.1221703e-01	1.2267820e-01	1.2674996e-01	2.2054568e-01	-1.8681182e-02	-2.9212359e-01	2.3908025e-01	1.5381919e-01	2.6309627e-01	-2.4355288e-01	-3.0817708e-01	-2.4961379e-01	4.6283681e-02	1.9669153e-01	-5.6228925e-02	-2.7695432e-01	6.7562722e-02	9.4716914e-02	-8.4951863e-02	1.0799016e-01	-3.7540966e-01	-1.2967120e-01	-1.6300324e-01	2.6071727e-01	-8.8037364e-02	5.2697472e-02	-1.3577636e-01	2.6069203e-02	-2.3253471e-01	-1.9281407e-01	1.1648468e-01	-8.0830306e-02	3.0211279e-02	-1.5669785e-01	-6.1293364e-02	7.7699721e-02	-2.3043311e-01	1.7828822e-01	1.2187044e-01	1.9913456e-01	2.6771119e-01	4.5055069e-02	1.4379255e-02	3.4717876e-01	1.2081768e-02	2.3887661e-01	1.7098585e-01	1.3284992e-01	1.1030853e-01
-4.8628606e-02	-3.3633262e-01	-1.0571049e-01	3.5221928e-01	-3.3158490e-01	7.6476666e-03	6.3647881e-02	-1.2723619e-01	-4.9687810e-03	8.3382905e-02	-1.0230888e-01	-4.6358477e-02	3.9425373e-01	-2.5895195e-02	9.4166189e-02	3.5412785e-01	-1.0172883e-01	-2.9455745e-01	1.7514211e-01	-2.8337669e-01	8.3627857e-02	-1.6990948e-01	3.8885051e-01	-3.2537094e-01	3.7575863e-02	-6.8122171e-02	-5.9742123e-02	-3.1100541e-01	3.3005765e-01	2.3402374e-02	-3.2842177e-01	1.5315719e-01
