9
input	23
dense	32
relu	0
dense	32
relu	0
dense	32
relu	0
dense	1
linear	0
7.999999979801942e-06
1.7014591e-02	1.3414375e-01	5.9443217e-05	-1.3985865e-02	-2.1187494e-02	-4.3165755e-02	7.0218042e-02	1.2249897e-02	-2.7783364e-02	-8.4171079e-02	-1.5790349e-02	-3.9399456e-02	8.5020483e-02	1.6715571e-03	-3.2170672e-02	-4.6585958e-02	-1.0506695e-01	4.2283155e-02	7.3881522e-02	-2.5713755e-02	-7.5900681e-02	2.3307640e-02	-1.1875278e-02	1.4436616e-01	6.0327843e-02	-6.4768210e-02	-6.1627034e-02	-1.2599212e-03	-1.9288693e-02	-9.4055161e-03	4.7412408e-03	-5.9871208e-02
-4.3011956e-02	1.4126203e-02	-4.1547403e-02	-4.9328405e-02	-3.6356308e-02	-7.0512168e-02	-7.9835907e-02	7.4408367e-02	-1.0903174e-01	-7.1505019e-03	-5.7300203e-04	7.3889285e-02	-4.1716278e-02	-1.9051956e-02	1.8488368e-02	4.7904711e-02	3.3972330e-02	8.5847666e-03	-1.5096176e-02	-9.0570981e-03	5.4174080e-02	-1.0586492e-01	-2.2385413e-02	2.1121591e-02	-2.3335310e-02	6.9277332e-05	4.9423561e-03	1.1557349e-01	-1.6732620e-02	5.5347942e-02	1.6254814e-02	-2.6303107e-02
-3.6656991e-02	-5.5102702e-02	-6.8507254e-02	-6.8979010e-02	-3.4764703e-02	-3.0514115e-02	8.8371942e-03	-2.9185301e-02	-4.2696632e-02	-3.3696651e-02	-6.7064241e-02	-7.0157006e-02	-3.7341382e-02	-6.9216773e-02	-1.5472088e-02	-2.9343080e-02	-3.2576159e-02	-5.4667678e-02	5.2916557e-03	-4.6862256e-02	-4.3464381e-02	-2.8272280e-02	-3.0816309e-02	-6.5613486e-02	-7.4005924e-02	-1.7936747e-03	-9.5593343e-03	-5.4138899e-02	-6.9651663e-02	-3.9060853e-02	-1.3120377e-03	-7.0003070e-02
-8.8053530e-05
4.3398285e-01	1.0926447e+00	5.1280296e-01	2.4636289e-02	-5.1847976e-02	-4.4898498e-01	1.5043481e-01	-1.4156647e-01	1.0077060e-01	2.4846454e-01	-2.7781218e-01	7.8795034e-01	4.2867456e-02	5.0816990e-02	-9.6505687e-02	5.2116793e-02	-1.6518322e-01	-3.6240956e-03	3.1754243e-01	1.8911242e-01	2.7093649e-01	-8.9435138e-02	1.5078071e-02	-2.3197673e-01	-3.9871000e-02	-4.1079107e-01	-2.3100239e-01	-2.2310834e-01	-4.1439581e-01	-5.5503678e-01	-5.0629073e-01	-2.5442001e-01	7.6172099e-02	8.1687957e-02	4.9954947e-02	-2.2259966e-01	-2.2716622e-01	-1.3994445e-01	-1.2376638e-01	3.5581499e-01	-1.8504970e-01	3.0111766e-01	-3.1178150e-01	2.1434213e-01	7.2708525e-02	4.5253661e-02	1.2576228e-01	9.7266227e-01	5.9214234e-01	-3.4291866e-01	-4.2867240e-01	-3.4695435e-01	-2.2693914e-01	1.8613197e-01	-2.6469365e-01	2.4696973e-01	1.9135976e-01	1.2596585e-01	-1.3190171e-01	9.3041979e-02	-9.0264596e-02	-2.1825267e-01	1.5874778e-01	-2.3831253e-01	-3.1198514e-01	-6.4830887e-01	-4.2427710e-01	-4.3354681e-01	2.2281311e-01	2.1904247e-01	9.6863145e-01	5.6229460e-01	7.9935513e-02	-2.8001073e-01	-4.4125164e-01	5.1081896e-02	3.0891791e-01	2.1752294e-02	-2.0248912e-01	-8.0302572e-03	6.1909980e-01	2.9998812e-01	-5.5914175e-02	-5.0443648e-03	4.3691799e-02	1.3809922e-01	-1.9729754e-01	-1.5625964e-01	2.7678618e-01	-1.9009718e-01	8.0700638e-03	9.8765127e-02	-3.6628321e-01	-9.5675349e-01	-1.7984284e-01	2.6119795e-01	4.7021565e-01	4.6005180e-01	3.3477336e-01	8.6648040e-02	-1.4944111e-01	1.4419460e-01	-2.5730345e-01	7.9034604e-03	-6.4423814e-02	-3.7752599e-02	6.6552676e-02	-3.2658073e-01	-1.9816311e-01	-3.5657018e-01	-5.8753811e-02	-4.1167152e-01	2.1382986e-02	1.0986660e-01	-4.6980597e-02	-3.2504952e-01	-6.4595765e-01	-4.8083246e-01	3.5575405e-01	2.2692510e-01	2.9558229e-01	2.1334523e-01	2.9036846e-02	8.6135469e-02	1.4412633e-01	-1.9430552e-02	-6.4233977e-01	-3.0673084e-01	-3.1385902e-01	1.0247961e-01	-1.9301482e-01	-6.1145063e-02	1.1907049e-01	3.0079335e-02	1.5454125e-01	2.3605567e-01	2.5522017e-01	-2.0109431e-01	4.0163890e-02	1.2937347e-02	7.0357613e-02	3.9376014e-01	1.0987476e-01	1.5073818e-01	-4.4370671e-03	-1.9786537e-01	-1.8627687e-01	-3.0772701e-01	2.9283208e-01	2.9042453e-01	2.5911081e-01	3.6898789e-01	1.7995344e-02	1.5864727e-01	-2.0401050e-01	2.8938627e-01	1.5224008e-01	3.0279860e-02	4.3580136e-01	-2.5117077e-02	3.6682814e-01	3.0583376e-01	1.1932108e+00	5.5590600e-01	-1.6567661e-01	1.3235128e-01	-5.1529282e-01	-6.7048505e-02	6.6304997e-02	-3.0534187e-01	1.4030258e-01	1.0816053e-01	5.0093323e-01	1.9813976e-01	3.0084470e-01	-7.1506590e-02	1.9367178e-01	2.8929722e-02	3.7161916e-02	-2.6499888e-01	2.1086176e-01	-7.1206443e-02	-5.3997412e-02	1.6985676e-01	-2.7932942e-01	-1.0141340e+00	-4.8725161e-01	-8.1802189e-02	1.8547389e-01	5.2260852e-01	2.9016616e-02	2.2102185e-01	-1.7135724e-01	2.5282618e-01	-7.0264243e-02	-4.8545089e-01	-4.2303093e-02	-2.1598576e-01	-1.1822181e-01	-1.8973389e-01	-2.4945040e-01	6.9370680e-02	-4.4134822e-02	2.9835469e-01	9.3405865e-02	1.3232972e-01	5.5182673e-02	-7.4021570e-02	-6.8180645e-01	-4.5276318e-02	-1.0139259e-01	2.4799618e-01	1.9969356e-01	3.2151249e-01	1.3096710e-01	9.7990200e-02	2.4429946e-01	-1.6821891e-01	-3.1105644e-01	1.4267257e-01	-3.2696095e-01	1.2457738e-01	2.5180951e-01	1.3519217e-01	6.7231432e-02	-1.4353016e-02	2.2902595e-01	-3.5353628e-01	7.4061453e-02	3.6933076e-02	1.3191815e-01	-3.7149951e-01	1.4916436e-01	-3.7814355e-01	-9.5008202e-02	2.3325819e-01	4.9772702e-02	8.7182514e-02	1.4168778e-01	-7.2629876e-02	-3.3585873e-01	-1.5946310e-02	-2.5330472e-01	1.1395099e-01	7.4173376e-02	2.8573325e-01	-1.5074185e-01	4.8647936e-02	2.2082721e-01	2.1597660e-01	4.0927500e-01	-2.0311438e-01	1.9210008e-01	-3.2943454e-01	-7.6170020e-02	1.6035804e-01	5.1216766e-02	1.5716182e-01	-1.4564997e-01	-6.9788748e-01	-6.8557358e-01	-2.1830644e-01	-4.7127035e-01	3.3454362e-02	-3.0185044e-01	-2.1510275e-01	-2.0028111e-01	-1.3221785e-02	-1.4032552e-01	5.1738615e-03	1.1060653e-01	-1.8203266e-01	2.7526835e-01	-2.4242233e-01	-1.6282479e-01	-1.2337120e-01	-1.8314682e-01	1.1203476e-01	3.9399423e-02	-2.2240562e-02	4.2082399e-01	1.4196949e-01	-3.5920879e-01	-6.6688322e-02	-5.9569623e-02	-4.3333206e-02	-1.1621814e-02	1.7514150e-01	-2.5399092e-01	-3.3194464e-01	-7.7906571e-02	-2.3939534e-01	-2.5204346e-01	-1.5826744e-01	-2.9254544e-01	2.3122845e-02	4.1151801e-01	2.3354617e-01	3.8033190e-01	-1.6348347e-01	-2.9047206e-02	-6.9617994e-02	2.9241067e-01	1.0281534e-01	-2.8199199e-01	2.8090471e-01	-1.0224591e-03	4.2385543e-03	-1.3246101e-02	-3.3290672e-01	-3.5832644e-01	1.7124882e-01	-1.0853072e-01	1.0472333e-01	1.7155108e-01	-2.7725196e-01	3.1031040e-03	1.6274738e-01	-3.1399831e-01	-3.5791126e-01	2.4846311e-01	1.5410125e-01	-1.8777405e-01	-1.1806391e+00	-5.8035004e-01	-1.5269074e-01	3.0908832e-01	4.4529277e-01	3.3041233e-01	6.6379175e-02	-2.8146982e-01	1.9185658e-01	3.1127763e-01	-4.8355448e-01	-3.5538968e-01	-2.2082110e-01	2.2526132e-02	1.2962069e-01	8.5651226e-02	-1.6890867e-02	5.9877066e-03	9.5943600e-02	-1.2687935e-01	1.1956867e-01	1.1104141e-01	-1.6209708e-01	2.4766232e-01	1.8608293e-01	-2.6141030e-01	-2.2912912e-01	-4.5359308e-01	2.8654185e-01	-3.0866516e-01	9.2434585e-02	-4.7449549e-03	3.3779487e-01	3.9878879e-02	-2.6730859e-01	-5.0053302e-02	-2.8417554e-01	6.1099278e-03	-1.4723977e-01	1.8289806e-01	2.0973174e-01	1.3387601e-01	-1.7874148e-02	2.3810026e-01	-1.7102967e-01	2.4054213e-01	1.1430411e+00	4.1027391e-01	9.9466652e-02	-3.0743402e-01	-2.6145607e-01	-1.5261330e-01	1.9736673e-01	2.0341413e-01	6.6347905e-02	4.7017146e-02	7.5045514e-01	-5.1725093e-02	2.0430849e-01	1.8496542e-01	-2.2867063e-01	-2.4826685e-01	1.7586309e-01	-2.8365090e-01	9.6934345e-03	1.2522811e-01	-2.0050542e-02	6.6253632e-02	-2.2713585e-02	-1.8359244e-01	-5.0441933e-01	-4.5155835e-01	-3.5452947e-01	-4.7155496e-01	-2.5984976e-01	-5.2739298e-01	-1.1614112e-01	-4.7189939e-01	-8.2149401e-02	9.0373605e-02	-2.7903983e-01	2.0018020e-01	1.7457718e-02	-7.9495581e-03	-1.3579230e-01	1.9168605e-01	2.3782754e-01	-1.5791008e-01	3.1114712e-01	-1.9032678e-01	3.9936566e-01	-1.7746276e-01	-4.2722389e-01	-8.4066397e-01	-3.9705455e-01	2.6861751e-01	3.0550152e-01	-3.2051760e-01	-5.3264052e-01	2.6457142e-02	1.9825846e-02	1.8476783e-01	-2.2848944e-01	2.1053304e-01	-3.7436000e-01	2.3633553e-01	1.0660152e-01	1.0956968e-01	-8.2465157e-02	-9.1713347e-02	-1.5756974e-01	2.7906910e-01	-7.6059317e-03	8.0251418e-02	2.5059450e-01	4.3946591e-01	-1.0320708e-01	-6.0928935e-01	-5.2918190e-01	-1.1788519e-01	2.5746602e-01	1.8212958e-01	-2.8597647e-02	-2.3316878e-01	-1.6706107e-02	5.5957884e-01	-5.7115346e-02	-1.1950776e-01	1.4220463e-01	3.5737867e-03	4.9073968e-02	4.3885890e-02	-1.0974689e-01	2.7242473e-01	-2.0763431e-01	-3.9332101e-01	-1.1009414e-01	2.1150544e-01	1.3676819e-02	-1.6404991e-01	1.0450543e-01	8.9705095e-02	1.4958858e-01	1.7845654e-01	-2.1967310e-01	2.7661136e-01	-3.2038879e-01	2.5282359e-01	1.5687588e-01	-9.3501478e-02	1.9799112e-01	1.5616022e-02	2.6240700e-01	-3.9114186e-01	6.1332446e-02	-4.5457855e-02	-9.8689608e-02	-1.8162353e-01	6.2184948e-01	-3.4476909e-01	-3.3773991e-01	-3.1193368e-02	5.5824827e-02	-1.0790227e-01	8.0746755e-02	7.0188232e-02	-1.2406517e-02	-1.1068713e-01	4.0484209e-02	-1.6782938e-01	6.3596838e-03	1.0084014e-01	-3.9749998e-01	2.2869578e-01	2.8731319e-01	-1.7713563e-01	2.9242584e-02	2.1178415e-01	1.8975250e-01	-8.0084704e-02	-2.0580538e-01	5.2317422e-02	-8.9332961e-02	2.2492756e-01	1.8857196e-01	2.9481584e-01	-8.2014918e-02	-3.6810815e-02	2.5640532e-01	-1.6305120e-01	-3.2263625e-01	1.1143903e-01	1.8394116e-01	-8.9958692e-03	4.2761598e-02	-2.8100032e-01	-2.0198375e-01	-2.2253117e-01	-2.7028459e-01	3.0017200e-01	2.1847184e-01	1.8368155e-01	7.3962420e-02	3.8326284e-01	3.6789441e-01	1.3692649e-01	2.7369155e-02	-3.4353274e-01	-6.9991982e-01	-2.4736251e-01	1.9995984e-01	4.0842625e-01	-7.3677582e-01	-2.8900310e-01	3.3387935e-01	-7.4180014e-02	-1.0683823e-01	3.0203726e-02	8.5651390e-02	2.1475358e-01	1.2918241e-01	-2.1572019e-01	1.5132745e-01	-1.5407413e-01	2.0452094e-01	-7.7767961e-02	-7.6972038e-02	-8.7206736e-02	6.6859964e-03	-1.1182542e-01	3.2760647e-01	6.2098545e-01	7.1609515e-01	-1.9546326e-02	-6.8877055e-03	4.1664565e-01	-2.2121413e-01	-3.7138611e-01	-6.3448295e-02	1.0292886e-01	-3.6237016e-01	2.1301775e-01	3.7721518e-01	5.5054810e-02	-1.7818765e-01	3.1071505e-02	-4.4239815e-02	1.1301762e-01	-1.3393623e-01	-2.6261955e-01	-5.1915860e-01	1.2019868e-01	-4.8372507e-01	-7.8484625e-01	-2.7190414e-01	2.5400382e-01	1.9108562e-01	2.5759083e-01	3.6971414e-01	2.3435639e-01	1.4559437e-01	1.4660554e-01	1.5998933e-01	-4.3950370e-01	-1.7790115e-01	1.7227034e-01	-2.7114376e-01	2.7703822e-01	1.7287189e-01	-2.7195677e-01	-3.3053026e-02	-7.7071644e-02	-8.2028754e-02	3.3224326e-02	-2.7661648e-01	2.0871332e-01	3.8012478e-01	3.0898193e-01	3.4984601e-01	-2.1652119e-01	9.1300085e-02	-5.5847760e-02	-1.4792983e-02	5.5706702e-02	-1.4696205e-01	1.2695661e-01	9.5314759e-01	1.3656639e-01	-1.6758893e-01	1.9241163e-01	1.1513193e-01	2.1599905e-01	7.3642135e-02	1.5280339e-01	-1.8182699e-01	2.3335269e-01	2.8137654e-01	-2.4174586e-02	2.3006545e-01	-9.5466179e-01	-5.1776785e-01	-1.4766822e-02	4.5052592e-02	3.6118519e-01	-1.8025278e-01	1.3906883e-01	1.1000034e-01	-1.2752514e-01	4.8727454e-03	-1.7778181e-01	-2.6210928e-01	-3.4374498e-02	-2.1528873e-01	-3.0298877e-01	-2.7782658e-02	2.0921515e-01	2.0233208e-01	2.9778454e-01	1.1450412e-01	-3.9271137e-01	4.9919510e-01	-6.4711624e-01	-7.9458028e-01	-5.4643553e-01	2.4722753e-01	-1.1581744e-01	5.3999692e-01	1.8689342e-01	5.2745100e-02	1.4960164e-01	-2.8136978e-01	-1.2991738e-01	-2.2530788e-01	-1.4299153e-02	1.4393196e-02	1.5435670e-01	-2.4263325e-01	1.1157799e-01	-7.3603666e-03	-6.7193331e-03	-7.1628571e-02	9.6956633e-02	-6.7851567e-01	4.4668353e-01	-3.0391195e-01	-6.2817562e-01	-2.9130164e-01	-2.4394469e-02	4.5080323e-02	-6.9946602e-02	1.3121854e-01	1.3247912e-01	-9.4179153e-02	1.9388105e-01	-1.7158334e-01	-5.6986147e-01	-1.4049937e-01	-1.2129524e-01	-5.5513032e-02	2.1968469e-01	2.6279113e-01	2.6580546e-02	4.4179872e-02	-1.7393126e-01	-8.5177906e-02	8.3262049e-02	-1.0832924e-01	3.8157105e-01	1.0048763e+00	4.9098378e-01	1.0015369e-01	-1.5799800e-01	-3.9914933e-01	-3.2247812e-01	2.8643969e-01	-2.5371033e-01	5.8928471e-02	1.8809925e-01	5.8571929e-01	2.2438258e-01	1.8775381e-01	-8.9775011e-02	-1.4861852e-01	-4.0761121e-02	2.0248051e-01	-1.1647361e-01	-1.0496879e-01	5.3088173e-02	-3.6553913e-01	3.6064111e-02	-2.5010511e-01	-4.7201302e-02	8.7365881e-02	-1.3436395e-01	1.6738702e-01	2.8199280e-02	-2.4503987e-01	-2.5979900e-01	2.6065564e-01	9.4779991e-02	2.0870261e-01	3.1869388e-01	-2.5977266e-01	-1.6740620e-01	9.2650980e-02	5.3031170e-01	1.3142480e-01	1.1882187e-01	-1.7043702e-01	-4.7834194e-01	7.4985914e-02	-1.0979539e-01	-2.4403130e-01
-3.0585414e-01	-3.1437904e-01	-4.2522836e-01	-1.5476015e-01	7.6226078e-02	4.2101622e-01	-6.6924401e-02	2.2995351e-03	3.3027679e-01	2.5031376e-01	1.5653536e-01	-6.7346692e-02	-3.1885898e-01	7.4021734e-02	1.0489882e-01	-1.3207372e-01	-6.5288953e-02	-8.1871442e-02	-6.5096194e-01	6.6973388e-02	1.0729268e-01	1.4963637e-01	-2.8935820e-01	-3.2768530e-01	8.2865320e-02	-3.9548293e-02	1.2471455e-01	-1.8690544e-01	2.0382199e-01	1.7262428e-01	-2.6793560e-01	1.3010141e-01	7.9139918e-02	-2.3411804e-01	3.1597953e-02	5.9580877e-02	1.4873031e-01	7.1528107e-03	1.9587666e-01	2.9712498e-01	5.2286964e-03	-1.5129010e-01	-8.8062935e-02	2.5814518e-01	2.8893083e-02	-1.9111956e-02	-1.8013746e-01	-1.0182705e-01	3.5382721e-01	2.7568739e-02	3.3991182e-01	2.1502677e-01	-2.6614052e-01	-5.3356239e-04	1.7858326e-01	2.5879571e-01	-1.2766202e-01	-1.3626820e-01	-1.0047191e-01	8.6450242e-02	1.0028028e-01	-2.7384210e-01	2.5879773e-01	1.7335106e-01	2.1318699e-01	6.7174003e-02	-2.1405694e-01	-2.0665354e-01	-1.0051446e-01	2.5111729e-01	-1.7722096e-01	5.8123082e-02	-3.3821189e-01	-2.6733845e-01	5.0095301e-02	-2.9561475e-01	1.8276666e-01	-9.7101718e-02	2.4327371e-01	2.0384587e-01	-2.0886099e-01	-5.6950049e-03	1.9583949e-01	1.1740698e-01	4.0336676e-02	-1.3096221e-01	-1.2387131e-01	-2.1204726e-01	6.6074803e-02	-1.3029179e-01	-1.2959090e-01	-2.0650551e-01	-1.7162360e-01	-2.4686687e-02	1.2295697e-01	-1.5324797e-01	4.6647763e-01	-3.9473295e-01	-5.5420842e-02	1.6279373e-01	-5.0217554e-02	1.7467293e-01	-1.6821362e-01	4.2860398e-01	-4.6329174e-02	-4.4167548e-02	1.0071427e-01	-2.9755652e-01	2.3605220e-02	1.7870502e-01	-1.0565975e-01	1.0123584e-01	3.2102218e-01	1.2005787e-01	-1.5384085e-01	3.3803275e-01	-1.1505640e-01	-1.5235080e-01	9.8013863e-02	-4.3694013e-01	3.7368369e-01	-2.9897051e-02	1.8461230e-01	-1.4643504e-01	-8.2553007e-02	-4.4940743e-01	1.9403493e-01	1.9660957e-01	-2.5494909e-01	-3.4757316e-01	1.0396313e-01	-3.9538063e-02	3.5069242e-01	-4.0490091e-01	-1.6659804e-01	7.2439618e-02	-3.3497128e-01	-1.9657023e-02	-1.9986100e-01	-4.2363312e-02	-4.9626343e-02	-2.0958651e-02	2.4576280e-01	-2.9662324e-02	1.7439549e-01	-4.5649961e-02	1.0462240e-02	-1.5110321e-01	9.1484271e-02	-8.2177565e-02	-2.5844920e-01	-4.0129790e-01	2.2262794e-01	1.2644979e-02	-2.2387555e-01	-4.7833705e-01	1.6542554e-01	-6.3538611e-01	-1.7874686e-01	1.3582571e-01	1.3902776e-01	-2.2259517e-01	-7.2043233e-02	3.7100041e-01	2.8128779e-01	5.6597008e-04	-6.4220928e-02	-6.7660180e-03	-4.6018787e-02	-2.9505938e-01	2.8314686e-01	-2.6119128e-01	-1.6428725e-01	5.6235753e-02	-3.5776439e-01	-1.2356979e-01	2.6789153e-01	-5.2723181e-02	1.1035097e-01	1.5556896e-01	5.2508015e-02	-1.2359653e-01	-2.0599113e-01	-1.3194901e-02	-1.6392221e-01	1.3672972e-01	-2.8033820e-01	2.7065516e-02	-1.6267754e-03	1.4743585e-02	1.6044144e-01	-4.0280927e-02	3.0967319e-01	2.3862046e-01	-1.3529675e-01	-1.6617374e-01	-2.1396296e-01	-1.1333292e-01	-2.6391241e-01	7.0769213e-02	-1.7772795e-01	1.6003191e-01	1.3201398e-02	2.5212070e-01	1.8393387e-01	-8.3909251e-02	-6.3579760e-02	4.9652133e-02	1.2346768e-01	1.6803470e-01	1.2287099e-01	-9.3577772e-02	-1.4973597e-01	-8.7079927e-02	-1.6738589e-01	1.4869633e-01	1.7057511e-01	1.6369019e-01	-2.1100953e-01	-1.1007051e-01	-1.7327970e-01	1.3320372e-01	2.9146045e-01	1.3945100e-01	1.0949840e-02	-5.8743799e-01	-1.5825024e-01	-5.6564617e-01	1.7396526e-01	-2.5733975e-01	-1.8627706e-01	2.1894963e-01	1.6902521e-01	-1.1746591e-01	-4.6938705e-01	2.1555221e-01	8.2688769e-03	-4.4680530e-01	-1.7429878e-01	-2.9741135e-01	3.8986620e-02	-2.7029780e-01	1.4821050e-01	-6.1742414e-02	-1.3306698e-01	-7.6452091e-02	-1.4729311e-01	-3.1706877e-02	2.5034246e-01	-6.4544052e-02	-2.3265706e-01	-4.3930706e-02	6.8446018e-02	-3.7765157e-01	6.6963553e-02	-5.6345731e-02	1.2167024e-01	-2.2637039e-01	8.5582644e-02	4.1083777e-03	3.2905412e-01	-8.5859075e-02	1.1086917e-01	-1.4652140e-01	7.7978790e-02	1.4821114e-01	3.6029795e-03	1.5550068e-01	-5.8120328e-01	1.7565253e-01	3.0985200e-01	4.0816462e-01	1.5907697e-01	-2.3876268e-01	-2.2032240e-01	-1.6941255e-01	2.9051220e-01	-4.8383821e-02	1.1505187e-01	-2.7645746e-01	-2.6218355e-01	1.6406088e-01	-7.2017545e-03	-4.7467161e-02	3.0718103e-01	3.2380864e-01	1.1352766e-01	1.4085376e-01	-2.4275668e-01	-3.6173019e-01	-4.3995846e-02	9.8853245e-02	3.6692473e-01	2.8681979e-01	-2.2260074e-01	-1.3289970e-01	2.6287100e-01	5.9377979e-02	-2.8889441e-01	-4.6060428e-02	-4.0080380e-01	1.8728860e-01	-7.6389715e-02	-1.9969788e-01	1.7587245e-01	7.8991458e-02	1.3535330e-01	2.5439277e-01	-3.1578627e-01	1.8801657e-02	-5.0568178e-02	-1.2077864e-01	-2.6029214e-01	-1.5254349e-01	-1.8292369e-01	9.5845811e-02	3.1821615e-01	-7.9110481e-02	-6.1282512e-02	-3.9040035e-01	-2.3465614e-01	-2.7505717e-01	-1.4998135e-01	-3.1672820e-01	2.6533943e-01	2.4946088e-01	-1.7103937e-01	-2.5197273e-02	3.8849148e-01	1.3975124e-01	6.1850287e-02	-5.5985743e-01	-2.5582170e-01	8.8726357e-02	3.2881004e-01	-4.2301681e-02	4.1136332e-02	-3.9540309e-01	-3.0938557e-01	-2.5561911e-01	2.1728640e-02	-8.8316031e-02	8.5342512e-02	-3.4780386e-01	1.4719108e-01	2.4133641e-01	-1.7732127e-01	1.3699706e-01	3.8490880e-01	9.9279985e-02	-9.5870323e-02	3.6930096e-01	-2.9042464e-01	9.9375891e-03	-2.8230324e-01	-3.0594200e-01	2.8459987e-01	-2.6752502e-01	3.1840634e-01	-1.7770393e-01	-1.7724961e-01	-9.3849510e-02	-1.2565020e-01	-3.7284900e-02	-2.4605308e-01	-1.6569279e-01	3.1557548e-01	5.1368609e-02	-2.6025608e-01	-2.8954458e-01	-7.0216291e-02	-1.0159817e-01	-4.3526062e-01	-1.0986278e-01	-3.5123713e-02	4.2049799e-02	8.1911847e-02	-3.3294126e-02	-3.8649172e-01	1.8597354e-01	-1.6430405e-01	-2.5341997e-01	1.1382616e-01	-2.2934532e-01	1.3928367e-01	-5.5444294e-01	3.9434701e-01	-1.0526787e-01	-2.6853150e-01	2.0030127e-01	6.7324430e-02	-4.9846080e-01	1.3550493e-01	6.5371096e-02	-6.7826033e-02	-4.0954852e-01	7.0956141e-02	2.9572290e-01	1.7546660e-01	-2.0363694e-02	3.2956060e-02	-1.1002738e-01	1.1510756e-02	-1.6797327e-01	1.2063670e-01	-2.0298699e-01	-2.2603749e-01	-1.5939429e-01	-1.5542808e-01	2.5622621e-01	6.3162260e-02	-1.5230955e-01	2.6473519e-01	2.8083080e-01	7.3266864e-02	3.1946827e-02	-1.8114965e-02	-2.4342056e-01	-2.5355706e-01	-8.7350950e-02	-2.2755729e-01	1.2807521e-01	-1.5313451e-01	-7.5613596e-02	-2.8871849e-01	-1.0254398e-01	-2.8490597e-01	8.1496030e-02	-9.1904730e-02	1.7900485e-01	-4.2669427e-02	2.9043439e-01	-9.1302827e-02	-1.5510078e-01	-2.2939476e-01	-2.6900461e-01	-7.1297675e-02	-8.9428663e-02	2.2627863e-03	1.6328870e-01	9.0273261e-02	-1.8510421e-01	-2.2070196e-01	-2.3587975e-01	-1.2289051e-01	-1.8443295e-01	-1.5856706e-01	2.6502049e-01	8.8986596e-03	-2.6204792e-01	1.5305011e-01	2.8779587e-01	3.9582379e-02	-2.3645975e-01	-1.5855405e-01	-1.7668001e-01	-2.4365555e-01	-2.7407086e-02	2.4042425e-01	8.8241033e-02	1.7364043e-01	-1.0794243e-01	-1.3102296e-01	1.4431126e-01	2.3263729e-01	-1.2313803e-01	3.6522731e-02	9.8321341e-02	-1.4680754e-01	-1.7555533e-01	-9.1397852e-02	1.9929099e-01	-4.4051573e-02	-3.0541733e-01	-9.3731910e-02	-8.1536323e-02	1.4483184e-01	-1.1471466e-01	-1.6796067e-02	-1.2136944e-01	3.8216183e-01	-1.3027476e-01	3.2937825e-01	2.4340731e-01	-8.0897397e-01	2.6598334e-01	-1.8000706e-01	-1.5019764e-01	-1.1332334e-01	-1.0098588e-01	-1.0223654e-01	1.4332624e-01	7.8771621e-02	3.5972260e-02	-1.1390262e-01	-2.1403825e-01	-1.3763665e-01	-2.9227769e-01	-3.2049060e-01	7.2535537e-02	-1.5039609e-01	-2.3832418e-01	1.9508794e-01	-1.7902816e-02	-1.7378590e-01	-1.5724659e-01	3.6460448e-02	2.7152443e-01	-1.5890153e-01	-1.0891445e-01	3.1610245e-01	-5.9485633e-02	3.0734095e-01	3.4776321e-01	1.4556859e-01	3.4392905e-01	2.8331169e-01	-2.1909100e-01	-1.6080551e-01	2.8885671e-01	-1.4370738e-01	2.6864734e-01	1.0571755e-01	9.2840262e-02	-5.2872732e-02	-2.4779338e-01	-2.6710770e-01	8.8971153e-02	1.6601850e-01	4.9543608e-02	-7.7826016e-02	1.1147386e-01	2.5960582e-01	7.3806137e-02	-2.3032710e-01	8.3121695e-02	-2.2594513e-02	-1.4271855e-01	2.0445591e-01	-1.6256869e-01	-3.3139482e-01	3.6764618e-02	3.3058494e-01	1.4574946e-01	6.4470232e-02	-9.5740244e-02	1.7539573e-01	4.4753946e-02	-5.0258040e-02	-1.1105690e-03	3.4950322e-01	1.6470398e-01	-2.5357190e-01	4.8932660e-02	-1.4633092e-01	1.8609934e-01	-1.8134914e-01	-5.8968929e-03	-1.4634402e-01	2.6431242e-01	2.1169697e-01	-8.9918278e-02	4.2685345e-02	2.4854711e-01	6.7174144e-02	1.6135764e-01	-3.3556122e-02	-4.2572400e-01	3.1436998e-01	6.1804790e-04	2.0935535e-03	8.0696262e-02	-5.3969785e-03	-2.3131828e-01	-7.3360905e-02	-2.3283592e-01	-1.1280274e-01	-2.4057579e-01	-3.5132292e-01	-1.0844117e-01	3.2883820e-01	1.5111598e-01	6.1595865e-02	-3.9154212e-03	1.2933050e-01	7.3632926e-02	1.1980626e-02	-4.2014486e-01	-4.5705426e-01	2.6440176e-01	2.9278025e-01	9.4751075e-02	-1.9146372e-01	-3.4807524e-01	-1.4864193e-01	-1.8571492e-01	1.2533902e-01	2.1399669e-01	1.4847451e-01	-2.1057376e-01	-2.9354554e-01	3.0764589e-01	-4.1466445e-01	1.1169685e-01	3.6193931e-01	1.1228250e-01	-2.4282746e-01	9.8861992e-02	-2.3372202e-01	-2.7748126e-01	1.4311233e-01	-2.1353596e-01	5.3847253e-02	-5.5637113e-03	1.0017037e-01	-1.5170304e-01	2.8836524e-01	-1.1747226e-02	-8.8981308e-02	-3.6803288e-03	4.2706668e-02	2.2593541e-02	-5.6800984e-02	1.3533564e-01	3.1023133e-01	-5.8633741e-02	1.3600956e-01	-1.0506747e-02	2.7185148e-01	-2.0539069e-01	-1.0880385e-01	-2.0000349e-01	4.8773415e-02	-1.3743855e-01	-2.5809675e-01	-3.0114955e-01	-1.1970235e-01	-1.8288706e-01	-8.9245401e-03	-5.5079225e-02	4.0239021e-03	6.6372432e-02	-3.3710364e-02	-1.4340717e-03	-1.3350891e-01	-3.3235043e-01	2.3832507e-01	-3.8736641e-02	7.0732057e-02	1.6841391e-01	-4.0696082e-01	-1.9109227e-01	-2.8523117e-01	-3.9422134e-01	-1.7764550e-01	9.5509505e-03	2.9441884e-01	-3.9897439e-01	-1.1178676e-02	7.8899235e-02	-8.0906954e-03	-3.6206558e-02	-2.0313445e-02	1.7051056e-01	-1.0778469e-01	-1.2268051e-02	-3.2310029e-03	2.5830708e-02	2.1196121e-01	-1.2528676e-01	-6.9871140e-03	-3.2584757e-01	2.4699779e-01	-2.7338314e-01	1.1823968e-01	3.0837926e-01	-2.8335610e-02	1.5233535e-01	-2.4566725e-01	2.7732050e-01	-3.1736130e-01	-2.0582220e-01	-2.8147140e-01	-3.1879090e-02	-2.5207028e-02	1.2359116e-01	2.4432978e-01	5.8929110e-01	3.3523360e-01	2.1564206e-01	-3.5050949e-01	-4.9948756e-02	8.8792369e-02	-2.6914597e-01	-2.4553829e-01	-1.7901060e-01	-4.2663369e-01	-2.8636849e-02	-1.2643535e-01	8.5621029e-02	-1.1439867e-01	1.5595333e-01	1.1478303e-01	1.1206279e-01	4.5168546e-01	6.4648457e-02	6.7360021e-02	5.8482653e-01	5.5119690e-02	-1.3896184e-02	5.5038545e-02	6.1874494e-02	-2.4798447e-02	-1.3467483e-01	-5.0654942e-01	-2.8332677e-01	4.1458163e-02	2.0209470e-01	-2.1057650e-01	-1.3891414e-01	2.8080225e-01	-3.1507409e-01	-3.2271358e-01	-1.9022335e-01	2.3041789e-01	2.2405440e-01	-2.2820115e-01	-2.0895632e-01	2.4364036e-01	8.1141308e-02	1.1260553e-01	-1.2638387e-01	-1.1641998e-01	-2.2773163e-01	-2.5949514e-02	5.3363234e-02	2.4940559e-01	7.9810336e-02	-1.4829251e-01	-2.5181001e-01	1.7845462e-01	-1.3236214e-01	1.3701908e-01	1.3061098e-02	-1.1718466e-01	-2.0529563e-02	-4.6926323e-01	1.9088466e-01	-3.8564462e-02	-1.7435709e-01	2.5372043e-01	-6.3232668e-02	5.6855828e-02	1.4125459e-01	-2.8184837e-01	4.0454522e-01	-3.4654504e-03	-1.4184804e-01	1.9073310e-01	-1.7370220e-01	-2.7330655e-01	-1.5684135e-01	2.1023269e-01	6.7463391e-02	1.8736416e-01	9.1308035e-02	-1.8056545e-01	4.7110349e-01	2.9887199e-01	-1.1992580e-01	-3.1071928e-01	3.3303109e-01	4.7133115e-01	1.1608706e-01	-1.5890299e-01	-1.5151235e-01	-2.7421081e-01	2.2392006e-01	-7.2685510e-02	1.2689334e-01	1.1404893e-01	-1.3661695e-01	-1.5120667e-01	-1.2224339e-01	1.5052336e-01	6.6422974e-03	-3.9479417e-01	4.0504992e-01	2.0077991e-01	-2.0872115e-01	9.2570163e-02	-8.9305244e-02	1.6148038e-01	-2.7793822e-01	-3.9431009e-01	-9.6738935e-02	2.0704043e-01	-5.1027272e-02	1.5753870e-01	7.6659329e-02	-2.0379081e-01	-3.7293020e-01	3.4326117e-02	-1.6292317e-01	-1.0851922e-01	-6.5623778e-01	3.1602588e-01	-3.1198886e-01	-3.3310154e-01	-3.2824513e-01	2.0412397e-01	-7.7122390e-02	2.1573099e-01	-4.9772713e-01	-6.2465366e-02	-5.6499201e-01	-8.3783045e-02	-9.9370651e-02	2.4003385e-01	1.2300474e-02	4.3451321e-01	-7.9392962e-02	-4.1298360e-01	-2.5766253e-01	6.0670294e-02	2.7536160e-01	1.5554175e-01	-1.2576552e-01	1.1480071e-01	-2.8031853e-01	-2.5444844e-01	-1.8210319e-01	-1.0209157e-01	-5.1851761e-02	-1.0038327e-01	-1.5103066e-01	-1.7952959e-01	-1.1163533e-01	-2.9380763e-01	2.4809574e-01	-7.4489885e-03	2.2894706e-01	2.5822803e-01	-1.0873494e-01	-1.4374372e-01	-1.2106349e-01	-6.2376071e-02	-8.5806206e-02	-3.1126580e-01	1.8957000e-02	4.1988712e-02	2.0149948e-02	-1.3889654e-01	1.5229443e-01	1.8670645e-01	2.6698407e-02	1.9243315e-01	-2.8948107e-01	1.6902216e-02	-2.2056553e-01	-1.4422242e-01	-1.8508324e-01	-2.6061070e-01	3.2128981e-01	2.8132427e-01	-6.0726345e-02	1.5485801e-01	-3.3669204e-01	2.0149177e-01	-1.9349803e-01	-2.1820037e-01	-2.5056321e-02	-9.5737375e-02	-8.0782451e-02	-4.0544865e-01	-4.3470897e-02	-9.4279826e-02	-2.8401840e-01	-1.7876571e-01	-4.7179669e-01	5.9118837e-02	4.7927894e-02	1.7345422e-03	-1.2095602e-01	-3.2843319e-01	-7.3753454e-02	-1.2977488e-01	-4.8272422e-01	-1.3694897e-01	-1.1901385e-01	-3.1304851e-02	1.3895936e-01	-1.9584730e-01	4.1794217e-01	-6.1183337e-02	-5.5339433e-02	-4.8657009e-01	5.5184446e-02	-1.8023752e-01	-6.1072987e-01	-6.8006687e-02	2.4516334e-01	-1.7475007e-01	-2.9676726e-01	1.9849147e-01	-1.4130565e-02	-4.7704354e-02	-2.4039206e-01	-2.5781685e-01	2.5236091e-01	2.6933682e-01	1.7139934e-01	1.6445638e-01	-1.7814010e-01	-1.5301447e-01	2.3679034e-01	3.9950915e-02	-9.8368870e-03	-3.5924077e-01	-4.6000877e-01	-3.1184533e-01	7.9206787e-02	1.2330988e-01	-2.2221138e-01	1.0491242e-01	-1.1335885e-01	-4.3461204e-01	2.9484603e-01	2.7160743e-01	3.0313376e-02	-1.4635567e-01	-2.8248909e-01	-3.1026107e-01	2.6866269e-01	2.7478787e-01	7.1160577e-02	1.5041889e-01	-9.6240848e-02	-2.3075625e-01	-7.2864600e-02	1.7579912e-01	2.6217327e-01	-2.1265116e-01	-2.7632299e-01	-4.8885975e-02	-2.8012332e-01	-2.2443773e-01	2.9963639e-01	-3.3926627e-01	2.9406559e-01	-7.7093609e-02	-3.4679574e-01	1.9909224e-01	-2.7264152e-02	-8.6688744e-03	1.9650485e-01	1.4924212e-01	-3.3499789e-01	-1.3991359e-01	-1.9170079e-01	-2.9898193e-01	-3.0195311e-01	-9.8771401e-02	-4.1081345e-01	2.0538723e-01	2.3226281e-01	1.1078218e-01	-3.3085555e-01	6.3974589e-02	1.9030470e-01	2.7658951e-01	-2.2377591e-01	-2.6484615e-01	1.3352337e-01	1.7526393e-01	7.7879183e-02	-3.9538112e-02	-3.6289662e-01	-2.4678124e-01	-1.4112255e-01	-6.3119590e-02	-1.2040513e-01	-2.9653388e-01	-2.4543494e-01	2.1141993e-01	3.2259154e-01	-1.4725344e-01	2.7108395e-01	2.8450075e-01	4.3113798e-02	-3.8671365e-01	-2.2632436e-01	-2.2145309e-01	-5.2873183e-02	-1.9160584e-01	8.1498154e-02	-1.4138040e-01	1.6505483e-01	-8.5706480e-02	-1.0115169e-02	-1.2253744e-01	-8.3602369e-02	6.7191467e-02	-8.1882715e-02	2.5872195e-01	-3.6384302e-01	-1.5552719e-01	3.1271085e-02	-2.0798333e-01	-1.1680277e-01	1.9664916e-01	-8.6667165e-02	-2.3913112e-01	-2.7130803e-01	-2.8880766e-02	3.1087494e-01	8.6712828e-03	-2.9837409e-01	1.6690749e-01	-2.4888979e-01	-1.1284441e-01	-1.6034561e-01	1.7152357e-01	3.6736575e-01
-2.5606200e-01	2.0337720e-01	1.1942430e-01	7.4648470e-02	5.4064733e-01	1.6594899e-01	-5.5744149e-02	-4.2687169e-01	-1.4741434e-01	-8.2707524e-02	-5.2831334e-01	-1.2588830e-01	-7.8186609e-02	-2.0314330e-01	2.8187437e-02	5.9037052e-02	2.1065323e-01	1.6376160e-01	-1.1046807e-01	3.3843726e-02	-2.4487194e-01	9.7092800e-02	2.0636086e-01	-1.2308282e-01	-7.5228274e-02	-6.0813534e-01	1.5445109e-02	1.6365720e-01	-1.6508718e-01	3.6116611e-02	-4.3154204e-01	-1.1103615e-01	-2.4604547e-01	1.3469492e-01	8.8574357e-02	-2.5665134e-02	1.1701205e-01	3.7190610e-01	3.8994584e-02	-9.7603574e-02	-1.1379156e-01	1.4584446e-01	1.2985066e-01	9.4384551e-02	-1.6043311e-01	-1.1469445e-01	-1.5937287e-01	3.2874107e-01	-1.0025235e-01	-3.0577245e-01	-2.4296175e-01	-2.3440349e-01	-1.6778506e-01	-7.7776723e-02	3.0845991e-01	2.6221323e-01	4.0234867e-01	-1.4470820e-01	1.3479902e-01	1.8534653e-01	-2.3494480e-02	-1.7875499e-01	6.9319852e-02	6.4590067e-02	2.0287116e-01	-2.2413461e-01	-1.3525262e-02	5.0199753e-01	3.2142299e-01	-2.2467971e-01	-2.4633199e-01	-2.2372339e-02	3.2516652e-01	5.3296939e-02	8.3693668e-02	2.4983743e-01	1.8662040e-01	-2.1430542e-01	-3.3684841e-01	-2.2423556e-01	1.5875880e-01	7.9445146e-02	1.2877105e-02	-5.4415330e-02	-2.8189084e-01	4.3850291e-01	2.4228543e-02	1.8358487e-01	-3.2800555e-01	-1.7573868e-01	4.7847431e-02	-1.3562572e-01	-4.1185650e-01	-1.1634245e-02	-1.1320747e-01	-8.1338942e-02	2.0994775e-01	-1.7862001e-01	1.9000821e-01	7.6538944e-03	1.0379499e-01	1.4064054e-01	2.4915694e-01	-4.2832324e-01	-3.0736712e-01	-2.9879224e-01	1.8855028e-01	1.3224278e-01	-2.5236285e-01	-1.1254270e-01	-4.6742700e-02	-6.7689106e-02	-3.6546731e-01	-6.2348630e-02	-3.5263456e-02	-6.7516744e-02	-3.3540630e-01	-1.3122603e-01	8.2134791e-02	-3.0475968e-01	-5.4192830e-02	-1.7971078e-01	6.1155859e-02	-2.8730017e-01	-1.8603651e-01	-3.0388746e-01	8.5589550e-02	5.8061022e-02	3.3037731e-01	-1.4274822e-01	-1.1829960e-01	-1.0907982e-01	-1.3604982e-01	-2.4798270e-01	-2.2791523e-01	1.7299694e-01	-5.1108439e-02	-1.0281184e-01	-1.2457629e-01	8.1224106e-02	-1.5105748e-01	8.6752534e-02	-1.9701470e-02	-2.1798477e-02	-1.0664510e-01	1.5318225e-01	-1.3258345e-01	-7.5084381e-02	-2.6007232e-01	2.1140407e-01	-1.3693717e-01	-4.7686864e-02	-2.9104707e-01	-1.6599436e-01	-1.2687055e-02	-2.7928177e-01	-2.1109310e-01	-5.2870601e-02	1.1280248e-01	-9.9474154e-02	-1.9814476e-01	2.8029507e-01	1.3249582e-01	-1.2936038e-01	1.3963481e-02	2.0840754e-01	5.7317600e-02	8.5883670e-02	-2.0716771e-01	1.1043058e-02	3.4679964e-01	4.2285219e-02	1.5828587e-01	-2.1098750e-02	-1.0161238e-02	9.1468044e-02	2.2704476e-02	-1.0660027e-01	7.2150528e-02	2.8887294e-02	1.8151993e-01	8.1293784e-02	-4.3178976e-02	-5.9643894e-02	-6.1052188e-02	2.8803301e-01	-1.3023178e-01	1.4127862e-01	3.9322272e-01	1.9707376e-02	3.8834456e-01	-1.0613451e-01	-1.2214630e-01	-1.7552496e-01	1.9321799e-01	-2.0824026e-01	-9.4444051e-02	-2.0163196e-01	-1.4476819e-01	-1.1488371e-01	-9.4099112e-02	8.8620201e-02	3.8849753e-01	1.2693109e-01	1.7887063e-01	2.4965398e-01	-3.6694807e-01	2.1233979e-01	-2.5026166e-01	7.4258849e-02	2.8749898e-01	1.6533877e-01	-2.2186777e-01	4.3743510e-02	5.1888086e-02	-2.5385389e-01	-3.8064322e-01	3.8124907e-01	3.0989701e-01	3.9037168e-01	5.6804001e-02	-7.8011104e-03	3.9560774e-01	1.4744303e-01	-3.9447036e-02	-9.4972849e-02	-4.7006540e-02	-7.6008603e-02	2.2743715e-01	-7.5411282e-02	6.0768124e-02	-8.5712977e-02	-2.6407367e-01	-3.0248511e-01	-1.6685607e-01	-2.8114569e-01	-1.7478849e-01	-1.1667712e-01	-1.1183231e-01	-1.4529987e-01	-6.3411728e-02	5.9025466e-02	2.0536539e-01	-4.4208139e-02	-2.9896542e-01	-2.6873520e-02	7.5566374e-02	1.7162141e-01	-2.9079118e-01	-7.4086841e-03	-1.8112127e-01	-2.7882186e-01	3.4718215e-02	-1.2941413e-01	-1.2172826e-01	-2.4142751e-02	-2.8256959e-01	1.5286821e-01	4.7467012e-02	8.2261242e-02	2.2603151e-01	2.6427358e-01	-1.2057672e-01	-7.4544584e-04	7.3005803e-02	2.8813040e-02	-7.4029028e-02	-1.0916493e-01	-3.0288109e-01	-1.8490589e-01	-2.0373969e-01	1.4587580e-01	-1.1744624e-01	-2.5221807e-01	8.4969573e-02	-1.3226351e-01	-1.8865532e-01	-3.1784356e-01	1.9802588e-01	-8.9456312e-02	-1.5340039e-01	2.3000209e-01	-1.0569113e-01	-2.8692472e-01	-3.2524750e-02	-3.1060913e-01	1.9542225e-01	-2.7272003e-02	-1.6514366e-02	-2.8737366e-01	1.5973106e-01	-2.3004754e-01	-4.3022960e-02	-1.2162886e-01	1.8195651e-01	-3.4345765e-02	-1.8528205e-01	-2.7697825e-01	-1.7044798e-02	-1.9212666e-01	6.3541811e-03	2.6867250e-01	-2.1542400e-02	-5.3852666e-02	-3.0467871e-01	-8.1613645e-02	-2.7646491e-01	6.7957968e-02	3.2401852e-02	-1.7111866e-01	-2.4855466e-01	3.2777954e-02	-6.6738941e-02	8.9842707e-02	1.1436891e-01	2.2871311e-01	-2.3791888e-01	-2.2811929e-02	-2.2308326e-01	1.1676920e-01	-1.0393948e-01	7.2892532e-02	-6.7055613e-02	-2.6976129e-01	1.1166590e-01	-1.7258227e-01	-2.4617878e-01	3.1753436e-02	-2.0401312e-01	4.4427194e-02	-6.9442778e-03	1.1974847e-02	-3.0686703e-01	-7.2738051e-02	-1.4737469e-01	1.6236608e-01	-1.0490030e-01	-9.6876949e-02	-9.5435083e-03	-2.1676567e-01	-2.8458542e-01	6.5604091e-02	2.4231426e-01	-2.5560418e-01	-1.9959401e-01	9.3801871e-02	2.1797472e-01	1.3303515e-01	-1.5093091e-01	1.9636662e-01	2.1524098e-02	8.0103770e-02	2.6620197e-01	-4.0338308e-01	-2.1287589e-01	-2.5573030e-01	1.8011162e-01	3.8580531e-01	-2.4644113e-01	1.7279935e-01	2.9168172e-02	1.0322535e-01	-7.1079753e-02	1.7862700e-01	-2.6463315e-01	-2.9476383e-01	1.8437298e-01	-2.7508251e-02	-2.8424260e-01	-3.0244187e-01	9.7395249e-02	4.8194747e-02	-4.5338072e-02	-9.8805569e-02	-3.5598192e-01	-1.1193443e-02	4.3572852e-01	3.1557834e-01	1.8518911e-01	7.5648829e-02	3.3789146e-01	-2.9085666e-01	3.6521658e-01	2.9283136e-01	4.4844430e-02	-3.2635239e-01	1.0476207e-01	-7.8191586e-02	2.3810382e-01	-2.0920347e-01	-2.5429296e-01	8.7461606e-02	-1.7370173e-01	2.0173651e-01	-1.7573047e-01	-1.0887346e-01	-5.5135712e-02	-7.0544377e-02	1.2048143e-01	1.7569144e-01	-4.2639863e-02	-2.6978993e-01	1.1026007e-01	-5.3681418e-02	-2.6699895e-01	8.0242530e-02	1.4452463e-01	7.0885450e-02	2.8239089e-01	-1.9843924e-01	2.4116667e-01	4.3300199e-03	2.2616863e-01	2.4032284e-01	-3.2333642e-02	1.3273361e-01	-1.1845056e-01	-4.2607531e-02	5.4801228e-03	-1.3608414e-01	1.9036858e-01	-1.0508341e-01	-1.3130398e-01	-1.9179424e-02	8.1886485e-02	-1.5129983e-01	-8.3486345e-03	-4.2466830e-02	-1.7813925e-01	-2.2499979e-01	-2.9328400e-01	2.0738724e-01	-2.1886250e-01	5.5747230e-02	-2.1317686e-01	-3.0987188e-01	7.5341105e-02	1.4542611e-02	7.4166574e-02	-2.5856900e-01	-2.3661284e-01	1.4126597e-01	1.1337157e-03	2.3202354e-02	2.8136218e-01	-5.7617933e-03	2.1481222e-01	-2.2131300e-01	9.2516467e-02	9.3716830e-02	2.8943703e-01	1.7030779e-01	3.5649654e-01	2.4275620e-01	1.0027976e-01	-2.9374178e-02	2.6631293e-01	-6.6214591e-02	-6.0515624e-02	-1.1525369e-01	1.8410365e-01	-1.5813580e-01	-3.4867451e-02	-1.5369248e-01	4.4934541e-02	2.8080484e-01	2.8654952e-02	-2.4008144e-02	-2.9546741e-02	4.2906249e-01	2.0658502e-01	2.4119124e-02	1.1005542e-01	-1.5494566e-01	1.6249612e-01	-9.2159100e-03	8.7290332e-02	2.1559907e-01	-3.1251806e-01	-1.4664599e-02	1.7242196e-01	-1.1717042e-01	2.1238153e-01	-2.8521901e-01	-1.8384762e-01	5.9250299e-02	-8.7594062e-02	-1.6087098e-01	-2.8878883e-01	1.3418087e-02	-5.8545500e-02	2.0725487e-01	-3.2988518e-02	2.1080162e-01	1.6115308e-01	-1.9691078e-02	3.7280358e-02	-2.8437100e-02	-2.8100479e-01	-1.9378686e-01	1.8777800e-01	2.8245693e-01	1.5952621e-01	2.1772259e-01	2.9645687e-01	2.4655706e-01	-3.4109615e-02	-2.7710938e-01	-3.2567725e-02	-3.8758621e-01	1.4180735e-03	-5.7432953e-02	1.7472671e-01	6.9259755e-02	-1.3627166e-01	-2.0075381e-01	-6.4008310e-02	-4.3498632e-02	1.1011923e-01	-1.6618793e-01	-1.5248370e-01	-2.1576859e-01	-9.5065556e-02	-1.1650614e-01	-4.2757630e-02	6.4764172e-02	9.8077156e-02	3.1142050e-01	2.7642021e-01	-2.5047868e-01	9.3691975e-02	5.5034708e-02	6.7835413e-02	-1.8885180e-01	8.7003168e-03	-3.9763439e-02	-2.7610219e-01	-5.8992938e-03	-2.3209754e-01	3.0549550e-01	1.2974715e-01	2.7787879e-03	-9.2432849e-02	5.3952459e-02	5.4071859e-02	1.6136973e-01	-1.6029572e-01	-1.5123110e-01	-2.0555069e-01	-2.6164007e-01	1.2733458e-01	-1.0695348e-01	-2.8116858e-01	-4.9023874e-02	2.3726319e-01	-1.0635440e-01	2.0125145e-01	-1.5598276e-01	-1.1936409e-03	-2.7156287e-01	-1.5890984e-01	-2.1133238e-01	-2.2460087e-01	-2.1390657e-01	-2.8501683e-01	2.7168232e-01	-2.4063323e-01	-1.1393203e-01	2.0637910e-01	-2.4078789e-01	-2.5126156e-01	4.5006569e-02	2.8265128e-01	6.4043090e-02	-2.7307081e-01	-2.8407297e-01	2.2420983e-01	-1.4154738e-01	-2.9703200e-01	-3.3008203e-01	-3.6338621e-01	-2.7369851e-01	-2.1853442e-01	-3.5027719e-01	3.1116784e-01	3.2026243e-01	3.6724439e-01	-5.0483596e-01	7.0101522e-02	1.1633840e-01	-2.5759811e-02	5.3532302e-01	-1.8601844e-01	-2.4067932e-01	2.0426854e-01	1.0319287e-01	-1.6723379e-01	-2.3533300e-01	-7.5916544e-02	-8.1704939e-03	-1.7151794e-01	2.0734443e-01	-1.0461758e-01	-2.3552775e-01	4.3336239e-01	-1.5568617e-01	1.5040684e-01	-2.9574984e-01	9.4571814e-02	-1.6252728e-01	-8.7757498e-02	-8.5563324e-02	-9.1866128e-02	-2.9155448e-01	1.4952852e-01	-5.1433060e-02	-8.3570644e-02	-2.3240843e-01	-8.6068243e-02	2.4741225e-01	-2.3712742e-01	-6.4806826e-02	-9.3793245e-03	3.6047347e-02	3.1305023e-02	-2.3338076e-01	1.9038962e-01	8.9458883e-02	-1.3090736e-01	-2.3916803e-01	3.6427822e-02	3.4126796e-02	2.3357621e-01	1.8481120e-01	-2.7875033e-01	-2.7088550e-01	2.5878441e-01	-2.7897021e-01	-4.2032003e-02	8.5030138e-02	2.1712360e-01	-2.0409545e-01	1.4785673e-01	-2.0682095e-01	2.0640634e-01	-1.2029281e-01	2.4330258e-01	-1.9239852e-01	-1.1123235e-01	-1.4255208e-01	2.8662837e-01	-2.0809509e-01	1.1194614e-01	8.6794659e-02	2.9374316e-01	1.9934043e-01	-1.2489889e-01	-2.4832030e-01	-8.1406437e-02	-8.7574400e-02	-2.6924381e-01	-8.9707755e-02	-4.6935821e-01	3.7749425e-01	-1.9436754e-02	-1.9355138e-01	2.7365366e-02	-2.6485902e-01	9.5284164e-02	-4.2321137e-01	9.8494701e-02	-1.4645326e-01	1.6695373e-01	-5.0794482e-02	-2.1351452e-01	-3.1990191e-01	-9.8162061e-03	-1.5492028e-01	4.1413914e-02	-3.1366730e-01	1.6454582e-01	-4.2332422e-02	1.2502800e-01	1.3837849e-03	-1.6655433e-01	1.1557956e-01	-1.7313110e-02	-2.1206327e-01	-3.8251752e-01	-1.2989356e-02	1.9043069e-01	-1.2470654e-01	1.3579214e-01	8.2968990e-04	8.9125529e-02	1.0278147e-02	3.5100162e-01	3.8858667e-01	-1.2157623e-01	-2.5336257e-01	4.0296134e-01	-2.7758080e-01	2.6570669e-01	-5.2521158e-02	-8.9875758e-02	-3.3115289e-01	-9.9005550e-02	4.0251532e-01	1.9614507e-02	-2.4908054e-01	1.9576474e-01	-1.0745366e-01	-2.6650217e-01	1.9870655e-01	-2.4786103e-01	-1.9739245e-01	2.0707604e-01	2.7905169e-01	2.3675434e-01	2.1398209e-01	-6.6247560e-02	-3.1421468e-02	-8.1237011e-02	2.6253700e-01	1.0986339e-01	2.0036191e-01	-2.5913417e-01	6.7638732e-02	-2.6588109e-01	7.2182186e-02	1.1399828e-01	1.2346035e-01	-2.7848986e-01	6.9197267e-02	2.8294852e-01	8.6950332e-02	-1.7446035e-01	-7.7129066e-02	2.4314246e-01	2.9054302e-01	-1.9483656e-01	-1.5056077e-01	-2.5706953e-01	-1.3209270e-01	-2.4454080e-02	9.0823986e-02	-2.0493844e-01	4.0467661e-02	-6.7072600e-02	-1.6705951e-01	-2.8300887e-01	1.9579931e-01	5.9542201e-02	5.5918410e-02	-1.4553018e-01	2.5326234e-01	-3.2347620e-01	-2.7976984e-01	-3.0493161e-01	-2.8935626e-01	-5.3150307e-02	5.2606463e-02	1.6623963e-01	-1.3496692e-01	-2.0990830e-02	1.7661268e-01	7.7661097e-02	-2.0371388e-01	-2.0854507e-01	-7.6234050e-02	2.2994737e-01	2.2284323e-01	-8.3249331e-02	-4.3240383e-02	2.8173578e-01	-4.5212853e-01	1.9502378e-01	-2.8432742e-01	4.5594510e-02	1.4982252e-01	-1.0805400e-01	-2.4001691e-01	-4.8346709e-02	-3.6030751e-01	-1.0337089e-01	8.0527380e-02	-2.2426622e-02	1.4059627e-01	3.2529827e-02	3.1134555e-01	1.9485128e-01	-1.4105272e-01	2.4856694e-01	-1.0404300e-01	1.7301099e-01	-4.3854171e-01	-1.9431169e-01	-1.0183836e-01	1.4422728e-01	2.1752337e-01	1.1783987e-01	3.2908604e-03	4.4819977e-02	-3.4966528e-01	-1.5436201e-01	-2.0605280e-01	-7.9905741e-02	2.8044719e-01	2.9583944e-02	2.0481119e-02	-1.4357193e-01	-2.1281302e-01	2.4673145e-01	-6.3193768e-02	-2.2580346e-01	-1.8635463e-02	-2.4244173e-01	2.7307478e-01	2.6098317e-01	2.6511876e-02	2.2598770e-01	-1.6757430e-01	5.7367228e-02	-1.3346490e-01	1.9480054e-01	-2.3634222e-01	-1.3780481e-01	5.2351024e-02	4.2582661e-01	-1.7442340e-01	3.1736755e-01	2.2024953e-01	3.1009564e-01	-6.7376688e-02	1.0965125e-01	8.8269360e-02	-3.5036877e-01	2.8942602e-02	-1.9397372e-01	6.5705597e-02	1.2611942e-01	-1.0096639e-01	-2.2315659e-01	-7.1004547e-02	6.6879265e-02	-1.7540893e-01	-5.0521982e-03	2.5871441e-01	-3.3332214e-01	3.0281758e-01	2.8754637e-01	1.9916800e-01	2.4135736e-01	-9.0376988e-02	-9.2398942e-02	-1.0829737e-01	-3.1758359e-01	7.1221411e-02	3.0399431e-02	7.2315730e-02	-2.8464529e-01	-5.1044498e-02	-2.3911375e-01	2.0895074e-01	1.4406693e-01	-3.2085451e-01	4.0600475e-02	3.3459309e-01	2.3110941e-02	-7.4782647e-02	7.0953086e-02	-3.5044176e-03	-2.2654696e-01	2.6583567e-01	-1.3055703e-01	1.2629494e-02	8.3023541e-02	-2.1979058e-02	-1.8182909e-01	4.5008445e-03	2.7342311e-01	-2.1660483e-01	-5.8159471e-02	2.4261534e-01	5.7063244e-02	2.9356390e-01	1.9031079e-01	1.7023988e-01	3.2528996e-02	-2.5531203e-01	-1.1888856e-01	2.7729163e-01	5.3757556e-02	1.3705595e-04	-3.0056822e-01	-3.1374870e-03	2.3980980e-01	-7.9591282e-02	-2.4376447e-01	1.1082916e-01	4.5472208e-02	7.5531885e-02	2.0280664e-01	-4.2642672e-02	2.3665342e-01	1.8253325e-01	-2.3437378e-01	1.2159207e-01	-2.1301143e-01	-4.8070516e-02	-7.8297928e-02	-2.2834903e-01	-5.4376680e-01	-2.9159358e-01	-4.2908985e-02	2.2134925e-01	-3.4427774e-01	2.5039411e-01	-1.0400564e-01	2.0310542e-01	1.5470010e-02	-3.3563410e-03	-1.7755763e-01	-3.2737494e-02	3.2517177e-01	8.6847186e-02	3.3530951e-01	1.2220918e-01	2.0479545e-01	-2.8244403e-01	6.0065895e-02	-1.6640170e-02	-2.4441938e-01	9.1028064e-03	1.1372935e-03	-1.4195396e-01	-1.3066481e-01	3.5638788e-03	-6.1351908e-03	-9.6937768e-02	-1.2467100e-01	9.4908476e-04	-2.2443360e-01	-3.0439144e-01	-2.3293337e-01	7.9031978e-03	-2.5040343e-01	-6.7885131e-02	7.2594106e-02	2.0163883e-01	1.5098368e-01	-2.3493083e-01	-1.1815082e-01	4.9561352e-02	5.2175842e-02	2.0306100e-01	-1.4688288e-01	1.0508100e-01	-2.9655468e-01	8.8863581e-02	-1.2620331e-01	6.6570356e-02	-2.2890979e-01	-5.6506712e-03	-1.7937198e-02	-2.2326213e-01	-2.7232698e-01	2.5382137e-01	-4.5569858e-01	5.3949773e-02	1.5805788e-01	2.5012988e-01	2.4028416e-03	-4.3319378e-02	-4.5294415e-02	2.6719943e-01	-8.9221582e-02	-4.3363747e-01	2.7388561e-01	1.7037581e-01	1.9124965e-01	-1.1305858e-01	-2.4324749e-01	2.1399178e-01	1.2279417e-02	2.4648683e-01	9.6416898e-02	6.7039259e-02	4.5034319e-02	-2.2733256e-01	-1.2695774e-01	5.1446497e-03	6.7580990e-02	-3.0263516e-01	-9.2141859e-02	8.9163050e-02	6.2255491e-02	-1.0376038e-01	1.8117703e-02	-8.9832820e-02	4.3846983e-02	-1.2519516e-01	-9.9112809e-02	-1.7465536e-01	9.6810460e-02	2.3898636e-01	-1.6017388e-01	1.0026442e-01	3.0680673e-02	-3.0644524e-01	2.2891474e-01	2.2786728e-01	-1.7554750e-01	6.3926265e-02	-3.5195615e-02	1.5255074e-01	-5.8459636e-02	-3.0950806e-01	-2.3335211e-01	2.8968820e-01	-1.4803109e-01	-1.9511102e-01	-2.0733918e-01	-2.2576281e-01
-6.5815963e-02	8.0261081e-02	1.6633677e-01	3.1426933e-01	1.8561925e-01	-1.0044764e-01	-1.8076427e-01	3.9847878e-01	2.0410407e-01	-2.1398081e-01	-9.2790000e-02	-2.0878068e-01	1.4655080e-01	-1.2241170e-01	1.0730681e-01	-2.4933517e-02	4.8169762e-02	3.3522612e-01	-2.6408902e-01	-2.7050114e-01	-4.2611706e-01	-2.7410200e-01	-2.1416923e-01	-1.7578632e-01	3.1144780e-01	-1.0832224e-01	4.1641526e-02	-5.6621686e-02	-2.4439080e-01	2.4434385e-01	5.5124689e-02	3.1681904e-01
