9
input	24
dense	32
relu	0
dense	32
relu	0
dense	32
relu	0
dense	1
linear	0
7.999999979801942e-06
2.0603562e-02	-6.3972980e-02	6.7258574e-02	-3.4136139e-02	5.3587910e-02	8.4860921e-02	8.3462935e-04	-3.9052203e-02	-3.3234872e-02	-6.3696116e-02	-1.0232624e-01	9.5918097e-02	-1.1412933e-01	-3.2886341e-03	-1.5445477e-02	1.4300952e-02	7.7871911e-02	7.3426753e-02	-2.5914378e-02	7.2686873e-02	-7.4567772e-02	-3.5752319e-02	1.6750541e-01	9.6646398e-02	-1.6286558e-01	-1.1619804e-01	-1.7264745e-01	-1.0376456e-01	-7.4762651e-03	-2.5069904e-02	-9.7293071e-02	-5.7318207e-02
-7.6011345e-02	2.4795398e-02	-4.2729262e-02	-1.3331214e-02	-1.8393343e-02	-5.5433460e-02	6.6479735e-02	-5.9875395e-02	4.8275545e-02	9.6399374e-02	-1.7016470e-02	-1.1871125e-03	1.4181793e-02	-8.9518100e-02	-6.3261300e-02	-8.0023170e-02	1.4086150e-03	-4.4663176e-02	-2.7839517e-02	-3.7086312e-02	-7.7799991e-02	-8.0982126e-02	-3.9483055e-02	-4.5565136e-02	-1.3444240e-01	-3.4893975e-02	-4.4540551e-02	5.2968223e-02	3.5483103e-02	-2.7220728e-02	-6.9017835e-02	3.9494533e-02
-3.1041990e-03	-7.1348980e-02	-3.3368688e-02	-3.0362500e-02	-4.5942124e-02	-1.1606188e-02	-8.0611855e-02	-7.2677843e-02	-2.1806628e-02	-3.1884406e-02	-6.2353656e-02	-4.8479293e-02	-4.8295148e-02	-2.0491531e-02	-3.8889848e-02	-2.3284720e-02	1.5830202e-02	1.2106552e-02	3.9808139e-02	-3.3770241e-02	3.2174913e-03	-2.6624477e-02	1.7773293e-02	-4.3040864e-02	-2.7813111e-02	-6.3569501e-02	-4.4106026e-03	-2.3711173e-02	-6.8211228e-02	-1.1128150e-02	-7.1042925e-02	-2.3205988e-02
-6.9717974e-03
-7.7172473e-02	-1.9720256e-02	1.7785339e-01	3.1647217e-01	1.1151801e-01	-1.8566424e-01	6.6075465e-03	1.2074953e-01	-1.5104422e-01	-2.1659549e-01	1.1031958e-01	-3.9262402e-01	-1.6829300e-01	-3.2754356e-01	8.2037061e-02	2.4629785e-01	-1.0524707e-01	-1.7438799e-01	-2.7153698e-01	-2.0382392e-01	2.4766839e-01	-1.4250791e-01	-6.2486958e-02	2.0151244e-01	-2.9725412e-01	-3.2797647e-01	-2.6188302e-03	1.9658822e-01	1.8298657e-01	-7.5226255e-02	-4.2150471e-02	-2.2001891e-01	1.5508787e-01	3.2742292e-01	-4.5156869e-01	-3.6509818e-01	1.8363780e-01	-1.0699428e-01	-2.0635733e-01	-3.1483795e-02	5.3177113e-03	-2.0979111e-01	6.8135478e-02	8.6741552e-02	2.4307016e-01	-2.0802344e-01	2.2832154e-01	-1.6931501e-01	2.0663948e-01	3.3114511e-01	1.0468487e-01	2.1743068e-01	1.8905913e-02	-2.7811334e-01	-2.1268097e-01	-1.1232609e-01	1.7680445e-01	1.7713286e-01	1.0913609e+00	-1.2858039e-01	5.7260085e-02	1.6545773e-01	-1.5413897e-02	1.6998674e-01	-2.1127377e-01	-2.1464713e-02	-9.8721841e-03	2.6247415e-01	-1.7281727e-01	2.2493152e-01	-2.3933460e-01	2.2801349e-01	-1.6429977e-01	-5.9268725e-01	-6.6134864e-01	-5.7538623e-01	2.1404607e-02	1.1086942e-01	1.1935520e-01	-2.3940645e-01	1.2713388e-01	2.1091262e-02	6.3667130e-01	4.2788628e-01	-1.8955663e-01	2.3152851e-01	-1.2500614e-01	6.1953850e-02	2.0053856e-02	-8.4113516e-02	8.3332360e-03	2.2992833e-01	8.7420419e-02	2.7435273e-01	-2.5608587e-01	4.4520241e-01	-3.1866497e-01	-4.0796232e-01	-7.4350238e-02	-4.2382824e-01	-5.2694595e-01	-9.1223277e-02	-2.8334385e-01	-1.8220954e-01	-1.2000865e-01	1.8343741e-01	5.5562675e-02	2.0744950e-01	-1.7593591e-01	2.5414786e-01	1.0399231e-01	-6.0538545e-02	1.2568457e-01	-1.8678772e-01	1.2778993e-01	8.7219231e-02	-4.1105136e-02	3.7014711e-01	-2.3787403e-01	-1.1306643e-01	-7.5452335e-02	9.7162336e-02	3.3604863e-01	1.5001476e-01	-2.6705825e-01	2.1682890e-01	-3.7891456e-01	1.0433014e-01	-1.7958668e-01	3.8090538e-02	6.3566238e-02	2.6089481e-01	9.0998329e-02	1.6874212e-01	2.3028909e-01	1.6074060e-01	-9.6319959e-02	-2.0442095e-01	7.9118796e-02	1.0498846e-01	-4.9528219e-02	1.8887785e-01	1.5999597e-01	1.8001890e-01	-2.5592962e-01	1.5987607e-02	1.5541986e-01	-2.5508824e-01	2.5554442e-01	3.8529903e-01	2.7701798e-01	-2.3734182e-01	-2.0457608e-01	-2.4712518e-02	-1.6298079e-01	-4.4722909e-01	-1.7235266e-01	-1.7720625e-01	1.1896873e-01	9.9249044e-03	5.7249274e-02	9.0464868e-02	2.7753174e-02	8.6358731e-04	-2.5549757e-01	1.8784653e-01	2.2638515e-01	-1.3235660e-01	3.1357184e-01	2.6129258e-01	7.1673959e-02	-1.9530633e-01	1.4607874e-02	7.2789550e-02	2.3968453e-02	1.7379719e-01	-1.9758610e-01	-1.0993382e-01	1.0801278e+00	4.3246332e-01	2.5002903e-01	-2.8961644e-01	1.4568420e-01	1.2677214e-01	-9.8755723e-03	3.9808009e-02	-6.8107933e-02	-3.5571211e-03	1.5018821e-01	5.9214914e-01	5.9905493e-01	2.9744172e-02	-9.0764046e-02	-1.1188696e-01	1.1704727e-01	-9.5843092e-02	5.4758351e-02	3.3164904e-01	1.3719797e-02	1.3224037e-01	-1.8654212e-01	-1.3258074e-01	-2.0632206e-01	-1.3603944e-01	2.2107345e-01	-2.4760832e-01	3.9790830e-01	1.0125497e-01	6.9578108e-03	-1.8129510e-01	-2.8996553e-02	3.2255188e-02	-1.8101311e-01	-2.2826299e-01	-1.5067585e-01	-4.4938404e-02	1.7247165e-02	8.9599818e-02	-1.7091948e-01	3.6744151e-01	-9.3650863e-02	-8.1496872e-02	4.0642297e-01	3.6155602e-01	-1.4225686e-01	-2.3270103e-01	4.8087031e-02	1.4402498e-01	-3.5332587e-01	2.4819331e-02	-2.3316747e-01	5.3428654e-02	2.2870051e-02	1.6288409e-01	1.7959294e-01	-5.7689589e-02	3.3573008e-01	-2.1034038e-01	4.1448623e-02	-3.1171409e-02	-7.5115275e-01	-3.0351862e-01	-4.7065560e-02	2.6303309e-01	2.4170320e-01	3.8279226e-01	3.2530996e-01	1.8067494e-01	2.9376382e-01	-2.2906957e-03	-5.3522182e-01	3.9806519e-02	-1.7082167e-01	9.2550166e-02	-2.5387576e-01	8.1393518e-02	-1.6534314e-01	2.5751746e-01	1.3676143e-01	-1.7867450e-01	-2.2991720e-01	1.2439220e-01	7.3436633e-02	-3.1245342e-01	-6.0423946e-01	-7.0169979e-01	-5.6045580e-01	-1.2802170e-01	-1.6808230e-01	-1.1464936e-01	-4.0414268e-01	-1.3636814e-01	1.4039540e-01	1.0300669e-01	-2.5302601e-01	-4.1430011e-02	-1.5742509e-01	3.3179113e-01	-6.3259587e-02	-1.6781978e-01	4.6143252e-01	1.2456699e-01	-2.6014326e-02	-3.3252895e-01	-2.8627065e-01	1.4548217e-01	-1.0462042e-01	3.0666187e-01	-5.8667588e-01	5.4397874e-02	-1.9598597e-01	2.7707839e-01	-2.3457339e-02	2.5268295e-01	2.3870431e-01	2.0507029e-01	1.6695698e-01	-4.0795721e-02	-6.8844837e-01	-3.3819753e-01	1.7347458e-01	-2.6408643e-01	8.5784309e-02	2.4313365e-01	-9.6818596e-02	-1.4298984e-01	-7.7133626e-02	2.2020586e-01	-2.1203957e-01	-5.2614592e-02	2.0752154e-01	-8.3992466e-02	1.8720399e-01	7.1013838e-01	7.0830864e-01	1.4694007e-01	2.4243158e-01	-2.5801706e-01	-1.4073208e-01	-8.0031790e-03	2.1300387e-01	-1.3920115e-01	-1.0558252e-01	-8.9798700e-03	3.3584270e-01	2.3122105e-01	-8.4103204e-02	-6.5504894e-02	-1.0826225e-01	-1.5972475e-02	2.2513579e-01	8.8104315e-02	-3.0096957e-01	1.9331019e-01	3.8045338e-01	1.4985400e-02	-1.7255345e-01	-4.9870959e-01	-5.5249804e-01	-4.9499714e-01	5.9182566e-02	4.3399969e-01	-2.6141998e-01	-1.6686176e-01	1.0381006e-01	3.4197133e-02	-1.7028485e-01	1.5874612e-01	2.6785958e-01	-1.6291597e-01	1.8114872e-01	1.8882776e-02	-1.6370581e-01	1.1223835e-01	-5.8159281e-02	3.7596211e-02	-3.4003664e-02	-1.1212959e-02	7.6577149e-02	-3.6795322e-02	-4.5721793e-01	-6.5704703e-01	-3.5222113e-01	-5.0616324e-01	-3.2879424e-01	-1.0414259e+00	-9.8941606e-01	-4.2524561e-01	-2.0383151e-01	7.5418241e-02	-3.9515293e-01	3.3308432e-02	6.7257211e-02	-1.7921980e-01	2.2198774e-01	9.0777770e-02	7.5797237e-02	-2.7384683e-01	1.2752873e-01	1.7562227e-01	7.4717432e-02	1.2304618e-02	4.8100147e-02	1.1840041e-01	6.4234722e-01	1.5407224e-01	-7.8635342e-02	-2.0051323e-01	-1.2634031e-01	-4.1049463e-01	-8.3659336e-02	1.8652508e-01	1.5928717e-01	3.7179382e-03	1.2427837e+00	4.2746565e-01	3.4241986e-01	2.8327091e-02	-1.4022359e-01	-1.1474309e-01	5.1532287e-02	-2.5287861e-01	1.0835255e-01	-1.6330802e-01	1.3669810e-01	7.9958841e-02	-9.3469433e-02	2.0431085e-01	1.5649556e-01	3.7687832e-01	1.0823885e-01	1.2808104e-01	-2.5497988e-01	-1.3478668e-01	-2.5408790e-01	4.2444333e-02	-6.4615689e-02	1.4754270e-01	1.3294851e+00	3.3274245e-01	1.5655488e-01	2.5502124e-01	1.8956380e-02	-9.4650097e-02	6.9647700e-02	-1.2544525e-01	3.9424777e-01	-5.7496209e-02	-5.1892873e-02	-6.5438291e-03	-2.9843691e-01	1.1014608e-01	-5.0405937e-01	-1.0653559e-01	-2.8653977e-02	-2.5545684e-01	-1.4107718e-01	3.4876201e-01	1.6952565e-01	4.5563135e-02	-1.7621519e-01	-1.3146310e-01	-6.6735595e-01	-2.0230606e-01	1.8796968e-01	2.5875202e-01	-6.8188593e-02	-4.5035239e-02	6.8464279e-02	-7.9121321e-02	-3.3056166e-02	-3.5120968e-02	3.2913461e-01	-1.6348808e-01	-3.0000961e-01	3.4340495e-01	-1.9566972e-02	-5.6798798e-01	1.8117577e-01	7.1572014e-03	-2.8003988e-01	-7.6264590e-01	-7.8824610e-01	-1.2012577e-01	-1.3414833e-01	1.6585039e-01	-3.8906875e-01	1.6085200e-02	3.3238012e-02	1.8572174e-02	1.2145055e-01	1.4111058e-01	-1.4927310e-01	-1.8536080e-01	1.9039576e-01	9.7099334e-02	8.9976989e-02	-1.3263711e-01	2.6034899e-02	6.5552972e-02	-4.4966432e-01	-5.2875645e-02	-1.6115516e-01	3.1080392e-01	3.1023753e-01	3.1842953e-01	-4.9579635e-02	2.6417968e-01	-2.0645683e-01	1.3952027e-01	-4.6782169e-01	-2.9820123e-01	4.6067435e-02	-9.8690383e-02	3.6495250e-02	-1.5993147e-01	1.9636779e-01	-8.0224618e-02	1.0896989e-01	1.4035703e-01	-2.0125143e-01	4.7588278e-02	2.7447736e-02	1.4651363e-01	-2.0223445e-01	-3.4034371e-01	2.9597160e-01	-7.9494184e-03	-3.8438246e-01	-6.3830656e-01	-1.0713567e+00	-1.7575590e-01	1.8001450e-02	-3.8121606e-03	-2.8635347e-01	-1.5883875e-01	1.2107121e-01	-1.5763874e-01	1.5768357e-01	-6.4363144e-02	7.3686942e-02	4.3875758e-02	-2.0166941e-01	1.0320915e-01	-2.3216802e-01	-5.6274898e-02	2.2034233e-02	4.0040307e-02	-3.6701053e-01	1.2979963e-01	1.0887601e-01	3.7290756e-02	-2.7614403e-01	-2.8888977e-01	-5.1385719e-01	2.5669172e-01	2.5305966e-01	-1.5103312e-01	2.0561035e-01	-2.9022413e-01	2.5973064e-01	-4.2431019e-02	6.5536834e-03	-4.5763984e-02	-5.1011845e-02	2.2849322e-03	1.4563297e-01	3.2712724e-02	1.9431226e-01	-7.3942475e-02	9.7057559e-02	-1.7246042e-01	3.8466021e-01	4.8106673e-01	3.0108860e-01	4.0450640e-02	-1.3222446e-01	-2.7581295e-01	-3.7563991e-02	-8.5859545e-02	-2.2298025e-01	2.3535678e-01	9.5175290e-01	1.8461181e-01	-1.8433687e-01	2.4528730e-01	3.4186667e-01	-3.7203822e-02	1.0114228e-01	-8.7340996e-02	-1.1070926e-01	3.4664611e-03	5.7471104e-02	2.9228093e-02	6.4391561e-02	-8.0526315e-02	-3.9927959e-01	1.2660591e-01	-1.9536676e-01	3.3488420e-01	-1.1427187e-01	-1.6067262e-01	4.2481180e-02	-6.7754313e-03	1.6826276e-01	2.2486395e-01	-5.4302686e-01	-2.6604751e-02	1.9504456e-01	1.3822490e-01	-1.1340346e-01	4.2580727e-02	1.2284384e-01	2.0239535e-01	-2.2678950e-01	-3.8533669e-02	-1.5640630e-01	-2.0791730e-01	4.1520604e-01	-3.8418713e-01	-6.7135960e-01	-4.1981512e-01	3.5233682e-01	-2.8225851e-01	7.2730102e-02	2.8464648e-01	3.0290884e-01	2.3797791e-01	-2.0853062e-01	2.3975356e-01	-4.7910643e-01	-3.1295159e-01	-2.9726765e-01	2.8930855e-01	9.7134121e-02	-2.9261681e-01	2.2128075e-01	-1.4631099e-01	5.2099202e-02	6.9838800e-02	1.2144825e-01	9.8721236e-03	-2.5602958e-01	4.2808916e-02	2.1087724e-01	-1.8010285e-01	-3.2603553e-01	1.4237951e-01	-4.3383759e-01	-2.2954382e-01	-6.2879694e-01	-3.9933267e-01	-6.0579485e-01	2.4535793e-01	-2.7711651e-01	1.6340640e-01	-3.0695656e-01	-4.0286365e-01	-1.9865413e-01	2.5554505e-01	-6.1727736e-02	-2.2630738e-01	-2.3831969e-01	7.6763451e-02	4.6074711e-02	-2.0267373e-01	-2.9120955e-01	1.3783213e-01	1.9352271e-01	1.9901909e-01	-2.0888442e-01	-6.4586855e-02	3.2422692e-02	-4.3268439e-01	-1.6926014e-01	-5.2180022e-01	-3.4730077e-01	-2.7750915e-01	-1.0272834e-01	3.7767790e-02	-2.6618695e-01	1.8671161e-01	-3.0205014e-01	-2.6654163e-02	2.2558607e-01	-2.4655581e-01	4.8280835e-02	-1.4625980e-01	2.5538480e-01	1.3502423e-01	4.9372360e-02	-2.2184940e-01	5.9006017e-01	4.8539928e-01	-1.0640579e-01	-2.2435057e-01	-2.2280420e-01	-4.2522177e-02	-1.2236355e-01	1.7859282e-01	-7.4611336e-02	5.4661360e-02	1.1851888e+00	3.9001149e-01	1.1599946e-01	2.2132400e-01	-2.0013247e-01	-1.6764468e-01	9.7884268e-02	-1.5657941e-01	7.8760780e-02	9.0386391e-02	-5.3315252e-02	-9.5820390e-02	1.9928348e-01	1.3261718e-01	5.4624343e-01	4.2455921e-01	1.6898787e-01	3.2677338e-01	2.2417471e-01	-1.8953827e-01	9.3034029e-02	1.0705409e-01	2.3614552e-02	-1.5992756e-01	1.1172504e+00	3.9033115e-01	-4.9484875e-02	-2.9979527e-02	-1.2459783e-01	-2.2159427e-02	4.5455135e-02	5.2778088e-02	1.4134392e-01	-2.6813510e-01	-1.1099222e-01	-4.3484765e-01	1.0777786e-01	6.8401755e-03	-3.8327539e-01	-2.0005147e-01	2.7301347e-01	2.5574395e-01	4.5343470e-02	4.0871605e-01	4.9145047e-02	-1.4116167e-01	2.8663564e-01	3.6176920e-02	-6.9609201e-01	-4.6883523e-01	-2.7438661e-01	1.6960563e-01	4.9714133e-02	5.0015941e-02	-2.2591216e-02	-2.3203526e-02	7.9350486e-02	-1.4101714e-01	1.5570743e-04	1.1785465e-01	3.3107974e-02	7.5080618e-02	-6.5990704e-01	-9.8286666e-02	-9.2719242e-02	1.4534105e-01	3.6372680e-02	3.4868270e-02	3.3992466e-01	-1.7108959e-01	-5.2912608e-02	3.7879667e-01	-5.0376958e-01	-2.6483974e-01	3.1751138e-01	-5.9009794e-02	-2.6834726e-01	-6.8299673e-02	4.1005416e-03	-2.3783173e-01	2.6349309e-01	6.2900044e-02	1.7115352e-01	2.5894812e-01	3.5604861e-01	-1.8641202e-02
3.5077533e-01	1.2928145e-01	1.2331807e-02	-9.1579273e-02	-1.0560363e-02	-3.7498713e-01	-1.4200015e-01	-8.2600236e-02	-7.5072967e-02	-2.2314848e-01	2.4944143e-01	2.4568391e-01	3.9952002e-02	2.2629481e-02	-2.5431085e-01	-2.1013856e-01	-3.8107261e-01	-7.9085648e-02	-1.9551110e-01	-1.3332407e-01	-2.4031194e-01	-3.3885923e-01	-2.2134194e-01	-5.2479796e-02	2.0846966e-01	9.9338945e-03	-1.1026166e-01	-2.0377856e-01	-3.4419215e-01	-1.1959974e-01	1.7149614e-01	2.8182253e-01	-1.3891187e-01	-1.1771658e-01	-2.1566392e-01	-4.7862619e-01	1.4076085e-01	2.0726024e-01	-6.2523499e-02	-2.8372470e-01	-1.5394205e-01	-3.7750328e-01	-2.1329992e-01	-7.5771309e-02	-2.6829636e-01	-2.1120423e-01	-5.6596152e-02	-3.0196735e-01	1.1143062e-01	2.1425858e-03	6.4854696e-02	-3.3023471e-01	-5.9055930e-01	-1.4660984e-01	2.2266175e-01	-3.3365089e-02	-3.2691348e-01	2.2646043e-01	2.6038080e-01	-4.7390319e-02	-2.3776647e-02	9.8467633e-02	2.0453995e-01	3.0579697e-02	-2.4662927e-01	-1.9112024e-01	-2.7009737e-01	-9.4285607e-02	1.2273290e-01	-1.0665579e-01	-3.7668240e-01	-4.0647909e-02	4.9214143e-02	7.0445888e-02	-5.4819927e-02	-3.3686554e-01	-3.2278273e-01	-1.7441605e-01	2.2096704e-01	-3.0678797e-01	-2.0713648e-01	9.9121563e-02	-2.8514177e-01	-6.1408635e-02	6.8884648e-02	1.6736098e-01	-2.8887692e-01	4.5876589e-02	-5.3931668e-02	1.7330065e-01	-2.9573801e-01	-1.4071680e-03	-1.1527374e-01	-8.2478240e-02	-1.1389312e-01	3.4508567e-02	1.9694896e-01	5.3095657e-02	1.7799300e-01	5.4306276e-02	-1.7795399e-01	-3.0956858e-01	4.1077603e-02	3.7772346e-01	2.5516945e-01	2.8950843e-01	-5.0482985e-02	-7.2094691e-01	-2.5725463e-01	-1.3319413e-02	8.3195709e-02	1.0704339e-01	-1.5357749e-01	2.1862839e-01	-1.8516444e-01	-3.9799830e-01	3.1587660e-02	3.2427978e-02	-7.2289276e-01	1.9869356e-01	-1.5039353e-01	-3.5195965e-02	-1.0453521e-01	-3.0487999e-01	2.3045462e-01	-1.1588406e-01	1.8466914e-01	2.5583529e-01	1.5389828e-01	1.3236381e-01	-7.7055342e-02	-6.8966441e-02	-1.2409708e-03	1.5087020e-01	2.8511730e-01	-1.9017535e-01	-1.5205586e-01	1.1124747e-01	1.0477297e-01	-1.7555286e-01	3.2625127e-01	2.0236158e-01	-8.8542886e-02	-3.8009587e-01	-2.4341033e-01	1.3229094e-02	-7.0240580e-02	-1.2796217e-01	2.2424544e-01	-4.4476473e-01	-9.8809265e-02	3.5803118e-01	3.9807022e-01	2.1600391e-01	-6.0705972e-01	-2.2326666e-01	-1.4779916e-01	-1.2049127e-01	2.2203235e-01	5.6742534e-02	7.5873718e-02	-2.1873896e-01	-1.4732310e-01	-3.0274934e-01	-1.3885933e-01	1.1868811e-01	4.6390504e-02	-3.4112144e-01	-1.6595590e-01	-2.4353325e-01	2.0152995e-01	1.1924639e-01	-2.4931426e-01	-2.4606909e-01	-1.1649688e-01	-2.9946253e-02	3.1952880e-02	-4.1153975e-02	1.6126597e-01	-1.2234124e-01	-1.1739652e-01	-1.1255231e-01	1.3674684e-01	-1.8317518e-01	-1.0690622e-02	-9.4453342e-02	1.9722083e-01	-1.1173721e-01	-2.2366039e-02	2.6920514e-02	-1.6958614e-01	2.5691465e-01	-3.8298005e-01	-3.1241211e-01	-3.4100777e-01	2.9643151e-01	4.0905645e-01	1.8932870e-02	3.9953396e-01	-2.0806265e-01	6.1637361e-02	6.3900508e-02	-3.3499414e-01	-1.1502610e-01	-4.0754813e-01	-1.5147009e-01	-3.9233577e-01	-1.5506794e-01	-1.8820550e-02	1.3170865e-01	1.2360598e-01	-1.3169794e-01	8.6005591e-02	-1.9678219e-01	-3.6108309e-01	-5.7621192e-02	-7.9202771e-02	-2.1802491e-02	1.2142956e-02	1.4036615e-01	2.4061832e-01	-1.0219777e-01	-1.6086954e-01	7.3416643e-02	-3.0194369e-01	-1.4098490e-02	-6.9731154e-02	-1.1602069e-01	-1.8515685e-01	-1.3507818e-01	-1.2918524e-01	5.3423800e-02	-2.0945710e-01	-1.5198749e-01	-9.2491537e-02	-2.5130573e-01	-2.5701451e-01	-2.0210163e-01	-1.7239098e-01	-1.5319960e-01	2.2030421e-01	-3.8631432e-02	-1.7834798e-01	1.3052522e-02	-2.6086357e-01	-2.0885773e-01	1.2919380e-01	-3.1090724e-01	-1.1198349e-01	1.7700148e-01	2.6791619e-02	2.0591258e-01	-2.5397727e-01	1.7059518e-01	1.8677628e-01	1.9492243e-01	1.7616387e-01	-3.3481064e-01	2.7306998e-01	1.1852620e-01	2.1416614e-02	-2.7680063e-01	5.0549969e-02	2.0615997e-02	2.5708649e-01	3.3472946e-01	1.8366876e-01	-3.6576402e-01	-1.2796770e-01	-2.4158956e-01	-4.7446838e-01	-3.8201311e-01	2.4672645e-01	3.8780212e-01	-1.5737307e-01	-1.0132311e-01	-1.1497363e-01	-7.6493517e-02	-2.0670976e-01	1.0896796e-01	1.1358419e-01	-1.6121867e-01	1.5607066e-01	2.7019948e-02	-2.8795261e-02	4.3175682e-01	-2.5409469e-01	-1.3874590e-01	2.1730420e-01	-1.8153271e-02	1.7090827e-01	-2.1964151e-01	-8.3338626e-02	2.7072081e-01	-3.4424585e-01	-2.6268691e-01	-1.4260882e-01	3.0895416e-02	-3.0500034e-02	-2.0693281e-01	-1.3978276e-01	2.7535969e-01	-5.5272585e-01	-4.1450948e-01	-4.4471741e-02	-1.8604772e-01	7.0254438e-02	1.2766023e-02	3.4672770e-01	-2.1720819e-01	-1.7299955e-01	-1.3025694e-01	3.1660405e-01	-1.5899891e-01	-3.7675865e-02	4.9694270e-02	-2.7319950e-01	9.4704777e-02	-2.2902262e-01	-8.2681425e-02	2.4962758e-01	-1.9324681e-01	1.2548283e-01	1.6183919e-01	-2.3728713e-01	-2.7547482e-01	-8.0953322e-02	-1.6778124e-02	1.5085335e-01	-1.9470097e-01	-2.1156558e-01	-5.5019934e-02	-6.8257228e-02	-2.7181009e-02	2.4340263e-01	-2.5539558e-02	-1.6429982e-01	2.3225845e-01	-1.7840961e-01	4.2169172e-02	-2.4205086e-01	-2.6216388e-01	-1.9159819e-01	-9.3064971e-02	-1.4746462e-01	5.1115073e-02	-2.1015331e-01	2.7892211e-01	1.4061677e-01	2.1485975e-01	-2.4940297e-01	-1.1511046e-01	1.2360586e-01	-3.5386050e-01	1.8273862e-01	-1.2495472e-01	1.6833065e-01	2.8531203e-01	3.5177079e-01	1.8965511e-01	9.0130761e-02	-3.1893048e-02	1.8777853e-01	-2.5347555e-01	-3.4227457e-02	-2.3829520e-01	6.0459727e-01	-2.8062481e-01	3.7730083e-02	1.7559226e-01	-3.6405104e-01	-2.6512039e-01	-3.5523247e-02	2.6098261e-02	-1.8252750e-03	-2.8896920e-02	-5.2272910e-01	1.6001193e-01	2.4242006e-01	-1.8145828e-01	6.0472414e-02	7.3345611e-03	-8.9620456e-02	-3.5425553e-01	-2.6810455e-01	1.9103917e-01	-6.1624005e-02	-3.9947003e-02	-2.2102001e-01	9.8223731e-02	5.0861895e-02	-9.2850104e-02	2.5925857e-01	1.4822653e-01	-2.0462015e-01	-2.2021210e-01	1.2518771e-01	3.3570445e-01	-3.8185459e-01	1.3566314e-01	-2.1032084e-02	3.6704790e-02	-1.0938067e-01	-4.4346429e-02	-1.2335674e-01	1.0808682e-01	-1.5118451e-01	2.0374854e-01	-2.2311330e-01	2.1721923e-01	7.4871466e-02	2.3520349e-01	3.6770649e-02	3.1712517e-01	-4.4969708e-01	-2.2648817e-01	-4.2475581e-01	6.4724870e-02	7.6319546e-02	-2.4442691e-01	-2.3428261e-01	2.4344490e-01	-5.2000828e-02	-5.9321027e-02	-2.0993926e-01	2.4257573e-01	2.9619709e-01	-1.9819100e-01	2.3957743e-01	-2.5942832e-02	1.7311624e-01	-2.8792089e-01	2.9761452e-02	-4.7157905e-01	5.0083980e-02	5.5252668e-02	1.3019745e-01	4.4210408e-02	8.3036944e-02	-2.8979814e-01	4.8326901e-01	3.5697818e-01	-6.6936083e-02	-2.4878861e-01	-3.1163191e-02	-1.4140993e-01	-4.9367204e-02	2.2201227e-01	-2.7467117e-01	-1.9768633e-01	2.7517779e-02	1.1964064e-01	-4.8800835e-01	-1.3089977e-02	4.3424353e-02	-6.1762646e-02	2.8479034e-01	-6.1322823e-02	-2.8363869e-02	-2.5124827e-01	2.9732892e-01	-1.8405985e-02	2.3036395e-01	2.3252945e-02	4.3524839e-03	-4.3954509e-01	5.1880330e-01	-1.6974585e-01	2.1197051e-01	-2.1191992e-01	7.5778723e-02	-4.7295398e-01	-5.0796813e-01	7.8081906e-02	-2.3724990e-01	3.6191348e-02	-4.4244468e-01	1.5511836e-01	5.1702105e-02	8.6034827e-02	-4.5363538e-02	1.4265756e-01	1.5564324e-01	-7.7557750e-02	2.0531763e-01	-1.5034062e-01	5.8406591e-02	-2.9406241e-01	2.2978994e-01	-1.9679071e-01	-1.1761783e-01	9.4109125e-02	7.2315507e-02	9.9493891e-02	1.0363695e-03	2.2633366e-01	-2.3812179e-01	2.7965960e-01	-1.0551766e-01	2.3691063e-01	1.1623525e-01	-6.7081638e-02	-1.5249829e-01	-1.1377899e-01	8.6048849e-02	-7.2167113e-02	-3.2679539e-02	2.7131256e-01	-2.9661715e-01	-1.2997593e-01	-1.2760371e-01	2.4084793e-01	1.2867208e-01	2.2582987e-01	3.6985919e-01	2.7122168e-02	-4.0556744e-02	-4.7527492e-02	3.7483948e-03	-3.5137376e-01	1.1611383e-01	9.1567069e-02	-2.4337271e-01	2.0243007e-01	-1.4495584e-01	2.1952258e-01	1.0419582e-02	-5.2803445e-01	6.6527195e-02	-2.9561359e-01	-2.0210609e-01	-1.8086357e-01	2.6139149e-02	-4.4116256e-01	2.7340135e-01	4.4285081e-02	1.5363392e-01	-1.0632858e-01	-2.2261240e-01	5.1438920e-02	-2.5325261e-02	2.4815953e-01	1.9173613e-01	1.8423197e-01	1.9154803e-01	-2.2475323e-01	8.5311182e-02	1.2256987e-01	6.5292679e-02	-3.0294919e-01	-1.4748815e-02	-1.0486219e-02	-1.5269402e-01	1.4881451e-01	-2.6009601e-01	-3.1920397e-01	-1.6343352e-01	5.8916323e-02	3.9707471e-02	2.6321426e-01	-8.9166677e-03	1.3337760e-01	-1.2793951e-01	-9.6681520e-02	-8.9568093e-02	6.7780033e-02	7.2437651e-02	-4.2090543e-02	2.7779385e-02	1.5658280e-02	1.5396877e-01	-1.1405599e-01	-1.5445016e-01	1.2936269e-01	-7.4732326e-02	-5.3457063e-02	2.4762316e-02	2.7763638e-01	-2.2675109e-01	5.2454755e-02	1.8526953e-01	3.2607141e-01	-4.6615295e-02	-2.4747194e-01	2.1990632e-01	-8.9215524e-03	-2.6799548e-01	1.9017555e-01	-9.3481421e-02	1.2992586e-01	1.4218821e-01	1.0544373e-01	6.9179848e-02	-3.0922353e-01	1.0956483e-01	2.2572513e-01	8.8554449e-02	-2.1879179e-03	2.6876360e-01	-1.0156555e-01	2.4669060e-01	5.8789741e-02	1.6841993e-02	2.9169602e-02	-6.8326332e-02	2.3186992e-01	-2.4832819e-01	1.5472370e-01	-1.7968370e-01	2.6523387e-01	-1.6820353e-01	7.2146215e-02	2.3460366e-02	-1.6162069e-01	3.6503389e-01	-1.8351997e-01	3.8695040e-01	-1.4383818e-01	7.1298674e-02	6.7735583e-02	8.2538582e-02	-1.1412451e-01	-2.7695698e-01	-2.5460812e-01	-2.1113755e-01	-3.9600238e-01	5.4926866e-01	-4.1028276e-01	1.7974284e-01	-2.8535977e-01	-2.2117555e-01	-2.4701872e-01	6.5174982e-02	3.5571894e-01	-3.5949531e-01	-2.3144488e-01	-3.4996662e-01	-3.5573274e-01	-6.6839539e-02	2.1236044e-01	2.5273389e-01	1.3322742e-01	6.8433627e-02	-1.7909184e-01	1.4276583e-01	-1.9767343e-01	-1.6237779e-01	1.4552003e-01	-2.9515645e-01	1.9233510e-01	2.0404515e-01	3.5991259e-02	2.3409304e-01	-1.4328970e-01	8.1829302e-02	-1.1818355e-01	-3.0747706e-01	-5.9676385e-01	2.8259847e-01	-2.9572803e-01	-1.8854988e-01	-2.5255293e-01	1.1428313e-01	-5.3921944e-01	-2.0398408e-01	-6.0538571e-02	-3.2848826e-01	1.0889136e-01	-2.5952589e-02	5.0242501e-03	2.9059908e-01	-3.7912477e-02	-3.1287603e-02	-3.0217272e-01	2.2206888e-01	-1.7367791e-01	-3.1112435e-01	-5.2878398e-01	4.7139651e-03	-5.3377066e-02	4.2237347e-01	-1.1609414e-01	6.0478035e-02	-9.9764720e-02	-6.5867729e-02	-3.6775514e-01	-8.3761841e-02	2.0109546e-01	7.5844727e-03	2.2744463e-01	-6.0636640e-02	-1.0497897e-02	5.9890531e-02	1.5156631e-01	-2.7110931e-01	1.3997358e-01	2.8466573e-01	1.2698034e-02	1.1721336e-01	-1.8290291e-02	1.9726427e-01	2.0264609e-01	-2.7558925e-02	3.4015168e-02	-2.0014274e-01	6.7575745e-02	-3.0081126e-01	-3.6040921e-02	8.5796528e-02	2.3413126e-01	6.8623938e-02	-4.0390050e-01	1.8775111e-01	2.1145642e-01	-5.9187874e-02	-1.7901348e-01	3.0829072e-01	1.1058123e-01	1.9172086e-01	-1.1756084e-01	1.5282960e-01	1.0607515e-01	3.6126298e-01	-1.2913151e-01	3.5540795e-01	-3.5716608e-01	-5.2354008e-01	-3.4977239e-01	3.2780185e-01	1.1764049e-01	-4.7985780e-01	-8.8444196e-02	-6.7240462e-02	-1.9413561e-02	3.2415900e-01	2.0766385e-01	1.0379121e-01	-7.9777487e-02	-1.4151858e-01	-2.0269151e-01	-9.8719127e-02	-1.9748770e-01	3.3948492e-02	-6.7659698e-02	1.2011434e-01	2.3961652e-02	3.2546908e-01	-2.8498846e-01	4.8565842e-02	5.9843104e-02	1.7673144e-01	-4.1022581e-01	-3.8416469e-01	-4.2555583e-01	3.8868341e-01	-2.8089094e-01	3.4927335e-01	-1.5922754e-01	-1.9276197e-01	-2.4254723e-01	1.4907987e-01	1.6501383e-01	-5.2510870e-01	-2.3751403e-01	8.7988891e-02	-2.0242946e-01	1.8861338e-01	3.2168311e-01	-2.1261577e-01	1.1058168e-01	1.0632105e-01	-8.1787616e-02	4.6485078e-02	2.7109752e-03	3.4478977e-01	1.2170182e-01	1.4515240e-01	-1.9703422e-01	1.2873930e-01	-1.8972997e-01	1.1162711e-01	-2.2114056e-01	-2.6883766e-01	-7.3136806e-02	-5.3631626e-02	1.5707289e-01	8.2353048e-02	-3.3518761e-01	1.0166971e-02	1.5199734e-01	-3.4047776e-01	2.2232050e-02	2.3183097e-01	-1.2724350e-01	1.8188876e-01	-1.0940582e-01	2.2945474e-01	3.9683722e-02	-2.0006943e-01	-5.6090616e-02	-2.2805254e-01	1.7958836e-01	4.8139334e-02	3.1911972e-01	-2.4130017e-01	-1.8919033e-01	7.2941758e-02	1.0487228e-01	-1.0439467e-01	-1.8765813e-01	1.1682715e-01	4.8347637e-02	-2.7639887e-01	-6.0496844e-02	1.5291606e-01	-2.0178281e-01	1.6623913e-01	2.4983339e-01	-7.7721328e-02	-6.8698749e-02	1.6872971e-01	-2.5350207e-01	3.5977176e-01	1.5275443e-02	-7.9442494e-02	-3.1144822e-01	2.9143709e-01	1.7939514e-01	4.2200208e-02	4.9206716e-01	8.4664680e-02	-4.0622106e-01	-1.5776421e-01	-2.9571742e-01	5.1565953e-02	-3.6535508e-03	4.7799286e-02	-1.8897983e-01	9.2657641e-02	-2.3877972e-01	2.0457102e-01	-3.2377693e-01	6.4212680e-02	6.2853858e-02	-9.4705142e-02	-6.6845879e-02	1.5627943e-02	-1.1999398e-01	2.6919857e-02	-1.6364003e-02	-2.0738449e-03	-9.6093506e-02	1.7558515e-02	9.3690380e-02	-1.1176277e-01	-2.3293732e-01	3.0060882e-02	-1.0014719e-01	1.7383206e-01	1.5044190e-02	-3.0635348e-01	7.3628552e-02	2.5581250e-01	-2.5117531e-01	-3.2883000e-01	-2.6141825e-01	2.4007486e-01	-2.0723374e-01	3.2321386e-02	-1.5568140e-01	-9.8984942e-02	3.7962490e-01	-1.5546203e-01	2.1582093e-02	-1.6127376e-01	-2.0929125e-01	-8.3296604e-02	2.7572817e-01	-5.3964156e-01	-3.6826077e-01	3.6315608e-01	1.7703143e-01	-4.5419356e-01	3.1174490e-02	2.2712141e-01	-2.5356910e-01	-2.0153795e-01	5.4671589e-02	2.2753453e-01	1.6857773e-01	2.0388974e-01	9.4928615e-02	-1.5872832e-01	1.7716654e-01	-3.3567622e-01	-7.1986057e-02	-1.9827496e-01	-3.4042829e-01	2.3468870e-01	1.3942116e-01	-2.0743133e-01	-1.3417020e-01	-3.0653355e-01	-2.8378770e-01	-2.2407830e-01	-7.1732938e-02	1.8216275e-01	-6.6094913e-02	1.4015324e-01	-2.9661250e-01	-2.0188728e-01	7.7504598e-02	-7.1439616e-02	1.8538776e-01	-2.0676138e-01	-3.7043560e-01	-6.0426772e-02	-1.3426657e-02	-3.2971710e-02	-5.1644586e-02	-2.5070289e-01	-3.6626372e-02	2.1663792e-02	-9.4354395e-03	1.3024864e-01	-1.8257482e-01	2.7334470e-02	-4.2969081e-01	-2.2048785e-01	-1.5292691e-01	-2.0986193e-01	-1.7294097e-01	1.6599564e-01	-1.1720021e-01	-6.5150805e-02	2.3256443e-01	1.0208351e-01	-3.0116349e-01	9.1466144e-02	-7.8094356e-02	-1.9553253e-01	3.3795469e-02	-1.5311071e-01	-3.5043344e-02	-1.9406782e-01	-2.4807370e-01	-1.2845448e-01	7.6998487e-02	2.1727835e-01	9.4209865e-02	-3.7803773e-02	2.1983397e-01	-3.0030680e-01	-1.2201287e-01	-1.5313631e-01	-1.0130851e-01	-2.2970720e-01	-2.8805608e-01	1.6115947e-01	-1.0179720e-01	-1.2690338e-01	-7.9721920e-02	1.3015683e-01	5.5602759e-02	2.2152123e-01	-1.7152432e-01	-2.2965783e-01	4.1034296e-02	-8.4256217e-02	1.1002681e-01	-2.3904903e-01	1.6571510e-01	1.2325139e-01	-2.5097805e-01	-2.7138429e-02	7.2586790e-02	-9.0412810e-02	-1.5841936e-01	-2.0834258e-01	1.5207122e-01	-1.5980326e-01	-5.8257546e-02	-1.3484658e-01	-1.1866842e-01	1.1971498e-01	-1.9893475e-01	-1.3415958e-01	-1.4728798e-01	1.5695110e-01	-3.1238263e-02	1.6690281e-01	-4.2749077e-02	-2.1326113e-01	2.1238038e-01	2.9710528e-01	-2.7374926e-01	-1.7308678e-01	-1.0918260e-01	-1.3121222e-02	1.6370293e-01	1.4334871e-01	4.2800393e-02	-1.2516549e-01	5.7378184e-02	1.1619075e-01	1.0073905e-01	-3.1970084e-01	7.4094103e-04	3.0405906e-01	-1.4327879e-01	2.3225976e-02	1.3140109e-01	-3.4599909e-01	2.0200388e-01	1.2620935e-01	2.4764273e-01	1.0702095e-02	2.1583001e-01	9.7471297e-02	2.4212968e-01	3.0063602e-01	-1.6076669e-01	-4.2897132e-01	1.1767649e-01
5.4193622e-01	-1.5083526e-01	5.4044418e-02	-9.0768322e-02	1.3360411e-01	-2.5378540e-01	-2.4336979e-01	1.2096938e-01	6.9524638e-02	-3.8494945e-01	1.9673464e-01	1.5857275e-01	-3.1128824e-01	3.3661839e-01	3.1032739e-02	-4.6326354e-01	-1.7780310e-01	-2.2577949e-02	-4.0898380e-01	2.5820032e-01	2.5549725e-02	-1.5564942e-01	3.7161666e-01	-8.6894576e-03	6.6698894e-02	2.2054707e-01	-9.2278933e-03	-7.3888578e-02	1.6211784e-01	3.0801654e-01	-2.1063924e-01	-4.9191609e-02	1.7341718e-01	5.6877427e-02	-1.3800597e-01	1.6498142e-01	4.4404272e-02	-8.6884595e-02	-2.2086432e-02	-8.3528355e-02	-2.6835966e-01	9.6476085e-02	2.6058587e-01	1.2185813e-01	2.7422579e-02	-7.0111111e-02	4.1317773e-01	1.2649159e-01	1.3936689e-01	-8.8314876e-02	-1.2749396e-01	1.9385239e-01	1.2866552e-01	-2.7288359e-01	8.8555105e-02	2.4852411e-01	-9.2767380e-02	-2.9479759e-02	-1.4574379e-01	-6.1323613e-01	3.4009065e-02	-2.2043377e-01	1.0740112e-01	-1.7550708e-01	-2.4695031e-02	8.1769839e-02	-1.9287054e-01	2.7164489e-01	-2.8558636e-01	-7.7286743e-02	-1.5476935e-01	-1.6186602e-01	1.0310779e-01	5.8434919e-02	-9.5756881e-02	-2.0399877e-01	-1.5074557e-01	7.4312977e-02	-1.4750870e-01	4.4414576e-02	2.0513839e-01	-6.8731448e-03	2.9036293e-02	-1.3236459e-01	3.2528739e-02	2.2980277e-01	-2.6066691e-01	2.5998399e-01	-1.5726310e-01	-2.2210754e-01	2.4049476e-01	-2.3264500e-01	1.7121322e-01	-1.2950166e-01	-3.0568206e-01	-1.9977719e-01	2.6639125e-01	-6.7090958e-02	1.4772373e-01	-1.5423451e-01	-3.2774892e-02	8.7163486e-02	1.7493881e-02	2.9342189e-01	1.3806855e-02	-2.7466354e-01	-2.9668415e-02	1.7043262e-03	2.8857771e-01	-1.4364366e-01	2.6090506e-01	4.7692060e-02	-2.8117606e-01	-2.7967417e-01	-2.9263144e-02	9.5502786e-02	3.4312449e-02	-2.7963197e-01	-2.3885238e-01	-1.7192525e-01	1.7544343e-01	1.4126341e-01	-1.7570497e-01	-8.2960073e-03	2.8059646e-01	8.4407002e-02	-2.4088360e-02	-3.0905628e-01	-5.9811059e-02	-4.0402591e-02	3.7540346e-02	-3.1194821e-01	7.7885464e-02	1.6604510e-01	3.2504071e-02	2.6904309e-02	-1.2745889e-01	3.2237768e-03	7.4794173e-02	-1.0293434e-01	-2.7989300e-02	6.3364543e-02	-2.5845191e-01	7.4146569e-02	-5.9644327e-02	2.3039207e-01	-3.3738174e-02	9.6351177e-02	-2.8421542e-01	-1.4240722e-01	1.2746504e-01	-2.1425159e-01	-1.2457129e-01	-2.7059105e-01	2.3535497e-02	-2.3983684e-01	-2.6304584e-02	-2.2547436e-01	7.4188232e-02	-3.0904722e-01	1.0542027e-01	3.7040788e-01	-1.8241426e-02	1.8407534e-01	3.3275002e-01	-1.6458936e-01	2.1379782e-02	-5.5471472e-02	-4.0750813e-01	-1.9832250e-01	-8.4014043e-02	2.2419777e-02	-5.1659774e-02	2.3645540e-01	1.9281861e-01	-2.4527852e-01	-3.5452899e-01	-2.4840902e-01	-1.8092571e-01	1.7260247e-01	1.0052728e-01	1.9165231e-02	3.4783083e-01	5.0411302e-01	1.1653049e-01	-3.0666074e-01	-5.5595085e-02	-8.5634075e-02	-1.5921180e-01	-1.5747884e-01	5.8298435e-02	-2.2003368e-01	-1.6791615e-01	1.7584532e-01	7.9753853e-02	-2.8701556e-01	-3.6174934e-02	-3.0209053e-01	1.2854403e-01	2.1550249e-01	-2.4829237e-02	-2.2917904e-01	3.0302662e-01	-1.5351158e-01	3.3618274e-01	-6.9257319e-02	2.8846735e-01	1.2542602e-01	2.4801772e-02	-1.2335037e-01	1.7030598e-01	-3.2758310e-01	-1.7508550e-02	-2.2137593e-01	1.1140648e-01	8.1172593e-02	1.0632738e-01	-1.4161597e-01	1.0139454e-03	-1.7416416e-01	-8.5725702e-02	-2.8586188e-01	1.7389733e-01	-5.0514583e-02	2.7286279e-01	-2.5538513e-01	-9.0937681e-02	-1.4595623e-01	-1.4498384e-02	2.0005317e-01	-7.7860467e-02	5.7517674e-02	1.8325368e-01	-2.3053898e-01	-2.8013301e-01	1.1876126e-01	-7.9636676e-03	1.1096839e-01	2.3787740e-01	-2.0316818e-01	-2.0968165e-01	2.9171982e-01	2.3415871e-01	2.5760815e-02	2.3580474e-01	2.3939207e-02	-2.3961185e-01	-2.1465415e-01	8.9015260e-02	-1.2379128e-01	-5.4207232e-02	-2.7823362e-01	1.6569276e-01	2.0265442e-01	-1.5529107e-01	-1.3001577e-02	5.0220031e-01	-1.7829090e-01	-2.0091969e-01	-2.9907641e-01	2.0240489e-02	-1.6356282e-01	-3.2509580e-02	7.8747258e-02	-2.7344307e-01	-4.3374747e-01	1.0572081e-01	-1.1953782e-01	-5.8299787e-02	3.6028156e-01	4.2981580e-01	-2.8964731e-01	-2.9612008e-01	2.1133603e-01	-6.1875498e-01	3.0698565e-01	1.9658242e-01	-7.7819616e-02	3.2433721e-01	2.1016999e-01	9.3407996e-02	-1.0363533e-01	1.8925333e-01	-1.0143842e-01	-6.1288096e-02	-7.4132800e-02	9.8460361e-02	-2.1144944e-01	1.0447336e-01	4.2235598e-02	6.1356880e-02	3.4777498e-01	2.6957819e-01	1.1693797e-01	-3.7024651e-02	-2.5686347e-01	2.9183614e-01	-1.9071420e-01	1.6102687e-01	-2.6931655e-01	-1.7392330e-01	-1.5577482e-01	-3.8328871e-02	-1.6878982e-01	-2.2381385e-01	2.7087846e-01	5.4729789e-02	-2.3184472e-01	9.6172303e-02	2.7347982e-01	-1.0550344e-02	-2.0942503e-01	-1.2326393e-01	-3.5776845e-01	3.8078096e-02	3.0302599e-01	-2.5987211e-01	2.5839043e-01	-2.9074878e-01	1.3866457e-02	1.9756508e-01	-1.2856364e-01	-1.3708200e-01	-3.0623418e-01	-5.0796237e-02	1.9308531e-01	-1.1017231e-01	6.7014061e-02	-3.2212034e-01	-2.5021932e-01	-1.0637715e-01	-2.4565642e-01	2.4787711e-01	3.3317685e-01	1.9937979e-01	-2.2892804e-01	-1.4914346e-01	-2.3237596e-01	-1.6051844e-01	3.9625642e-01	2.0915118e-01	-1.7869463e-02	2.5089115e-01	4.4907963e-01	-2.6250061e-01	1.9485000e-01	-2.5484131e-03	2.4158122e-02	1.7526141e-01	1.2364172e-01	-3.0195007e-01	-2.7238914e-01	-3.1151891e-01	1.1249065e-01	-1.5411681e-01	-1.2181813e-01	-7.4790878e-04	2.9022440e-01	-3.2520631e-01	2.1026742e-01	1.4722414e-01	-1.4338377e-01	-5.9980117e-02	-2.0401163e-01	2.5727779e-01	1.6476741e-02	1.5054771e-01	1.4490126e-01	-2.1855594e-01	-2.0347178e-02	6.2687255e-02	-4.0213922e-03	-8.0483733e-03	-1.1246621e-01	5.2819457e-02	-8.0959581e-02	2.4053626e-02	1.5205385e-01	2.0390783e-01	7.0629857e-02	6.9493897e-02	1.5375686e-01	2.7580255e-01	-3.2372192e-01	2.1964930e-01	1.5383282e-01	2.6830452e-02	1.8098013e-01	-1.6411945e-01	2.0833123e-01	6.1613169e-02	-1.8136699e-02	-1.2848723e-01	3.0158669e-01	6.2613852e-02	-2.0333318e-02	1.7397416e-01	-1.5626492e-01	-2.5190064e-01	1.4910108e-01	-1.6383331e-01	1.8403512e-01	1.8895684e-01	2.1547836e-01	-1.1879980e-01	1.7338437e-01	2.3005317e-01	7.9374164e-02	-1.3943100e-01	3.8540611e-01	2.4892565e-02	5.1058833e-02	7.7582046e-02	1.4692815e-01	1.4518312e-01	2.0545429e-02	8.8668905e-02	-2.0088691e-01	2.6347506e-01	2.6384398e-01	2.6132303e-01	-1.2856601e-01	-2.4002899e-01	-1.8495776e-01	-3.0563113e-01	2.3136374e-02	-2.5071595e-02	-7.6815270e-02	1.0276011e-01	-2.3417605e-01	-3.4773056e-03	3.6005996e-02	-3.1413531e-01	2.9544145e-01	-2.1798456e-01	8.3409101e-03	-2.1768893e-01	-2.3873597e-01	2.4678291e-01	-2.1354498e-01	-1.6298866e-01	5.9426776e-03	-1.6742152e-01	-2.1683195e-01	1.5132976e-01	5.6300249e-02	-2.5417295e-01	-2.6487738e-01	-3.5058787e-01	6.2896892e-02	-7.9628818e-02	1.5169154e-02	-1.0529109e-01	-1.5279475e-01	-1.4682321e-01	-6.9728806e-03	-3.6874059e-01	1.3638331e-01	1.6073972e-01	-3.5375136e-01	-1.8690081e-01	3.0543235e-01	1.7094493e-01	-7.6162696e-02	8.5098155e-02	-7.0504092e-02	2.5339681e-01	-7.0359543e-02	-2.5282189e-01	-1.6909175e-02	-2.0372441e-01	2.0732328e-01	-1.8325926e-01	1.8121444e-01	-1.3854162e-01	-1.7025322e-01	-2.2352223e-01	1.3508432e-01	1.8805806e-01	2.6157537e-01	-1.8611205e-01	-1.6616344e-01	2.4925688e-01	-2.7363962e-01	1.2752643e-01	1.5340605e-01	-2.0588978e-01	1.2526590e-01	-8.9550696e-02	-4.6215549e-02	-2.0613340e-01	-5.1553644e-02	-2.8176275e-01	9.6417606e-02	1.4709036e-01	3.1205144e-02	3.0121815e-01	-2.6042020e-01	1.1711321e-01	-1.3948798e-01	6.7324884e-02	-4.7699036e-03	-1.7889127e-01	-2.4294046e-01	-1.9509916e-01	-1.7937046e-01	1.9297956e-01	1.9206094e-02	1.5765810e-01	1.5398261e-01	-5.1667139e-02	-1.8216220e-01	1.9224057e-01	-7.7168256e-02	6.6552348e-02	1.1552624e-01	-3.0937263e-01	2.9097235e-01	-1.0305631e-01	-3.3675903e-01	1.1954159e-01	7.4849568e-02	-2.2896191e-01	2.0959775e-01	-2.8297678e-01	2.2910424e-01	-3.6845751e-02	1.8537705e-01	-1.1833747e-01	4.2411909e-02	-2.9061487e-01	-1.6556646e-01	-1.2338739e-01	-2.7652943e-01	-1.7055367e-01	-3.2585073e-02	-5.3971961e-02	1.8608868e-01	4.6759777e-02	-1.7663404e-01	3.6234251e-01	1.6130804e-01	-1.6828036e-01	-1.4476459e-01	1.2612076e-01	-2.1052165e-02	3.2315838e-01	-1.1859073e-01	-1.4370228e-01	-1.3990873e-01	1.3259310e-01	-7.5772777e-02	3.2461295e-01	-2.4796346e-01	-6.1253227e-02	2.4674436e-01	1.2596747e-01	-3.9544895e-01	2.6618612e-01	-2.4249099e-01	-2.5853643e-01	1.2734108e-01	-2.2720017e-01	4.9443781e-01	-9.0816682e-03	-3.9563644e-01	-4.7374547e-02	1.7982884e-01	3.0422991e-02	-1.9762619e-01	-7.1820237e-02	2.3633274e-01	2.6518127e-01	-2.7306798e-01	7.5727023e-02	-1.5071432e-01	-1.3016140e-01	-2.6282197e-01	-2.3740521e-01	8.6899504e-02	-2.0786409e-01	-1.5622312e-02	2.1180947e-01	-8.9677103e-02	3.0242774e-01	4.3020267e-02	-2.8444129e-01	-2.1815090e-01	8.0686159e-02	2.4412510e-01	2.0435953e-03	-1.8880239e-01	-3.5645987e-03	5.6430977e-02	-9.9978587e-03	1.2369147e-01	-2.7500600e-01	-3.4574762e-02	-2.0023197e-01	4.5014191e-02	1.8043888e-01	-2.0653237e-01	1.0487126e-03	1.8248667e-01	-7.9092987e-02	5.1604297e-02	3.1560311e-01	1.2098208e-01	5.6121103e-02	-2.4747480e-01	-1.1491424e-01	-3.1668145e-02	2.0460330e-01	-1.0045619e-01	-2.6507020e-01	-1.0166786e-01	6.0958989e-02	3.6180666e-01	1.5572639e-01	1.5457730e-01	8.2948342e-02	-2.0191196e-01	-3.3995336e-01	3.5812825e-02	3.1407610e-01	-7.7078067e-02	-1.0629629e-01	-2.2791018e-01	-7.8663073e-02	-3.0790100e-01	-1.5635566e-01	-2.5548336e-01	-2.5509741e-02	-2.1691075e-02	-1.9901089e-02	2.2249173e-01	-1.5563631e-02	1.8890230e-01	-1.9883575e-01	-2.6110235e-01	-1.0910858e-01	-1.0603105e-01	2.0556171e-01	1.7765744e-01	1.8282801e-01	-5.4431587e-02	-3.1335395e-02	2.4132822e-01	2.3953959e-01	3.4047458e-02	6.7556063e-03	1.3316989e-01	1.0860423e-01	7.4427217e-02	1.6385335e-01	1.4100397e-02	-2.2718687e-01	5.8461934e-02	-2.5543895e-01	-1.0261699e-01	-2.3031436e-01	2.8921527e-01	1.3233085e-02	-1.6666631e-01	-1.9164340e-01	-1.9584161e-01	2.6934803e-01	3.2266292e-01	2.6835889e-01	6.3793138e-02	1.3786130e-01	-7.6763034e-02	2.0889784e-01	-1.6215511e-01	9.9113964e-02	-3.8428810e-01	4.2736748e-01	-8.8987406e-03	-2.7931595e-02	-2.0817296e-01	-3.1262818e-01	-4.2416731e-01	-6.2278617e-02	6.1460219e-02	-4.8257947e-01	1.2650079e-01	2.0535766e-01	-1.3921194e-02	-9.0960883e-02	-8.5060574e-02	-3.7357148e-02	2.0696138e-01	7.4342258e-02	-1.5067498e-01	-3.1295769e-02	1.9551842e-01	2.9087561e-01	1.1617780e-01	-2.3084331e-01	-4.3860799e-01	-1.8933293e-01	-8.7472476e-02	1.1604869e-01	1.3550286e-01	-3.0985481e-01	3.4497139e-01	1.2401260e-01	-1.6626500e-01	1.4446379e-01	-2.1486703e-01	-4.3999992e-02	-1.0766757e-01	3.8972849e-01	2.8597420e-01	2.2334253e-02	-2.3054995e-01	-9.6307181e-02	-1.1060124e-01	2.3289762e-01	1.5288869e-01	-1.3945329e-01	2.1749112e-01	8.3150446e-02	-2.4259254e-01	6.2935106e-02	-2.5796422e-01	4.0783375e-03	8.5588340e-03	1.5686208e-01	1.2283871e-01	-7.9284035e-02	2.5332573e-01	-1.5651004e-01	-2.0695564e-01	7.7102318e-02	-3.4313542e-03	9.1074459e-02	-1.3852704e-01	-1.6051581e-02	-2.6676643e-01	-4.4036752e-01	-1.3177991e-01	1.8347850e-01	1.0473409e-02	1.5299466e-01	4.9717139e-02	-3.0063578e-01	-7.9539455e-02	5.1012985e-02	8.8670604e-02	2.0155743e-01	-2.7354938e-01	-7.9095006e-02	-6.7376278e-02	1.3404995e-01	1.3236600e-01	8.5862525e-02	-2.0595382e-01	-2.4725720e-01	1.6590743e-01	-3.4353146e-03	2.1197066e-01	-3.0073312e-01	-2.2330157e-01	5.8192641e-02	4.4340625e-02	-1.2027603e-01	-7.6366805e-02	-1.9587803e-01	-3.6100175e-02	-2.3402289e-02	-1.6057563e-01	-7.6375999e-02	9.8187283e-02	-2.6443774e-01	1.2305183e-01	2.8764451e-01	2.7569753e-01	-3.2127538e-01	1.5690762e-01	2.4102853e-01	7.3812760e-02	-1.5519629e-01	2.0993104e-02	1.1281514e-01	-1.6984944e-01	-1.8455525e-01	-1.7759940e-01	-2.5284439e-01	-3.5038376e-01	-2.1018751e-01	8.1414640e-02	-1.0352287e-01	4.5882231e-03	2.3107169e-02	1.4012407e-01	1.0331745e-03	-1.2074695e-01	1.9716072e-01	1.9268496e-01	-2.7689373e-01	8.5241221e-02	2.0826869e-01	-1.0731634e-01	1.9868430e-01	-9.3694195e-02	-3.2306220e-02	-3.7791932e-01	2.8815991e-01	-7.4756332e-02	-2.6172397e-01	-6.3851923e-01	-4.8019925e-01	2.2304532e-01	2.3634991e-02	-2.1552502e-01	1.1043239e-01	-1.0950156e-01	-1.7519248e-01	-1.5931457e-01	-8.3835810e-02	7.3863871e-02	-2.1986040e-01	-2.3015255e-01	-9.0535738e-02	-6.3635439e-01	5.8644963e-03	6.5988764e-02	-4.9035996e-01	4.9560998e-02	8.0433795e-03	3.5999978e-01	-1.1136597e-01	-4.5963913e-02	1.3938744e-01	2.0431943e-01	1.3111211e-01	1.5998957e-01	-1.0054415e-01	-6.0494799e-02	-1.8909770e-01	-5.2142095e-02	1.6171621e-01	-1.3263519e-01	-2.9732043e-01	-3.9266761e-02	6.3942686e-02	-2.4983685e-01	-8.1837185e-02	9.2486955e-02	-1.1255774e-01	2.2114217e-01	-1.4582390e-01	-2.9259163e-01	1.9470096e-01	-1.7339578e-01	-4.1104695e-01	1.4754221e-01	2.6623213e-01	3.6904264e-02	-2.6842166e-02	-2.4642842e-01	1.1439612e-01	-3.9642841e-01	6.3994884e-02	-5.4964656e-03	-7.7753268e-02	2.4866503e-02	-1.1712273e-01	-2.4991852e-01	-1.3386819e-01	-2.6424995e-02	-1.2510373e-01	-1.4622100e-01	2.2887088e-01	4.4453213e-01	1.1395643e-02	2.8454298e-01	1.9542052e-01	-1.2097555e-01	1.2227664e-01	1.3510926e-01	-1.5631503e-01	-7.1196221e-02	-4.1445580e-01	-4.5909229e-01	-2.0474236e-01	-1.0822319e-01	5.8249209e-02	2.0001372e-02	8.3269440e-02	-3.8484076e-01	-4.5549624e-02	-1.7916033e-02	-1.9118990e-01	8.4885195e-02	1.2499099e-01	1.4613578e-01	-1.4574216e-01	-8.9228041e-02	-1.8175410e-01	-2.0530926e-01	-3.1328209e-02	1.3900405e-01	-2.1323283e-01	-1.5782203e-01	-4.5496672e-02	-1.3092057e-01	2.6443663e-01	-2.4884342e-01	-1.1723284e-01	-1.4601392e-01	-2.1605571e-01	-2.9939926e-01	1.6086185e-01	-2.5369233e-01	-5.3652246e-02	1.5011181e-01	-7.2601758e-02	1.0268231e-01	-5.5937860e-03	-2.9793760e-01	1.5894340e-01	1.8097373e-02	1.8894221e-01	2.4421653e-01	-2.1933749e-01	-2.6491231e-01	-3.3542556e-01	-2.8189692e-01	1.6665812e-01	1.9742110e-01	1.1261301e-01	7.6827370e-02	4.5398414e-01	-2.6166871e-01	-1.7073606e-01	3.5855734e-01	-2.1624015e-01	-2.1816716e-01	2.1665418e-01	1.9399828e-01	-4.0167719e-01	-8.2064914e-03	5.3076297e-02	-9.6938521e-02	-2.6401454e-01	-9.5861807e-02	-2.3179144e-01	-4.3709325e-03	-2.6187482e-01	-1.9104285e-02	1.9168416e-01	-4.0801104e-02	8.3023287e-02	6.5767355e-02	-1.5193291e-01	-1.3205236e-01	2.2119041e-01	1.6435058e-01	1.9364579e-01	-1.7673616e-01	5.3353757e-02	5.1426183e-02	-2.8527850e-01	6.3121997e-02	2.5588188e-01	-2.4902037e-01	4.0361920e-01	5.9829641e-02	1.9532269e-02	-9.3763523e-02	2.2235353e-01	-1.4240126e-01	8.2330853e-02	-2.4278976e-01	4.3857927e-03	2.6751950e-01	1.0836136e-01	-5.1057916e-02	1.8811300e-01	6.1983746e-02	-5.7248627e-03	-1.6633901e-01	-1.4357120e-02	3.5667084e-02	-1.0666400e-01	1.2228589e-01	-2.7911869e-01	1.0152664e-01	4.3709859e-02	-2.4309571e-01	-8.5179769e-02	2.8496167e-01	2.7265346e-01	-2.0573978e-01	1.3263592e-02	1.5561901e-01	1.8142016e-01	3.8342800e-02	2.9027042e-01	-1.2482317e-01	1.4518076e-04	1.1959223e-01	2.5912201e-01	1.1726239e-02	-2.5989464e-02	-2.4483022e-01	1.6311787e-01	2.1582277e-01	-1.1271938e-01	-1.2426355e-01	1.3890835e-02	-2.2118222e-02	-2.4910353e-01	1.8798736e-01	-2.7496159e-01	-3.3754006e-02	2.2053586e-01	2.0001702e-02	-7.6478250e-02	-2.6903081e-01	-2.7964976e-01	1.8077503e-01
-1.7426422e-01	-9.8003082e-02	4.0469682e-01	3.3648297e-01	2.1286264e-01	-4.2926654e-01	7.1460693e-03	1.0215341e-01	-2.6868898e-01	8.3287530e-02	-4.0681872e-01	1.9066133e-01	7.1004637e-02	-3.1520790e-01	-5.0772313e-02	1.5738179e-01	1.3290294e-01	-1.6190863e-01	1.0494586e-01	2.5320429e-01	2.0604791e-01	-2.1661772e-01	9.6285857e-02	7.7742308e-02	-1.6513100e-01	6.9246292e-01	-2.7743033e-01	-1.5845713e-01	3.7616083e-01	2.1349417e-01	-2.0523319e-01	7.5089917e-02
