9
input	23
dense	32
relu	0
dense	32
relu	0
dense	32
relu	0
dense	1
linear	0
7.999999979801942e-06
5.4740250e-02	2.8798413e-01	-1.4080748e-02	4.4461593e-02	7.9894990e-02	-7.3600620e-02	-8.6583741e-02	1.6381556e-02	-5.6357160e-02	-9.8554164e-02	-1.9906197e-02	-2.0880299e-02	1.0694184e-02	-1.0448871e-02	-7.0040748e-02	-2.0994488e-02	-3.5997678e-02	-1.2389939e-01	-8.4408611e-02	-4.5782957e-02	5.7220619e-02	-1.0304638e-01	1.5905990e-01	3.4571871e-02	1.2661079e-02	-7.9927348e-02	-1.7395772e-01	-4.2924259e-02	1.4644921e-02	-1.4492761e-02	-1.0205078e-01	-1.0261992e-01
-5.3091836e-03	8.2236798e-03	-1.1642646e-03	-5.5143863e-02	-2.8380023e-02	1.0266878e-01	-8.8689160e-03	6.4036481e-02	-2.1858463e-02	3.9189905e-02	-5.4337807e-02	-8.6856626e-02	6.0304619e-02	1.3184328e-02	3.8816176e-02	3.9355781e-02	5.1614255e-02	-7.5906433e-02	4.2172045e-02	-5.9628502e-02	-6.0684238e-02	1.1120220e-02	4.6018153e-02	-5.2271061e-02	-3.9638955e-02	-3.0616224e-02	-1.1318529e-02	1.3233805e-02	-6.4557246e-03	-6.5524653e-02	1.9251931e-02	-8.1557304e-02
-7.0993491e-02	-1.0314403e-01	2.0597759e-03	-2.0339889e-02	5.9238877e-03	-2.6850974e-02	-5.0318975e-02	-5.2486371e-02	-4.7397040e-02	-5.4075591e-02	-5.8734171e-02	-9.6248519e-03	-2.8989745e-02	3.5616431e-02	1.1212804e-02	-2.3855880e-02	-3.4434527e-02	-9.4671100e-02	-1.5196380e-02	-2.7757134e-02	-1.3993510e-02	1.7843915e-02	-4.6352491e-02	-3.6201168e-02	-2.2786528e-02	1.0677125e-02	-3.5037011e-02	-7.2971083e-02	3.6745267e-03	-3.0295208e-02	-3.9555371e-02	-7.2577037e-02
-2.2540495e-03
-5.8258355e-02	-3.6545360e-01	-4.6545550e-02	-2.9685047e-01	-3.1503659e-01	-6.8936534e-02	4.2233777e-01	-5.4262942e-01	8.8088393e-02	-3.3259194e-02	7.2432935e-02	5.4572052e-01	1.4642036e-01	-1.8827341e-01	3.0136183e-01	4.4733576e-02	-1.8804582e-02	-9.6804835e-02	7.7217348e-02	-9.1462173e-02	6.1563220e-02	-5.6957554e-02	6.8542659e-02	-8.1418729e-01	-4.5523793e-01	-2.0000966e-01	2.3673339e-01	9.6433179e-04	1.2870032e-01	-4.5056656e-01	-5.4817319e-01	1.0700161e-02	1.8569759e-01	-1.5739669e-01	3.1946558e-01	3.1633237e-01	-3.0910762e-02	1.9461326e-01	-3.8550306e-02	1.2715794e-01	1.6922677e-02	5.7977937e-02	3.1777333e-02	-7.6228663e-02	-3.4570839e-02	5.8580879e-02	-1.8577090e-01	-1.5979643e-01	1.8660387e-01	-1.3998593e-01	2.0622751e-01	-1.4777397e-01	-2.4179558e-01	-4.5559323e-01	-2.3048466e-01	-8.7427825e-02	-4.2668011e-02	-4.2315167e-01	-4.6034202e-01	-2.2567844e-01	-9.8812163e-02	2.2718064e-01	-6.5237838e-03	-1.3668281e-01	1.4546685e-01	-2.0171240e-01	-1.0221730e-01	1.6951883e-01	3.6843243e-01	1.6891371e-01	1.2362474e-03	1.4355502e-01	-3.5056531e-01	-2.3002797e-01	9.6181676e-02	1.7112711e-01	-1.0472034e-01	-1.1009100e-01	1.7744956e-03	-2.2798291e-01	8.8780600e-01	3.9114359e-01	2.5881445e-01	1.1472974e-01	5.9774101e-02	4.9325556e-02	1.6461024e-01	-4.9769427e-03	-8.1118926e-02	-9.7854696e-02	-2.8565767e-01	9.1455944e-02	-1.6288599e-01	-3.1704229e-01	1.9672997e-01	-2.3205707e-02	2.0706756e-02	-6.6653061e-01	-7.9709393e-01	-9.0221977e-01	-9.8059379e-02	-5.5592552e-02	1.7845243e-01	-2.3181489e-01	-1.9169018e-02	-2.9978070e-01	-2.1382363e-01	7.6210901e-02	-1.9955732e-01	-1.2084493e-01	-2.6389561e-03	-1.7479189e-02	5.7749897e-02	-1.4416553e-01	-7.0324913e-02	-4.0801021e-01	-2.7791229e-01	3.3669163e-02	-2.1730657e-01	-2.5433791e-01	-1.3126890e-01	2.5916579e-01	3.1926635e-01	5.3987717e-03	1.9582884e-01	2.0650035e-01	-3.6250839e-01	-5.1212096e-01	-1.5505680e-01	-1.5949504e-01	7.8171559e-02	1.6419488e-01	-6.8056926e-02	-1.7652014e-01	-7.4179187e-02	9.4214134e-02	1.7567378e-01	-1.8358530e-01	3.8479425e-03	-1.6846463e-02	2.6524764e-02	-1.8917061e-01	-4.7227824e-01	-5.4181132e-02	1.4248052e-01	2.7748223e-02	1.1188422e-01	8.4048025e-02	2.2409448e-01	-2.6690143e-01	-8.1227072e-02	2.0776962e-01	1.3899952e-01	-4.7024589e-02	5.8643270e-02	-3.8800932e-02	1.3594115e-01	6.9999315e-02	4.0174848e-03	-6.5420896e-02	4.1789487e-01	-3.3574179e-01	-3.5640526e-01	-2.0515583e-01	-7.8086920e-02	6.3002005e-02	2.9701161e-01	3.5918984e-01	1.0123752e-01	2.2634460e-01	-1.1651365e-01	-1.0188241e-01	-6.1282802e-01	-3.7690207e-01	-4.1616175e-02	-1.6574891e-01	3.4281097e-02	-4.2126883e-02	-1.6454611e-02	1.1633153e-01	2.5432014e-01	-4.4685220e-03	7.3514156e-02	-3.3346012e-01	-5.8437395e-01	-3.8533494e-01	-2.4540048e-02	-2.5915122e-01	-3.3367299e-02	1.0975949e-01	2.0281211e-01	-3.5005763e-01	1.8895595e-01	7.7949636e-02	2.0758058e-01	2.7822053e-01	-3.9066470e-01	-2.2771765e-01	-1.3309079e-01	-9.2222698e-02	1.2119704e-01	-3.1362215e-01	-3.5031024e-02	2.3210733e-01	3.2348242e-01	-4.6534607e-01	2.7386701e-01	2.4444325e-01	-1.4318290e-01	-6.5090135e-02	3.7724295e-01	2.5359178e-01	-8.9631133e-02	-3.5613137e-01	2.5744411e-01	4.8181776e-02	2.2699194e-01	1.8791538e-01	-4.1789255e-01	7.8753881e-02	8.2366660e-02	-3.0780032e-01	-7.7629797e-02	2.6258084e-01	3.0607728e-03	3.1974830e-02	-2.2036400e-01	-1.1041118e-01	5.9419930e-01	-5.4897976e-01	2.6928948e-02	8.8870488e-02	-4.2240728e-02	-8.8146478e-02	-2.0001397e-01	-1.5439565e-01	2.7557714e-02	2.4279417e-01	1.1708482e-01	1.5713300e-01	-2.9090211e-01	5.3999037e-01	1.7772333e-01	-3.0860052e-01	-1.2250927e-01	-1.0308047e-01	1.0224365e-02	1.2946072e-01	1.2156972e-01	1.9695151e-01	-5.6498927e-01	4.0860069e-01	-1.0849433e-01	-8.7516963e-02	1.6895384e-01	-2.0136777e-01	-4.8921907e-01	-3.8712713e-01	-1.4632535e-01	1.4759862e-01	8.3237514e-02	-2.4713236e-01	-1.2645204e-01	-1.9185742e-02	4.7458187e-03	-1.5965490e-01	2.9487509e-01	4.0859225e-01	3.1759780e-02	-4.0529585e-03	7.3278397e-02	-4.4203497e-02	-1.1434663e-01	8.7958602e-03	-1.3979602e-01	-1.9190952e-01	-1.4456455e-01	-3.1552899e-01	-7.3688515e-02	-2.2427706e-01	2.1495561e-01	-3.0511536e-02	2.4558474e-01	2.2663693e-01	-1.2836811e-01	-2.4391264e-01	-2.0188336e-01	-6.9287503e-01	1.5794431e-01	2.5601572e-01	2.5339076e-01	1.8691710e-01	9.2295585e-03	-2.9927241e-02	-2.6771177e-02	-1.3046324e-02	7.3650591e-02	-6.7291707e-01	5.7220751e-01	3.9822194e-01	-2.5192198e-01	-2.3141281e-01	-5.9235418e-01	-2.0173742e-01	-7.7139869e-02	-1.6246606e-01	2.0191152e-01	-1.4854451e-01	-1.4372817e-01	2.9830226e-01	-9.1683663e-02	9.5389900e-04	3.1140617e-01	1.7180790e-01	-1.1460971e-01	1.2046462e-01	2.1466171e-02	-8.7236345e-02	-1.4397030e-01	-1.7995581e-01	3.4809700e-01	-1.2198304e-01	5.2958232e-01	3.6724612e-01	-2.0806399e-01	8.2741171e-02	3.1911096e-01	3.6171493e-01	1.0991684e-01	-1.3058514e-02	-2.5364589e-03	-2.3800302e-01	1.0186793e-01	4.9337339e-01	2.2543237e-01	1.1440760e-02	1.7375554e-01	-1.2614162e-01	6.5482654e-02	-1.3777313e-01	1.5739198e-01	-9.0279892e-02	1.6693419e-01	2.3220788e-01	-8.6126953e-02	-2.4661006e-02	-2.5463876e-01	1.9739586e-01	-4.2105779e-02	1.1870522e-01	2.0710048e-01	3.6325875e-01	9.2827462e-02	-1.3344027e-01	1.5559191e-01	-2.6839042e-01	-7.7917296e-01	2.1203579e-02	9.3691144e-03	1.1921627e-01	-2.8680009e-01	5.9310511e-02	3.0281213e-01	1.0289414e-01	-1.5415122e-01	-1.4508083e-01	-1.1700344e-01	4.7313669e-01	3.5992175e-01	8.0920771e-02	2.1029377e-01	-2.9527059e-01	-2.2275321e-01	-5.4011162e-02	-2.8783983e-01	1.5133488e-01	1.8791193e-01	2.0240706e-01	-1.2714803e-01	1.0270135e+00	3.6736035e-01	-1.8824214e-01	-1.0292425e-01	8.1602789e-02	-1.3250402e-01	2.4272408e-01	-3.3061305e-01	2.5932404e-01	1.3806041e-01	-2.6327217e-01	2.4707040e-01	9.2944235e-02	-3.8692755e-01	-2.3587996e-01	-9.1073968e-02	-1.4793099e-01	-5.5684301e-04	3.2500170e-02	2.4961793e-01	1.3882434e-01	1.5254053e-01	-1.2992714e-01	-1.7795493e-01	2.1569613e-02	-2.0553268e-01	1.2892912e-01	-2.2154909e-01	1.0415187e-01	-5.6259442e-02	1.1390306e-01	2.4695734e-02	-2.8372673e-02	1.8115011e-01	4.7094187e-01	3.9627549e-01	4.7687793e-01	5.4981768e-02	1.1972336e-01	3.1881171e-01	1.8573073e-01	1.6360591e-01	7.4016333e-02	-6.3513748e-02	1.6560078e-01	-2.4180079e-01	3.2013425e-01	9.9881105e-02	2.3322901e-01	-8.8740261e-03	1.2453261e-01	1.2992996e-01	1.5571119e-01	-3.3988047e-01	1.2411755e-01	-3.0825272e-02	9.7342819e-02	1.1919654e-01	-8.4845282e-02	-4.8938668e-01	1.6371911e-02	3.0868620e-02	-2.5940096e-01	6.1995987e-02	-1.2513873e-02	2.5764585e-01	-1.1704947e-01	4.0942330e-02	4.5054935e-02	-5.3542733e-01	-5.3711433e-02	-2.3112023e-01	9.7508304e-02	3.5877949e-01	1.4832778e-01	2.7817351e-01	-2.3223805e-01	-2.8125951e-01	4.4267356e-02	3.9239508e-01	-3.5623133e-01	8.0692190e-01	1.2198210e-01	-1.8015783e-01	1.4105146e-01	2.8580406e-01	-1.1609227e-01	-3.6844650e-01	-2.1246831e-01	1.2296049e-01	-1.3656417e-01	2.1842846e-01	8.6973083e-01	3.8206333e-01	2.7360928e-01	1.3244508e-01	1.3469325e-01	-8.5890062e-02	-3.3315327e-02	1.2124741e-01	-6.4835623e-02	2.5678387e-02	-2.0324272e-01	2.3095065e-01	-7.5886138e-02	-4.2924139e-01	-1.7134356e-01	4.1531867e-01	-1.9201681e-01	2.3560251e-01	2.6821040e-04	1.2743883e-01	8.4399961e-02	2.7800679e-01	-8.3090037e-02	-5.4685831e-01	-4.2473382e-01	1.8139775e-01	-1.2554668e-01	-1.7470592e-01	-1.8111819e-01	1.5429424e-01	-2.0567698e-02	2.3364283e-01	-5.0702151e-02	2.0612519e-02	4.9512155e-02	1.3811059e-01	-9.8146439e-02	4.3209054e-02	-1.9453932e-01	-3.5958329e-01	-6.5386230e-01	-3.4577999e-01	-5.7929623e-01	-1.2493331e-01	8.9196466e-02	-6.1888814e-02	-3.0625846e-02	-2.5284854e-01	6.0232650e-02	-1.0572784e-01	6.0558524e-02	9.4542116e-02	2.6506752e-01	-2.1991616e-01	-4.4407867e-02	6.4202934e-03	-2.4222780e-02	-6.9648318e-02	-3.8352780e-02	-7.0542514e-01	-1.1784212e-01	-3.9904347e-01	7.7917078e-03	-8.5322493e-01	-4.6537778e-01	-8.4187967e-01	-4.9364526e-02	-1.3366984e-01	-1.4077495e-01	-2.1087695e-02	-7.7965394e-02	-1.7205292e-01	1.1218395e-01	2.2260416e-01	2.1545020e-01	-1.9676916e-01	1.1042985e-01	5.4878607e-02	4.5972671e-02	-9.0376660e-02	-1.8618581e-01	6.6575748e-01	1.5536939e-02	1.9787636e-01	-3.6230594e-01	1.8672432e-01	-1.5763849e-01	-7.0822515e-02	2.6660097e-01	1.1173790e-01	-3.0128741e-01	-3.3004290e-01	7.4999851e-01	2.6571006e-01	3.1154880e-01	3.4187621e-01	-1.7091149e-01	1.8374054e-01	2.5099788e-02	9.6843027e-02	-3.2861218e-01	1.6559355e-01	-3.8616544e-01	-7.8397855e-02	-6.0790759e-01	4.0444952e-02	4.5365687e-02	-1.2349359e-01	2.3654683e-01	-2.3038182e-02	1.0251075e-01	-2.0070969e-01	1.5937041e-01	1.1712623e-01	-3.0841777e-02	-3.6804202e-01	-2.2386815e-01	1.1542304e-01	1.4529707e-01	-2.4869463e-01	-3.0056220e-01	3.4096944e-01	2.2394767e-01	-7.4606031e-02	-4.3159608e-02	1.2491146e-01	3.0628562e-02	-1.0608605e-01	-9.1771074e-02	-3.7924993e-01	-1.3529502e-01	6.8077631e-02	-3.3426845e-01	7.4811049e-02	-3.8766596e-01	5.6377184e-02	-2.3742245e-01	9.6763454e-02	-3.4949291e-01	-3.2971952e-02	-1.3838562e-01	-3.6900854e-01	-1.0354728e-01	2.1874332e-01	1.7883942e-01	-2.2800989e-01	-8.6296491e-02	3.8752805e-02	-2.8197894e-01	2.2665706e-01	-6.3207680e-01	-1.2581268e-01	-2.2169945e-01	1.8925060e-01	-1.5049829e-01	2.3645988e-01	2.7519581e-01	2.7369925e-01	3.5494906e-01	3.4607243e-02	1.2909232e-01	-5.3693837e-01	-4.8267269e-01	-2.7207306e-01	-3.1894124e-01	1.9386691e-01	8.5922070e-02	1.1648175e-01	3.0269612e-02	-3.1514689e-01	-9.7173154e-02	1.0752942e-01	-5.5391558e-02	2.2216471e-01	-2.2722071e-02	2.1618126e-01	1.1044992e-01	-1.3124630e-01	7.6365329e-02	-3.4441695e-01	-2.5535312e-01	9.0604253e-02	2.5930396e-01	5.5214465e-02	8.7907964e-01	2.8256130e-01	1.2570840e-01	-1.9379141e-02	-4.7399223e-02	-2.1145143e-02	1.2397560e-01	-1.1631132e-01	8.1936657e-02	-2.8148608e-02	-1.7432022e-01	2.9749298e-01	-4.7875878e-01	-3.3722740e-01	-1.0064048e-01	2.3062302e-01	-2.8202403e-01	-1.0843971e-01	3.6681980e-01	2.9940546e-01	-1.0150032e-01	-1.1060607e-01	-1.0229694e-01	-7.9442501e-02	-3.8246624e-02	-2.2079840e-01	-1.6315529e-01	-1.6762024e-01	-1.0800092e-02	-1.2057328e-01	-9.4405785e-02	2.8084496e-01	1.7392945e-02	2.0708542e-02	-2.8562680e-01	3.5537121e-01	4.8882365e-01	2.3352942e-01	4.6642595e-03	2.8914189e-01	3.1856486e-01	-4.2919141e-01	-1.2572367e-01	1.1896142e-01	1.5851663e-01	1.1699941e-01	-3.0290328e-03	6.6324495e-02	-1.5844090e-01	3.5305843e-02	-1.9170365e-01	7.7514993e-03	1.1494671e-01	-1.2191109e-01	-2.0489527e-01	-1.4187837e-01	-5.5822653e-01	3.1141747e-02	-1.9847175e-01	-2.2307259e-01	3.4750772e-01	1.1801109e-01	-2.8041199e-01	2.1156393e-01	2.6808298e-01	-1.2541847e-01	-2.1194139e-01	1.3365340e-01	2.4600323e-01	-6.9580805e-01	-1.0117153e-01	1.8991216e-01	-2.4422217e-02	2.1955810e-01	-1.8264955e-01	-5.5080004e-02	5.5094514e-02	-1.5561068e-01	-1.1964224e-01	4.5867625e-01	-4.4025955e-01
-3.0398816e-01	-5.4534799e-01	-4.5449406e-02	-5.9404898e-01	-3.9033484e-01	2.9474363e-01	8.2388133e-02	2.4544694e-01	1.4493583e-01	2.7937543e-01	-7.1495458e-02	-1.7968510e-01	5.3675425e-01	9.3115844e-02	-2.9392648e-01	1.5792596e-01	4.0438730e-02	4.3345235e-02	-1.1746570e-02	1.9698977e-01	-3.7406710e-01	2.2830725e-01	6.8062469e-02	-4.1921410e-01	-8.7819979e-02	5.4313480e-03	-5.9240681e-01	2.4224603e-01	-2.2850566e-01	1.5429841e-01	-1.4779030e-01	1.6402839e-01	-4.4991839e-01	-4.1237602e-01	-1.2481346e-01	4.4366419e-01	-1.8806431e-01	-8.0562361e-02	-9.3490712e-02	-1.2637404e-01	5.3225599e-02	1.8861294e-01	2.3401761e-01	3.8247801e-02	-2.8635958e-01	2.4760595e-01	5.8822967e-02	-2.6333037e-01	4.4798553e-01	3.1144148e-01	2.3537795e-01	-3.1701794e-01	4.1406232e-01	3.0504966e-01	-1.6882429e-01	-2.7590561e-01	1.6652688e-01	-3.6227351e-01	1.2189968e-01	-1.1720629e-01	-1.0302377e-01	-1.0985018e-01	-5.8236413e-02	-2.5585759e-01	-3.1916067e-01	2.3017786e-01	-3.7514493e-01	-1.3328230e-01	-1.5304424e-01	-9.5784798e-02	7.0578819e-03	1.1491369e-01	-5.5324610e-02	1.6809843e-01	-3.4698126e-01	-5.2440446e-02	-4.9851485e-02	-1.2533322e-01	2.0086764e-01	1.7995991e-01	-5.4677159e-02	2.5738193e-02	1.5068917e-01	4.5068182e-02	3.1436563e-02	2.9564111e-02	-3.3016801e-01	-2.0681964e-02	-1.1298220e-02	-4.9403895e-02	1.0771314e-01	-4.2151743e-01	-2.4113165e-01	3.2456523e-01	-5.2656390e-02	1.0939317e-01	4.2513767e-01	-9.0011414e-03	4.9846686e-02	5.4547501e-01	-3.7156988e-02	-1.8581705e-01	1.4152262e-01	-1.7040904e-01	2.9038635e-01	2.6736632e-01	1.9574419e-01	-7.9400085e-02	-1.8285269e-01	-3.4378003e-02	1.3713104e-01	-2.5499341e-01	1.1692958e-01	-2.4905451e-01	-1.5489116e-01	-1.3029788e-01	-1.7129138e-01	3.0812478e-01	-1.5424125e-01	-2.7520713e-01	-1.0765433e-01	-1.0590645e-01	7.8069776e-02	4.0441837e-02	1.9005511e-02	2.6953140e-01	3.9471127e-02	4.7263104e-01	2.7737585e-01	-1.9224879e-01	8.9197069e-02	4.8074996e-01	5.9239097e-02	1.3258997e-01	1.0038201e-01	1.3641032e-02	4.6955727e-02	-2.1400699e-01	2.6195562e-01	-2.1698233e-01	-2.1905053e-01	-5.4002509e-02	-7.7951126e-02	-1.4446753e-01	2.7228013e-01	1.5208989e-01	-9.8481804e-02	-2.7776614e-01	-1.5514302e-02	-2.7880156e-01	8.9276522e-02	-3.4410071e-01	3.3125028e-01	-2.6418814e-01	-2.6550895e-01	-5.1349390e-02	1.9695266e-01	4.4857484e-01	1.5481620e-01	-3.6076572e-02	-1.0330799e-01	2.4869345e-01	-7.0926487e-02	-2.9655170e-01	-1.2215692e-01	-1.8770236e-01	1.1806609e-01	-1.6673398e-01	-1.3326691e-01	1.5046220e-01	6.2873855e-02	-2.4141733e-01	7.1804643e-02	2.0507793e-01	-2.9766083e-01	-3.8184389e-01	1.3757405e-01	2.6527545e-01	-2.2289746e-01	1.6800918e-01	-3.3441886e-02	-3.3449543e-01	2.9257086e-01	-2.0132625e-01	2.6471514e-01	-1.3576812e-01	-7.3598608e-02	-1.3565159e-01	-7.7109635e-02	-2.1370108e-01	-7.6192178e-02	8.8156037e-02	-7.2253838e-02	-2.2488208e-01	-3.3465266e-01	2.4830687e-01	2.0624255e-01	8.6126275e-02	7.0830405e-02	-1.2569928e-01	-6.5113775e-02	2.9528412e-01	2.7006528e-01	2.6926386e-01	3.4542128e-01	2.8936148e-01	6.3530877e-02	-1.2089166e-01	2.6153526e-01	1.2760220e-01	-1.9159941e-01	5.3344928e-03	-1.3446684e-01	-2.4959074e-01	-1.8130347e-01	-8.9201771e-02	-6.0513090e-02	8.3502373e-03	-1.1758834e-01	-2.2854342e-01	-1.7512105e-01	4.1766876e-01	-3.7315798e-01	-7.1795665e-02	-6.2842858e-01	-5.6957837e-02	-1.4866713e-02	3.2895106e-01	-1.6258892e-01	-1.0821060e-01	-9.0587631e-02	1.4735293e-01	5.2082766e-02	4.9817711e-02	2.8807941e-01	-1.0029139e-02	-4.5747519e-01	3.6627904e-01	3.1305510e-01	-2.7589849e-01	4.5779875e-01	2.8581378e-01	3.0802867e-01	-1.6435772e-01	5.4788244e-01	-1.4670020e-01	-1.2234604e-01	-1.0511965e-01	-2.1429082e-02	-1.7941514e-01	-1.3229932e-02	-3.5598344e-01	4.3683574e-02	-5.9199091e-02	1.2503430e-01	6.1883170e-02	5.3075090e-02	-1.8583898e-01	2.1070080e-01	-1.7287472e-01	1.4324386e-01	2.3879169e-01	-3.0358243e-01	1.0357669e-01	1.3144779e-01	1.4453763e-01	-3.8277462e-01	-1.2332176e-01	1.3103698e-01	7.1074367e-02	3.7572873e-01	1.7520195e-01	-3.3451685e-01	-3.4804633e-01	4.3077450e-02	-2.2488758e-01	-7.7487350e-02	-1.1728100e-01	-2.8334856e-01	-1.9790284e-01	-2.5636107e-01	-2.9609051e-01	-4.8417464e-02	-2.5148353e-01	3.8321089e-02	8.0558077e-02	1.8047696e-01	-3.1792495e-02	9.5254928e-03	-3.8770118e-01	-1.3516901e-01	-2.8616798e-01	-9.1637783e-02	2.8191131e-01	2.9869077e-01	9.7944394e-02	-3.6460382e-01	4.3034473e-01	-2.2104011e-01	-3.2697427e-01	-9.3321137e-02	3.5246244e-01	-2.4236985e-01	-2.5492689e-01	-2.7304122e-01	1.2261897e-01	-1.0471035e-01	-5.4844815e-02	1.7730615e-03	6.7904912e-02	1.2377793e-01	-1.8936314e-01	-2.5564462e-01	1.7744030e-01	-4.8555472e-01	-1.0008605e-01	7.7926844e-02	-2.2191176e-01	-1.2324721e-01	8.7083109e-02	4.6187565e-01	-2.8264343e-03	-3.4193479e-02	-6.3262470e-03	-1.7265850e-01	4.9311105e-02	-3.4567109e-01	1.4076781e-01	-1.4296977e-01	-4.3430912e-01	-4.0928364e-01	2.9362759e-01	1.2387683e-01	1.5736680e-01	7.3075213e-02	3.6099198e-01	-1.5823504e-01	-1.2744395e-01	-7.8175545e-02	1.9036357e-01	-1.9615982e-02	-8.0735497e-02	-3.6607197e-01	2.3303691e-02	-2.0738199e-01	2.3102157e-01	-2.9231384e-01	1.7361802e-01	-5.2550461e-02	-7.3214024e-02	2.4214101e-01	-3.0317744e-02	-4.6854071e-02	-1.5586482e-01	2.2522964e-01	1.4272556e-01	1.1619842e-01	1.5709795e-01	9.0259528e-03	-6.7362815e-02	3.1250345e-03	-1.0367345e-01	1.2749097e-01	2.8431657e-01	2.0989449e-01	3.6200941e-02	-1.9796157e-01	1.6368948e-02	-1.5796091e-01	1.9480108e-01	1.9709093e-02	-9.4324954e-02	-9.6103802e-02	1.0913216e-01	2.1989323e-01	2.1834570e-01	-3.0910432e-01	5.2754998e-02	2.3070113e-01	-2.7079394e-01	2.6588771e-01	-6.2755607e-02	2.6887422e-02	3.9053920e-01	-8.2842690e-01	2.7860945e-01	-5.0135434e-01	3.1125693e-02	-1.8182449e-01	-1.3412353e-01	-2.0800626e-01	5.3866948e-03	4.9312539e-02	3.7731546e-01	-1.2547596e-01	-1.9003451e-01	2.2538632e-01	1.8050697e-01	2.2254445e-01	-2.7501240e-01	-2.6379195e-01	3.2596925e-01	-1.9652133e-01	1.7488192e-01	6.5721810e-02	-3.2688931e-01	-2.2573953e-03	-2.6008943e-01	-3.6012661e-01	4.5082724e-01	7.3999107e-02	-2.1962801e-01	-1.6035475e-01	-4.5256385e-01	-1.5124458e-01	1.8805505e-01	-1.5598613e-01	-1.2300988e-01	-3.3296421e-01	-5.1945055e-01	-1.3036739e-02	3.2130295e-01	2.2248586e-01	-6.4863130e-02	-3.6350474e-01	2.6080814e-01	1.6819304e-02	-4.5179385e-01	-4.5090880e-02	-6.6607818e-02	-1.1041617e-01	-1.2749612e-01	-2.1516402e-01	-1.8143095e-01	-8.9211859e-02	-4.1504409e-02	2.6945066e-01	2.3444335e-01	3.2529879e-02	-3.6333105e-01	-5.4471630e-01	2.4251495e-02	1.4004149e-01	6.2414836e-02	2.2526762e-02	3.5126388e-02	1.5536278e-01	-8.8314943e-02	-5.9015536e-01	-4.0072879e-01	-3.2609642e-01	-1.1349963e-01	-1.1493417e-01	-1.3962219e-02	-1.1453541e-01	7.3363125e-02	-1.2418943e-01	-4.4917736e-02	1.7169183e-01	3.1973243e-01	4.0305492e-01	9.9773236e-02	-8.0343008e-02	4.2815812e-02	-1.2793790e-01	3.0820283e-01	2.6010221e-01	-4.4968072e-02	-4.0325156e-01	-1.4916082e-01	-1.9278857e-01	4.2377822e-02	-4.2775521e-01	-1.6878408e-01	-2.8993133e-01	4.2045200e-01	-1.8384759e-01	-1.6254635e-01	1.6433336e-01	4.2562968e-01	-1.0589164e-01	-5.0180334e-01	-1.6267113e-01	-4.4261533e-01	-3.4827003e-01	6.9145322e-02	2.8300104e-01	3.5951146e-01	6.5834515e-02	-4.8673034e-02	1.6386569e-01	5.2325237e-01	3.2180810e-01	1.1744510e-01	-3.0088579e-02	1.2562986e-01	-1.6931814e-01	7.0453949e-02	-7.6342277e-02	-1.6646282e-01	-1.3799518e-01	3.2965100e-01	-4.3565419e-01	-1.4430271e-01	-2.2753671e-01	-8.1320219e-02	-5.4339677e-01	2.3723723e-01	-2.1495600e-01	1.4793704e-01	-2.0479956e-01	1.4081623e-01	-9.7603843e-02	-3.5235998e-01	-4.3225271e-01	-1.6048533e-03	-2.3706949e-01	2.6370808e-01	1.6427392e-01	-3.2208882e-02	-1.9419299e-01	-1.8702339e-01	-4.2840332e-01	1.0955629e-01	1.9956750e-01	1.0155544e-01	2.2116622e-01	7.9322696e-02	-3.2042998e-01	1.6241759e-01	2.0074514e-01	-4.3200176e-02	-5.3384185e-01	1.2469765e-01	-2.7861264e-01	7.3849715e-02	-9.0629146e-02	2.4344824e-01	-2.5184503e-01	3.5808465e-01	-1.2078160e-01	-2.1546823e-01	-3.8128734e-01	1.1296167e-01	-2.0198475e-01	-4.2013381e-02	-1.6323428e-01	-2.6861597e-02	-3.5162205e-01	1.1494914e-01	2.3461279e-01	-3.6583355e-01	-8.9274809e-02	-1.6049484e-02	2.3926331e-01	-2.2471295e-01	-6.1248660e-01	-1.1377161e-01	-2.4045230e-01	-3.2760847e-01	2.3553994e-01	1.3313067e-01	-3.2827541e-01	3.5785040e-01	-8.4216828e-03	-1.7302381e-02	8.2244202e-03	-3.3497760e-01	2.6779997e-01	2.1068706e-01	5.6099288e-02	1.9763397e-01	1.9766180e-01	-2.4152039e-01	-6.1894592e-02	-3.8317833e-02	-4.9980566e-01	-1.2363929e-02	5.0211847e-02	-4.1110657e-02	8.8040821e-02	-3.3044529e-01	-1.1332823e-01	-1.6925968e-01	1.9624218e-01	4.2025007e-02	-6.0939804e-02	1.6193892e-01	2.8638321e-01	-1.1848538e-01	-4.9495567e-02	2.1452904e-01	-1.0484128e-01	8.5884042e-02	-8.2042236e-03	-1.2571218e-02	6.9316374e-03	2.8399080e-01	-1.1191819e-02	1.6601384e-01	-5.4025210e-02	1.8362108e-01	-3.8217947e-01	-2.1914601e-01	-1.8965346e-01	-1.2740283e-01	3.9225638e-02	-1.1351246e-01	1.0002545e-01	-1.9752029e-01	-1.2808043e-01	1.1921421e-01	2.7796718e-01	-2.5286087e-01	1.8388233e-01	-1.5679832e-01	-1.3843766e-01	2.7258730e-01	-1.5685749e-01	-2.3532937e-01	-6.7383468e-02	2.4021116e-01	-2.0662700e-01	-3.1287062e-01	-1.4434518e-01	-2.4128459e-01	1.4703418e-01	-1.6980572e-01	1.4024973e-01	-2.4545161e-01	-2.4561363e-01	9.7698636e-02	1.7025481e-01	1.2948583e-01	2.4853233e-01	2.3620103e-01	-9.7436048e-02	-2.5453901e-01	-1.7322122e-01	-1.5582936e-01	-3.3913308e-01	-3.6764902e-01	-1.9582529e-01	1.0813080e-02	-2.8807858e-01	1.5532365e-01	9.7251996e-02	2.0147197e-01	1.3963677e-01	-2.1424030e-01	1.2219007e-01	-2.3466365e-01	-2.8971907e-02	2.1322386e-01	-2.4062359e-01	-2.5885895e-01	-1.4904794e-02	1.1035168e-01	1.3902402e-01	2.6868705e-02	-8.5492238e-02	-2.3215416e-01	1.8609302e-01	-3.6572370e-01	-6.9135264e-02	-3.0918854e-01	-5.5369873e-02	-1.5861356e-01	2.0895910e-01	-3.4552455e-01	-4.9061354e-02	-8.7649867e-02	-5.5842900e-01	-2.4066755e-01	6.6333912e-02	-6.0931586e-02	-2.0144697e-01	-6.4060874e-02	-2.0748550e-01	-1.1849176e-01	-6.5292962e-02	2.6958737e-01	-3.6024901e-01	-1.4473316e-01	2.1201684e-01	4.7552338e-01	1.0846947e-01	2.1934777e-01	3.3058017e-01	-1.4155744e-01	-2.7052596e-01	-2.7572900e-01	2.8553620e-01	-1.9917925e-01	-1.3093725e-01	-3.3767425e-02	3.2030827e-01	-2.2832255e-01	-1.9443841e-01	6.5048724e-02	-2.7916564e-02	-1.5076108e-01	2.2139356e-01	3.0248067e-03	-1.1319089e-01	-5.6791180e-01	-6.3418798e-02	-3.4909087e-01	-9.1608964e-02	1.5578663e-02	3.8160879e-02	4.6431211e-01	1.5984623e-01	-3.5089085e-01	3.4257027e-03	2.2379723e-01	1.6008638e-01	1.5197679e-01	-3.0862460e-01	1.9382346e-01	2.6762415e-02	2.3281448e-01	-6.9227763e-02	3.8158618e-02	-2.8726298e-01	3.1024188e-01	-2.8029269e-02	-3.3145767e-01	3.5740939e-01	4.1799009e-02	-3.6872506e-01	-2.2901584e-01	-1.1008589e-01	-1.6355209e-01	9.6471459e-02	-1.3249691e-01	8.6510248e-02	-9.6715108e-02	-1.0894532e-01	1.2732770e-01	-1.9232844e-01	2.1113302e-01	1.2868024e-01	-9.4410948e-02	2.0851862e-01	-2.3960929e-01	3.1840959e-01	1.5084693e-02	-5.2105421e-01	1.9046368e-01	-6.0437553e-02	-2.0197387e-01	3.2832041e-01	3.0761579e-01	2.7600431e-01	4.9405087e-02	2.1467176e-01	1.9540696e-01	-3.2406858e-01	2.9512957e-01	4.7888163e-02	1.4052659e-01	2.5160795e-01	-2.6692048e-01	2.0675807e-01	-4.4643962e-01	-3.8031372e-01	5.3035241e-02	2.3296561e-02	-4.4158021e-01	-2.8315520e-01	1.3517110e-01	-8.7448269e-02	-1.0862436e-01	1.3114673e-01	-2.0129766e-01	2.6486483e-01	-1.6122890e-01	-2.8028730e-02	1.5240227e-01	-3.5823783e-01	2.6126012e-02	-9.1426075e-03	1.1920873e-01	2.2452430e-01	9.4217308e-02	2.3688528e-01	2.8659678e-01	4.0717345e-02	-1.0893636e-01	2.4843904e-01	1.0652695e-01	-3.3723679e-01	2.0869343e-01	1.8223593e-01	-2.3756985e-01	-2.6382369e-01	-1.6201280e-01	-2.3695560e-01	1.1550351e-01	1.2454679e-02	-1.7020233e-01	-2.3773983e-01	-2.1915346e-01	-1.3029863e-01	2.4385874e-01	1.4245217e-01	2.8446153e-01	-8.0124758e-02	2.5853252e-01	-1.5921530e-01	2.0325655e-01	2.4614948e-01	1.2982388e-01	2.5054851e-01	1.5556185e-01	-1.7696318e-01	1.6226530e-02	1.5898328e-01	-9.3993880e-02	-3.6450088e-01	2.1763059e-01	-4.7163060e-01	-1.9486545e-01	-1.1289002e-01	1.7108124e-01	-2.6893997e-01	1.8516395e-02	-1.5193702e-01	-2.5750721e-01	1.8188126e-03	-4.9662266e-02	-4.8728913e-01	-3.2323113e-01	-1.5904041e-01	-5.1832497e-01	-1.6230422e-01	2.3082983e-01	-1.9525819e-01	3.7671340e-01	-2.1410830e-01	1.8130904e-01	1.6174333e-01	-2.7961126e-01	4.7436006e-02	-1.4219616e-01	1.8313263e-01	-1.7509544e-01	9.1128320e-02	2.7489805e-01	4.7372609e-02	3.1917706e-01	-1.7219079e-01	1.4518768e-01	-1.0926579e-01	-2.6982757e-01	-5.2938265e-01	-1.0480073e-01	-6.0803008e-01	1.6589494e-01	-4.6634805e-01	1.1896612e-01	-1.1205446e-01	2.6467821e-01	-3.5175398e-01	-2.9790449e-01	-4.1911465e-01	-6.4815176e-01	-8.4113730e-03	3.7367311e-01	-3.4413714e-02	7.2160192e-02	-2.7961219e-02	8.5183524e-02	-2.0086117e-02	-2.5691873e-01	8.0250584e-02	-2.4024498e-01	1.2661077e-01	2.0738353e-01	3.2301374e-02	-1.8960740e-01	-3.1526828e-01	-2.2999400e-01	-3.3522564e-01	-7.0688173e-02	-2.5602144e-01	-1.1494858e-01	-9.3652435e-02	1.1070661e-01	2.0574648e-02	-2.1663267e-02	-9.7122155e-02	-3.5124992e-03	3.2138917e-01	2.0838526e-01	-2.1137604e-01	9.6881665e-02	-1.0096327e-01	-2.6734534e-01	1.3474414e-01	-3.1174180e-01	-4.3475325e-03	-2.8907749e-01	1.4947106e-01	-1.3852997e-01	1.1764258e-01	-3.9281315e-01	-1.7993195e-01	-5.2445149e-01	2.6809421e-01	-8.4334901e-03	-2.2869875e-01	-8.5982881e-02	4.3436006e-01	1.4533428e-02	1.3190272e-01	-9.8171346e-02	-1.8454845e-01	2.2487329e-01	5.3020455e-02	2.2545883e-02	-2.6293457e-01	2.9597890e-01	1.0120207e-01	1.6883768e-01	5.0313520e-01	-1.9479328e-01	-4.3100807e-01	-3.0022088e-01	-5.9489846e-01	-6.4002085e-01	-2.5974661e-01	-2.1192037e-01	-2.1327241e-01	2.5148800e-01	1.3425291e-02	1.3752595e-01	-2.9329786e-01	-3.2942879e-01	-3.7127772e-01	-1.3152595e-01	-1.8206839e-02	-1.0754946e-01	-8.0944806e-02	1.5661401e-01	-1.7899128e-03	1.3217176e-01	-6.2203079e-01	-1.4096105e-02	1.8325596e-01	-1.5644921e-01	-3.5486445e-01	8.5507609e-02	1.9966365e-01	3.4826994e-01	-2.5183612e-01	1.5071559e-01	2.2801472e-01	8.5446037e-02	-2.8299341e-01	2.3661377e-01	1.5991430e-01	-1.6526003e-01	2.4503540e-01	-1.8962878e-01	-9.0201236e-02	-3.0360481e-02	3.0444488e-01	1.4506569e-02	-3.3486572e-01	2.5055334e-01	1.1652748e-01	-1.0192749e-01	3.6039837e-02	2.3888456e-02	-2.5891009e-01	3.5787627e-01	2.7740854e-01	4.9362443e-02	-1.7378989e-01	-2.1371193e-02	-2.2787260e-02	6.6191979e-02	-5.5233903e-02	2.3251460e-01	3.2124004e-01	-2.5620648e-01	-1.7994899e-01	-1.7869465e-01	1.6236329e-02	1.6365227e-01	6.9713145e-03	-5.1063442e-01	-1.2761821e-01	-1.8432876e-01	-4.3514949e-01	2.9187071e-01	-2.6433897e-01	4.4787198e-02	2.5170004e-01	1.6444561e-01	-2.0692179e-01	-1.5179902e-01	3.5789314e-01	-8.4049046e-02	-9.2763446e-02	-3.1681505e-01	-2.8305590e-01	-8.4997185e-02	1.0058394e-01	1.0136719e-01	-2.6044258e-01	-1.0854256e-02	-4.8634019e-01	1.4469320e-01	-3.2467043e-01	2.4545829e-01	1.7926100e-01	3.2258177e-01	-1.1727984e-01	1.3925333e-01	4.8737060e-02	3.2032603e-01
1.6934296e-01	-4.5989466e-01	-2.2895865e-01	-2.8520235e-01	1.4465372e-01	2.8728154e-02	2.8860876e-01	-6.6687157e-03	-2.3937231e-01	3.4346648e-02	-2.7182588e-01	-2.7388737e-01	-9.0035185e-02	2.0648693e-01	-3.2361791e-01	-1.0953209e-01	8.4166795e-02	-1.3829965e-02	-3.0029684e-01	-3.1671417e-01	-1.0307501e-01	-1.9615187e-01	-5.6592943e-03	1.9516204e-01	-2.2263622e-01	-7.0830256e-02	6.5734908e-02	-2.5788835e-01	6.6909343e-03	4.5910940e-02	1.3771142e-01	1.7311901e-01	-5.0068848e-02	-1.8751021e-01	9.7395286e-02	1.4333157e-01	2.4747849e-01	1.6232997e-01	-1.1339837e-01	3.0768725e-01	-1.2530906e-01	-1.5509088e-01	-6.3880563e-02	-2.7404925e-01	-2.2695104e-02	-6.5103523e-02	-1.4958850e-01	1.9207513e-01	6.5300189e-02	1.3776010e-01	1.5263388e-01	2.3247834e-01	1.8811214e-01	-1.3845935e-01	2.3213820e-01	-1.9012088e-01	7.3470071e-02	-3.2502693e-01	2.8135817e-02	1.2404681e-01	1.3415341e-01	2.2819585e-01	2.2981765e-02	-3.9264926e-01	-2.0210126e-01	1.3635115e-01	2.1975282e-01	-2.1492235e-01	2.2089867e-01	-3.6140952e-01	3.3437121e-03	-6.4329430e-02	-3.0682793e-01	8.4370553e-02	-3.4807122e-01	1.5539558e-01	-1.7320411e-01	-7.6770902e-02	4.1080564e-01	4.1063210e-01	-6.5565199e-02	-3.1227682e-02	-1.5236840e-01	-1.9831440e-01	4.9776042e-01	1.9421895e-01	1.6324556e-01	2.8157052e-01	3.2863420e-01	-2.0192821e-01	-4.1262057e-01	3.9546505e-01	-2.2784251e-01	-1.7349064e-01	-3.4979254e-01	-2.5511971e-01	1.5444602e-02	-6.0061637e-02	2.8489462e-01	8.2641080e-02	-2.3182400e-01	-1.8386994e-01	-7.2479770e-02	-2.7736017e-01	-2.5142270e-01	2.3644409e-01	8.0827903e-03	-2.2468121e-01	-2.4755785e-01	7.8728914e-02	-2.3591234e-01	-2.6357335e-01	-7.8087457e-02	1.1778469e-01	-2.7404106e-01	-3.1106532e-01	2.7713230e-01	-9.4202913e-02	2.7346104e-01	-2.2089545e-01	-2.9609698e-01	-1.0399595e-01	-1.0553604e-01	-1.8594959e-01	2.0539990e-01	4.0033896e-02	-3.5424903e-01	2.6195809e-01	2.1527034e-01	-3.6321700e-01	-3.0902747e-02	-1.2879130e-01	-5.3875732e-01	-2.4327540e-01	-1.0889783e-01	-3.8516220e-01	3.1436211e-01	2.3389661e-01	1.3950685e-01	-3.0761200e-01	-3.8766119e-01	2.4389625e-01	2.2296852e-01	4.8557304e-02	3.7836790e-01	-1.0427782e-01	3.0879719e-02	5.3485468e-02	8.1267305e-02	-3.2781191e-02	3.1074750e-01	6.0990892e-02	1.7603132e-01	3.0178833e-01	3.2493871e-01	3.9180141e-02	-6.1905932e-02	2.3741387e-01	-2.8091365e-01	4.2443672e-01	1.7634387e-01	8.5934192e-02	3.7015417e-01	-4.0965978e-02	-6.0335316e-02	1.5336710e-02	-1.8538037e-01	-5.9078813e-02	2.0413445e-01	-5.8757406e-02	-3.9652591e-03	-3.5636231e-01	-5.8939336e-03	1.4601448e-01	6.4381458e-02	-7.5497270e-02	1.8371476e-01	-1.8146175e-01	-2.5954100e-01	1.9528943e-01	2.4175805e-01	-1.7583694e-01	3.8395452e-01	-1.2257721e-01	1.1690730e-01	-9.1347180e-02	2.1638177e-01	1.2337262e-01	-2.2504488e-01	3.7421578e-01	1.5597600e-02	1.6113749e-01	1.8178244e-01	6.6144198e-02	-6.4755656e-02	1.5566397e-01	2.2551830e-01	-7.6480992e-02	2.3010820e-02	-1.5180872e-01	-3.3683982e-02	-1.2616293e-01	2.7929252e-01	1.5140007e-02	-1.5979604e-01	-9.5976248e-02	-1.2956327e-01	3.9486799e-02	-1.6240971e-02	-1.3026194e-01	2.5522808e-02	2.6585200e-01	-2.9004651e-01	-2.5027817e-01	5.1879425e-02	-1.0061674e-01	8.9119717e-02	-1.5527339e-01	-1.2345804e-01	1.0692878e-01	-1.1984541e-02	1.6954790e-01	3.6551792e-02	3.7758045e-03	1.4303659e-01	2.7077609e-01	1.5104866e-01	-2.9409634e-02	-2.6085880e-01	-1.3999139e-01	1.9245706e-01	-4.8819501e-02	-1.6163398e-01	8.9586943e-02	1.2525456e-01	1.0810850e-01	-6.7658094e-03	-9.5699966e-02	-4.7315784e-02	2.2527930e-01	-2.5588670e-01	7.6243128e-03	2.2690603e-01	-6.9265053e-02	1.3938524e-01	-3.1706753e-01	-4.9034737e-02	7.4505329e-02	-1.4544016e-01	9.4741516e-02	-2.2176176e-01	1.1983544e-01	6.7343111e-03	-1.8833151e-01	6.5731160e-02	2.6494188e-02	-1.3674940e-01	-2.5275865e-01	-1.5351592e-01	2.1638191e-01	-9.7732835e-02	-1.9388692e-01	2.0606603e-01	1.2543753e-01	-8.2129732e-02	4.1867238e-02	-1.7094128e-01	1.2111089e-01	-3.2798912e-02	2.5126237e-01	-3.0721167e-01	9.5186226e-02	-1.5814373e-01	1.8509319e-01	-1.5061259e-01	2.1509308e-01	-1.4453460e-02	1.3673733e-01	1.3498783e-01	1.1108259e-01	7.5870894e-02	1.6756435e-01	1.7534468e-01	-1.5783648e-01	-1.4411266e-01	-7.9864182e-02	-1.1848677e-01	-1.6630384e-01	-6.9284089e-02	-4.9696553e-02	-3.2017469e-01	-2.6592804e-02	1.4565207e-01	-1.8040584e-01	-1.4561023e-02	-1.4470023e-01	9.7288005e-02	2.4047343e-01	-1.0500488e-01	5.5367898e-02	5.1125884e-02	-2.3643129e-01	2.0441678e-01	-1.6813675e-01	8.3003372e-02	-1.1902465e-01	2.5281626e-01	8.8832691e-02	-9.6544055e-03	2.3481977e-01	9.1130823e-02	-5.1347818e-03	2.3757158e-01	-1.3676643e-01	-1.0738301e-01	7.2470687e-02	2.8263679e-01	2.1119317e-01	-1.3076572e-01	-2.1774086e-01	1.3048728e-01	1.0361261e-01	-2.2304855e-01	-4.0196277e-02	-4.1835466e-01	-5.7117179e-02	1.1490595e-01	7.7299841e-02	-2.4973089e-01	5.5448288e-01	1.0097449e-01	-2.8048381e-01	2.6278695e-01	4.6587873e-01	-2.1884747e-01	1.2619796e-02	-4.9352565e-01	-1.3070351e-01	-1.8171903e-01	-3.8391441e-02	1.0414406e-01	1.2060494e-01	-2.6091763e-01	-3.1123739e-02	-2.5886497e-01	1.6828933e-01	1.3355541e-01	1.7434382e-01	1.1787489e-01	9.3870468e-02	1.8487433e-01	-4.5068137e-02	1.6453199e-01	2.9693508e-01	-3.3041534e-01	-2.8184119e-01	1.7799984e-01	6.4686164e-02	9.6061029e-02	4.0138751e-02	-1.9864400e-01	4.0997520e-02	3.7744525e-01	-2.6877710e-01	2.4059719e-01	-1.0546456e-01	8.3999142e-02	-3.8255462e-01	-2.2781369e-01	5.1973935e-02	1.1738560e-01	3.9133977e-02	3.2219467e-01	-8.7581463e-02	-2.5714880e-01	-2.7687004e-01	1.1236506e-01	2.3011710e-01	-2.1672908e-02	1.4012343e-01	-1.1576418e-02	1.7174494e-01	1.3840321e-01	-1.7523302e-01	3.0257398e-01	-2.7327141e-01	-1.0474845e-01	-4.0392194e-02	-1.7356473e-01	-4.7402570e-01	9.4883189e-02	-1.0283486e-01	-4.1481495e-02	-5.0878793e-02	1.5171137e-01	-1.7957607e-01	1.8933393e-02	1.2323606e-01	-1.3521098e-01	-1.1383759e-01	-3.9572394e-03	2.2986752e-01	-1.4022949e-01	1.9941257e-01	-1.5729982e-01	-1.9138877e-01	-6.3333027e-02	1.0107998e-01	-2.8898132e-01	-1.2662444e-01	-2.6787108e-01	-1.3820332e-02	-2.1457760e-01	2.5302771e-02	2.3780791e-03	-2.6972094e-01	-2.8565043e-01	-1.5584493e-02	2.8410605e-01	-6.3529783e-03	6.7513831e-02	1.1487962e-01	2.2821882e-01	-6.4309858e-02	-2.8033348e-02	2.2270504e-01	-2.0558292e-01	-3.2042953e-01	2.7448726e-01	3.0695206e-01	3.5178751e-02	-1.3029322e-01	-2.2603691e-01	-6.7938946e-02	3.1878117e-01	1.7205080e-01	1.3631582e-01	-1.1028683e-01	-3.7211838e-01	-2.4178438e-01	3.3799645e-01	3.0358371e-01	4.2386342e-02	-7.8878850e-02	-1.4672561e-01	-4.0511793e-01	-2.2677502e-01	-1.7019083e-01	-2.4529469e-01	1.6457060e-02	2.3619738e-01	-4.5541309e-02	-5.8131617e-01	-4.5912057e-01	8.0343507e-02	2.8222752e-01	-7.6293491e-02	-1.8121943e-01	-2.6182488e-01	-6.1770380e-01	1.2620530e-01	5.5584271e-02	1.9567961e-01	6.2887393e-02	-1.3199058e-01	-2.2167380e-01	1.7189796e-01	-1.0847781e-01	-2.8228742e-01	1.1510874e-01	-1.2231119e-02	-1.8339176e-01	6.4186794e-03	1.4098566e-02	5.9392195e-02	2.0139824e-01	3.0302188e-01	3.0752964e-02	1.3540259e-02	1.2730563e-01	2.5098458e-01	-4.2888314e-01	-5.5986359e-03	-9.8868698e-02	-2.0381032e-01	-3.2013544e-01	3.9022390e-02	-2.5841892e-01	-7.4618600e-02	1.2635742e-01	-5.7521127e-02	-1.6818660e-01	2.3222168e-01	7.3449798e-02	-7.4157640e-02	-3.3650652e-01	1.6931094e-01	-1.8384205e-01	5.0809093e-02	3.7582695e-02	1.9660817e-01	2.0582496e-01	3.7025553e-01	-2.1882662e-01	-4.4486977e-02	-2.6964056e-01	2.0261788e-01	1.0000435e-01	-1.1761937e-01	8.8753097e-02	-1.3135765e-01	4.6457838e-02	1.0860969e-01	-2.1465158e-01	-2.3091063e-01	-2.5245380e-01	-1.4895737e-01	1.4147791e-01	-1.1308588e-01	9.2785656e-02	2.2010182e-01	2.0023082e-01	-2.4120601e-01	1.0413919e-01	-1.8222114e-01	-3.3242792e-01	2.0754629e-01	-1.8743269e-01	-1.8762863e-01	-4.7284231e-02	-1.8159819e-01	-2.9189551e-02	2.3311645e-01	1.9427176e-01	1.6701826e-01	-1.8263440e-01	2.5928533e-01	2.2604242e-01	-6.9107354e-02	-2.5370350e-01	-5.6714300e-02	-2.5008082e-01	2.3455408e-01	8.5329581e-03	-2.9456186e-01	-2.8190321e-01	-2.0901056e-01	-1.8983600e-01	2.5890601e-01	1.4093983e-01	1.0863832e-01	-2.6477942e-01	-2.8748575e-01	2.5930777e-01	5.6158539e-02	-1.2369571e-01	7.4837290e-02	1.5287963e-01	1.0370663e-01	2.1481541e-01	-3.1418699e-01	1.3014187e-01	-2.1632764e-01	1.3515878e-01	1.0275415e-01	1.1982216e-02	1.8821430e-01	1.7891675e-01	3.7363384e-02	-3.0143666e-01	4.2085394e-02	2.1787139e-03	-1.1182210e-02	-1.8159489e-01	1.0032146e-01	-1.3065378e-01	2.8296438e-01	-4.7712955e-01	-8.4468678e-02	2.6026702e-01	-6.6987768e-02	-4.4903842e-01	-2.0674308e-01	-6.7787719e-01	-1.9369353e-02	1.1658489e-01	2.8253481e-01	-3.1531167e-01	-3.7496817e-01	-1.0279491e-02	2.9743928e-01	3.9080477e-01	-2.4906911e-02	-1.1313829e-01	6.2492587e-02	9.6160673e-02	3.5394594e-01	1.7549139e-01	3.1337887e-01	-3.3491075e-01	-1.6139723e-01	1.3139932e-02	2.8730106e-01	3.8806185e-01	1.3289100e-01	2.1489561e-01	-2.9370281e-01	3.6480245e-01	1.7865250e-01	-8.2629984e-03	-2.7102999e-02	-1.6092524e-01	-3.6358637e-01	-1.4162080e-01	2.3464565e-01	3.1460378e-01	1.2712680e-01	2.1372694e-01	7.7381313e-02	-7.4956879e-02	-3.2999775e-01	2.1381094e-01	1.1973695e-01	6.0739457e-03	-4.2876264e-01	5.4448023e-02	6.6880010e-02	2.8714976e-01	-2.3964246e-01	1.0166202e-02	-1.3170654e-01	1.0771194e-03	1.0134058e-01	-1.0006808e-01	1.7224383e-01	1.5579624e-01	-1.5449003e-02	2.6858032e-01	-4.1688749e-01	-3.2095186e-02	9.4644479e-02	-2.7756843e-01	-2.5792357e-01	-2.8342977e-01	2.1343195e-01	-1.7675811e-01	-4.0350053e-02	-1.2315515e-01	-1.9980548e-01	-1.8782240e-01	-3.4310702e-02	-2.5366566e-01	-8.0924854e-02	1.9322610e-01	2.1213494e-02	-2.7846819e-01	-2.0611268e-01	2.7286002e-01	1.6957721e-01	1.7825976e-01	2.3389407e-01	2.0344667e-01	-8.3723776e-02	3.0954828e-02	-3.0499563e-01	3.9344624e-02	1.3968709e-01	-2.7900639e-01	1.6590767e-01	-1.6305830e-01	-3.6444206e-02	-1.0734051e-01	-1.2802714e-01	3.5278285e-01	3.0633911e-01	2.0267750e-01	-2.9858973e-02	-1.3103417e-01	1.4513889e-01	-2.1795051e-02	-1.4836939e-01	-2.1812531e-01	-1.2213683e-01	-1.8191602e-03	1.2628503e-01	-3.3455303e-01	1.4235270e-01	-1.2960942e-01	-5.8593761e-02	-1.9777901e-03	1.0561226e-01	-1.1640100e-01	1.8191762e-01	-3.3187184e-02	-2.9085264e-01	-1.4509119e-01	-1.3649270e-01	3.0678481e-01	1.1008972e-01	3.3970782e-01	-1.0060413e-01	-2.9646364e-01	-7.0144227e-03	-1.5714923e-01	-4.2421263e-01	-1.8100561e-01	-1.7647208e-01	2.7282095e-01	-5.5568643e-02	-1.8077603e-01	2.8756046e-01	1.3545454e-01	-3.5324741e-02	-9.6247904e-02	2.7307561e-01	-1.8693921e-01	1.1581358e-01	1.3977620e-01	-1.3967708e-01	1.5889321e-01	-1.8600215e-01	2.1317200e-01	1.1923035e-01	1.9484507e-01	2.4427979e-01	2.1448511e-01	-9.1805965e-02	2.0207914e-02	1.7383553e-01	4.7150895e-02	-3.4545586e-01	3.5719389e-01	-1.8185931e-01	2.5913250e-01	2.8529352e-01	-1.9305183e-02	1.1267304e-01	1.1390303e-01	2.4152735e-01	-2.2605032e-01	2.0445921e-01	1.9192813e-01	1.4719594e-01	2.4411318e-01	-6.8268284e-02	2.9107718e-02	6.8976156e-02	-2.2314385e-01	-1.6210416e-01	-4.0402684e-01	-5.2391153e-02	6.1550312e-02	-6.9418825e-02	2.1042357e-01	8.8609904e-02	-4.3808959e-02	2.1077111e-01	3.2509074e-01	-8.2866233e-03	2.0345359e-01	-7.7194452e-02	5.3487200e-02	-6.7501976e-03	3.0970222e-01	3.3811453e-01	-2.2968997e-01	4.2991243e-02	-1.6508196e-01	-2.2094333e-01	-1.1378937e-01	1.1253078e-01	3.6994290e-01	1.8705193e-02	-8.9612372e-02	1.8005568e-01	6.6235638e-03	1.0632663e-01	2.6909882e-01	1.2191230e-01	9.8593514e-03	-1.9564337e-01	-2.1246310e-01	-1.4789596e-01	-1.4142694e-01	2.4357514e-01	-2.3402759e-01	-2.2130085e-02	2.4426588e-01	1.9474041e-01	-2.5462963e-02	1.7131861e-01	-1.8070675e-01	-4.8622146e-02	1.2104765e-01	6.7245580e-02	-2.0666367e-01	-1.0202995e-01	-5.3157631e-02	1.2036419e-01	-2.8383136e-01	3.5117289e-01	-1.7925622e-01	2.0142479e-02	2.4610056e-01	-3.0863550e-02	-2.2286710e-01	2.3306778e-02	-1.0112872e-01	2.8457135e-01	3.4373635e-01	3.2015908e-01	-3.4255776e-01	-1.4535233e-01	6.1042723e-03	2.5925806e-01	3.4132105e-01	-2.6166586e-02	-3.8742128e-01	-1.2211882e-01	5.3992425e-03	-1.9495460e-01	-1.2035841e-01	3.4473115e-01	1.6790330e-03	-2.5643939e-01	3.3518830e-01	4.7789875e-02	1.2172441e-01	-2.1036414e-03	-5.9363168e-02	-1.0997815e-01	2.0058189e-01	1.3843416e-01	-3.2483751e-01	-3.7923330e-01	-1.5799902e-01	8.1714071e-02	9.6372433e-02	-2.3927221e-01	-5.6887109e-02	-1.0792892e-01	1.8931784e-01	1.8890642e-02	-1.8305866e-01	-6.2705301e-02	-1.5093859e-01	-6.6903047e-02	-2.7852076e-01	-2.9176715e-01	-4.2473045e-01	1.6895206e-01	-9.8225623e-02	-1.4580126e-01	-2.2323035e-01	-1.0308965e-01	2.0700209e-01	-4.2807076e-02	-1.2214863e-01	1.3558829e-01	-2.9341853e-01	2.5291872e-01	-1.7598695e-01	-2.3093528e-01	-1.8494707e-01	1.4695396e-01	5.1296216e-02	2.6412570e-01	-2.0397769e-01	6.9949254e-03	-1.3848615e-01	-1.6167782e-01	-2.3892345e-01	1.6249935e-01	7.6690540e-03	1.2912342e-01	1.3254742e-01	2.1467821e-01	1.4774698e-01	1.9030228e-01	-3.0951330e-01	-3.1190643e-01	-1.4906205e-01	-6.4157443e-03	-9.8707072e-02	1.4687191e-02	-2.7451307e-01	2.4513699e-01	-3.2604728e-02	1.8102489e-01	-2.5360519e-01	1.5633953e-01	-2.7573609e-01	-3.0312238e-02	5.2925877e-02	-2.4871777e-01	2.7185759e-01	-3.2257068e-01	-2.2781511e-01	-1.5186617e-01	-2.2331335e-01	-3.0592063e-01	4.4223491e-02	1.4614446e-01	-1.8313253e-01	8.2188666e-02	7.2258033e-02	1.1521219e-01	-2.2578579e-01	-1.5393899e-01	7.5645946e-02	-3.6737274e-02	1.4373884e-01	-1.0247941e-01	-1.0643359e-01	-2.6049832e-01	1.3875519e-01	-1.7355008e-01	-2.0701765e-01	-1.9977237e-01	2.9352921e-01	2.0526467e-01	6.3646801e-02	5.9063721e-04	-1.2648085e-01	-1.5080705e-01	-7.7162169e-02	-3.2471067e-01	1.4055344e-01	-3.2661238e-01	-1.5046146e-02	1.3708337e-01	2.5068465e-01	2.2949079e-01	2.0023996e-01	-1.4470699e-01	2.1416254e-01	7.7927329e-02	-3.9300513e-01	3.0378976e-01	-1.9993256e-01	-2.0852737e-01	-2.9787442e-01	-1.2888049e-01	-2.3687679e-01	-2.1002436e-02	3.4838009e-01	7.1188055e-02	-3.1832618e-01	-1.7400356e-01	1.1000496e-01	-1.3325579e-01	1.8415603e-01	-1.0519599e-01	1.4813803e-01	-3.3778185e-01	-2.5743175e-01	1.0202540e-01	1.9939694e-01	1.3892641e-03	-5.3049023e-03	-1.4319222e-02	-2.5862008e-01	-1.3026844e-01	2.3560388e-02	-9.0684511e-02	-2.1778712e-01	-6.9610298e-02	-9.7289709e-03	2.1793340e-01	1.8645117e-01	-1.0210501e-01	-6.2255945e-02	-1.6550143e-01	3.4992900e-02	-8.6548394e-03	-2.8026623e-01	-2.1991182e-02	1.0483065e-01	1.9036029e-01	1.8663429e-01	-2.3320973e-01	-1.1566526e-01	-5.4713663e-02	1.5112136e-01	-2.9074633e-01	-1.6263509e-02	6.1792810e-02	2.2949208e-01	5.7429038e-02	1.6940778e-01	-1.4706975e-01	-2.8743470e-01	-1.9432920e-01	1.8120887e-04	-7.6034039e-02	1.1032452e-01	1.8448551e-01	-1.4840180e-02	-2.1644446e-01	1.4092128e-01	2.1004167e-01	-1.7559153e-01	2.0466965e-01	1.8365641e-01	-5.0451387e-02	-2.3604545e-01	-1.6864830e-01	2.2569108e-01	-3.5962650e-01	1.9030358e-01	3.1393822e-02	-9.0846516e-02	2.7694848e-01	2.7407208e-02	2.6237601e-02	-1.3455111e-02	-2.8350833e-01	7.8755192e-02	1.9938293e-01	1.2847562e-01	-2.1507877e-01	1.7737675e-01	5.4958459e-02	1.7055725e-01
2.9614156e-01	1.2169175e-01	-1.3801773e-01	3.0423915e-01	-5.8909273e-01	-3.3731490e-01	2.3429449e-01	2.8941477e-02	1.1007998e-01	3.1294191e-01	6.6609591e-01	-8.9691311e-02	2.5683242e-01	7.0900321e-02	3.1196541e-01	3.5790294e-01	4.8196867e-02	3.3643764e-01	-5.2043790e-01	3.0229098e-01	2.0780377e-01	1.0907081e-01	-1.6089651e-01	2.9226977e-01	2.5057983e-01	-4.8630217e-01	1.3826689e-01	2.1921170e-01	1.9900632e-01	-2.6492545e-01	1.9088945e-01	1.0011237e-01
