9
input	23
dense	32
relu	0
dense	32
relu	0
dense	32
relu	0
dense	1
linear	0
7.999999979801942e-06
-6.4268149e-02	5.6068048e-02	1.9156106e-02	-4.6755578e-02	-4.3030459e-02	-8.3151475e-02	-1.6436094e-02	8.6383872e-02	1.7768405e-02	6.2046699e-02	-3.4012239e-02	-7.8427002e-02	3.0299660e-02	-1.2293271e-01	-1.0031860e-01	-7.8743391e-02	-2.5447562e-02	1.1991291e-02	-3.0241946e-03	1.5069541e-01	-4.1052077e-02	-3.0721329e-02	-4.1469704e-02	-1.2291828e-02	-2.4413005e-02	1.6935244e-01	-1.7072493e-01	2.4573389e-03	2.1936265e-01	7.5763352e-02	-4.3463227e-03	2.4664670e-02
-5.8714893e-02	-6.0760312e-02	-3.5795279e-02	7.8547388e-02	-1.2856987e-01	-2.1947233e-02	7.8902572e-02	6.0807426e-02	-7.9224192e-02	-9.0218065e-03	-1.4487111e-02	2.8753841e-02	5.9970994e-03	8.4064249e-03	-9.7753190e-02	9.1862150e-02	-2.8469210e-02	3.6160778e-02	-6.7682229e-02	-2.9775068e-02	-7.4396722e-02	6.1598599e-02	2.2881461e-02	-2.9740840e-02	-3.6590382e-02	8.2508333e-02	-7.7898562e-02	6.9668643e-02	-2.2073753e-02	-3.4838315e-02	-6.5066382e-02	3.0416183e-02
3.7079640e-03	-5.4117549e-02	-8.4195603e-03	-1.8242812e-02	1.2476752e-02	1.3575226e-02	-5.7205003e-02	-9.8137639e-02	-4.7244892e-02	5.6404561e-02	-6.4945564e-02	6.2256370e-02	-4.0989118e-03	6.6148825e-02	-1.2123445e-02	-7.2074205e-02	-2.7172849e-02	1.9009637e-02	-1.1906969e-02	2.8093360e-02	5.6831460e-02	-4.4451885e-02	4.4939108e-02	-6.8556525e-02	-3.2157827e-02	-1.3331315e-02	7.8434107e-04	-3.2014428e-03	-9.5220879e-03	-7.4292950e-02	-8.8806689e-02	6.9496934e-03
-1.0068792e-04
1.9950159e-01	1.0658200e-01	1.9727296e-01	-2.7493557e-02	1.1649279e-01	2.0771736e-01	-1.5032576e-01	2.1767172e-01	-1.8960396e-02	-1.6192168e-01	2.7080837e-01	1.4892175e-02	2.1128392e-01	-7.6925397e-02	2.4041776e-02	1.4618467e-01	7.0384033e-02	-1.0694489e-01	-8.1394896e-02	2.3676789e-01	-2.0755263e-01	-6.7600757e-01	4.8312008e-01	-3.6695451e-02	1.8094805e-01	-8.4242858e-02	-4.5410324e-02	3.7793222e-01	-1.0152569e-01	3.7570316e-01	-2.1915032e-01	9.8555490e-02	-1.0444093e-01	-5.1317561e-01	-2.8013304e-01	-2.5848895e-01	-2.3377024e-01	-1.1667645e-01	4.3306077e-01	3.7533496e-02	-1.8759112e-01	1.1365221e-01	1.6619070e-01	2.2369489e-02	-6.1238694e-01	4.0669388e-01	-2.2422983e-01	1.6697781e-01	3.8069609e-01	1.6023573e-01	1.6630264e-01	2.7084333e-01	-3.3985385e-01	-5.6858327e-02	1.7196095e-01	2.2100569e-01	-4.4651830e-01	4.0383469e-02	-1.6574855e-01	-7.0945367e-02	1.5686837e-01	-5.9525337e-02	-7.6800361e-02	-1.7459616e-02	-1.8163679e-02	3.3082440e-02	-4.2025752e-02	2.6783425e-01	-5.9730899e-01	-4.4282934e-01	3.6622167e-01	8.1749454e-02	2.8165027e-01	-1.7764330e-01	2.9844362e-01	3.8987853e-02	2.3732740e-01	-1.5764406e-01	-1.5525934e-01	7.2363261e-03	-2.6212931e-01	5.7060365e-02	4.2000493e-01	-1.0989691e-01	7.2287321e-02	1.6225560e-02	-3.5526812e-01	-1.2216615e-01	-1.0521585e-01	-5.8971595e-02	4.3557137e-01	-8.4511524e-01	-1.8817496e-01	1.8387051e-01	6.6963233e-02	1.3627435e-01	8.2410626e-02	-3.2868017e-02	-2.9785777e-02	-2.8273207e-01	-1.3562186e-01	1.3911524e-01	6.1975902e-01	2.8727937e-01	3.6646506e-01	-1.2591042e-01	2.5209752e-01	-1.9415307e-01	-2.7300981e-01	2.8048651e-02	-1.9954624e-02	2.1216451e-01	6.8738721e-02	-6.0392565e-01	3.3029735e-01	-2.4317878e-01	2.9448813e-01	-1.7690313e-01	-1.7411128e-01	3.1255925e-01	7.9638444e-02	1.9551499e-01	-2.2645907e-01	1.6366404e-01	8.0739215e-02	-4.2336893e-01	1.1207592e-01	-4.3874285e-01	-2.8726752e-03	7.9793083e-03	-2.1855067e-01	-4.1555460e-03	-2.8132133e-02	-2.3083980e-01	-2.6904389e-02	3.9899949e-02	5.9088504e-01	-2.7550420e-01	-2.4904201e-02	3.2949516e-01	5.8490266e-03	2.6665077e-01	1.4384909e-01	3.1589890e-01	1.6467442e-01	1.6443709e-02	-1.7502940e-01	-2.9042071e-02	6.4108700e-02	-4.2193824e-01	-3.6710221e-01	-2.7492743e-02	-4.4331588e-02	-2.9103234e-01	-3.5900292e-01	-2.8656473e-02	-4.7003222e-01	1.1124533e-01	-1.1082561e-01	7.6530516e-01	-1.8494605e-01	-5.7073182e-01	-1.9475888e-01	-1.3391279e-01	-2.5012642e-01	-4.3130774e-02	-7.7617246e-01	-4.4549558e-01	-6.0559642e-01	-8.3404981e-02	-2.9124305e-01	-3.8717893e-01	-1.1379351e-01	-1.8295498e-01	4.4730839e-01	4.9956225e-02	-1.6178113e-01	-1.1355087e-02	-4.9722753e-03	2.4411875e-01	-5.6928713e-02	5.3424791e-02	-1.4139277e-01	-4.8273467e-02	-1.6727938e-03	2.8705968e-02	2.3766531e-01	-2.7041218e-01	2.1764554e-01	2.4652137e-01	6.4229690e-02	7.6395109e-02	2.3580849e-01	1.5975991e-03	-4.1004512e-01	-2.5715435e-01	-1.4070690e-01	8.3672933e-02	8.6915992e-02	-2.2821689e-01	1.4831999e-01	1.5874274e-01	2.7230405e-03	1.1404456e-01	-7.6640829e-02	3.8460261e-01	-2.0384113e-01	-2.6854149e-01	2.9729736e-01	-2.7867380e-01	-2.3912203e-01	4.9193542e-02	3.9249852e-01	-2.7015218e-01	1.0085268e-01	9.9960476e-02	-1.0317061e-01	4.3383274e-02	-2.2961970e-01	8.9935161e-02	-1.2687250e-02	2.8749251e-01	-2.3118164e-01	-3.2309735e-01	2.4216393e-01	-1.2241240e-01	5.1398356e-03	-7.6508015e-02	2.4292000e-02	1.8688715e-01	5.5253264e-02	-2.6262683e-01	-2.0385559e-01	8.9397758e-02	-1.2423581e-02	-1.2322299e-01	-8.3799705e-02	8.9985207e-02	7.9660222e-02	-1.2092283e-01	5.3016335e-01	4.4802180e-01	1.2199762e-02	2.6934490e-02	-8.8856965e-02	-7.5055696e-02	-1.3309321e-01	3.1136096e-01	3.1838790e-02	-2.8632662e-01	-1.5319085e-01	-5.2275527e-01	-1.2838741e-01	2.9295978e-01	-7.6036289e-02	-2.2542298e-01	2.4079354e-01	-1.3037969e-01	3.4102082e-01	-1.4760365e-01	1.7619528e-01	-3.8998790e-02	-2.2657315e-01	-5.4898422e-02	1.5769148e-01	-1.0319325e-01	-4.3165272e-01	-2.6726827e-01	1.9915318e-02	-2.3879911e-01	1.6835979e-01	-3.2052067e-01	-2.3727946e-01	1.5467130e-01	-2.3812626e-01	1.5407701e-02	1.8154846e-01	1.5218125e-01	4.9716875e-01	4.8988819e-01	9.6638665e-02	-4.7094217e-01	-3.7025785e-01	1.8318238e-02	-3.9859682e-02	6.8098649e-02	1.8493377e-01	2.2566378e-01	-8.2571819e-02	2.0358238e-01	2.4231814e-01	1.0805359e-01	1.8348011e-01	6.4584784e-02	7.2000235e-02	2.3030908e-01	-3.3413568e-01	3.5989353e-01	-2.5211489e-01	2.5214130e-01	-2.9380122e-01	1.3892238e-01	-1.8362761e-01	-1.7887086e-01	-2.0972297e-01	7.7830151e-02	-7.4966878e-02	3.2248044e-01	2.5597563e-01	-1.1721590e-01	3.8747001e-01	2.7150685e-01	2.3049459e-01	8.4687345e-02	-5.0663877e-01	6.6055290e-02	-1.9556658e-01	-1.6292541e-01	3.9150737e-02	2.6176410e-02	4.0122449e-02	2.5449601e-01	2.2565261e-01	-8.1688397e-02	8.3072893e-02	-1.7259374e-01	1.8051934e-01	-1.0383631e-01	-1.0197338e-01	2.8039676e-01	8.0892392e-02	-9.6678376e-02	3.2201231e-01	-1.3618663e-01	7.7459946e-02	1.5445732e-01	-3.1512819e-02	-3.0130976e-01	5.8632724e-02	-1.2151808e-02	9.3805715e-02	1.7183587e-01	-1.1184218e-01	-1.1700518e+00	2.3910891e-01	2.8609267e-01	1.7657508e-01	-9.2110358e-02	2.2609025e-01	-1.4384548e-02	-3.7739512e-01	-1.3488351e-01	2.5162464e-01	1.1753352e-01	-4.3873223e-03	4.0718350e-01	1.9019996e-01	-4.5643855e-02	-8.4711850e-02	2.1604288e-01	1.1647561e-01	-7.5712860e-02	-1.7014086e-01	7.9939164e-02	1.7614146e-01	-1.5389673e-01	-2.8027776e-01	2.2931063e-01	-2.8840744e-01	-1.3723299e-01	2.1682741e-01	-1.8271197e-01	-4.1495788e-01	-1.6464536e-01	1.1090629e-01	1.8958824e-02	-3.1817779e-02	-1.3697954e-01	6.4212209e-01	4.1092494e-01	1.4106759e-01	2.3165330e-01	-1.6622983e-01	2.5187278e-01	3.0093566e-02	-1.1448921e-01	-7.9703972e-02	1.7296982e-01	-1.0406830e-01	5.2935895e-02	7.8089371e-02	-2.2080046e-01	6.3725419e-02	-3.6684233e-01	2.3881030e-01	-8.0218147e-03	1.4826465e-01	3.0141985e-01	-4.5838524e-02	-2.6707885e-01	2.5169376e-01	-2.7378064e-01	1.4023124e-01	-1.3252313e-01	2.6457056e-03	-5.1945722e-01	-4.0554774e-01	2.5411524e-02	-3.8931936e-01	6.9033012e-02	8.3943345e-02	-4.7669135e-02	2.1467729e-01	-4.7683412e-01	3.4626058e-01	2.8221169e-01	2.8501704e-01	3.4519872e-01	-3.1713326e-02	-9.6438371e-02	-6.1682415e-01	-2.1655948e-01	-9.4002485e-02	-2.8995052e-02	-5.6684488e-01	-3.0119369e-02	-2.9518673e-01	-2.8677124e-01	1.8977809e-01	-2.0109954e-01	-3.1438276e-01	2.6334783e-02	4.5658730e-02	-2.0578275e-02	-2.0028387e-01	1.0578945e-01	1.8928072e-01	1.2934765e-01	2.9887202e-01	1.5522595e-01	1.0713258e-01	1.5594351e-01	-1.3044603e-01	-1.3438627e-01	-7.0204571e-02	-1.8208067e-01	-4.1507021e-01	3.4493119e-01	4.0480837e-02	-2.4374735e-01	-2.5595349e-01	-4.1434768e-01	2.6870754e-01	-2.1438999e-01	-3.6836791e-01	-2.7959803e-01	-2.6322144e-01	2.2748534e-01	2.5988784e-01	1.0926331e-02	-1.9857103e-01	-1.4690420e-01	3.0874053e-01	-1.8203278e-01	4.1726947e-02	-2.1197367e-01	2.8313375e-01	2.8499106e-01	1.3083614e-01	9.8945551e-02	-3.9700136e-01	-4.0273914e-01	-3.5966510e-01	8.9895867e-02	-1.6247900e-01	1.1915359e-01	-5.6224067e-02	6.0098048e-02	9.8396614e-02	-4.2132124e-02	-6.8121471e-02	3.5355532e-01	-8.5099596e-01	6.1827689e-01	1.5043069e-02	3.8557699e-01	1.9608524e-01	1.2498811e-01	-1.2138180e-01	-2.4936303e-01	-2.0702319e-01	-1.2159468e-01	2.0803514e-01	4.0210661e-02	-2.9834347e-02	3.0763268e-01	-1.2223487e-02	1.0992429e-01	-5.4961968e-02	-4.6353295e-01	-2.2382072e-01	-3.0994648e-01	-5.9902381e-02	-2.5800970e-01	9.7397501e-03	2.5658530e-01	2.5333309e-01	6.7960344e-02	1.3780941e-01	5.6930833e-02	-2.4019642e-01	-2.7030042e-01	-1.1944412e-02	-2.4846759e-01	2.9486153e-01	-2.5739774e-01	3.0193385e-01	-2.5077456e-01	-2.1280915e-01	1.8030453e-02	1.4750703e-01	-1.6834965e-01	-2.9283494e-02	9.2679963e-02	-6.0063045e-02	-6.6394918e-02	1.0432804e-01	-8.6846150e-02	4.8501682e-02	7.1479447e-02	4.0147060e-01	-1.2432153e-02	-1.2974963e-01	2.0522954e-01	2.3964319e-01	-3.1905238e-02	-2.0409290e-02	3.3164221e-01	-2.2730820e-01	-3.1210968e-01	5.2933883e-02	-3.4599763e-01	1.7158228e-01	-2.9648948e-02	2.2367069e-01	1.0209192e-02	1.1987653e-01	1.6491348e-01	-2.1576126e-01	-2.0096932e-01	4.7745427e-01	-1.5617868e-01	3.5232201e-02	-7.0981332e-03	-3.2688490e-01	-1.2887752e-01	2.3113380e-01	2.7071202e-01	-4.3520182e-01	-2.6287457e-01	-3.2331664e-02	2.0576622e-01	3.4647495e-01	2.5854594e-01	1.1486373e-01	1.5872024e-01	-2.3529983e-01	6.0180623e-02	2.0029190e-01	-5.7705224e-02	2.5698449e-02	5.4310311e-02	-1.4629827e-01	-2.3500791e-01	-1.8056537e-01	7.0622355e-02	-5.5369389e-01	-2.0239720e-02	-9.3993964e-03	5.8743618e-02	-1.5304606e-01	6.3206472e-02	-2.7248827e-01	2.1376970e-01	-3.2311356e-01	-3.5676441e-01	8.3488591e-02	2.7218410e-01	-7.5037844e-02	2.5324258e-01	-4.3807444e-01	-3.0411452e-01	-1.2448038e-01	-8.9159325e-02	-2.6464108e-01	9.4096430e-02	-5.1707095e-01	-6.1516631e-02	4.7491792e-01	3.7118369e-01	2.4911357e-01	2.0713547e-01	-2.7192926e-01	-5.5955008e-02	3.3521941e-01	8.0050930e-02	-1.8586899e-01	1.0278773e-01	2.3700552e-01	-1.2989156e-01	1.7132847e-01	-9.3745522e-02	2.3404396e-01	-2.5736934e-01	-1.1135740e-01	3.0126097e-02	2.9030830e-01	-1.3651145e-01	3.5464111e-01	4.8456573e-01	-8.8903762e-02	-1.0891771e-01	-1.5865427e-01	6.4302437e-02	6.6687502e-02	2.5929692e-01	-2.1590820e-02	3.1023601e-01	-1.8883860e-01	1.0886880e-02	1.1098479e-02	-4.3675205e-01	-3.3098450e-01	-1.1257212e-01	3.1684405e-01	4.7041494e-02	4.3780267e-01	-4.2928625e-02	2.4270250e-01	-2.4973119e-02	1.2856263e-01	-2.6315305e-01	9.7646989e-02	-1.0098036e-01	3.7453389e-01	7.4371058e-01	4.4874939e-01	5.0806612e-02	-4.6116561e-01	-3.5990279e-02	-5.3666610e-01	-4.2659652e-01	4.1352749e-02	-7.2373077e-02	1.9680956e-01	6.6659905e-02	3.5039896e-01	-2.9508710e-01	1.7168984e-01	-1.9950286e-02	-1.0238687e-01	2.2391255e-01	-3.4610841e-02	1.1235362e-01	-1.7967197e-01	3.2320541e-01	-2.4700750e-01	-1.6666605e-01	3.0252526e-02	3.2802162e-01	2.7075925e-01	2.0066284e-01	2.8825226e-01	-2.4809019e-01	-2.9332435e-01	-3.3443931e-01	-1.8812497e-01	5.8720380e-01	4.3230125e-01	-5.9723698e-02	4.0858269e-02	-1.6995400e-02	-1.5851225e-01	3.8436079e-01	-1.0561437e-02	2.3437554e-03	-1.2697691e-01	-2.5650892e-01	-3.9631727e-01	2.5153556e-01	-3.8464826e-01	-3.6096734e-01	2.7185988e-02	1.3900898e-02	1.6475883e-01	-1.2308999e-01	2.0771793e-01	-1.8951561e-01	5.5188112e-02	1.3040274e-01	8.6030915e-02	-2.0924473e-01	-6.3023493e-02	2.6278170e-02	1.3225418e-01	1.3235296e-01	-1.5011382e-01	8.6897947e-02	2.0923158e-03	1.0171060e-01	1.6647259e-04	-1.4613576e-01	1.2069747e-01	-3.8804498e-01	2.1824773e-01	-1.0450897e-01	-2.2264023e-01	4.0969558e-02	1.3466389e-01	3.0422089e-01	2.9124475e-01	-2.7078077e-01	1.9983971e-01	-6.6792655e-01	-2.9594743e-01	3.9858088e-02	-1.2967433e-01	8.2131393e-02	6.9147743e-02	-2.9325118e-02	1.1317458e-01	8.7846838e-02	5.2556276e-02	-2.4796166e-01	4.7414014e-01	-3.7311438e-01
-4.0432054e-01	9.1135599e-02	-6.5850310e-02	2.8016353e-02	-1.4078208e-02	1.3045031e-01	1.5281481e-01	4.3057062e-02	-1.3729237e-01	-1.3460854e-01	1.4315885e-03	1.8576621e-01	6.8516813e-02	6.1407760e-02	-1.7534722e-01	-7.2743827e-03	-9.1689490e-03	-8.0644786e-02	2.0640619e-01	-7.0329264e-02	-2.2060335e-01	-2.1825777e-01	-2.5934705e-01	1.0448743e-01	-2.5134888e-01	-2.7394924e-01	-3.1022650e-01	2.6615232e-01	7.3551998e-02	-2.5528985e-01	-4.0667813e-02	-3.8262725e-01	-1.8634959e-01	-5.2740860e-01	2.1001969e-01	3.2030612e-01	2.2127450e-01	2.4224369e-01	1.7695944e-01	-8.0893248e-02	1.5112720e-01	3.0064136e-01	-7.0109785e-02	-2.4153636e-01	-1.8779048e-01	-1.5003698e-01	2.2649080e-01	-1.1573263e-01	8.7852469e-03	2.0469530e-03	-2.5753117e-01	-5.2697834e-02	-2.6759225e-01	-5.2765116e-02	-1.6301985e-01	-2.6047471e-01	2.6627153e-01	-4.5452423e-02	-3.4389654e-01	-1.5861103e-01	-3.0343717e-02	-1.8355971e-02	2.9916114e-01	3.1123734e-01	-2.6032379e-01	-3.2153025e-01	-2.7377400e-01	-3.1932244e-01	-1.6519982e-01	2.2902025e-01	-9.6685536e-02	8.5061736e-02	1.7720447e-01	3.2876115e-02	-3.5407636e-01	-9.0733454e-02	-1.6619712e-01	-9.2670619e-03	-1.5646851e-01	-2.5419247e-01	-1.6230269e-01	1.7688721e-01	2.8185117e-01	-2.1034256e-02	-2.0746110e-01	1.0773513e-01	1.2580523e-01	1.2839511e-01	1.3006374e-01	-1.2886025e-01	1.2289264e-01	1.3773111e-01	6.2491193e-02	2.2346924e-01	-2.0959720e-02	-8.5567273e-02	2.1031199e-01	2.3043123e-01	1.0034786e-01	3.1423010e-02	4.1494910e-02	1.1048036e-01	-8.6606525e-02	-5.4580458e-02	3.1436216e-02	-1.5664493e-01	-3.1380925e-01	2.9555044e-01	1.4400958e-01	-3.2818115e-01	1.6623627e-01	1.8339069e-01	-5.0482565e-01	2.3545092e-02	-1.7759956e-01	4.0260382e-02	1.5406804e-01	1.3228722e-01	-1.0548737e-01	2.4300049e-01	-2.2449237e-01	-4.0433061e-01	4.3867420e-02	3.2893470e-01	-6.7112595e-02	1.0268662e-01	3.3201810e-02	1.8678480e-01	1.9314720e-01	4.9782816e-01	2.5509858e-01	-1.2259970e-01	-2.1965732e-01	2.0953608e-01	2.1386322e-01	-1.1851258e-01	-7.7223182e-02	1.0375537e-02	2.6198074e-02	1.5890270e-01	2.3449792e-02	-2.0351449e-01	-2.7211452e-01	-1.5089285e-01	-2.5426495e-01	1.4724216e-01	5.5863809e-02	-4.9918380e-01	3.2549796e-01	1.1249436e-01	-6.6154808e-02	1.2971845e-01	8.3109140e-02	-3.5921720e-01	1.2940089e-01	1.0056495e-02	4.2201627e-02	1.9500344e-01	-7.2874956e-02	-4.3608926e-02	-1.9510478e-01	1.7728826e-01	2.8250292e-01	5.5163633e-02	-2.9577631e-01	3.6721939e-01	3.4420538e-01	-5.1390523e-01	2.0032762e-01	-1.7354224e-02	-2.3369369e-01	-9.7865634e-02	2.4132110e-01	1.5453738e-01	-1.8398657e-01	-5.4841250e-01	-5.4118663e-01	3.3563843e-01	-4.5253173e-01	-2.7142525e-01	3.1270415e-01	-3.4037936e-01	2.4128847e-01	2.9141867e-01	-3.3488877e-02	2.6379338e-01	7.0449620e-02	5.3121704e-03	-3.0997831e-01	-4.6945375e-01	-2.3497419e-01	-1.9351940e-01	-2.9950693e-01	-2.6781301e-04	1.2498430e-01	1.6557810e-01	1.0749262e-01	-3.7742004e-02	4.2620022e-02	-3.6092054e-02	-1.9776730e-01	1.4057304e-01	5.1661082e-02	-1.2442048e-01	3.9869556e-01	-1.2560640e-01	-2.7035144e-01	-1.1962981e-02	3.6241930e-02	4.7572888e-02	8.2333505e-02	4.5816008e-02	-4.2587015e-01	-1.1684819e-01	-4.4922650e-02	1.6560239e-01	-7.3627807e-02	-1.5687767e-01	7.1508519e-02	-1.6230203e-01	-3.6886260e-01	1.9888715e-01	-2.6530072e-03	-3.0505303e-01	1.8273804e-01	2.4333952e-01	4.4889722e-02	-1.9513559e-01	-3.5688585e-01	9.2779756e-02	3.3748704e-01	-2.4429116e-01	2.6817906e-01	2.2049421e-01	-3.0824864e-01	3.1572977e-01	-6.5857070e-03	2.2706404e-01	-1.9787672e-01	-2.5681201e-01	-4.2154223e-02	9.4233558e-02	-5.5964351e-01	-5.5954725e-01	6.2523085e-01	-6.4526550e-02	2.4576382e-01	3.0992473e-02	-3.3874241e-01	1.0180802e-01	6.9337199e-03	-7.3524313e-03	-4.2832592e-01	-1.1746313e-01	2.6232365e-01	2.2653687e-01	1.5317385e-01	-2.1431854e-01	-1.0763045e-01	1.1111763e-01	1.6045301e-01	-1.4611256e-01	-1.6410039e-01	1.4172250e-01	1.7770961e-01	-3.9195290e-01	-2.6378453e-01	-1.1957276e-01	-1.9832216e-01	-7.0160650e-02	1.8654293e-01	-2.6195195e-01	-1.1650093e-01	-5.2298225e-02	1.3058773e-01	-6.0590148e-02	2.8473383e-01	1.5069756e-01	1.8787089e-01	-5.3931773e-02	3.2137102e-01	7.7015504e-02	2.9137686e-01	4.6021298e-02	3.9619535e-02	1.4027056e-01	2.3630211e-01	2.7853492e-01	3.4822708e-01	2.4957541e-02	-3.3453009e-01	3.5095066e-03	-4.6084626e-03	2.0107277e-01	-6.0736895e-02	1.4499700e-01	-4.9714912e-03	4.5625779e-01	3.7221059e-01	-3.2595370e-02	2.9199919e-01	-1.2553890e-01	4.4562072e-01	-6.9231763e-02	1.5304308e-01	2.9968204e-02	8.7697087e-03	2.2612895e-01	-1.8914264e-01	-2.4386695e-01	-2.1553472e-01	2.7692357e-02	4.8060963e-01	-1.3932892e-02	9.3677983e-02	-4.6043389e-02	3.5853994e-01	-5.1334924e-01	-2.2419417e-02	-1.9679570e-01	3.5333815e-01	1.9112948e-02	3.8727123e-01	-1.8513446e-01	1.8043287e-01	-1.5873571e-01	1.3595513e-01	-3.1163616e-03	4.9865879e-03	-5.2649730e-01	-1.3408686e-01	-3.3214378e-01	3.4379730e-01	-1.6194516e-01	1.2757793e-01	-2.0526012e-02	-5.6397480e-01	-2.2283083e-02	-6.0420889e-01	1.0513289e-01	-2.6797435e-01	9.7477742e-02	-1.7136758e-02	1.7503616e-01	-3.5993612e-01	2.8116015e-01	6.9314656e-03	1.6787075e-01	3.6958590e-02	-9.3921594e-02	1.1796068e-01	-2.1519050e-01	-3.1092381e-01	1.7589778e-01	-5.3338166e-02	-5.2036935e-01	6.7449071e-02	-1.6808897e-01	7.8823650e-03	-6.6359632e-02	-7.7008367e-02	-3.5469029e-02	1.1743275e-02	6.2939629e-02	1.3377686e-01	-2.2225535e-01	-2.7934083e-01	-1.9700193e-01	-1.8401475e-01	4.5854934e-02	-4.9600396e-01	-9.2672324e-03	3.0200863e-01	1.0082358e-01	-2.8838614e-02	-2.7042258e-01	-1.6594376e-02	2.6594743e-01	1.9406983e-01	-9.3084097e-02	-3.0145073e-01	-5.7139039e-01	1.0245851e-01	3.6399183e-01	1.9090112e-01	-6.3860196e-01	-3.7518609e-01	1.3590567e-01	-8.4858075e-02	-1.8553451e-01	-8.4342383e-02	-2.2119765e-01	-2.7310413e-01	-1.9320866e-01	3.8454872e-01	-1.5312240e-01	3.6819679e-01	1.6527760e-01	2.1409851e-01	3.4385541e-01	-2.0758985e-01	2.3428550e-01	6.3367352e-02	-2.5227146e-02	1.5465847e-01	2.0848817e-01	-1.0434898e-01	-3.5662603e-02	-2.5465393e-01	-3.3316457e-01	-1.0464416e-01	-2.2757585e-01	1.1267726e-01	8.1895910e-02	2.9043758e-01	1.4809142e-01	2.0256381e-01	4.9375704e-01	1.9911692e-01	-5.6814816e-02	4.7760472e-02	2.3997454e-01	3.2546201e-01	-2.9710478e-01	1.5313235e-01	2.0033482e-01	-4.5331746e-01	1.3914753e-02	-1.7494304e-01	2.0618476e-01	3.1203398e-02	-2.8272420e-01	-1.9406864e-01	-4.7539297e-02	-5.5522758e-01	-3.5418463e-01	1.4443515e-01	-2.3899747e-01	-4.1210484e-02	2.7454513e-01	-2.2585841e-01	2.2491397e-01	-2.5703827e-01	1.2014922e-01	-4.7113368e-01	-9.0819933e-02	-3.0019060e-02	-1.4661309e-01	1.0811870e-01	4.8926595e-01	-1.7333621e-01	3.6162242e-02	6.8189822e-02	3.8315293e-01	1.6461211e-01	-1.8673250e-01	-1.7369044e-01	3.4293510e-02	-1.4567544e-01	3.0385241e-01	-1.6639991e-02	-2.5083414e-01	2.3310459e-01	-1.9191530e-01	5.2314889e-02	4.1320108e-02	1.3670675e-01	-3.7785393e-01	-6.2260021e-02	4.1874357e-02	-2.2668047e-02	1.9128878e-01	-2.8895247e-01	-1.5870543e-01	2.5551578e-01	1.4416687e-02	-4.2266548e-03	7.5177684e-02	-4.7647215e-02	2.8605092e-01	-3.4855455e-01	-2.8864405e-01	-1.8946064e-01	-2.8110150e-01	4.8932992e-04	2.9637751e-01	-4.3528089e-01	-2.0469664e-01	1.2984498e-01	-2.1998045e-01	-1.7765462e-01	3.9338976e-01	1.6895486e-01	8.3457574e-02	-6.8364143e-01	1.6621366e-01	1.1767177e-01	-2.7841795e-02	2.1841650e-01	-4.7717276e-01	-4.5879704e-01	-4.2541814e-01	-6.6020250e-02	-1.1412031e-01	-7.2875850e-02	2.7951732e-01	4.6033204e-02	1.2439889e-01	-1.8851630e-01	-2.5483757e-01	1.6269852e-01	-3.6468002e-01	1.4681716e-01	2.5959465e-01	-2.9417843e-01	-1.4965153e-01	2.5396764e-01	-5.9817262e-02	6.7111954e-02	-4.1040757e-01	-4.2064163e-01	-4.5658949e-01	6.9386572e-02	2.0462790e-01	-2.1824795e-01	-9.1063902e-02	5.1419687e-01	1.0709456e-01	1.9551806e-01	-9.0520538e-02	1.6950451e-01	2.1036582e-02	1.2509094e-01	1.8013416e-01	1.8598004e-01	1.2688628e-01	-1.4356187e-01	1.3196986e-02	3.0929308e-02	2.4727833e-01	-2.9175492e-02	-1.7686506e-01	4.0656988e-02	1.9639777e-01	-2.6611722e-01	2.8237399e-02	1.7937215e-01	1.0583864e-01	-5.5113667e-01	-5.6341082e-02	2.3040581e-01	-4.8706734e-01	1.3526547e-01	1.2451927e-01	-2.3225632e-02	-6.7526646e-02	-3.5654023e-01	1.4359345e-01	4.3523731e-03	-3.1901589e-01	-1.0191597e-01	1.4717826e-01	-4.2694008e-01	-1.4923510e-01	6.5364254e-01	-1.0111995e-01	-2.6059854e-01	3.4620908e-01	-4.1018218e-01	6.1889190e-02	-9.2934787e-02	3.0784810e-01	-4.2444974e-01	-5.0964081e-01	1.1668214e-01	3.9671320e-01	-2.1517666e-01	1.0124624e-01	7.1121641e-02	1.6151880e-01	-4.7064146e-01	4.1896280e-02	3.0877858e-01	3.3483633e-01	-7.4353740e-02	-1.2786022e-01	1.9557790e-03	2.8657076e-01	-3.1474199e-02	-2.5078344e-01	-8.0891721e-02	-3.2450765e-01	-3.4252164e-01	1.5538016e-01	-4.0876514e-01	-3.7723196e-01	1.5987962e-01	1.3325644e-03	-7.1869738e-02	-2.2876905e-01	-3.7202716e-01	5.5562854e-02	-2.8226271e-01	2.3741259e-01	4.5983162e-02	-9.0306483e-02	9.7391754e-02	-1.7955539e-01	5.5361826e-02	-9.9422447e-02	3.6135045e-01	-3.6959462e-02	-1.3969746e-01	9.0689018e-02	-1.4375199e-01	-2.7857116e-01	1.0538200e-01	-1.5626810e-02	-8.7691685e-03	3.6491165e-01	-2.0162398e-01	3.0573010e-01	-1.2658109e-01	-1.2452412e-01	2.6345500e-01	-6.4596251e-02	-6.7789175e-02	1.4963439e-01	-6.1959978e-02	-2.0413983e-01	-1.9361377e-01	-2.1380779e-01	-2.5883332e-01	7.2472230e-02	3.2005313e-01	-2.4721129e-01	8.5696951e-02	-3.0343495e-02	-7.0458964e-02	-6.2400524e-02	2.4694018e-01	-3.6050588e-01	2.1618843e-01	-9.0744793e-02	4.3450508e-01	-4.1520917e-01	-1.7233315e-01	-2.6679450e-01	-2.2085899e-01	1.7112918e-01	3.7229943e-01	1.0123049e-01	-1.8792853e-01	6.7384755e-03	2.8537151e-01	-8.2724448e-03	3.5073981e-01	8.5849673e-02	-4.6770945e-02	1.9387417e-01	-1.2750058e-01	-7.5079322e-02	-1.2378056e-01	-2.7144513e-01	8.7924980e-02	-3.1942827e-01	2.5190446e-01	-2.2362335e-02	1.0940089e-01	-1.7534171e-01	1.7736197e-01	-7.4784070e-02	1.2720449e-01	1.8940353e-01	-2.6547590e-01	2.2337418e-02	-3.3876187e-01	-2.1901171e-01	3.2314533e-01	-1.2143363e-01	3.5477802e-01	5.0141297e-02	-3.7945467e-01	-1.6421098e-01	-2.3622608e-01	-2.0547211e-02	-1.3468499e-01	-4.5236357e-02	-1.0795736e-01	1.8333106e-01	-3.2643995e-01	2.7969956e-02	-2.9535264e-02	-1.9831227e-02	9.3116656e-02	3.2272194e-02	-4.3389547e-01	1.0360075e-01	-7.0095398e-02	1.3494474e-01	-4.2172933e-01	-2.9161635e-01	1.9700164e-01	2.6324615e-01	1.2381506e-01	-4.3403509e-01	1.6105248e-01	3.6844620e-01	-9.6260212e-02	2.0531544e-02	1.5616506e-01	-2.9115543e-01	-2.3617077e-01	8.7308679e-03	1.8896727e-01	-4.3021557e-01	-4.2817737e-03	-6.8842784e-02	-2.2174244e-01	3.6196622e-01	-1.0811874e-01	4.1316237e-02	-1.2163728e-02	2.4210231e-02	-2.4578755e-01	1.5551133e-01	-1.4220527e-01	-1.2995562e-01	-2.5978732e-01	-1.5205796e-01	1.7340235e-01	7.3614679e-03	-4.4542804e-01	1.8699922e-01	-9.1867007e-02	-2.6257387e-01	2.1644400e-01	-7.5370505e-02	2.7378613e-01	-4.8225340e-02	1.1540232e-01	-3.0045199e-01	-2.4759164e-01	-3.0463114e-01	-5.9179075e-02	6.6575742e-01	-4.5426242e-02	2.4731219e-01	-1.7906146e-01	-3.2662500e-02	-1.7427568e-01	1.2473440e-01	-1.0319066e-01	-8.3796784e-02	-9.8868757e-02	1.0667267e-01	4.4755897e-01	-2.0673599e-02	-2.3931848e-01	4.7402322e-02	3.9779922e-01	-3.2817921e-01	-4.9707752e-02	4.6659106e-01	6.1095383e-02	-4.0021122e-02	-4.4933271e-01	-2.1230981e-01	1.5696767e-01	2.9199335e-01	-1.9787103e-01	-4.2426923e-01	-1.6596663e-01	3.5011864e-01	-1.4915636e-01	-1.3644740e-01	2.6613416e-04	2.4522707e-01	2.5320163e-01	-1.8014480e-01	5.0024344e-03	2.5468794e-01	-1.4793088e-01	2.6644546e-01	-7.1262002e-02	-1.1709744e-01	-2.1369504e-03	-2.8317851e-01	1.0244186e-01	-2.8984215e-02	-2.1355546e-01	2.1342398e-01	3.2154948e-01	-2.1928993e-04	3.0101144e-01	1.1907930e-01	3.7704145e-03	-5.3638101e-01	6.8364568e-02	2.4884634e-02	8.2560003e-02	1.0897966e-01	1.3864937e-01	8.5712083e-02	-2.3354311e-01	-1.4873599e-01	-4.3835063e-02	-1.3571985e-01	-3.3682792e-03	4.7351521e-01	-1.7425977e-01	1.3997424e-01	-1.0217092e-01	-2.9081047e-01	1.0326466e-01	-4.7825840e-01	-2.7611673e-01	2.7568159e-01	-5.1315063e-01	-2.2743763e-02	2.4188775e-01	-1.2832357e-01	2.5375891e-01	8.1370659e-02	-2.5277741e-02	6.8730041e-02	9.4365876e-04	9.8633051e-02	-5.7102579e-01	1.5858874e-02	4.4679083e-02	3.1369060e-01	-1.4054051e-01	2.3516889e-01	-2.3280066e-01	-1.8531702e-02	6.8118267e-02	3.8885832e-01	-1.3139316e-01	1.9455034e-01	5.6679856e-02	3.5749126e-02	2.1500853e-01	-1.4214700e-01	-1.2177753e-01	2.5900221e-01	-3.8764708e-02	2.8855702e-01	-6.1033301e-02	2.2368106e-01	-1.8909594e-01	-9.8590903e-02	4.5322105e-01	2.6356873e-01	8.7913275e-02	1.5095577e-01	-1.8127911e-01	1.4907928e-02	2.7531266e-01	1.7118964e-01	-1.2487027e-01	-3.4541801e-01	-4.2303605e-03	7.2152130e-02	1.5741180e-01	3.2134372e-01	3.3420148e-01	9.3668140e-02	7.8896277e-02	-1.2318580e-01	-3.0647362e-02	-2.6556021e-01	-3.2719616e-02	-6.1174609e-02	-8.8047937e-02	1.7316501e-01	-5.2266860e-01	-1.9959757e-01	-3.3425644e-02	-1.9959460e-01	7.6841183e-02	-1.6335006e-01	-3.8326592e-03	-1.9077751e-01	-3.6818317e-01	1.0090599e-01	2.3135407e-01	-6.2663607e-02	2.0238301e-02	2.5752082e-01	1.7897242e-01	2.1090628e-01	-5.4146600e-01	-3.1834641e-01	-1.7982185e-02	1.1313848e-02	1.7849374e-01	-3.4941012e-01	2.6637986e-01	1.0101767e-01	2.7511224e-01	-7.7952065e-02	-7.9084359e-02	-3.9576167e-01	3.0748673e-02	-4.5539001e-01	-7.5619435e-03	-7.0897073e-02	3.7711561e-01	3.0778581e-01	-1.6380811e-01	4.0556499e-01	-1.3028082e-01	2.5464457e-01	1.1775310e-01	-2.1376723e-01	2.5711477e-01	-4.3418729e-01	1.8193208e-01	2.4935095e-02	8.4838122e-02	-5.4752749e-01	8.6807556e-02	-2.0636258e-01	-1.5001591e-01	-2.8122181e-01	-1.4161346e-02	-2.1892294e-01	-2.7892526e-02	-3.3266309e-01	2.7407351e-01	3.0682316e-01	-2.1562999e-01	3.5621098e-01	8.1239827e-02	-9.2501633e-02	-3.9474065e-03	2.5727710e-01	1.7100597e-02	1.3934515e-01	1.1275113e-01	-3.0792853e-02	7.1790583e-02	3.3354753e-01	1.5355808e-01	9.6690468e-02	1.6816823e-01	-4.0689829e-01	3.0565324e-01	2.3094711e-01	-2.3727600e-01	-1.2698323e-01	-1.2207803e-01	-2.3130392e-01	-3.5364744e-01	-6.1456531e-02	-1.7943518e-01	1.1688014e-02	-2.3584016e-01	-1.6084483e-01	-9.1702431e-02	-2.3399010e-01	2.1921837e-01	-6.9975425e-03	7.1358413e-02	2.0536309e-01	-1.9286077e-01	7.1272910e-02	-5.8367930e-02	3.2601554e-02	2.9791215e-02	1.5023175e-01	-2.2622791e-01	2.0086773e-01	-3.2453358e-01	-1.1619931e-01	-2.0646542e-01	1.0820244e-02	-3.3400840e-01	-3.5809842e-01	2.4373129e-01	2.9588312e-01	-2.8048041e-01	2.1535544e-02	-4.5746797e-01	2.9044479e-01	9.7056046e-02	-9.4660006e-02	-9.8935058e-03	-4.4056338e-01	-2.9206523e-01	-1.7150623e-01	-4.7611605e-02	-3.5714202e-02	1.8297879e-01	5.8648147e-02	-4.1193423e-01	2.9102844e-01	2.7826804e-01	-3.8066000e-01	3.0386794e-01	-3.3084923e-01	-2.9303408e-01	4.9177855e-02	2.8567750e-02	-2.8833604e-01	2.6579179e-02	-7.1542341e-01	-1.5963605e-01	-2.9138812e-01	-3.1047514e-01	-2.0788656e-01	3.0554557e-01	3.3023458e-02	2.0481476e-01	7.2363339e-02	-7.6205365e-02	-1.2675264e-01	1.5356834e-01	2.2029555e-01	-2.1522014e-01	-3.3598363e-01	-1.2708849e-01	3.8725075e-01
2.6675650e-01	-2.0892543e-01	-2.8084716e-01	2.2716449e-01	3.1806096e-01	4.3382400e-01	-5.4162450e-02	2.4473575e-01	2.0512906e-01	-2.0621337e-02	1.8350200e-01	5.1511317e-02	-2.4143544e-01	3.1755137e-01	-2.3757968e-02	1.1167611e-01	2.3939036e-02	-8.2595535e-02	-1.7570555e-01	-1.3987377e-01	-3.4145957e-01	2.2307360e-01	-1.6228917e-01	8.5485555e-02	-1.7406966e-01	3.6301073e-01	1.7309995e-01	1.7138213e-01	-5.6655228e-02	1.2503086e-01	2.0032841e-01	4.4876719e-01	-2.1701574e-02	1.7404902e-01	5.0715733e-02	2.2902431e-01	8.1099600e-02	-2.0636584e-01	-3.2380402e-01	-2.8354648e-01	-1.4726761e-01	-1.0933955e-01	-1.8293776e-01	-5.9802700e-03	4.4307453e-03	-7.0350714e-02	-2.6420060e-01	8.7901860e-02	-1.8218273e-01	6.8213142e-02	1.3411959e-01	6.9244974e-04	1.4833283e-01	6.0033068e-02	-2.3323303e-01	-1.5430191e-01	2.4033004e-01	-1.2149440e-01	-8.9815207e-02	-2.9777688e-01	-3.0594733e-01	1.4043027e-01	-2.4134576e-01	-2.5484189e-01	1.7451020e-01	8.2565382e-02	3.8810509e-01	2.4871622e-01	3.5370056e-02	-3.7310377e-01	4.7884855e-02	-3.2666373e-01	-8.7694582e-03	-3.0494860e-01	9.5514953e-02	-1.7774445e-01	1.1299921e-01	1.2534884e-01	2.7599618e-01	-2.2755794e-01	-1.9517025e-01	-9.7788975e-02	6.8187537e-03	4.8683446e-02	1.1557843e-01	-1.1195610e-01	1.1985645e-01	-1.8619923e-01	1.6615604e-01	1.5388989e-01	-7.9909205e-02	5.3195372e-02	1.2982042e-01	1.4437076e-01	1.8248487e-01	8.6424164e-02	-3.3488311e-02	-3.1626064e-01	3.0612919e-01	-9.9275485e-02	-4.2401853e-01	4.2053744e-02	2.5724250e-01	2.0499957e-01	3.8054651e-01	-2.9202124e-01	2.6621106e-01	-3.3776480e-01	-2.8086376e-01	-2.4630807e-01	8.0236137e-02	-6.0764533e-03	1.4131406e-01	-3.0424926e-01	-2.3293088e-01	3.0225897e-01	2.4803674e-01	4.0248162e-03	-3.6667061e-01	-1.9907215e-01	-8.4150366e-02	1.3271388e-01	-2.6432517e-01	3.7997079e-01	-1.4604926e-01	-1.1647517e-02	-1.1406339e-01	-2.8996546e-02	1.1295173e-01	-4.4564238e-01	-2.6335758e-01	-8.2413554e-02	-1.9142210e-01	-3.5591796e-02	9.3676075e-02	1.4999430e-01	-2.1557605e-01	-4.4664159e-01	-1.3715629e-02	3.1004199e-01	-5.7881724e-02	-7.2149999e-02	4.4931015e-03	2.5843617e-01	-3.8794819e-01	-2.6114542e-02	2.1861316e-01	9.5213689e-03	-2.8338870e-01	-1.6507801e-01	5.7601966e-02	-1.9280338e-01	3.4801871e-01	-1.9082607e-01	2.7929386e-01	-3.0028236e-01	2.7680355e-01	-3.3099765e-01	4.1008171e-01	1.5560190e-01	2.2307949e-01	4.5824479e-02	-9.2998803e-02	1.7642988e-01	-8.1702312e-03	2.1192227e-01	-2.6223257e-01	3.3255184e-01	1.8580918e-01	-8.5186556e-02	1.5659322e-01	2.4308461e-01	-3.1280529e-01	2.6264557e-01	2.7061772e-01	2.7931564e-02	6.4982504e-02	-4.6947300e-02	1.1590683e-01	-1.1160019e-01	-1.0729184e-01	1.9312888e-01	-2.7254978e-01	3.6477661e-01	2.2861701e-01	-1.3025768e-01	-1.1338638e-02	-2.2971958e-01	-1.7923515e-02	-5.1690251e-01	-8.6873271e-02	2.7208081e-01	2.0026433e-01	3.8506530e-02	2.6873335e-01	5.6406803e-02	-2.7005637e-01	-1.8403326e-01	3.8501132e-02	-3.2284972e-01	8.6997442e-02	-2.4037009e-01	-5.9805915e-02	2.2079471e-01	-4.8328605e-02	2.4609065e-01	1.8269722e-01	3.4106594e-01	-3.2706685e-02	1.9347166e-01	-3.8739520e-01	3.3922032e-01	6.2327169e-02	1.7967510e-01	3.1084645e-01	-3.4106445e-01	-3.1800738e-01	-1.6049385e-01	-1.8791224e-01	-1.7709011e-01	2.3542637e-01	-4.1514549e-02	-3.4305969e-01	3.8079318e-02	-3.8007867e-02	-3.3780879e-01	-2.2767530e-01	3.4881794e-01	2.9708543e-01	2.6554918e-01	6.3472733e-02	-1.0156132e-01	-1.9188680e-01	7.4776456e-02	5.1564053e-02	-2.5497407e-01	3.1412932e-01	-5.1527895e-02	1.3100196e-01	-1.7793776e-01	-3.2516432e-01	-5.7783477e-02	-1.4313086e-02	-3.0650771e-01	1.7254040e-01	-2.0805705e-01	-9.3989656e-04	5.5654172e-02	6.4347431e-02	-3.4594882e-01	-7.6136880e-02	-3.2598689e-01	-1.6405998e-03	1.7729402e-01	-9.7433692e-03	2.4404511e-01	1.1332781e-01	2.9038966e-01	-2.7280085e-02	-3.2198635e-01	4.1974807e-01	-7.0805280e-03	2.0166305e-01	-1.5190840e-01	1.4464638e-01	1.4473063e-01	-1.9700317e-01	-1.8349583e-01	-7.3651530e-02	-2.6914847e-01	-3.0447668e-01	5.2537209e-01	-6.4701468e-02	-3.9564475e-01	3.2962307e-02	-2.2638683e-01	-6.4937443e-02	-2.1799646e-01	2.9200321e-01	4.4620952e-01	-2.6687801e-01	-1.0641179e-01	-6.6433452e-02	-3.8500309e-01	1.8606471e-01	1.1965447e-01	-1.8946125e-01	-1.4047927e-01	-2.6444724e-01	-3.2645041e-01	7.2475791e-02	-1.8431327e-01	-1.7838828e-01	9.1117449e-02	2.7142566e-01	5.0753083e-02	-4.8960584e-01	-4.6168762e-01	2.1740976e-01	3.2600084e-01	-1.3833709e-01	2.7371812e-01	8.4197357e-02	1.6537634e-01	-1.1026886e-01	-2.9038924e-01	-2.2215740e-01	2.2282581e-01	2.5388494e-01	-2.2420613e-01	-1.9171797e-01	4.5386836e-02	-5.3243011e-02	-1.5663487e-01	1.6939548e-01	-1.0477848e-01	-3.4607664e-01	-2.6293579e-01	2.9853767e-01	4.9790651e-01	2.4383911e-01	-2.3704898e-01	2.7210641e-01	-1.5462200e-02	1.4107312e-01	-3.1792730e-01	-2.6971960e-01	-2.9513025e-01	2.4793239e-02	-1.0803442e-01	1.4140964e-02	2.5571278e-01	-4.9732037e-02	1.5103067e-01	-3.0117387e-01	-1.6623866e-02	4.3632068e-02	3.2821842e-02	-1.2966812e-01	4.3284465e-02	7.3200040e-02	2.5690524e-02	1.1164497e-01	1.3661543e-01	-1.3378274e-01	-2.4608761e-01	2.5602233e-01	-2.5709927e-01	-2.2422381e-02	-2.7151132e-01	9.9631935e-02	-9.4133101e-02	1.5375713e-01	2.2870068e-01	-2.4073476e-01	-7.8095667e-02	9.6829273e-02	4.5847565e-01	1.6784659e-01	6.8710409e-02	5.0411481e-02	-5.4886883e-01	-1.8843360e-02	1.0850624e-02	-6.1395961e-01	-7.1499847e-02	-2.6690936e-01	1.2998262e-01	9.5743671e-02	1.6766773e-01	-1.1328532e-03	-1.7037685e-01	-5.2703881e-01	3.9618912e-01	-1.1207161e-01	1.4770341e-02	-2.5997007e-01	1.8120532e-01	-2.0334631e-01	-1.1103910e-01	1.0875693e-01	-2.9231353e-02	1.4246461e-01	9.6696556e-02	1.1201368e-01	-9.3785457e-02	-1.5330184e-01	-3.3716014e-01	1.4534724e-01	-3.1390850e-02	-2.1877623e-01	-2.4079634e-02	-4.6127748e-01	-8.5335396e-02	-1.0456979e-01	1.7401439e-01	-2.4947134e-01	1.7488256e-01	-3.9077350e-01	5.1503707e-02	6.3346148e-02	-1.4334351e-01	2.2469354e-01	-3.5114345e-01	3.7737694e-01	-2.6365498e-01	-5.1434509e-02	2.1811891e-01	-2.1655665e-01	2.0085974e-01	5.0504670e-02	8.0269419e-02	2.7615782e-02	1.5337087e-01	-3.7280104e-01	1.8767823e-01	-2.0406055e-01	-2.0785113e-01	-1.6859533e-01	3.2541952e-01	2.3504142e-01	3.2106370e-01	-2.9150712e-01	4.0724942e-01	-3.1707585e-01	-5.3909123e-01	-3.6609173e-01	3.8129270e-02	-3.6433482e-01	2.0121944e-01	1.1072186e-02	-5.1317078e-01	-7.9612590e-02	2.9028827e-01	-3.9990491e-01	1.2527384e-01	-1.7480326e-01	3.4848228e-01	-3.2731190e-02	1.8451262e-01	-1.3745421e-01	4.3778941e-01	-4.1832238e-01	2.4221341e-01	-1.5799507e-01	-6.7505106e-02	-1.6809046e-01	2.2187230e-01	-2.2272510e-03	-3.3086354e-01	3.0601859e-01	1.0935739e-01	-2.3486389e-01	-2.5995696e-01	-3.7764123e-01	-2.1924265e-02	1.0335547e-01	-5.8121842e-01	4.0545043e-01	7.3136352e-02	3.8265176e-03	-2.0828687e-01	-1.2356681e-01	1.5363711e-02	-4.8162499e-01	1.0244367e-01	-1.1324584e-01	1.1281009e-01	5.3070143e-02	-1.4725172e-02	-2.1148629e-01	2.6016964e-02	9.0181313e-02	-3.6225095e-01	1.5383518e-01	7.2775893e-02	3.0648151e-01	-5.3614702e-02	1.8850993e-02	2.7654538e-01	-9.3621902e-02	-8.0719367e-02	2.4672513e-01	-1.0809799e-01	3.5838717e-01	-2.8333968e-01	9.2992358e-02	-1.1811177e-01	2.5060612e-01	-8.5539930e-02	-3.2908406e-02	2.9544668e-02	3.0640220e-02	-1.4667164e-01	-1.7616206e-01	-2.8495895e-02	-3.4783450e-01	-3.3034986e-01	4.4216625e-02	2.1733396e-01	2.2703359e-01	-1.6400026e-01	-6.9030677e-03	4.2050534e-01	3.5711661e-01	-1.3528976e-01	2.5556196e-02	-2.8495955e-01	-1.0903654e-01	2.7417386e-01	7.8723781e-02	-8.9322105e-03	-1.9288000e-01	-3.2104447e-03	6.2970161e-02	6.7230850e-02	-2.3594654e-01	-3.7656900e-01	-2.0755053e-01	2.4872959e-01	-1.1002710e-01	-3.2959834e-01	-1.5401150e-01	-2.1271574e-01	3.2713404e-01	-1.7837353e-01	2.9835364e-01	-2.7172169e-01	-1.3108431e-01	4.8371095e-02	-2.5505134e-01	-2.7283216e-01	-1.8027359e-01	-1.1795153e-01	-5.7121016e-02	-3.2454708e-01	-1.6784498e-01	-2.2192854e-01	5.9258532e-02	2.9697430e-01	3.0570012e-01	9.2326542e-03	-3.0104449e-01	-2.6147118e-01	-1.3156749e-01	5.2849796e-02	-6.1769921e-02	2.9708555e-01	2.2463721e-01	-3.2124319e-03	-2.4965407e-01	2.9287428e-01	-3.0194664e-01	-4.1194490e-01	-2.6187807e-02	2.0660590e-01	-4.0189844e-01	5.5920508e-02	2.1442421e-01	-5.8745730e-01	4.3386039e-01	4.0050325e-01	-3.7017164e-01	2.2351138e-01	-3.9931953e-01	1.8497305e-01	-1.0883571e-01	-4.9367608e-03	-4.2940778e-01	6.2452592e-02	-1.0543501e-01	2.4752475e-01	-2.5214747e-01	-1.7241417e-01	-2.2820390e-03	4.1447425e-01	-3.4498896e-02	5.3392589e-02	-8.3871298e-02	-2.1997628e-01	2.9036298e-01	1.4956596e-01	-5.7029653e-02	-2.3227355e-01	1.2601800e-01	3.5236500e-02	-1.9715957e-02	-2.1525401e-01	6.0135253e-02	5.2880131e-02	1.6277592e-01	-1.4601016e-01	-4.5133535e-02	2.8765616e-01	-1.0891282e-01	2.1813656e-01	2.1327171e-02	-2.1939427e-01	-1.3663169e-02	-1.5144682e-01	3.3275761e-02	1.6048063e-01	2.1167351e-01	-1.0179906e-02	3.3452302e-01	-2.2967861e-03	-1.1388053e-02	2.8914848e-01	2.6295939e-01	2.7126360e-01	1.4565167e-01	9.8167218e-02	-6.3783817e-02	3.7688240e-01	-4.6109729e-02	-2.0716397e-01	2.8083545e-01	-5.8866876e-01	-1.5800360e-01	4.2534834e-01	9.5164835e-02	5.7671323e-02	-2.0443711e-01	-2.4494799e-02	-1.2623574e-01	4.3635041e-01	-4.8046438e-03	-3.2079089e-02	-2.8287905e-01	-1.5628523e-01	-1.1667982e-01	3.1322230e-02	-2.0114547e-01	1.8263589e-01	-2.8869203e-01	-7.0386551e-02	-3.3182359e-01	1.9482082e-01	-2.9582305e-02	2.9392642e-01	-1.0403536e-01	-2.5159538e-01	1.1137928e-01	-1.7160071e-01	-2.6611421e-01	-3.1292897e-02	1.7237529e-01	-1.3379903e-01	-1.4499617e-01	6.4497583e-02	-2.4681899e-01	-1.2165573e-01	2.1863823e-01	-2.1188132e-02	-1.9315547e-01	-1.1467544e-01	-5.3476498e-02	1.4788912e-01	2.7642491e-01	4.3038480e-02	-6.1350863e-02	-1.6393863e-02	-2.3967549e-01	2.7879015e-01	1.9177437e-01	6.0392711e-02	-1.9442198e-01	3.5586902e-01	-1.8083303e-01	2.5405043e-01	-9.3732484e-02	1.7961472e-02	1.4605294e-01	1.6638599e-01	9.9590860e-02	-1.0767961e-01	2.9864806e-01	-1.7895333e-01	-1.7237899e-01	-1.4493438e-02	-1.6885287e-01	-9.7047694e-02	6.6128977e-02	-2.5222126e-01	1.7103595e-01	7.8090169e-02	-2.0580527e-01	9.8059297e-02	-2.2349611e-01	4.6987716e-02	4.6689723e-02	9.5238946e-02	-2.4662551e-01	-1.2855266e-01	-1.3071978e-01	2.1972261e-01	-3.0769727e-01	1.1163466e-01	-1.4318533e-01	-1.4989519e-01	-1.8516913e-01	1.3702051e-02	-1.3916167e-02	-1.6320933e-01	-2.0014714e-01	1.8883753e-01	8.9636408e-02	1.1068541e-01	-2.2473332e-01	-2.3940337e-01	1.9063261e-01	3.6207475e-02	2.6353419e-01	1.1691111e-01	2.3453887e-01	-6.8892608e-03	3.6749059e-01	-3.2531816e-01	-2.6125047e-02	-1.2551087e-01	5.9354041e-02	-2.8058121e-01	2.3520821e-01	1.8278544e-01	-1.6954437e-01	-1.6493075e-01	9.1275029e-02	-3.4003240e-01	2.3308112e-01	-1.0918119e-01	2.9640806e-01	1.0924557e-01	2.3039991e-01	-9.2594080e-02	2.1120597e-01	-1.9384803e-01	-2.2230522e-01	-1.4653254e-02	1.2054421e-01	6.8894789e-02	-9.8497465e-02	1.9483040e-01	-2.0611265e-01	-2.5525045e-01	6.5250009e-02	6.1820131e-02	2.1608460e-01	9.4672628e-02	-2.7799061e-01	1.9644356e-01	2.1747345e-01	-2.6107359e-01	2.2588371e-01	-2.5423202e-01	-1.2993509e-01	-1.7668481e-01	1.4915125e-02	1.8010524e-01	1.8784882e-01	-1.7296854e-01	-2.6228550e-01	9.3771089e-03	2.2642474e-01	1.4923486e-01	-1.1107969e-01	2.3005255e-01	2.0376837e-01	3.7491018e-01	2.7450579e-01	-8.5833274e-02	2.2198312e-02	-2.5220770e-01	5.0924610e-02	4.0924165e-01	1.7837566e-01	1.5307654e-01	1.0456395e-01	-8.0502167e-02	1.5726891e-01	-7.6596521e-02	-1.7338555e-01	3.2288012e-01	2.6014921e-01	-4.1464147e-01	1.7698160e-01	2.1952423e-01	7.5505763e-02	1.3842598e-01	-2.5756557e-02	9.1515347e-02	-1.0848685e-01	6.3661928e-03	2.1650246e-01	2.2440158e-01	-1.3464767e-01	-7.4588411e-02	2.2644117e-01	-2.0573248e-01	3.2156891e-01	2.8141308e-01	9.9973269e-02	-2.9789463e-01	3.8328961e-02	9.5167458e-02	6.7585431e-02	3.9695572e-02	-1.5315513e-01	1.8461338e-01	-6.9253244e-02	-1.1050317e-01	-8.8502482e-02	-3.5977393e-01	2.0497224e-01	2.4802443e-01	-7.1302630e-02	2.6000151e-01	-3.6207378e-01	3.1505248e-01	-1.5552959e-01	1.0010844e-02	-2.9446056e-01	1.4092620e-01	3.7113030e-02	9.3130313e-02	-2.5853622e-01	-3.8252556e-01	1.0759807e-01	-2.8009969e-01	-1.1759352e-01	-1.1597619e-01	-1.2362806e-02	-2.6055816e-01	-7.7614591e-02	1.3527145e-02	7.2512016e-02	-2.1907097e-01	9.0705983e-02	-2.3316644e-01	-1.1065913e-01	1.5778740e-01	-5.7198189e-02	-3.9897576e-01	-1.4783107e-01	6.0672574e-02	2.5546008e-01	-4.0783045e-01	3.1714350e-01	2.7084491e-01	-3.4816855e-01	2.8244144e-01	-2.5098413e-01	1.6649801e-01	-1.1469562e-01	-2.0458069e-02	-1.6422550e-01	-3.3115920e-01	-4.4619743e-02	-3.4927452e-01	1.4741920e-01	-3.9019895e-01	3.0724439e-01	-4.6017915e-01	2.7062157e-03	1.6356178e-01	-1.1278510e-01	-1.4203261e-01	1.7901546e-01	2.1580447e-01	-1.2254738e-01	4.4948477e-01	-5.3571314e-01	-7.1460053e-02	-6.3424639e-02	-1.2953311e-01	-2.0616068e-01	5.0191855e-01	-4.7652015e-01	-2.6967344e-01	1.7623718e-01	1.8284774e-01	-3.5277776e-02	1.6695650e-01	-2.6659971e-01	-3.3203268e-01	9.9607196e-04	-2.2966227e-02	-1.7303257e-01	1.2756102e-01	3.3821721e-02	2.5978106e-01	-1.7660048e-02	-2.6200104e-01	-1.4768708e-01	1.3815849e-01	1.4913431e-01	1.4034498e-01	5.3652063e-02	1.4746079e-01	-1.6612169e-01	-2.0776980e-01	2.0892988e-01	1.1406545e-01	-3.5297784e-01	2.6268467e-01	-1.8862231e-01	-8.7845512e-02	7.0328005e-02	-4.4260776e-01	-1.2725660e-01	-2.4071318e-01	1.4049615e-01	4.9184063e-01	-4.5578543e-02	2.6464400e-01	-2.2942171e-01	1.1570498e-01	-2.8338447e-01	2.6599416e-01	4.4879571e-02	-1.2859027e-01	3.3987528e-01	-2.2864302e-01	2.7686834e-01	-3.8973492e-01	-9.0758853e-02	-1.2176742e-01	-2.2411664e-01	-2.9354820e-01	-1.4411059e-01	1.7943105e-01	-2.3774427e-01	2.2102939e-02	1.5008508e-01	-3.8786304e-01	-9.3291469e-02	-3.2970630e-02	1.2841100e-02	-1.0955616e-01	1.9265214e-01	1.7947244e-02	1.0949941e-01	-2.5129759e-01	1.0315112e-01	5.3218164e-02	3.2064763e-01	7.4497603e-02	4.0941559e-02	-4.3511796e-03	1.9401722e-01	1.9378021e-01	-4.4637997e-02	-4.2642340e-01	-1.3291490e-01	-2.5516665e-01	-1.0198076e-01	1.8989697e-01	1.3272595e-01	5.3887606e-02	8.1331886e-02	-3.1051397e-01	9.1800049e-02	-1.6393502e-01	2.2696097e-01	-1.7578542e-02	-1.5388653e-01	3.2995597e-02	1.5605918e-01	8.7521104e-03	-3.4031573e-01	-3.4252012e-01	-3.7018046e-01	1.6877663e-01	-1.3652276e-01	-1.4452498e-01	-1.5209356e-01	1.3449311e-01	-5.4188855e-02	-2.3889308e-01	1.6339488e-01	2.4980415e-01	2.3833559e-01	7.9331785e-02	-3.2318152e-02	1.4929733e-01	-9.5861822e-02	2.2156776e-01	7.3913187e-02	-4.9280796e-02	3.5856549e-02	2.8285831e-01	1.0045990e-01	3.0074540e-01	2.2679237e-01	-1.6163957e-01	-1.1651725e-01	-9.4882905e-02	9.5742784e-02	-1.3204193e-01	-3.4965193e-01	-6.6706859e-02	2.2487095e-01	-5.3520101e-01	-2.7815714e-01	1.3233578e-01	-2.7980852e-01	-7.4207172e-02	2.5636038e-01	6.6560313e-02	3.1832777e-02	1.7861126e-01	-2.7874622e-01	-4.6785885e-01	-2.4233079e-02	5.7361275e-02	-2.8578869e-01	5.6544624e-02	-2.1928765e-01	1.5106407e-01	1.1128263e-01	-3.6608890e-02	-7.1812950e-02	-4.4047698e-01	2.1062888e-01	4.6934694e-01
-2.4349752e-01	2.9972452e-01	1.5355791e-01	3.0820766e-01	4.0631181e-01	-2.1986760e-01	9.4607972e-02	2.0521072e-01	-1.3380896e-01	2.1584930e-01	-8.5185118e-02	-1.5452518e-01	1.3478708e-01	-2.0210496e-01	5.2079928e-01	-1.9247457e-01	2.5324085e-01	-5.1893735e-01	-2.7588618e-01	-3.0068114e-01	-2.2876208e-01	9.7222991e-02	2.3549418e-01	-1.6653843e-01	-4.0093818e-01	4.2010260e-01	4.0276071e-01	-1.5483347e-01	3.1213751e-01	1.8344967e-01	5.4281473e-02	-3.7222946e-01
