9
input	24
dense	32
relu	0
dense	32
relu	0
dense	32
relu	0
dense	1
linear	0
7.999999979801942e-06
-7.7519707e-02	-1.8449202e-03	1.7207590e-01	1.0463636e-01	-9.4933093e-02	-1.0602587e-01	4.6456501e-02	-7.0570819e-02	3.9087523e-02	-6.4268291e-02	4.9496111e-02	1.4897580e-01	-7.1309812e-02	-2.1433234e-03	-8.6248174e-02	7.2856307e-02	1.0114625e-02	-2.9452607e-02	4.7191143e-02	-2.1873731e-02	-4.8818886e-02	0.0000000e+00	1.3919829e-01	-9.9896036e-02	3.0805072e-02	-1.0118376e-02	-3.4999724e-02	0.0000000e+00	2.7072152e-02	6.0276766e-03	-4.9985621e-02	-6.0096607e-02
-9.5710576e-02	5.5672526e-02	4.3999977e-02	6.6833615e-02	-3.1562183e-02	7.2541855e-02	-2.1469695e-02	1.5398444e-02	-2.4156142e-02	1.2239429e-02	-3.3386774e-02	-4.9833380e-02	3.8640212e-02	6.0107205e-02	-3.1092571e-02	1.6000491e-02	-2.7302405e-02	-1.1454705e-01	-3.6845937e-02	4.5796625e-02	3.5331663e-02	2.0060003e-02	-6.2610500e-02	-1.6302628e-02	-1.3164346e-02	1.3975739e-01	-3.2138895e-02	-7.6592922e-02	-6.3360959e-02	9.4280474e-02	5.7089888e-02	-2.7286734e-02
-6.3423812e-02	-5.7031959e-02	2.6803287e-03	2.6604848e-02	2.5081540e-02	-1.7361809e-02	1.0122568e-02	-1.4850086e-02	-3.3111099e-02	-8.1135789e-03	-1.0416060e-01	-2.3590112e-02	-1.4828800e-02	4.8261449e-02	-1.2232891e-01	-4.4796851e-02	-2.6126306e-03	-5.1248427e-02	-2.4951318e-02	-3.7689514e-02	-6.5436937e-02	3.1685252e-02	2.9371995e-03	6.0307994e-03	-7.0626006e-02	-3.7031636e-02	-3.4703493e-02	-9.2365287e-02	1.2295103e-02	-1.1003690e-02	-1.5875410e-02	-8.1626698e-02
-4.0339655e-03
6.8168417e-02	1.3229162e-01	2.3859626e-01	-4.1552025e-01	-2.1958885e-01	2.5978670e-01	-2.9146174e-01	3.3173114e-02	3.7446916e-02	1.9607182e-01	1.5602040e-01	-3.6745943e-02	5.5665040e-01	-1.1727307e-01	3.0024368e-01	-1.5777397e-01	-2.0656677e-01	2.3782836e-01	4.4143282e-02	1.9874981e-01	-1.2084830e-02	7.1808085e-02	-5.6998199e-01	-3.9799098e-02	2.0663854e-01	2.9765218e-01	1.8014555e-01	2.4197316e-01	2.6671073e-01	-1.6842158e-01	-1.9243500e-01	1.4619699e-01	-3.4070489e-01	-2.9257792e-01	-8.3287537e-02	5.4694608e-02	2.5986323e-01	3.4784648e-01	1.9640403e-02	-1.6249225e-01	6.6050842e-02	1.3772206e-02	8.4537022e-02	7.6601595e-02	-6.2330458e-03	-1.0783140e-01	-4.4431873e-02	-3.7163340e-02	-2.6704675e-01	2.9675889e-01	-1.2164190e-01	-1.5643507e-02	3.1249796e-03	-6.8058562e-01	-4.9807408e-01	-4.4895509e-01	2.6105785e-01	-1.0881326e-01	1.9849999e-01	-2.3927182e-01	6.7447060e-01	-5.9162723e-03	4.1848922e-01	-1.9936837e-01	-9.6130356e-02	9.7053483e-02	2.2688456e-01	-1.7171156e-01	1.2051044e-01	-8.4541932e-02	4.0727961e-01	-1.6480646e-01	-2.1221425e-01	3.1216623e-02	3.2411450e-01	-1.6810209e-01	-5.4192847e-01	-8.6040652e-01	-4.2931569e-01	-2.2762839e-01	1.7925220e-02	-3.1103322e-02	-7.3600128e-02	-5.4450301e-03	-1.8884752e-02	-1.2295494e-01	-3.6909956e-02	2.4098316e-02	1.3647599e-02	1.6398576e-01	-2.8689893e-02	-9.2150969e-03	-1.0109422e-01	-2.1236446e-01	1.7737347e-01	-3.6309626e-02	1.1061746e-01	-2.2457419e-01	-2.1120377e-01	1.2534100e-01	2.2307195e-01	-3.6420736e-01	8.6459137e-02	-5.0960634e-02	2.7886313e-01	-1.3674414e-01	3.0604666e-01	1.5884860e-01	2.3564784e-01	2.3770805e-01	-2.6133713e-01	-6.2282838e-02	8.6990327e-02	-1.6104836e-02	7.1092054e-02	7.8034312e-02	-1.6086096e-02	8.0873698e-02	-3.7880161e-01	-2.6062177e-02	1.5784600e-01	-1.3270056e-01	-2.2802718e-01	-1.6138303e-01	1.9545427e-01	3.6609131e-01	-5.9871767e-02	-3.0510757e-02	1.1496048e-01	6.2816463e-02	8.9333534e-02	1.3629167e-01	3.7126848e-01	3.6075434e-01	-2.0372160e-01	-2.4640915e-01	-2.4629101e-02	2.2357160e-01	-2.3112114e-01	1.8520005e-01	3.4566343e-02	2.3738143e-01	-5.8817655e-01	2.1135774e-01	-1.4822322e-01	-5.7693340e-02	1.6096178e-01	6.6546477e-02	4.8607126e-02	4.5496395e-01	-1.4337662e-01	1.6357496e-03	6.4668722e-02	1.8319926e-01	1.8591501e-01	-2.0280990e-01	-4.7437575e-01	-3.5518411e-01	-4.3123465e-02	1.8458311e-01	7.1685076e-02	1.9733718e-01	-2.0994744e-01	1.6522513e-01	-3.3292639e-01	8.9266174e-02	6.2219375e-01	-4.2454955e-01	3.3931158e-02	1.2213007e-01	-8.0756381e-02	-3.0784595e-01	8.9108214e-02	1.1983694e-01	2.0236827e-01	2.4519745e-01	1.1672563e-01	1.4839180e-01	4.3203764e-02	4.4933960e-02	-3.1862116e-01	-3.4297013e-01	-3.4028000e-01	1.1060039e-01	1.0127887e-01	-1.3328558e-01	7.8627206e-02	1.6420668e-01	-2.0164330e-01	-9.3985789e-02	2.3633249e-01	-6.3985780e-02	2.7638665e-01	-2.7039049e-02	-2.2368069e-01	3.7777323e-01	3.7954682e-01	-1.2694063e+00	-1.4066464e-01	-4.9579453e-02	2.9942194e-02	2.5311819e-01	-4.0603388e-02	8.1965484e-02	3.4913167e-01	-8.6459473e-02	-1.0249290e-01	2.3952959e-01	1.1534883e-01	-1.1046968e-01	-2.3777114e-01	3.4936407e-01	1.7485534e-01	6.6741131e-02	3.4744474e-01	6.1073389e-02	-2.4858283e-02	3.5914895e-01	-1.0489724e-01	2.1151294e-01	-1.5509318e-02	-1.5530447e-02	1.1141503e-01	2.2028214e-01	3.2902068e-01	1.6452070e-01	2.7355334e-01	-3.3563998e-01	-5.4142531e-03	1.4336875e-01	-3.9180425e-01	-1.9811229e-01	-3.2246614e-01	-3.3181065e-01	6.2414341e-02	1.0551006e-01	4.0979216e-01	2.9012039e-01	1.0673946e+00	-3.9408484e-01	2.6022053e-01	9.1673933e-02	2.8954792e-01	1.1184752e-01	-2.5085431e-01	-4.0827331e-01	6.9662750e-02	-2.0855144e-01	-5.1411219e-02	-2.6489023e-02	-1.8248037e-01	1.3314781e-01	7.4262345e-01	5.5590934e-01	3.3768815e-01	1.9702208e-01	-6.2417600e-02	-1.2471858e-01	-2.2795466e-01	1.4072751e-01	8.2279228e-02	-1.2979578e-03	7.1920335e-02	-1.6529922e-01	-1.7053241e-01	-8.4346160e-02	-1.9101784e-01	1.6403046e-01	3.2585153e-01	3.0393001e-01	-3.0320159e-01	-2.3530059e-01	-2.6021820e-01	-2.4831282e-01	1.8505740e-01	2.3314533e-01	-3.2017916e-01	1.0361366e-01	-1.0686957e-01	1.0633837e-01	-1.5133446e-01	-2.4953789e-01	1.5192419e-01	1.8925317e-01	-7.4858136e-02	1.2084046e-01	-3.4091089e-02	6.8787861e-01	1.3674095e-01	3.2559332e-01	3.6339950e-02	2.3506279e-01	1.9502684e-01	-6.7866378e-02	3.2349423e-01	1.0526435e-01	7.7069901e-02	-1.8118578e-01	-3.2239962e-01	6.9596820e-02	-9.9008605e-02	-3.3145887e-01	-2.1301021e-01	4.6887014e-02	-2.8473198e-01	-1.1734317e-01	1.6506349e-01	2.4618126e-01	1.6106097e-01	2.3472787e-01	9.9059910e-02	-3.0856335e-01	2.5543915e-02	-3.1537259e-01	-6.3714093e-01	-2.1002008e-01	8.2265556e-02	-7.4279591e-02	3.8480178e-01	-1.5714756e-01	1.5261227e-02	1.4953493e-01	-5.7884753e-03	2.3455518e-01	1.6070624e-01	2.5781682e-01	-2.2803292e-01	-2.5871387e-01	9.8924502e-04	1.0021274e-01	-3.7721783e-02	1.5950803e-01	-1.1797632e-01	1.5137592e-01	-3.5533184e-01	6.2877551e-02	-1.7639776e-01	3.3497521e-01	-1.1418870e-01	2.2810599e-01	5.3465523e-02	3.5354671e-01	1.4551483e-01	-7.6227605e-02	2.4183893e-01	-9.4805159e-02	-1.3671526e-02	-2.2424664e-01	-2.0827806e-01	-3.3614212e-01	1.6587505e-01	5.2532487e-02	6.5287844e-05	1.0739985e-01	-3.2496265e-01	7.4601382e-02	8.8922679e-02	2.4605264e-01	5.3897673e-01	-6.0448945e-01	-2.2524101e-01	-3.5292444e-01	9.3794186e-03	-5.9093736e-02	4.1970125e-01	-6.5535180e-02	2.3863247e-01	1.5570997e-01	-3.8316563e-02	-2.8119871e-01	-3.6763394e-01	2.3752159e-01	-4.3613476e-01	-4.3029329e-01	-6.4495001e-03	2.9612747e-01	1.4323775e-01	-9.2753448e-02	-4.4913564e-02	1.3161589e-01	-1.3337971e-01	1.0838404e-02	5.6906622e-03	-4.4136755e-02	7.1293145e-02	-4.4505499e-02	-3.0595434e-01	1.0689120e-01	2.9876825e-01	6.9219363e-03	-2.0300730e-01	-3.9435651e-02	1.2240288e-01	-4.3274172e-02	-4.8949420e-02	-6.7766190e-01	7.8607202e-01	2.0570309e-01	3.5626656e-01	3.0532107e-01	-1.0616417e-01	-2.1512213e-01	6.1044903e-03	1.8987873e-01	-1.1279434e-01	-1.2163381e-02	2.5334269e-01	-2.4314544e-01	1.4730324e-01	4.1660106e-01	8.5445143e-02	-1.3346224e-01	5.2269991e-03	2.5948545e-01	1.8512161e-01	3.2786196e-01	-1.0624436e-01	-1.0669129e-01	-5.4567099e-02	-1.5213530e-01	9.0990327e-02	-4.3162042e-01	-1.3886231e-01	1.9305313e-02	-5.3771913e-01	-3.8416481e-01	-1.7400314e-01	3.8718691e-01	-1.3067357e-01	2.3715468e-02	5.2721608e-01	1.1502131e-01	1.2941095e-01	-1.2516917e-01	-8.5197523e-02	1.4332078e-02	-2.0438358e-02	2.1138622e-01	1.6652416e-01	2.5038317e-01	-1.9407737e-01	-1.5801962e-02	-9.6476793e-02	-2.5551245e-01	-5.6760055e-01	-1.1370879e-01	-2.3127913e-01	2.0551875e-01	-2.0650907e-01	-2.2474718e-01	1.7443787e-01	-1.7553967e-01	2.5940326e-01	-3.0110919e-01	1.7878914e-01	-3.1160483e-01	3.8346040e-01	2.0710704e-01	2.7116013e-01	1.7458844e-01	8.0635324e-02	-3.7260997e-01	3.1831276e-01	1.2860155e-01	-1.3983519e-02	1.4699309e-01	-3.1944612e-01	5.7424430e-02	-2.2291940e-01	-2.4834763e-02	-1.2033178e-01	2.5280026e-01	-2.7732304e-01	2.4331982e-01	-8.2766317e-02	5.0776113e-02	-3.6226232e-02	-1.0387889e-01	5.5079061e-01	5.0446264e-02	-9.7714588e-02	2.1412556e-01	-7.8527592e-02	-1.7142670e-01	-1.1974133e-01	-3.0710936e-01	-3.6085543e-01	-1.3463436e-01	1.0157368e-01	3.3569703e-01	-4.6636254e-02	2.6210704e-01	5.7274693e-01	3.9080372e-01	2.7605492e-01	1.9466339e-01	-4.2786463e-03	1.5478678e-03	-1.0541435e-01	9.3312770e-02	-1.5541801e-01	-2.0144963e-01	-2.9205715e-02	1.8821040e-01	-3.2312441e-01	-9.0312719e-02	-9.1619268e-02	2.2524577e-01	3.0024105e-01	-3.0109715e-01	2.3480445e-02	-2.1434389e-01	-1.4202552e-01	-1.0374427e-02	2.3301911e-01	-4.8699945e-02	-5.3658277e-02	-1.8415506e-01	-3.2417509e-01	-1.6587080e-01	1.3305396e-02	2.9851878e-01	2.6566982e-01	-3.1714931e-01	-7.1811676e-04	2.8884774e-01	4.7978461e-02	8.7367624e-02	-6.8363324e-02	-1.9045337e-01	-1.8577634e-01	-4.5516029e-01	-6.4749509e-01	-6.9854510e-01	-8.5861754e-01	-1.6422835e-01	-3.6945996e-01	-6.7406572e-02	-2.6175041e-02	1.2732616e-01	-5.4352361e-01	-6.1117589e-01	-2.3986319e-01	4.1513348e-01	-2.2900309e-01	-2.6673806e-01	1.1102027e-01	5.0171081e-02	8.3177099e-03	-3.2711229e-03	1.5941659e-01	2.8827968e-01	-2.9271305e-01	-7.0764586e-02	-7.6960929e-02	-1.2594980e-01	-2.5010651e-01	-2.6256278e-01	1.4401717e-01	3.0042580e-01	2.1900281e-01	-2.5818199e-01	-1.4744300e-01	1.7607731e-01	6.4383644e-01	1.8537438e-01	2.2406782e-01	2.3717874e-01	6.2317881e-03	1.6966970e-01	-3.9851982e-02	5.2602948e-03	-2.1408720e-01	-8.0599666e-02	1.3145857e-01	2.3404096e-01	2.1127744e-01	1.3720533e-01	1.4974363e-01	6.3625822e-04	-9.6744627e-02	-4.2763039e-01	2.3088078e-01	2.2872396e-01	-4.1155946e-02	1.7040680e-01	2.3267461e-02	-2.7297378e-01	1.0620454e-01	2.2220761e-01	-1.0821547e-01	5.6054432e-02	5.1351909e-02	2.9300472e-01	-2.4794335e-02	-4.0753162e-01	1.0821048e-01	5.6379288e-02	2.8522101e-01	2.2463895e-01	-1.2511625e-02	9.3909487e-02	-6.6114999e-02	2.6619551e-01	-8.8981733e-02	-1.8551634e-01	2.5167003e-01	-2.6255849e-01	-1.8321956e-02	1.0977595e-01	4.2016055e-02	-3.0107689e-01	-1.4612883e-01	1.7415233e-01	6.3916527e-02	-1.9701853e-01	-2.3934747e-01	4.9737956e-02	9.9825226e-02	-2.6289758e-01	2.5771782e-01	2.7326384e-01	-9.3674697e-02	1.3572361e-01	-3.4766994e-02	-1.8680699e-01	1.5094790e-01	-1.0781693e-01	-2.8563225e-01	-6.6334039e-02	3.8770086e-01	3.5649501e-02	9.5160507e-02	1.8799569e-01	1.0867582e-01	-1.3681035e-01	-4.1991499e-01	-3.5736501e-01	-1.6592202e-01	-9.4473772e-02	-7.7548504e-02	5.8930758e-02	-2.6785076e-02	1.8678239e-01	-1.3965647e-01	-1.1879039e-01	5.7903427e-01	-3.3893791e-01	-2.4501681e-01	4.5567751e-05	-1.9321325e-01	-2.6459351e-01	-1.7567514e-01	-2.9816487e-01	2.4113864e-01	4.6462685e-02	-3.2553914e-01	1.8725407e-01	-1.4391690e-01	2.1787483e-01	-2.6324674e-01	-1.3289794e-01	-3.0291319e-01	-3.4903735e-02	1.8863559e-01	-3.0435804e-01	2.5491333e-01	1.9729096e-01	-8.1771299e-02	2.6403260e-01	1.9731909e-02	2.6699555e-01	3.4243625e-01	1.7300300e-02	3.4541956e-01	-9.8122172e-02	3.7654858e-02	-1.9960044e-01	1.0176050e-01	-2.6667282e-01	3.3541808e-01	-2.3572043e-01	2.2301888e-01	-1.5816201e-01	4.9764645e-01	-2.8246218e-01	-1.9982949e-01	4.2998880e-02	-3.2860282e-01	-2.0617694e-01	-1.8004800e-01	-2.7369520e-01	-3.4053904e-01	2.8450657e-02	4.5022596e-02	2.8254187e-01	4.4726226e-02	-3.7733334e-01	4.3016626e-03	3.2236499e-01	3.1050712e-01	-1.4045556e-01	-2.3884827e-01	-1.1784904e-01	2.1142076e-01	-1.8782182e-01	1.3793734e-01	3.7540700e-02	2.8643927e-01	3.6212975e-01	3.7572971e-01	-9.9966228e-02	1.4331105e-01	-1.3590059e-01	1.1434636e-01	-1.3468106e-01	6.5526746e-02	2.4074511e-01	-5.1252109e-01	1.8541525e-01	2.0859054e-01	6.5590218e-02	-3.3811685e-02	-1.7024015e-01	1.0857113e-01	2.8194723e-01	-1.5677860e-01	-1.5886469e-02	1.6001414e-01	7.2488502e-02	-9.6217066e-02	2.3981197e-01	-1.7079291e-01	-2.2933541e-01	-1.9302107e-01	6.6746034e-02	-7.4955381e-02	1.1099185e-01	-1.0045986e-01	-5.3935926e-02	5.8665995e-02	-2.2390127e-01	7.9646271e-01	-2.9859897e-01	5.5218745e-02	-3.4099063e-01	2.9566133e-01	1.1386975e-01	-3.0565903e-01	-3.4922940e-01	1.9586745e-01	1.7010216e-01	-3.5177711e-01	-2.8299140e-02	-9.7733773e-02	2.7520090e-01	2.9304099e-01	2.5247809e-01	3.7201155e-02	-2.5623599e-01	2.3496842e-02	2.2376263e-01	1.6408822e-01	-1.5167744e-01	6.6248953e-02	-1.9524443e-01	-1.0297462e+00	7.5231865e-02
1.7724317e-01	-2.1836592e-01	-1.5847242e-01	2.1282107e-01	1.4990234e-01	-5.5116159e-01	-2.2844900e-01	-2.8893923e-02	2.4000736e-01	-1.9523221e-01	9.0433769e-02	-1.3416944e-01	1.9322176e-01	-4.7773677e-01	5.8933377e-02	-1.7292380e-02	2.8393269e-01	-1.1065211e-01	1.5364391e-01	2.3332530e-01	-3.5529949e-02	2.2953391e-02	-4.9849652e-02	1.5021983e-02	1.7937010e-02	-5.3030208e-02	7.8841306e-02	1.3865274e-01	2.6486263e-01	1.1270368e-01	9.9551268e-02	7.4678041e-02	1.6518781e-01	7.6336414e-02	-8.5145021e-03	-4.1871229e-01	-1.5896833e-01	-2.0624121e-01	6.9264077e-02	-1.6198568e-01	-3.5872284e-01	-1.9645905e-01	-5.6138778e-01	1.6372573e-01	1.0407204e-01	-2.4592189e-01	8.0005400e-02	-4.9525175e-02	-1.9309419e-01	-2.6781147e-02	2.1182926e-01	2.5902522e-01	-2.0797452e-01	1.8756169e-01	-1.1401182e-01	-7.4875139e-02	-2.1271162e-01	-2.7126384e-01	2.0285682e-01	-8.7641165e-02	1.2424497e-01	-3.0453989e-01	1.7425051e-01	1.9005804e-01	-3.0572984e-02	-2.2214286e-01	-3.0731156e-01	-1.2072963e-01	3.0224243e-01	-2.7352739e-02	-3.8798603e-01	9.6772820e-02	-2.0251448e-01	1.6541132e-01	-1.1307827e-01	3.7802833e-01	3.0154970e-01	-3.0925158e-01	-1.1907314e-01	8.1228182e-02	-1.9072691e-02	1.1507676e-01	1.2590212e-01	1.9706453e-01	1.0317355e-01	7.8399539e-02	-2.1236138e-01	-1.3188708e-01	3.4660917e-02	3.0088389e-01	4.9233133e-01	-4.0309548e-02	1.4215196e-03	-2.9024446e-01	-1.1022048e-01	-1.7169896e-01	-8.0794305e-02	1.3476568e-01	-6.0565096e-01	-2.7443412e-01	-7.6861322e-02	-3.3631063e-01	2.3047428e-01	1.4104426e-01	-3.4839997e-01	9.9839374e-02	-3.0710691e-01	2.2087598e-01	5.1508147e-02	1.8582085e-01	9.2612684e-02	1.1368860e-01	-2.1449608e-01	1.8550800e-01	3.9087379e-01	-1.7743377e-01	-1.8676041e-01	-7.5639963e-02	-2.0816541e-01	-3.2777342e-01	-4.0062171e-01	-1.3480292e-01	3.3117399e-01	2.5928113e-01	-5.9996124e-02	-1.0644182e-02	2.1403924e-01	-3.7039973e-02	-8.0397502e-02	2.9150322e-01	-3.3713043e-01	-1.0298963e-01	-3.6622453e-02	-2.0230593e-01	3.9316294e-01	2.6352826e-01	2.2420521e-01	-5.0506681e-02	-4.3824595e-01	1.0776019e-01	2.1115917e-01	2.9716635e-01	2.9322982e-01	-5.2626211e-02	5.0158198e-03	-1.0057581e-01	3.6257636e-02	4.6114691e-02	-4.8889741e-01	-1.0470445e-01	3.7542060e-02	-4.6137947e-01	-6.2110830e-02	1.2318519e-01	4.7797538e-02	3.9102942e-02	-1.5630604e-01	-4.0914636e-02	-3.1564650e-01	-2.1450037e-01	-1.7970201e-01	-3.8603444e-02	-5.0382698e-01	-2.2961557e-01	-4.1217184e-01	1.6042666e-01	2.1501522e-01	2.1700791e-01	4.5797177e-02	8.2517646e-02	-7.5980812e-01	2.9683366e-01	3.4671441e-01	-1.3889734e-01	-1.1799672e-01	5.0938594e-01	-6.6352347e-03	-2.3288175e-02	2.8871453e-01	4.6154771e-02	-2.8484181e-01	-1.8247603e-01	-2.9256323e-01	1.2103179e-01	5.4747574e-02	9.0674035e-02	1.9349754e-01	-1.7012128e-01	2.1734620e-02	-6.2026739e-02	1.1323219e-02	-1.6612518e-01	-3.6804190e-01	-2.7765682e-01	-2.0338593e-01	1.7897889e-01	-4.0688463e-02	-1.2516162e-01	-1.3770095e-01	-7.6089874e-02	-4.3593457e-01	3.3750199e-02	9.9401698e-03	-1.5417244e-03	1.9482964e-01	-2.2690605e-01	-2.1481740e-01	6.6451252e-02	1.5075290e-01	1.2377949e-01	6.1037574e-02	7.6722741e-02	2.5852549e-01	-3.7642032e-02	5.7236922e-01	2.0531591e-02	3.7138110e-01	2.0917225e-01	-4.1667983e-01	-2.6016256e-01	9.2182457e-02	1.2055951e-01	-1.1772154e-01	-4.4342431e-01	-1.2807915e-01	1.0695855e-01	1.5823019e-01	-5.0754672e-01	3.0149469e-01	1.7574805e-01	-4.9159378e-01	-2.6043943e-01	-3.7351242e-01	2.9689577e-01	1.9963109e-01	4.6707533e-02	-1.4547580e-01	1.2627231e-01	-3.0486503e-01	-3.1380108e-01	2.9932028e-01	-2.3473771e-01	-2.7044386e-01	3.6602762e-01	1.9979435e-01	-4.9145252e-02	-4.1262156e-01	2.3796737e-01	1.8527178e-01	1.0197454e-02	-5.2648008e-02	-1.9528374e-01	1.4372809e-01	7.9222031e-02	2.2892591e-01	1.4269072e-01	9.7807236e-02	5.5915229e-02	-5.1768982e-01	-1.2878789e-01	2.0581929e-01	2.7897274e-01	4.6027869e-01	3.5267867e-02	-1.7714714e-01	-1.1617136e-01	-6.4651531e-01	1.7909715e-01	5.0098222e-01	-1.1029925e-01	6.8177104e-02	6.7738548e-02	2.2528082e-01	5.4606024e-02	-3.4347348e-02	1.0153496e-01	-1.7599985e-01	1.9367495e-01	-3.2488340e-01	-1.4169921e-01	-1.8562378e-01	2.1226332e-01	2.6237375e-01	2.7382591e-01	-2.9018176e-01	6.3193619e-02	-1.0391745e-01	-3.5153979e-01	2.7488995e-01	-2.2917087e-01	-6.9082022e-01	-2.5938529e-01	-2.2904460e-01	-2.0453155e-02	2.5021100e-01	-1.6400167e-01	9.9947065e-02	3.1001881e-01	-5.0629839e-02	-4.7968501e-01	-1.2241238e-01	2.0133525e-03	-3.1734502e-01	-2.5957251e-01	3.5233757e-01	-1.6652681e-01	-2.1981098e-02	1.3075575e-01	3.3785200e-01	-2.3049618e-01	-3.2130305e-02	1.9827107e-02	-1.2193675e-01	1.6580972e-01	1.8153200e-01	-2.5358018e-01	-1.4619267e-01	-5.2882028e-01	-2.6347625e-01	2.4072090e-02	-1.9337198e-02	1.0179371e-01	-1.7431515e-01	8.9531004e-02	2.2790660e-01	2.2389740e-01	-2.0329267e-01	2.9649612e-02	-9.5876440e-02	8.2067460e-02	2.3824165e-02	-2.1899235e-01	1.9616836e-01	2.5867811e-01	2.2957158e-01	-1.6641058e-01	2.4386844e-01	1.8049985e-02	-2.6321900e-01	2.7432045e-01	2.1926509e-01	1.6548932e-01	2.0624341e-01	-3.8709488e-02	3.3101764e-01	4.5493722e-02	4.3204990e-01	1.2014040e-01	-2.7531421e-02	3.5673079e-01	-1.1784580e-01	1.8523262e-01	-5.8940750e-02	-2.9119119e-01	-1.1370596e-01	2.0870811e-01	-3.4059625e-02	8.3196990e-02	2.0523958e-02	2.1426167e-01	-3.2576773e-01	4.1733661e-01	-1.7032171e-02	-8.4072359e-02	3.3244377e-01	1.1703649e-01	1.3954790e-01	-6.2049713e-02	4.1793105e-01	-5.3661648e-02	-1.3486814e-01	2.1828178e-01	4.4198617e-02	-2.5929224e-01	8.1169717e-03	-2.2391323e-02	1.4072308e-01	2.1518381e-01	1.0240867e-01	-1.6993579e-01	-3.1058586e-01	-1.2489125e-01	1.9094436e-01	-1.5473494e-01	2.0659450e-01	-3.2609075e-02	-4.2148358e-01	-1.1171421e-01	7.7460088e-02	1.9640811e-01	-6.0532000e-02	2.4539145e-02	-2.4064551e-01	-4.5234013e-01	-3.3573988e-01	-1.0434636e-01	1.4609779e-01	-2.0678169e-01	3.6380461e-01	2.8295276e-01	-9.3198054e-02	1.5921997e-01	1.9550854e-01	1.4262757e-01	-1.7978579e-01	1.2003973e-01	-1.3039953e-01	1.5257990e-01	2.8110543e-01	-9.4448954e-02	-1.5489852e-01	2.7116236e-01	1.8706273e-01	4.6637751e-02	-1.7608218e-01	3.9043713e-01	-8.9899167e-02	-3.1740800e-01	-5.1115149e-01	-3.5177954e-02	2.9215317e-03	-4.2272469e-01	3.2843463e-02	-9.8739952e-02	-2.2435360e-01	8.5030794e-02	-3.3483413e-01	-5.7493940e-02	-5.1808968e-02	-3.5911128e-01	-3.9055893e-01	4.5075875e-02	-5.7303798e-01	-1.9768295e-01	1.8419016e-02	7.9668842e-02	3.9529333e-01	7.6527864e-02	-2.2777927e-01	1.5030387e-01	6.9845267e-02	-1.0903218e-01	4.1887337e-01	-2.9416153e-01	-1.6159961e-01	-2.2680192e-01	3.2393911e-01	-2.4643579e-01	3.1719819e-01	-4.0555295e-02	2.6530159e-01	2.7012536e-01	2.7667814e-01	1.4624503e-02	6.9485120e-02	-8.5809596e-02	-1.3173787e-01	1.4526042e-01	-4.0032083e-01	-1.6803859e-01	-1.1471367e-01	3.0606470e-01	-2.5331604e-01	-1.0458072e-01	3.0449966e-01	-1.8234520e-01	-4.8300430e-02	2.3355857e-01	-4.0986095e-02	-2.4666578e-02	-5.8681273e-01	-5.0394095e-02	-1.1937350e-01	-6.3917994e-02	-1.7649634e-01	-6.8602502e-02	1.1286992e-01	-7.7643164e-02	1.2275331e-01	-1.9186835e-01	3.6618370e-01	3.0460399e-02	-2.5803473e-02	4.8955515e-02	-2.0358108e-01	2.7939782e-01	2.4545478e-02	-1.4055227e-01	-2.6199535e-01	-2.3676586e-01	-1.7152759e-01	2.4355344e-01	1.4411686e-01	-9.5534429e-02	2.7396157e-03	-3.1036320e-01	4.6234933e-01	3.8957870e-01	-1.9211600e-02	-4.4449396e-02	2.8364903e-01	1.1199662e-01	1.4372107e-01	-3.8656976e-02	-2.8158817e-01	1.4520475e-02	-3.1657737e-01	2.5556973e-01	-2.5745255e-01	2.9219639e-01	6.3820779e-03	-2.3078954e-01	-5.7271924e-02	-3.6696699e-02	2.1399282e-01	-6.1868746e-02	4.6733361e-02	3.3603075e-01	2.1579300e-01	-2.6212171e-01	-1.5704671e-01	4.4633693e-01	8.4112495e-02	-7.0097677e-02	2.6477137e-01	-9.1011645e-03	4.4143957e-01	-3.3801699e-01	-3.8308896e-02	5.0044384e-02	-2.6211780e-01	-4.9018666e-02	7.4591182e-02	2.4335185e-01	-3.8465267e-01	2.3575124e-01	-3.6867696e-01	-5.5586558e-02	2.1029707e-02	-2.1028417e-01	-1.0942221e-01	-2.4932268e-01	3.3221090e-01	-6.3644713e-01	-9.3168318e-03	-2.7454892e-01	1.6006139e-01	-1.4755632e-01	-2.0465404e-01	2.5354922e-01	3.4513783e-01	1.9921444e-01	1.5037426e-01	-2.0568895e-01	4.7680002e-01	6.2589633e-01	9.5625803e-02	2.7991915e-01	3.4766179e-02	-2.5764090e-01	-5.2226073e-01	-1.5331697e-01	2.0328116e-01	-3.0896869e-01	-2.5975075e-01	-1.2960127e-01	4.2553732e-01	2.0194370e-01	1.8592925e-01	-9.0441719e-02	-6.6299424e-02	-4.4452757e-02	-5.9104346e-02	-1.8742377e-01	1.5221328e-01	-2.0721056e-01	1.5188855e-01	-3.0469450e-01	-2.8132576e-01	8.2832955e-02	-2.0436564e-01	7.9689667e-02	-2.3559450e-01	1.7993337e-02	3.9829907e-01	8.8158175e-02	2.1201420e-01	-2.3153620e-02	-1.1836331e-01	-1.7765987e-01	1.1960448e-01	2.7913311e-01	-1.7841223e-01	-2.0807461e-01	2.3872884e-01	1.9629444e-01	-4.2289287e-01	2.2338852e-01	-2.6834288e-01	-1.9625387e-01	-3.5297740e-01	2.6588503e-01	2.6013950e-01	1.8099946e-01	8.5923925e-02	-5.2628678e-01	1.4669198e-01	-2.4643159e-01	-2.5536811e-01	6.4825185e-02	-3.4939209e-01	-1.1614186e-01	2.3339929e-01	1.8959917e-01	-1.7634499e-01	2.4763156e-01	-1.6223429e-01	-2.4093133e-01	-8.0972657e-02	3.0712136e-03	7.0052437e-02	2.4970295e-01	3.0561948e-02	2.3945218e-01	-5.8614224e-01	-2.0993055e-01	-3.7082234e-01	1.3626863e-01	3.2138549e-02	-1.4579490e-01	-3.0021572e-01	-3.8064834e-01	1.2708259e-01	-2.2224209e-01	-2.3499873e-01	-1.1363927e-01	2.5116694e-01	2.1366929e-01	4.4756304e-02	1.8151742e-01	3.5070536e-01	-1.5377538e-01	-1.3581832e-01	-1.4808065e-01	-1.8093081e-01	3.5201747e-02	5.6817703e-02	1.2018092e-02	1.6580857e-01	-2.1619450e-01	-2.5144809e-01	3.1721827e-01	2.5545564e-01	-5.3212529e-01	-1.3929440e-01	-2.9388520e-01	-4.9581084e-01	-2.9939625e-02	1.7434666e-01	-6.8456158e-02	3.0045655e-01	2.9823205e-01	-2.6844196e-02	-3.3823395e-01	1.2986927e-01	-1.5119825e-01	-1.6224313e-01	-9.7670123e-02	-5.4559326e-03	3.8919553e-02	3.5750353e-01	-2.0336638e-01	-3.6067066e-01	1.0198706e-01	-4.2302710e-01	-2.2741070e-01	5.1383112e-02	-1.2063865e-01	2.2513899e-01	2.3819320e-01	-3.0922970e-01	-2.1499957e-01	-4.9222010e-01	5.9060723e-02	1.9312066e-01	1.7920718e-02	-1.5817087e-02	2.1107806e-02	-4.0306967e-01	-1.7719920e-01	2.6889262e-01	2.3954369e-01	-9.9146321e-02	-2.2217762e-01	-3.1811294e-01	-1.7530340e-01	9.4534241e-02	-6.8139598e-02	7.1096100e-02	1.2353873e-01	1.2852792e-01	-1.6600206e-02	-1.1337584e-01	6.8341352e-02	1.2141257e-01	-2.8561240e-01	-2.4216573e-01	-1.0747709e-01	3.2388952e-02	2.2787324e-01	3.2029700e-01	1.3784615e-02	3.9783459e-02	3.6967111e-01	-5.2280742e-01	-2.8568271e-01	2.6526415e-01	3.4538043e-01	3.4198043e-01	-1.9757123e-01	1.9142269e-03	-2.3629929e-01	1.4786012e-01	9.3365118e-02	2.8490311e-02	2.9681358e-01	1.4730445e-01	-4.0554786e-01	-3.3089915e-01	-1.2149844e-01	1.9031994e-01	1.8008307e-01	-2.1370290e-02	6.2393375e-02	-2.1821839e-01	-3.1863776e-01	3.7170902e-01	6.8651415e-02	-1.6949147e-01	-1.2896861e-01	1.3271937e-01	1.7957765e-01	4.0313065e-01	1.3682503e-01	-2.8445566e-01	4.0174410e-01	-4.3608338e-02	-2.0173678e-02	5.6116366e-01	-3.0713403e-01	3.2231981e-01	-3.2972613e-01	3.0300066e-01	5.4544681e-03	-3.7998050e-01	-2.9596335e-01	2.4320368e-01	2.5788847e-01	2.2250783e-01	-7.9992026e-02	-2.8770376e-02	2.5505897e-01	-2.2278021e-01	4.3679178e-03	6.5133289e-02	-1.9674607e-02	-2.4802783e-01	-9.4330152e-03	-2.4597655e-01	-2.6980984e-01	-1.1695693e-01	-6.7338608e-02	1.6432074e-01	-3.0860433e-02	-3.4753552e-01	2.7530393e-01	7.6729156e-02	6.7167968e-02	-3.4146288e-01	3.0573262e-02	-2.9202801e-01	1.7535032e-01	-3.7389955e-01	1.9338733e-01	2.4378311e-02	3.8468942e-02	-8.2576007e-02	-5.1619042e-02	-3.1596658e-01	-2.6163769e-01	7.8156270e-02	2.6513597e-01	9.7303510e-02	1.3407604e-01	1.9893998e-01	2.5375435e-01	-1.2989956e-02	3.6379948e-01	1.2657988e-01	-6.7159660e-02	-2.6443023e-02	-2.3941554e-01	-2.4966007e-01	-3.4758830e-01	-1.8370748e-01	-1.0429856e-01	4.4108993e-01	1.6025817e-01	-1.4982879e-01	2.1935488e-01	-5.1096654e-01	2.3108380e-01	1.5366876e-01	-3.5325390e-01	4.6372559e-02	-1.1846669e-02	-1.3851447e-01	8.5252590e-02	3.5945937e-01	1.6939999e-01	-1.8149841e-01	5.8858901e-02	-8.7719060e-02	7.2550587e-02	-3.1018990e-01	2.1007469e-01	-4.2079046e-02	8.4951460e-02	-1.3610375e-01	-3.5448563e-01	1.0586294e-01	-3.1874520e-01	-1.8985543e-02	-2.4133959e-01	-1.2212662e-02	-2.3412541e-02	1.1659531e-01	4.6427849e-01	-5.9971672e-01	-1.4487125e-01	-2.0502292e-01	-3.3353624e-01	4.0000710e-01	1.3233637e-02	-1.6387145e-01	-3.7597102e-01	2.5420693e-01	-1.1438540e-01	2.9592854e-01	2.1698030e-02	-2.6107651e-01	-2.1983732e-01	2.9185202e-02	-2.0085055e-01	-2.6575362e-03	4.4963506e-01	-1.2864514e-01	-1.5746075e-01	-4.1306961e-01	1.5027016e-02	7.2009340e-02	-4.0374983e-02	2.2108904e-01	2.9953551e-02	1.5693821e-01	-1.3441870e-03	-8.2944162e-02	-1.8429164e-02	2.0702657e-01	4.5015469e-01	4.1879058e-02	1.0700641e-01	-2.2355804e-01	-4.5264384e-01	-1.0212534e-02	3.1998852e-01	1.2436566e-01	-1.3814369e-01	9.6732557e-02	-1.6875017e-02	3.1222945e-01	2.1684892e-02	1.1563261e-01	3.8888965e-02	1.2598126e-01	-2.7177051e-01	2.1665840e-01	5.3696081e-02	-2.4439411e-01	-8.2648732e-02	-2.1832530e-01	2.6700667e-01	6.8276323e-02	-6.8936504e-02	-2.0043720e-01	2.8297994e-01	-1.3436755e-02	1.7521834e-01	-7.5082064e-02	-1.3591933e-01	3.5994402e-01	3.3069509e-01	-3.2380843e-01	3.3208513e-01	-8.5972808e-03	-1.0194520e-01	-1.7257410e-01	2.4908312e-01	-3.5114810e-01	-2.1863639e-02	-3.5108510e-02	-1.4163020e-01	2.3744518e-01	-2.9504007e-01	-5.1907074e-02	5.7573151e-02	1.7134313e-01	3.5632253e-02	-7.5040758e-02	-6.2768184e-02	2.0607752e-01	-2.3567249e-01	7.5217046e-02	6.2849253e-02	-4.2374626e-02	-2.1076208e-02	2.3668765e-01	9.8949730e-02	-1.0095379e-01	6.7859598e-02	-5.2692741e-01	-3.1907985e-01	1.0165358e-01	8.1527196e-02	4.0977108e-01	3.3642508e-03	-4.8537415e-01	-1.0858335e-01	-2.2201903e-01	3.4275654e-01	2.2202374e-01	-1.0458177e-01	-2.1695770e-01	-2.4608690e-01	-4.6663076e-01	1.1760210e-01	3.8760409e-01	-1.3620716e-01	-8.9624524e-02	-2.5177699e-01	-8.9163852e-01	-2.3913094e-01	1.2088124e-01	4.3613553e-02	9.9381685e-02	-1.0908616e-01	-3.2119533e-01	-1.7872497e-01	2.8156593e-01	-2.7028686e-01	2.7522227e-01	-2.5381288e-01	-5.2198434e-01	-1.6660942e-01	1.1918753e-01	-1.6601774e-03	4.0102506e-01	-6.6775016e-02	-1.6008900e-01	-1.7471036e-01	-6.3334781e-01	-9.6511036e-02	2.7990872e-02	-2.6804104e-01	3.2963616e-01	2.1731481e-01	-2.1273199e-01	5.2222095e-02	4.1043159e-01	2.9597437e-01	-3.1661829e-01	8.8879853e-02	-3.7864923e-01	-2.0484924e-01	1.7440535e-01	-2.7763522e-01	2.8746235e-01	2.8584301e-02	4.3540262e-02	-4.6283522e-01	-1.6288805e-01	1.3470469e-01	2.9067203e-01	1.8584970e-01	2.0447750e-02	1.8869686e-01	3.2534149e-01	2.3506106e-01	-2.1291916e-01	-1.9090661e-01	-4.2222857e-01	-9.4585270e-02	2.4093779e-02	-1.9853976e-01	2.3166369e-01	4.6228871e-02	1.3754171e-01	9.0152197e-02	3.5609877e-01	1.8597655e-01	6.8770185e-02	4.1971587e-02	2.6225951e-01	-1.0578844e-01	-1.0951139e-02	1.7393255e-01	4.3304548e-01	-2.9506421e-01	1.4900039e-01	-1.4485392e-01	1.4473493e-01	3.8373789e-01	-1.3042307e-01	1.1138953e-01
-4.3124455e-01	-3.3353031e-02	-2.7287605e-01	1.7428628e-01	2.4872068e-01	-2.2148909e-01	-2.9889425e-02	6.4347848e-02	3.4660262e-01	1.2018624e-01	1.4595003e-01	2.1407115e-01	-3.4975508e-01	-3.4928608e-01	3.3241123e-01	7.8365199e-02	2.7086744e-01	-1.5095133e-01	-2.7108762e-01	-1.9920225e-01	-2.7761224e-01	-1.0929158e-01	3.3803189e-01	2.1613768e-01	-2.0903995e-02	4.1407314e-01	-1.5453030e-01	-3.9477366e-01	3.1609491e-01	-1.1256348e-01	1.1677095e-01	-2.5241762e-02	-2.0223808e-01	-2.5724289e-01	1.1132292e-01	9.9899508e-02	1.1019648e-01	-4.4494092e-02	3.2981023e-01	-2.4315146e-01	-2.0972185e-01	2.8652155e-01	3.4328532e-01	-8.5015539e-03	1.9282911e-02	-2.0603502e-02	2.6789412e-02	-2.4690661e-01	-2.0462766e-03	3.3801371e-01	-2.4960880e-01	2.7416235e-01	2.5461939e-01	2.4432674e-01	-2.9302821e-01	1.3606893e-01	3.3019182e-01	-7.7777632e-02	-2.0677844e-01	2.0913543e-01	4.7436714e-02	-1.0175684e-01	1.3730565e-01	-2.4575323e-01	1.1947808e-02	-6.3030057e-02	3.0469865e-01	-4.2190138e-01	-3.3519909e-01	3.8960695e-02	-3.9155081e-01	1.3170844e-01	2.3913649e-01	2.7165756e-01	1.0334814e-01	-9.2748001e-02	-4.1583678e-01	1.7256480e-01	2.6990765e-01	-2.2907831e-01	-4.1539907e-01	-3.4201130e-01	1.0310769e-01	3.6104095e-01	2.8265739e-02	2.0927070e-01	-1.2108244e-01	-2.0519996e-01	1.9907552e-01	-4.2250082e-01	-4.4859552e-01	-1.5232915e-01	3.2525364e-02	-5.5145901e-02	2.6097214e-01	-9.6246682e-02	9.3447186e-02	7.9418972e-02	1.5204640e-01	2.7358207e-01	2.1847808e-01	2.3838888e-01	-7.9346649e-02	-2.3877010e-01	-2.6109892e-01	-6.4880860e-01	-4.0904370e-01	-4.2007270e-01	2.5194520e-01	4.5201743e-01	-1.8212871e-01	-4.2399046e-01	-2.7067471e-01	-2.0114905e-01	3.7341032e-02	1.0953140e-01	1.6335049e-01	1.2346645e-01	-9.1279998e-02	-1.6094457e-02	-2.8780246e-01	2.7831924e-01	1.1468545e-01	-4.3203295e-03	-7.4927293e-02	3.1606072e-01	2.1004876e-01	-3.1412834e-01	-8.9044616e-02	-8.9272521e-02	1.8076632e-02	-1.3225561e-01	2.5342572e-01	3.2389066e-01	-1.1680204e-01	1.7671287e-02	-3.0072966e-01	7.7259243e-02	-3.0141443e-01	6.2433966e-02	-1.3712278e-01	-2.0169751e-01	1.2633568e-01	-1.8525475e-01	-1.3849422e-01	-1.3028848e-01	3.5143074e-01	-2.5187141e-01	2.5100753e-01	-2.2743534e-01	1.5748632e-01	2.1210842e-01	-2.3206351e-02	-2.4184406e-01	-2.8023803e-01	-1.6846688e-01	2.5042921e-01	8.8507034e-02	1.2013622e-01	-3.0191991e-01	1.2008826e-01	1.2908108e-02	-2.6691964e-01	-4.5055036e-02	-1.8740663e-01	-2.8577521e-01	-1.6777651e-01	-2.2205484e-01	3.0140474e-01	-1.0942124e-01	-5.6891639e-02	5.7147808e-02	-1.5361289e-02	-4.7553688e-02	-1.4545681e-01	2.7508318e-02	-2.1917942e-01	-2.5313690e-01	-2.6935336e-01	-1.8386734e-01	-2.2046831e-01	-6.5051898e-02	-2.5578749e-01	-4.5615733e-03	-1.8514070e-01	1.1570197e-01	3.2077875e-02	-2.1260275e-01	-1.3973060e-01	-2.9038480e-01	1.9125840e-01	1.0893257e-02	2.2192566e-02	-9.2774607e-02	2.5687739e-01	-2.4570528e-01	1.9137990e-01	-5.2447845e-03	-3.7863237e-01	-6.8333194e-02	1.8326040e-02	-2.3693681e-01	2.0053005e-01	3.3282748e-01	-5.1340061e-01	3.8845775e-01	-5.0773524e-02	-6.3551313e-01	-8.2212068e-02	-8.6647563e-02	-1.6192767e-01	1.1715905e-02	-2.6626238e-01	3.0024236e-01	5.5974335e-03	-2.4828961e-01	2.5203422e-01	-3.2413426e-01	2.4691034e-02	-3.5267562e-01	5.5433463e-02	4.0133856e-02	2.0744188e-01	-2.5643257e-04	2.2839569e-01	-1.2982722e-01	2.3057185e-01	-3.0866000e-01	1.5071626e-01	2.4960823e-01	-1.6355328e-02	-6.3356712e-02	-1.4400065e-01	2.6639962e-01	-2.3789531e-01	-1.2306457e-01	-1.6943081e-01	1.1095326e-01	-2.2958678e-01	1.2947557e-02	1.2327211e-02	1.4959241e-01	-8.5299216e-02	-2.3713806e-01	-2.4306822e-01	2.1317390e-01	5.7330158e-02	-1.2343067e-01	-1.6750871e-01	-3.7583357e-01	1.2005192e-01	-2.8340563e-01	1.5856242e-01	9.8907031e-02	1.7668766e-01	-2.3965694e-01	2.2986679e-01	-4.0670994e-01	-2.0261377e-01	1.4520711e-01	-4.1551474e-01	-4.1918284e-01	6.2231790e-02	3.6551839e-01	-3.3357802e-01	-7.8533486e-02	2.8239176e-01	-1.2660413e-02	-8.9598931e-02	-3.6214173e-01	-2.1093449e-02	2.8574675e-01	-2.5885439e-01	-3.4881905e-01	-1.4817877e-01	2.1243554e-01	-1.7904429e-02	1.4541610e-01	-4.8190843e-02	-5.7745673e-02	4.9673244e-02	4.6631813e-02	-9.6912754e-01	-2.9220608e-01	-2.9520905e-01	8.6227216e-02	-1.9631203e-01	-3.3983573e-02	1.7704237e-01	-4.2314385e-03	1.2009438e-01	1.9870508e-01	1.2388606e-01	2.4684903e-01	-3.6103792e-02	-2.9927954e-01	2.7616048e-01	-1.0104338e-01	-1.1342713e-01	-4.0453594e-02	3.2428160e-01	4.9223164e-03	-2.2536318e-01	-2.0248997e-01	2.7892783e-01	-1.1467447e-01	-1.7950352e-01	-3.3112258e-01	5.7123676e-02	2.2213432e-01	5.4119837e-01	8.4272884e-02	-3.0770385e-01	6.2198181e-02	1.8873899e-01	-1.2014809e-01	-2.9447806e-01	3.1843156e-01	4.7335479e-01	-2.7419454e-01	-2.9187280e-01	-1.6814673e-03	1.1795326e-01	-4.0092804e-02	2.7980059e-01	-6.7978449e-02	-2.5571510e-01	-2.8158164e-01	2.2264741e-01	-1.9827466e-01	1.4528729e-01	2.2374080e-01	8.9967884e-02	-2.9188037e-01	-1.4523202e-01	-4.8489619e-02	-1.3037771e-01	1.1979680e-02	-2.2778359e-01	2.1344920e-01	-9.8518141e-02	-3.0248404e-01	1.0166507e-01	-5.5245537e-02	1.0867734e-01	2.1519138e-01	-2.3280092e-01	1.6493033e-01	1.5847486e-01	-2.6572186e-01	-2.1846008e-01	6.9075964e-02	-2.7599791e-01	2.8654560e-01	-2.7495760e-01	2.8963801e-01	1.2882109e-01	-2.7519685e-01	-1.6370530e-01	1.6423930e-01	-2.3391223e-01	2.4785630e-01	-3.5338646e-01	-1.2101998e-01	1.0466503e-01	-3.5784161e-01	-6.4756967e-02	4.2876944e-01	-4.7510266e-02	-1.2638023e-01	5.6920569e-02	-1.2032496e-01	2.6898992e-01	3.2959494e-01	-1.5806495e-01	2.5060165e-01	-6.7071116e-01	-4.2799461e-01	-2.4034309e-01	4.6152197e-02	-1.6889623e-01	6.9819793e-02	1.9717987e-01	-1.4343102e-01	-1.3289996e-02	1.5612124e-01	-4.4891912e-02	1.5681750e-01	2.4274282e-01	1.1928823e-01	-2.1114194e-01	-4.1349754e-02	-1.3087359e-01	-3.0649284e-01	2.8037058e-02	-1.8194102e-01	1.8006267e-01	-3.2687178e-01	1.0981280e-01	-3.4532705e-01	1.9432908e-01	-1.8966222e-02	2.4653783e-02	2.5075603e-01	-4.0098277e-01	3.0615449e-01	-5.5612691e-02	2.2080930e-01	-2.6488397e-01	1.3140846e-02	1.5926422e-01	-3.3701774e-01	9.6996762e-02	-3.3094439e-01	-1.2964003e-01	-4.5493238e-02	2.1037754e-01	-1.0584579e-01	3.9525810e-01	-2.7442348e-01	-5.1129360e-02	-1.0188807e-01	2.0026071e-03	-1.6094370e-01	-1.1394954e-01	1.3712951e-02	6.5002836e-02	-4.6819091e-02	-8.3904117e-02	1.3904777e-01	3.0051166e-01	-1.3840260e-01	-4.1025600e-01	-2.9568201e-01	-3.4117371e-02	3.9004749e-01	2.2264078e-01	-2.0244861e-01	1.3021865e-01	-1.8868701e-01	1.1945862e-02	-7.3507719e-02	1.0680787e-01	1.2152415e-01	2.7358544e-01	2.7423981e-01	-3.0495113e-01	1.8847312e-01	5.0213937e-02	-2.1442220e-02	-6.9499366e-02	-1.2804461e-01	-1.2020805e-01	-2.6763383e-01	1.6036069e-01	-2.8831732e-01	5.3540006e-02	1.8960285e-01	-5.8141354e-02	-2.5321496e-01	1.0972924e-01	-4.7587059e-02	-1.2783955e-01	-6.8146870e-02	-2.2298253e-01	8.3333842e-02	1.4238229e-02	2.1315405e-01	-8.7667413e-02	-2.6657566e-01	-5.2041214e-02	-4.8070908e-02	1.9289140e-01	1.2784134e-01	-2.7927957e-02	-1.3698685e-01	-1.2667884e-01	7.5013697e-02	5.6034807e-02	-2.3084396e-01	-6.6683479e-02	-1.6078900e-01	-3.0269596e-01	-2.6779440e-01	2.4159242e-01	-9.2570540e-03	8.0061458e-02	-2.4066590e-01	-2.1514668e-01	2.3771822e-01	1.2448063e-01	-1.1439599e-01	2.6221363e-02	1.5930997e-01	9.1742642e-02	-5.9115805e-02	-1.5351389e-01	2.3947750e-01	-4.8226646e-01	-2.9278043e-01	1.9561595e-01	-2.5233674e-01	-2.2070873e-01	1.1646356e-01	4.3003690e-01	1.0521793e-01	-1.3456088e-01	-2.8145838e-01	2.1507509e-01	-6.5812007e-02	-1.5411553e-01	-1.4470580e-01	1.4960363e-02	3.1386381e-01	-1.7128302e-01	2.3585050e-01	-3.7446737e-01	-1.6180855e-01	-2.0530462e-01	-5.0352294e-02	2.0994614e-01	-1.7696390e-02	-5.4964531e-02	-1.6353315e-01	8.8055685e-02	2.8788863e-02	3.1978026e-01	-1.9520205e-01	-9.4704092e-02	-1.3563037e-01	-1.2684922e-01	6.0173720e-02	3.5849714e-01	-3.0048784e-02	-2.2968899e-01	3.1052524e-01	2.1517828e-01	-2.3473060e-01	1.5508521e-01	-1.4870100e-01	1.5646480e-01	2.0981510e-01	2.3078863e-02	-9.5397852e-02	-7.0470467e-02	-6.7316383e-02	7.5832821e-02	-2.0057036e-01	-8.7187439e-04	2.7257529e-01	-1.7240541e-01	-6.0088541e-02	-2.5789449e-01	2.9997993e-01	-6.8758711e-02	2.2274645e-01	-3.3121011e-01	2.4711280e-01	-2.4400869e-01	-3.5427846e-02	2.6753989e-01	-8.7677583e-02	8.2574204e-02	1.1917327e-01	1.4116538e-01	-7.4889264e-03	-2.5830337e-01	-1.6350260e-01	-2.4783050e-01	-2.6376596e-01	-1.9637595e-01	-3.7037498e-01	2.2963671e-02	1.3674192e-01	-1.9390415e-01	-3.5284704e-01	3.0489874e-01	-1.3529201e-01	6.7679733e-02	2.1478567e-01	5.0357151e-01	8.6519174e-02	-3.9056489e-01	1.6274799e-01	4.7981843e-02	-9.3472756e-02	1.2870032e-02	-1.6822636e-01	-7.0950307e-02	2.8993616e-01	2.3142530e-01	-1.5335005e-02	2.9912230e-01	-2.0508693e-01	-7.9142489e-02	-2.4337906e-01	3.2395795e-01	2.1282649e-02	6.4719155e-02	2.4129239e-01	3.9576318e-02	5.9659690e-01	-2.5860455e-02	-2.3631841e-01	-2.2966696e-01	3.3766240e-01	4.9101475e-01	-1.9493149e-01	1.1364330e-01	-1.2107792e-01	4.6328805e-02	3.0198339e-01	8.9604497e-02	3.5407484e-02	-2.7546203e-01	-3.1682166e-01	1.8095138e-02	2.5325936e-01	4.1724485e-03	1.9872117e-01	-2.0462595e-02	6.4037316e-02	-2.9872707e-01	1.7086513e-01	-3.1340411e-01	-3.0755727e-02	-5.7554137e-02	3.2117110e-02	-2.1301396e-01	-1.3345513e-01	8.3545744e-03	-8.2348809e-02	-4.0394653e-02	-3.1219745e-01	-1.6884872e-01	2.1853693e-01	-2.5360245e-01	1.3395829e-01	-8.8242050e-03	-2.5370184e-01	1.7437899e-02	-1.4634198e-01	-2.3101804e-01	-3.0780876e-01	-3.0287251e-01	1.8470041e-01	2.9792670e-02	-5.3534538e-02	1.5108848e-01	-1.6913602e-01	-1.5228105e-01	-2.1611522e-01	-2.2297797e-01	1.9459726e-01	1.8683127e-01	-3.4367103e-02	-1.6662157e-01	-2.3645344e-01	-2.1491988e-01	-2.4997118e-01	-1.3953164e-01	-3.1438968e-01	4.9255233e-02	-2.0617379e-01	1.3371894e-01	-1.1538684e-01	-1.4556916e-01	-8.3953246e-02	1.1545147e-01	2.1235955e-01	-2.4725780e-01	1.2142281e-01	-1.9193938e-01	3.6757246e-01	2.1203580e-01	-1.7195442e-01	1.3405173e-01	-2.5146851e-01	-3.1951764e-01	1.8018897e-01	2.1127295e-03	-1.5021588e-02	1.8087794e-01	-1.0462698e-01	-1.6581154e-01	7.6983511e-02	-1.4372070e-01	3.7535325e-02	-3.3403867e-01	-1.0026708e-01	-2.8452066e-01	5.4348260e-02	-7.6731414e-02	-1.3404512e-01	5.3855035e-02	-5.5776469e-02	2.3500469e-01	-3.5028562e-01	-6.0149170e-02	-8.2294174e-02	1.0335950e-01	2.0090923e-01	-5.0078075e-02	1.8061829e-01	1.4819776e-01	2.8237736e-01	4.4536769e-02	4.5196605e-01	-1.9492814e-02	9.5965244e-02	-1.3333228e-01	-4.3806249e-01	2.6464149e-01	-1.2565294e-01	1.5580237e-01	2.0471075e-01	3.8463451e-02	1.3008858e-02	-2.3637897e-01	-2.0531490e-01	3.0439371e-01	-5.1292610e-01	3.9640479e-02	-2.6712424e-01	9.9845976e-02	4.3879472e-02	6.1785121e-02	4.0763152e-01	-4.4174242e-01	4.7879535e-01	-1.2345460e-01	-2.3305334e-01	-1.2159836e-01	1.3621549e-01	4.7709009e-01	-2.9398736e-01	-2.2759052e-01	3.1163618e-01	-9.2753537e-02	1.7420757e-01	-1.1922802e-01	3.4002692e-01	-2.8741726e-01	-1.0296229e-01	1.2175050e-01	-6.0415838e-02	-8.7998249e-02	4.0872596e-02	6.2968343e-02	1.2720619e-01	-2.2697794e-01	1.2277258e-01	2.9601705e-01	-1.2637684e-01	6.3932613e-02	-1.5794784e-01	9.7343780e-02	3.0999953e-01	7.6396428e-02	3.7395939e-01	-2.5459743e-01	3.1298989e-01	2.1521729e-01	2.0504217e-03	2.3463042e-01	2.3410700e-01	2.7347955e-01	2.3803535e-01	-2.9159430e-01	-2.3127799e-01	-1.5433677e-01	-1.9891883e-01	2.6653993e-01	8.5319370e-02	2.1019314e-01	-1.1304691e-01	2.2514682e-01	-8.8856578e-02	2.0851855e-01	-2.7700505e-01	6.3340389e-04	-2.4486861e-01	2.0995641e-02	-4.2309813e-02	1.3059823e-01	-1.9995111e-01	-2.6863033e-01	-2.5147906e-01	-1.5498441e-01	2.0995601e-01	-2.7493173e-01	-1.8783760e-01	1.3031308e-01	-2.6237246e-01	-1.0577068e-01	-7.9304576e-02	-6.1360146e-03	1.1549358e-02	-1.3753851e-01	-8.6502656e-02	-1.1537259e-01	9.2763333e-03	3.2106113e-01	1.4108877e-02	7.1829706e-02	-2.8335488e-01	-1.3787319e-01	2.7308926e-01	1.8789597e-01	-4.2803982e-01	8.0909140e-02	1.8957968e-01	-3.4070301e-01	4.7998026e-02	1.9785446e-01	-6.7525715e-02	-1.5030690e-01	-2.2396570e-01	3.4850664e-02	3.8095334e-01	2.2783056e-02	1.9578266e-01	-8.6689092e-02	3.1036962e-02	1.0717440e-01	-1.7888692e-01	-4.3729791e-01	-2.6044497e-01	1.0459455e-01	5.4710303e-03	-4.2180918e-02	-5.9236892e-02	1.9733986e-01	1.2790786e-01	-2.1290618e-01	-8.8904463e-02	2.0808183e-01	1.3168218e-02	-9.7666681e-03	-8.1766382e-02	-9.5064633e-02	2.8300014e-01	1.0145658e-01	-8.5319541e-02	-9.2287950e-02	-8.2879044e-02	-2.0248193e-01	9.1263667e-02	-2.2562140e-01	-2.7920452e-01	2.6327911e-01	-4.2786226e-03	-1.0173747e-01	1.5346138e-01	1.5705191e-01	-2.6881555e-01	-2.4567587e-02	-1.5617071e-01	1.1748291e-01	-2.2427292e-01	-2.4037771e-01	2.1088879e-01	-1.1275651e-01	-2.9527229e-01	-1.5978239e-01	2.4454926e-01	-1.4828569e-01	2.6415679e-01	1.1420231e-01	-2.8913864e-01	1.1660643e-01	7.2970423e-03	-1.5231919e-01	2.7942616e-01	-1.9098121e-01	-1.3846409e-01	1.8240059e-02	1.4346418e-01	-5.6332674e-02	-2.9888779e-01	2.0310569e-01	-4.1355528e-02	2.8163821e-01	1.5094872e-01	-4.5083020e-02	-1.9985957e-01	2.9113024e-01	-5.4479774e-02	9.4207302e-02	2.9227233e-01	2.8875705e-02	-3.6097103e-01	-3.1193262e-01	-2.6501071e-01	-2.7258345e-01	-6.2648952e-02	-7.0656076e-02	1.8142809e-01	-5.4016018e-01	8.5367240e-02	9.6468180e-02	-6.0957260e-02	-1.1182719e-01	-2.8276432e-01	-3.0154970e-01	-3.0438391e-02	4.5155261e-02	2.4618645e-01	2.8717235e-01	-3.7285566e-01	-8.1547000e-02	7.0507511e-02	1.6491176e-01	-1.2175915e-01	5.5326829e-03	-3.0482796e-01	-1.7634569e-01	-5.4350097e-02	-5.5134427e-02	3.8177475e-01	-6.8982191e-02	-4.6564204e-01	4.0291366e-01	2.9291448e-01	8.5695751e-02	3.7117365e-01	6.7032471e-02	-8.7682165e-02	-3.8606939e-01	2.9370969e-02	-7.6877348e-02	2.7193689e-01	3.8685209e-01	-5.4023091e-02	2.1024509e-01	-3.2733793e-03	-7.6682925e-02	-5.2415956e-02	-1.7919257e-01	-9.6986920e-02	4.7567102e-01	1.1660741e-01	2.1733733e-02	1.3180590e-01	1.6531767e-01	-3.2839295e-01	-6.0411986e-02	6.5638554e-01	1.8510073e-01	5.5438882e-01	-3.5152961e-02	4.0196728e-02	-7.3032402e-02	-2.3697637e-01	-6.2158108e-01	-6.0976502e-02	-4.3908983e-01	3.0730262e-01	-1.9729535e-01	-2.6992115e-01	2.6468968e-03	1.0498110e-01	-4.4502366e-02	-2.5403929e-01	-8.7532029e-03	-1.4241660e-01	-2.3670262e-01	1.3421959e-01	-6.6393346e-01	2.6576954e-01	-9.9902652e-02	1.2324424e-02	-2.5446969e-01	5.6975031e-01	-2.7419370e-01	1.4837557e-01	-3.6481610e-01	-2.3269746e-01	1.4599788e-01	5.1696491e-01	-1.7890367e-01	-4.3818247e-01	6.9757186e-02	-5.3642857e-01	-3.5926875e-01	-2.4235719e-01	-5.0839829e-01	7.1409158e-02	-2.0522535e-02	-3.5798746e-01	1.5079400e-01	1.0111596e-01	-1.8688599e-02	-1.9638902e-01	1.1610150e-01	-2.4524632e-01	3.4512296e-02	9.2420362e-02	2.3184785e-01	-2.6381791e-01	-1.5932339e-01	1.7873864e-01	-2.8691851e-02	-2.0724859e-02	-2.4313629e-01	-1.3029626e-01	-2.8775555e-01	-1.4020674e-01	1.4579138e-01	-4.1476715e-01	2.6433435e-01	-1.9513121e-01	-2.1839276e-01	2.7325237e-01	8.8648267e-02	6.4380549e-02	2.2903343e-01	-1.2202735e-01	4.5878567e-02	-1.4193369e-01	-2.1456207e-01	8.7487787e-02	1.5326042e-01	1.5480246e-01
-2.9659563e-01	3.9553825e-02	4.9907437e-01	-7.0802361e-01	-3.1994149e-01	-5.3446172e-03	5.2628988e-01	-3.4034282e-01	4.0046868e-01	-3.3328348e-01	1.3973336e-03	-4.3370897e-01	-2.5958598e-01	6.0514729e-02	1.9699259e-01	2.2187136e-01	2.6077336e-01	5.9874129e-02	-3.4846771e-01	-3.2282141e-01	-2.6060522e-01	2.3076949e-01	-4.9710020e-01	-3.5643119e-01	-1.8060991e-01	1.2643836e-01	-4.3893147e-01	-2.6690444e-01	1.7352834e-01	-3.4441346e-01	2.7911514e-01	1.2422904e-01
