9
input	19
dense	32
relu	0
dense	32
relu	0
dense	32
relu	0
dense	1
linear	0
7.999999979801942e-06
4.8893619e-02	-4.3724027e-02	-2.4489474e-02	-4.6767805e-02	-4.5043644e-02	-3.1450726e-02	-1.0609864e-02	5.3676695e-02	1.9550659e-02	1.9940985e-02	-7.1905993e-02	-7.0544168e-02	9.3748011e-03	1.0940726e-01	2.7540158e-02	0.0000000e+00	-1.0867240e-01	3.1328160e-02	-6.4031549e-02	-1.2490576e-01	-9.5293507e-02	-3.7467834e-02	3.5869954e-03	-7.5916052e-02	4.4923309e-02	2.3456726e-02	2.0489031e-02	-1.0581779e-01	-1.2416018e-01	7.9487197e-02	1.5707618e-02	-1.1339271e-01
-1.1806843e-01	3.7720520e-02	-5.9374359e-02	-3.2505307e-02	-1.4091429e-01	-2.6221907e-02	7.6773390e-03	-5.3031798e-02	-8.1977546e-03	-5.0997883e-02	1.4688058e-02	-8.3279170e-02	-4.3825593e-02	5.2627724e-02	8.9792237e-03	2.3589754e-02	-1.1422258e-03	-3.3189300e-02	-5.4374309e-03	3.2635322e-03	-7.5367801e-02	-8.9602508e-02	-2.4671625e-02	5.3156562e-02	2.0365484e-02	-7.4519806e-02	-2.2892809e-02	1.3304990e-02	4.8273992e-02	-4.2498186e-02	2.3412026e-02	-3.6069464e-02
-4.9547244e-02	-2.9923510e-02	-5.0816290e-02	4.5668010e-02	-1.3661884e-02	-1.5890147e-03	-3.8828373e-02	-7.8278398e-03	-7.0546180e-02	1.6190697e-02	-2.9134823e-02	8.7119518e-03	-4.5156967e-02	-1.2631323e-02	2.8038805e-02	2.9772982e-02	-1.0281097e-03	-3.1254624e-03	-9.3190275e-02	-9.7152144e-02	-5.7729181e-02	-3.4372851e-02	-2.5222242e-02	-7.9525471e-02	-6.1801709e-03	-3.2459941e-02	1.7611025e-03	2.2697015e-02	-4.7789901e-02	2.6550150e-02	3.0834184e-03	2.2643905e-02
-3.5593652e-03
3.3171776e-01	-3.9226940e-01	1.5557073e-01	1.4524965e-01	-6.2435579e-02	4.5763119e-03	3.7275240e-01	6.3367806e-02	-2.4812549e-01	-2.3302622e-01	-3.4403563e-01	6.7273550e-02	-1.4074412e-02	-8.2312591e-02	1.7261125e-01	-8.3278716e-02	-1.3124613e-01	7.7047282e-01	-3.8705653e-01	2.6457289e-01	-4.3815400e-02	-1.7981367e-02	2.0957860e-01	3.4149241e-02	-2.0325990e-01	1.1525781e-01	-4.7721422e-01	7.0632882e-02	-3.5283521e-01	1.2624459e-01	-2.1915053e-01	2.0787570e-01	-3.5664293e-01	-9.3984060e-02	1.4384297e-01	2.1001244e-01	4.0643010e-01	7.7359587e-02	1.3768771e-01	1.5831567e-01	5.0443596e-01	1.5720350e-01	-1.3623483e-02	1.1220545e-01	-2.0709164e-01	1.8300237e-01	-1.6019639e-02	-4.0711156e-01	-7.5264812e-02	1.2253170e-01	1.1331587e-01	-1.3567601e-01	1.6034083e-01	-1.5557441e-01	3.1978452e-01	6.5770239e-01	-1.4055741e-01	5.7533868e-02	-2.6092598e-01	2.3593332e-01	6.5072449e-03	-7.9902731e-02	-6.8709650e-03	1.9939372e-01	-1.8974131e-01	-3.3032557e-01	2.0250258e-01	4.9821466e-01	-1.7762369e-01	-1.6674390e-01	1.1912421e-01	-7.2433650e-02	-3.0989811e-01	1.4842302e-01	3.3233348e-01	2.3405446e-01	5.7150941e-02	-1.0983613e-01	-2.3792599e-01	2.7663863e-01	-1.2880458e-01	2.6406122e-02	-4.7463235e-02	1.6070944e-01	1.5540498e-01	1.7617354e-01	5.1831144e-01	-5.8401193e-02	9.5056266e-02	-3.2101148e-01	7.2209656e-02	1.6146170e-01	6.6707052e-02	-9.3101162e-01	4.4045773e-01	2.8545582e-01	-1.3777602e-01	-1.4212431e-01	-1.9872272e-01	3.4134265e-02	1.4096113e-01	1.2483417e-01	9.7591832e-02	-2.6813364e-01	-1.2201262e-01	-2.7168512e-02	1.8554176e-01	-2.4920733e-01	-1.4403136e-01	-5.1467959e-04	1.4164589e-01	1.4695939e-01	2.8594747e-01	-2.0879933e-01	6.6248603e-02	-1.5525267e-01	1.1977312e-01	-5.6317335e-01	-2.0784090e-01	-8.3575107e-02	-2.7830800e-01	-1.4794882e-01	-1.4982259e-01	4.9091235e-02	5.4685837e-01	1.2555449e-01	-1.1150222e-01	4.5783240e-02	5.1701050e-02	2.7974185e-01	4.7223992e-03	1.8653888e-01	1.1693136e-01	-4.6891218e-01	-4.6993416e-02	5.6701756e-01	9.9204160e-02	-1.0843549e-01	1.2154671e-01	-1.6963880e-01	2.2828889e-01	-7.6463357e-02	-1.4473394e-01	-6.0459536e-02	2.1861351e-01	-1.4350125e-01	-1.7800841e-02	-6.9592662e-02	7.5137734e-02	-1.7515312e-01	1.0763098e-01	-1.1624143e-01	2.1803847e-01	-2.4841163e-02	2.1325645e-01	-6.2399650e-01	-4.2451841e-01	-3.3054531e-01	-2.2021839e-01	-2.1336843e-01	2.0890577e-01	1.0222206e-03	2.2627376e-01	-3.2477155e-02	-1.7629801e-01	3.3587504e-02	-5.3443253e-02	-3.0140498e-01	-7.3607422e-02	2.1808699e-01	-3.6433819e-01	-3.0524838e-01	5.8988586e-02	3.6754158e-01	-2.1147424e-02	2.9278973e-01	1.9426626e-01	-4.9987506e-02	-2.1272585e-01	1.2563041e-01	6.6127092e-02	9.7842366e-02	6.5950289e-02	-4.9903654e-03	-1.9948518e-01	-8.7790273e-02	1.8238638e-01	1.5212895e-01	7.6763421e-01	-3.0086949e-01	1.3183972e-01	2.0082304e-01	1.1646918e-01	3.4609678e-01	3.7816665e-01	-2.4321645e-01	-5.9058134e-02	2.4728082e-01	-2.9124573e-01	-3.8541108e-01	-3.2621998e-01	1.1284008e-01	-2.6720431e-01	-2.1549204e-01	3.3451784e-02	1.6791862e-01	2.9515812e-02	8.9700453e-02	-4.1410750e-01	2.9523656e-01	-2.4211428e-01	1.8407214e-01	-4.1856939e-01	1.8433818e-01	1.6012367e-02	9.0880960e-02	-2.6736453e-01	2.2466873e-01	1.1171041e-01	7.0401035e-02	-4.5874032e-01	-2.1267015e-01	2.7247819e-01	2.4321966e-01	-1.8641065e-01	-7.2523922e-02	-1.1202621e+00	3.5755783e-01	-4.3391004e-01	-1.2506768e-01	3.1376964e-01	3.1952634e-01	1.4401911e-01	-8.2498088e-02	-1.6286962e-01	-3.2695261e-01	2.1217497e-01	3.0562145e-01	1.3641623e-01	-1.6814165e-01	9.5053464e-02	-1.0014271e-02	2.0003463e-01	-2.0894594e-01	2.6542354e-01	-5.5687118e-01	-2.8718767e-01	3.6396781e-01	2.9232305e-01	2.5171483e-01	5.3795807e-02	-2.8471395e-01	-2.0175396e-02	-3.4837079e-01	-2.5908175e-01	-8.0673685e-03	2.0026988e-01	2.9814249e-01	-1.2558838e-02	-1.8040391e-02	2.3839651e-01	-9.3528308e-02	-1.8233253e-01	2.2224362e-01	-7.4119431e-01	1.0641589e-01	-2.3112604e-01	2.6404351e-01	3.6136922e-01	-1.0621542e-01	-2.8875655e-01	-1.9416027e-01	7.3518991e-02	1.8488330e-01	-2.5483999e-01	8.5340269e-02	3.9875767e-01	-1.4161263e-01	-6.9681481e-02	-1.8119714e-01	2.8957498e-01	-5.1817380e-02	1.5849425e-01	-4.4795743e-01	3.8152922e-02	-4.3890804e-02	-3.0556723e-01	3.4270808e-01	-1.9598234e-01	2.5595513e-01	-9.0070635e-02	-1.9696571e-01	3.3317468e-01	-2.7650347e-01	-1.5760845e-01	-2.8475058e-01	-9.4776228e-02	8.2101524e-03	4.5493245e-04	2.1712592e-01	3.2785156e-01	2.9562178e-01	-1.4435364e-01	-2.8555477e-01	-2.8050384e-01	-6.8861622e-01	-3.9890131e-01	-3.1847835e-01	-5.0422037e-01	4.5208041e-02	-1.6580644e-01	-2.0533266e-02	-3.1168008e-02	-1.1517773e-01	-1.0753527e-01	1.7923570e-01	2.4648958e-01	-2.6930013e-01	-2.6722893e-01	2.9102769e-01	-1.8645717e-01	1.5230703e-01	4.4086701e-01	-6.2385254e-02	-3.2816419e-01	1.8828486e-01	1.7553270e-02	7.8668058e-02	1.2987399e-01	7.2136603e-02	-2.3477785e-01	2.3016433e-01	9.1662869e-02	-2.0914429e-01	-4.9277127e-01	-4.1186568e-01	-3.9702967e-02	-2.6606318e-01	4.5678484e-01	9.8762091e-04	6.9037598e-01	-3.4922671e-01	2.2116104e-01	1.4225321e-01	-3.5670033e-01	3.0385619e-01	4.8797898e-02	8.4927000e-02	5.4619066e-02	-1.0242449e-01	1.9389078e-01	-2.7910176e-01	2.9745185e-01	2.9902235e-01	5.8093842e-02	-3.2354960e-01	2.5550392e-01	-1.2809730e-01	2.0917009e-03	-3.2603562e-02	-1.0215065e-01	-5.2464157e-02	1.9723879e-01	8.5469596e-02	9.6534677e-02	1.1386131e-01	1.9549910e-02	-8.1184536e-02	2.8597659e-01	1.1647373e-01	-2.7518901e-01	-2.7567387e-01	4.5440350e-02	-2.2556727e-01	5.4947525e-02	1.5017903e-01	-1.1533971e-01	-1.7155826e-02	4.7524479e-01	1.6465068e-01	2.6886487e-01	2.0726427e-01	-1.0235290e-01	3.3592784e-01	-2.4121882e-01	3.2287128e-02	-1.2637058e-01	1.2289862e-01	1.3680503e-01	-3.0158645e-01	-1.5026790e-01	-2.6173782e-02	-3.4012774e-01	-3.0876744e-01	-2.4901092e-01	-1.8027085e-01	1.7492795e-01	1.8015000e-01	-8.8486426e-02	-2.3511717e-02	-9.9329017e-02	4.9797845e-01	-3.8341886e-01	-2.4885638e-01	1.0156519e-01	-7.6844096e-02	8.1612438e-02	-6.0086336e-02	2.0625491e-01	8.8843718e-02	1.3867654e-01	-1.2992537e-01	-1.9668424e-01	3.8626996e-01	-1.7734475e-01	-7.9349659e-02	-1.0333945e-02	1.5016966e-02	3.3770874e-02	4.4399453e-03	2.5707027e-01	3.1161809e-01	-2.2429055e-02	7.5834468e-02	-8.3873458e-02	-2.4709264e-02	3.7201785e-03	1.5133685e-01	-7.9415143e-01	-3.0939559e-02	-2.6551299e-02	-1.1005525e-01	1.5594035e-01	-3.4319181e-02	-7.0722505e-02	6.7528409e-01	-6.9393837e-01	-1.1080547e-01	1.4099771e-01	-9.7953334e-02	4.2598927e-01	3.3354047e-01	-1.6344966e-01	-2.5515726e-01	-4.8948690e-02	2.8848055e-01	1.2722640e-01	5.2784398e-02	-2.0929085e-01	-3.3829850e-01	2.3445261e-01	8.0367394e-02	1.6300462e-01	2.6852381e-01	-1.0513433e+00	-3.1038401e-01	-2.3990062e-01	-3.0131853e-01	-2.1828833e-01	8.4698901e-02	1.2517653e-01	1.0831673e-01	2.4743928e-01	-2.9272300e-01	2.0483789e-01	4.2890710e-01	-1.2473613e-01	1.8078040e-01	-1.4016439e-01	-2.3533274e-01	1.3522276e-01	4.1070931e-02	1.3780180e-01	-6.9788074e-01	2.2679470e-01	2.0308597e-01	2.2229868e-01	-3.6506984e-01	-3.5501122e-01	-1.2583768e-01	-2.5235865e-01	-2.3377296e-01	1.5498005e-01	3.7102711e-01	-1.7261665e-01	9.9052764e-02	1.3191825e-01	-2.2732872e-01	-5.2237812e-02	-1.9827265e-01	7.8424290e-02	2.3606806e-01	1.0133314e-01	-1.9438326e-01	1.9040258e-01	-1.5813572e-02	1.7415294e-01	-1.0260709e-01	1.6377743e-01	-2.3092529e-01	-1.5139140e-01	-2.2388007e-01	1.2378121e-01	3.4410310e-01	-1.4056513e-01	-4.2520449e-02	-1.8328029e-01	1.9793572e-01	1.0054250e-02	-1.0084212e-01	-6.5732479e-02	-7.8221476e-01	-2.0922098e-01	2.8796576e-02	2.9011306e-01	8.3325788e-02	3.4891632e-01	-2.3302464e-01	3.5813656e-01	7.2465479e-02	-2.9264793e-01	2.1466137e-01	-3.9503670e-01	-8.8026211e-02	-2.8333315e-01	5.1309679e-02	2.1584521e-01	-4.7008079e-02	-7.6211481e-03	2.3366767e-01	5.9326673e-01	-2.8492540e-01	-1.7231496e-01	6.5881170e-02	3.7990740e-01	3.3051592e-01	3.0846351e-01	-1.3846783e-01	-1.2828827e-01	-1.0718604e-01	8.1843264e-02	1.0149962e-01	5.6504972e-02	1.4074798e-01	-4.8763558e-01	9.5272012e-02	1.1377493e-01	1.1091166e-01	4.2378414e-01	3.4557250e-01	-5.0719517e-01	-1.2027604e-01	2.2454467e-01	3.8410190e-02	1.0375792e-01	-1.4602797e-01	1.4424750e-01	-1.2773423e-01	-2.7269566e-01	2.9462874e-01	-8.0290943e-02	-6.3239062e-01	3.4179994e-01	2.9077229e-01	2.5628012e-01	-1.4317264e-01	-1.5510030e-01	-7.5337760e-02	-2.0091680e-01	-2.3160522e-01	2.5277615e-01	-3.2559544e-01	-1.9728096e-01	-5.3917438e-01	5.0817989e-02	-3.6565766e-02	-3.0647201e-02	2.6086733e-02	1.2911111e-01	9.8402938e-03	8.4519446e-01	-3.4857869e-02	-2.8101886e-02	1.2353508e-02	1.6756864e-01	-7.8624018e-02	-7.4915439e-02	6.4132214e-03	-2.3358966e-01	-2.8957036e-01	1.7661111e-01	-1.0134884e-01	4.4793767e-01	3.6692423e-01	-2.9624015e-01	-3.2584280e-01	-1.8253710e-02	-2.6369160e-01	5.9668526e-02	3.0477116e-01	-8.9724459e-02	1.4352934e-01	-2.4338691e-02	8.2671996e-03	-9.4097316e-02	-1.5580261e-01	-1.6253193e-01	8.6400948e-02
-5.4877203e-02	-5.7989478e-02	3.8982990e-01	1.3303432e-01	-1.8646774e-01	-1.2749411e-01	-2.3187956e-01	-2.2591609e-01	-7.8665003e-02	2.7022567e-01	2.5915596e-01	5.2905791e-02	1.9972867e-01	1.0407548e-01	3.0726290e-01	5.1401913e-02	-2.4680872e-01	-2.3548517e-01	5.3406112e-02	1.6602284e-01	-1.1587074e-01	-1.6389418e-02	7.6961502e-02	4.0332094e-01	-3.2624096e-02	-2.3305209e-01	-1.3149610e-01	2.2522670e-01	3.2738957e-01	-2.8877762e-01	-1.9266292e-01	-1.6863194e-01	1.4608040e-01	2.8313029e-01	-1.9318154e-01	6.3385285e-02	1.3873112e-01	-1.4510167e-01	1.5101789e-01	-4.0442684e-01	-3.0511069e-01	3.2525207e-04	-8.4291779e-02	-1.3293247e-01	-1.9864491e-01	-1.1992060e-01	6.4432666e-02	-1.7529869e-01	-9.7578131e-02	1.5993448e-01	3.8181454e-01	1.6464862e-01	1.5190147e-01	-5.2516539e-02	6.9414973e-02	-4.4551524e-03	1.5403298e-01	8.1345312e-02	-1.9528525e-01	2.5969577e-01	-9.0114571e-02	1.2826458e-01	-2.5983861e-01	-7.6476313e-02	1.9055199e-02	-4.9949240e-02	-3.2106546e-01	8.7219246e-02	9.0543658e-02	-4.4258319e-02	-2.5093395e-01	2.2030305e-02	-9.6776173e-02	-7.0423916e-02	1.6460739e-01	2.3348343e-01	2.0166443e-01	-2.1044479e-01	1.0793599e-01	7.0783764e-02	4.4766396e-02	-1.9923560e-01	-7.1115464e-02	-9.2542663e-02	1.3001522e-01	-3.5408694e-01	-3.3293810e-02	-2.3849174e-01	-5.5569232e-02	1.6261229e-01	2.7390748e-01	1.4704778e-02	2.6283875e-01	4.1905108e-01	2.6458973e-02	4.2537853e-02	1.3193676e-01	-8.3709538e-02	3.4152251e-01	-4.0175441e-01	-3.9704317e-01	-6.2895834e-02	-4.2017961e-01	2.4018252e-01	2.0887911e-02	-2.2567404e-02	2.8033000e-01	-5.4072499e-02	1.8453558e-01	-8.0467016e-02	-3.0243036e-01	-1.9507328e-01	-1.9296329e-01	2.7126896e-01	2.8881174e-02	6.5103017e-02	-4.4966057e-02	2.2858006e-01	1.1187146e-01	1.8489171e-02	-4.2124812e-02	-1.7701249e-01	-2.6352576e-03	1.1998410e-01	3.1409389e-01	1.9919217e-01	-4.4914940e-01	-1.9651903e-01	6.3374792e-03	9.5565811e-02	-1.4371322e-01	-1.2697376e-01	-3.3091831e-01	-1.1758440e-01	1.0516638e-01	1.7068020e-01	-3.6405031e-02	2.6833466e-01	-3.6149508e-01	3.0383445e-02	-1.7817894e-01	3.1761280e-01	1.6625658e-01	1.7925203e-03	1.8920596e-01	3.9367351e-01	-9.3892133e-03	-2.6952016e-01	-1.7856066e-01	4.1482222e-01	1.1767553e-02	-2.9141115e-02	4.0696453e-02	2.8461406e-01	2.8831464e-01	2.5809991e-01	1.5182903e-01	2.3184098e-01	-2.1900779e-01	-1.8955489e-01	-1.4311513e-02	3.3628914e-01	4.9364023e-02	-5.0892834e-02	-8.1340268e-02	-4.2582780e-02	1.0634095e-01	-6.2282629e-02	4.6394821e-02	1.5888976e-01	-2.2828668e-01	-7.5657684e-03	4.6428409e-01	4.3297869e-01	-1.4481696e-01	-1.5767083e-01	-1.5030029e-01	4.8205126e-02	-1.9167981e-01	-3.6642975e-01	-1.3261135e-01	3.5777274e-01	-1.0723156e-01	3.6716738e-03	-6.2578166e-01	-5.9446298e-02	2.9528305e-01	-6.3148576e-01	-2.6789308e-01	3.6458369e-02	3.0523270e-01	-3.0721447e-01	2.5425103e-01	-1.2989901e-01	5.0519061e-01	-2.8869769e-01	-4.2031339e-01	-2.5184530e-01	-1.7834178e-01	3.5518554e-01	-6.7811333e-02	2.3672862e-01	-9.1040000e-02	-1.0169546e-01	-1.9462952e-01	-6.2598929e-02	-2.1682869e-01	-1.7400418e-01	-3.8369995e-01	2.7822468e-01	-1.1050700e-02	2.1867007e-01	-1.5368989e-01	-9.3555234e-02	3.1271607e-01	-2.5906348e-01	-3.8283721e-01	-4.3556806e-02	-3.2690711e-02	5.7656474e-02	2.1177788e-01	3.4155044e-01	-5.7901412e-01	2.5078600e-02	-3.1447623e-02	-2.9101411e-01	3.2791251e-01	4.8520364e-02	7.5125583e-03	2.7236685e-01	-2.6784864e-01	5.5149194e-02	-1.0592809e-01	3.5545963e-01	-1.8054773e-01	3.8010004e-01	-1.3751657e-01	-9.5447794e-02	5.0782895e-01	-1.0308436e-01	-1.0392841e-01	-1.9704063e-01	7.8652680e-02	-1.4094579e-01	1.6005813e-01	3.8570395e-01	-1.2388905e-01	3.0501999e-02	2.3683707e-01	2.9308701e-01	-1.9423707e-01	7.5112320e-02	4.1842857e-01	-5.2451342e-01	-1.2034559e-01	-2.8898746e-01	2.2272204e-01	1.8807514e-01	-2.3575377e-01	-9.3266793e-02	-2.5742808e-01	-2.6899776e-01	-2.3178886e-01	-2.7665088e-01	-1.9200741e-01	4.1902363e-02	9.9988826e-02	-3.1782168e-01	1.1837035e-01	-7.3750265e-02	2.1671487e-01	5.9545338e-02	8.0658518e-02	-3.3196285e-01	2.7872015e-02	4.1972823e-02	-1.1975090e-01	1.8634965e-01	-6.6089243e-02	6.8829954e-03	-1.7318608e-01	-3.0956525e-01	-1.8271050e-01	-1.8882306e-01	1.0502097e-01	1.9974230e-01	-9.7693212e-02	-2.0743833e-01	1.0190937e-01	-4.3083448e-02	-9.8154962e-02	2.5569638e-02	7.5002328e-02	-1.8970041e-02	-1.3911264e-01	-1.7193586e-01	-4.0947761e-02	-6.3907668e-02	-1.5646443e-01	2.8147194e-01	3.1104082e-01	1.8815236e-01	-3.4311499e-02	2.1620312e-01	2.6005512e-01	-7.0555650e-02	-8.0018509e-03	1.1397576e-01	-1.6234829e-01	1.0831498e-01	1.3829689e-01	2.1679701e-02	1.6745029e-01	-1.4695449e-01	6.8666942e-02	-5.7146221e-02	3.4630671e-02	-1.5813006e-01	-1.9169198e-01	2.8798935e-01	4.1730627e-02	-3.6973721e-01	2.3220317e-01	1.8941979e-01	5.4042414e-04	-9.3390025e-02	-2.0763601e-01	-3.6736071e-01	3.1577703e-01	-1.5816647e-01	-2.8527859e-01	-4.9718320e-02	6.2472713e-01	5.2255428e-01	7.6239124e-02	-2.6972970e-01	-1.7828855e-01	-1.3345875e-01	-6.7350678e-02	-1.5730725e-01	9.3399599e-02	4.1549718e-01	1.3445330e-01	-1.7644504e-01	-2.1924691e-01	3.3650015e-02	2.7337500e-01	-3.5678795e-01	-6.9022886e-02	-5.6332368e-01	-5.6824583e-01	1.1235981e-01	5.1934868e-02	-2.2649524e-01	2.2238784e-01	2.3805618e-02	2.2228691e-01	-6.9684006e-02	-2.2453985e-01	-2.0938282e-01	4.4610340e-02	-1.1206644e-01	2.4698631e-01	-5.5474844e-02	-2.5664267e-01	-3.1748332e-02	9.6935347e-02	4.5628518e-02	-1.3682589e-01	-2.3148185e-01	-2.2790374e-01	-1.4122812e-01	4.0981051e-01	-1.7259772e-01	1.1091377e-01	2.2420134e-01	-2.5338736e-01	1.1556856e-01	2.4158818e-01	5.3006279e-01	4.2802328e-01	-2.0432307e-01	-2.0528993e-01	9.5600523e-02	3.0400902e-01	-1.1126667e-01	1.8442471e-01	-1.0117400e-01	9.7406074e-02	3.0154976e-01	4.7997538e-02	-1.1748761e-01	-3.8867077e-01	5.1244862e-02	2.8432277e-01	-4.0366122e-01	-1.4496528e-01	2.9361522e-01	-7.2755717e-02	-2.3371865e-01	8.6159244e-02	4.9678579e-01	2.5460052e-01	2.0179012e-01	2.9037449e-01	-4.4886070e-01	3.5113251e-01	2.3207093e-02	2.5898591e-01	9.9841252e-02	-3.9767298e-01	2.5337856e-02	4.2245296e-01	-2.2705251e-01	-5.0111383e-01	-1.7294739e-01	3.6201552e-03	2.8608811e-01	-1.1080713e-01	-2.4037847e-02	-2.4090160e-01	2.3530497e-01	-1.5451853e-01	2.6585484e-01	-5.3245348e-01	-6.8846688e-02	4.1686362e-01	2.5395653e-01	-3.1520504e-01	-5.4706079e-01	-7.8127027e-01	8.4196717e-02	1.5963593e-01	1.7017609e-01	-8.3072968e-02	-1.5131153e-01	-2.4596478e-01	1.0301274e-01	5.6917822e-01	-6.2752455e-01	1.8028522e-02	-2.5901657e-01	5.8240928e-02	-4.5237061e-01	-3.1522426e-01	-1.7154205e-01	-9.9112861e-02	1.1581142e-01	2.7519238e-01	-2.7150238e-01	-1.6703641e-02	-2.6463071e-01	-2.9790372e-02	-4.2435553e-02	1.0883760e-01	-6.5770200e-03	-2.4109118e-01	-3.0343434e-01	-5.7228606e-02	1.1737309e-01	1.5132846e-01	-3.3322653e-01	-5.4551315e-02	-2.7572933e-01	-5.6187995e-03	-2.9739449e-02	-1.5471023e-01	2.2527596e-02	2.4897933e-01	-2.0274277e-01	3.3115491e-01	1.4489818e-01	-1.1847603e-01	2.2044364e-01	9.0368435e-02	2.2372106e-02	-1.9907819e-01	-9.2108928e-02	-1.3454141e-01	2.2588998e-01	-3.3889648e-01	-3.1698462e-01	6.9937587e-02	-1.0123123e-01	8.0847621e-02	-1.4015473e-01	-4.0215498e-01	2.3353207e-01	-4.6025315e-01	7.3570333e-02	-1.8546370e-01	2.1154413e-01	5.3513207e-02	-1.4998016e-01	-4.9000833e-02	2.5463334e-01	-5.2803195e-01	-1.3396837e-01	-2.9901806e-01	-1.6731919e-01	-2.8295776e-01	3.0483007e-01	-1.1584605e-02	3.1699309e-01	-1.8166217e-01	-1.7733410e-01	2.2125606e-01	2.7572366e-03	-2.5522786e-01	1.3147639e-01	-4.9831745e-01	7.0702106e-02	8.3261272e-03	-5.7767448e-03	9.8811924e-02	-2.0638236e-01	2.8952880e-02	-2.7027160e-01	-1.8625563e-01	-2.0278114e-01	1.7636199e-02	1.5273575e-01	3.1161082e-01	-2.6182586e-01	-1.4590044e-01	-2.7222967e-01	4.2189125e-02	1.3809502e-01	1.1606418e-01	1.5335000e-01	-2.5256917e-01	-2.2295848e-01	-1.4624158e-01	-3.1588054e-01	-3.3828685e-01	-2.2782104e-01	-2.2706315e-01	2.1738440e-02	7.5457260e-02	-2.0839244e-02	-2.4254528e-01	-1.8629250e-01	-2.5184199e-01	7.6724932e-02	-3.2396227e-01	9.8166429e-02	2.3815256e-01	3.3656213e-01	2.8227542e-02	2.2848269e-01	2.2648329e-01	4.0888605e-01	9.6303806e-02	5.3882834e-02	-1.6964324e-01	2.7937925e-01	-9.7453803e-02	-7.8963742e-02	-2.2435797e-02	-2.9123333e-01	-1.7751922e-01	-2.9152358e-01	1.9308800e-01	5.7483643e-02	-4.8163701e-02	7.2217718e-02	-2.2819488e-01	2.2375213e-01	2.6585698e-01	1.5360798e-01	-1.8176824e-01	1.6572744e-01	-1.2415956e-01	-3.9823267e-01	1.7640646e-01	-2.3472856e-01	7.1311435e-03	2.8112695e-01	-6.5221496e-02	-2.8459245e-01	-9.6952701e-03	-2.7407625e-01	8.3966576e-02	7.3775165e-02	-4.3033324e-03	2.0787869e-01	1.0982244e-01	-1.0044266e-01	-1.1128731e-02	4.5713440e-02	3.8840297e-01	-2.5424975e-01	1.1312613e-01	4.9927823e-02	8.7362804e-02	-1.3651887e-01	2.1880455e-01	-2.6528341e-01	-3.0155346e-01	2.8234056e-01	1.3742615e-01	-3.8956311e-02	-2.5118890e-01	3.2433379e-01	1.8318060e-01	-7.6395273e-02	-1.2068725e-01	5.2145827e-01	2.8075716e-01	-3.8109809e-02	1.0586011e-01	-2.6895213e-01	-3.1382459e-01	1.7960574e-01	-7.3368005e-02	9.6523717e-02	-9.2452988e-02	-9.2086971e-02	3.5505243e-02	7.7214572e-03	-2.5873470e-01	-4.6562806e-02	-8.8697046e-02	2.9584616e-02	-4.0273288e-01	2.5857127e-01	-2.9384223e-01	-2.8228584e-01	3.1393352e-01	-1.7506248e-01	4.3538183e-01	7.7523552e-02	-2.2413574e-01	8.6623384e-03	1.6506425e-01	8.0005057e-02	6.8005487e-02	3.3426905e-01	-6.5226853e-01	-1.6956395e-02	-2.3172928e-02	-1.1252918e-01	-1.4965634e-01	3.3081468e-02	1.1610836e-01	-1.0293591e-01	-6.3580245e-02	-1.7085142e-01	3.6698275e-03	-2.1562831e-01	-2.8100467e-01	-2.3407011e-01	-1.2060867e-01	1.3516226e-01	-1.4401710e-02	-2.8366274e-01	-1.8565305e-02	-2.2825320e-01	-2.7942929e-01	-2.5360093e-01	-1.6115226e-01	2.3403861e-01	1.9181602e-01	-3.2600947e-02	-3.2826146e-01	-2.5239366e-01	3.6952958e-02	1.4857711e-01	1.6924527e-03	6.8286672e-02	-7.1387058e-03	-3.2597002e-02	-2.0084172e-01	-5.3921040e-02	-2.6941529e-01	-2.8362039e-01	8.3232865e-02	-7.8614518e-02	-1.3292735e-02	-4.1493386e-02	-2.5060496e-01	-3.0006787e-01	-2.7242336e-02	-2.2311535e-02	-2.9930362e-01	1.9005825e-01	2.5659276e-02	2.9545888e-01	-3.2416621e-01	-1.6857068e-01	-2.5162771e-01	-6.5882891e-02	-2.2968683e-01	-1.3132079e-01	1.5374736e-01	-2.2159655e-01	1.3412943e-01	2.6966143e-02	-1.3018893e-01	1.9839044e-01	1.6826007e-01	2.6170579e-01	3.3913516e-02	-1.2220649e-01	1.6230043e-02	-3.6694407e-02	2.0219560e-01	1.7135474e-01	-3.0722192e-01	-1.9205225e-01	-3.0008450e-01	-1.2931544e-01	1.2220482e-01	6.2587962e-02	7.1022324e-02	-1.1699651e-01	8.3311506e-02	-2.0074720e-02	2.3007050e-01	5.2762210e-02	2.8250641e-01	1.9602512e-01	-2.2806017e-01	3.4754428e-01	2.0000638e-01	5.8760747e-02	3.0478010e-01	-1.7339906e-01	1.3812397e-01	-1.3863900e-01	-1.4776777e-01	-9.6901700e-02	-3.0564699e-01	2.0718776e-01	-5.0906712e-01	-2.7154845e-01	-3.6051016e-02	3.1237895e-02	-9.1287084e-02	-4.5046237e-01	4.4373409e-03	2.4233630e-01	-7.1557495e-03	1.6682924e-01	-5.8257473e-01	2.6418945e-01	-1.2228663e-01	-3.9016697e-01	-2.2047806e-01	-3.5731646e-01	-5.7452333e-01	1.4975107e-01	-3.9278263e-01	7.2946936e-02	-2.4059440e-01	1.3223158e-01	-2.0099616e-01	-4.1936532e-01	3.1763744e-01	-4.6178762e-02	1.2440109e-01	2.8934249e-01	-4.6086869e-01	1.3987024e-01	-1.7991439e-01	1.6187981e-01	-7.2617695e-02	-1.8559772e-01	-3.6786962e-01	4.5990188e-02	1.3208744e-01	-3.5978311e-01	1.4203297e-01	2.6845527e-01	-2.9314819e-01	1.1225997e-01	-1.5458731e-01	-1.9990976e-01	4.9442363e-01	-4.5704925e-01	1.0585249e-01	3.5301623e-01	1.9443431e-01	7.9652131e-02	-4.6197790e-01	-7.3829398e-02	-1.1083928e-01	-8.9867584e-02	1.7786793e-01	-1.8516527e-01	-1.1795706e-01	2.3515944e-01	-4.7441137e-01	-1.8810005e-01	-4.8849471e-02	-3.3709621e-01	3.4376018e-02	-2.1346949e-01	2.5378886e-01	2.9756856e-01	-1.3799259e-01	-7.0816822e-02	2.3042499e-01	-1.6456753e-01	-2.1606477e-01	-1.3479182e-01	2.1678713e-01	-1.1262303e-01	2.4434175e-01	-1.4067805e-01	-1.1203086e-01	6.1427098e-02	1.9659212e-01	-5.5748925e-02	2.0851633e-01	7.6255351e-02	3.7253477e-02	-6.6435739e-02	-4.7676958e-02	-1.2191654e-01	-5.5762231e-02	1.6871354e-01	1.6867019e-02	-1.3998668e-01	-2.1398492e-01	-2.0660254e-01	-1.2806582e-01	2.9158047e-01	1.5630680e-01	-7.0728093e-02	-3.0491322e-01	-2.3423953e-01	3.7602094e-01	3.2913750e-01	4.6570998e-02	3.2861349e-01	-1.2579812e-01	1.9895360e-02	3.1055892e-02	-1.1468744e-01	2.0543766e-01	5.8593299e-02	-1.2578861e-01	-6.9417739e-01	8.2768425e-02	-3.2063046e-01	-2.7360347e-01	2.0714477e-01	-3.5501388e-01	1.7435566e-01	-4.2137575e-01	-2.5326678e-01	1.2721963e-01	-3.8799450e-02	2.1808853e-02	-4.5236286e-02	4.5655474e-02	-2.3647588e-01	-1.9164142e-01	8.1098080e-02	1.7681925e-01	2.0808464e-01	-2.4817652e-01	-1.6826986e-01	-1.6927144e-01	-2.6969746e-01	3.6003360e-01	1.4690541e-01	-2.0337290e-01	3.2520476e-03	2.3294131e-01	3.9815062e-01	3.6992021e-02	2.2435647e-01	-2.9620680e-01	2.1735884e-01	-3.1243053e-01	-1.3381355e-01	9.3351200e-02	1.4646327e-01	-6.5023996e-02	-2.1848792e-02	-1.5612757e-01	-6.6693075e-02	-9.9812396e-02	1.2710650e-01	-1.3734703e-01	1.5490289e-01	-1.9957805e-03	2.6078361e-01	1.0381193e-01	2.3003504e-01	1.2694180e-01	-1.4362137e-01	1.1085286e-01	1.3833638e-01	1.2738332e-01	-1.2896615e-01	-2.7959332e-01	-1.9841611e-01	1.7666203e-01	2.7878830e-01	-2.7364078e-01	-1.4767884e-01	-3.4200922e-01	-2.8552154e-02	1.7599876e-01	8.8229589e-02	-1.7695507e-01	-3.6714822e-02	3.0963035e-02	4.3424189e-02	5.2334803e-01	-2.7887967e-01	9.0741225e-02	2.3184835e-03	-2.7429059e-01	-2.8487772e-01	-2.3726326e-01	1.1973899e-01	2.1511671e-01	2.8792611e-01	2.5099435e-01	-3.8142806e-01	-1.2488155e-01	-4.2189470e-01	-4.7943187e-01	3.6998400e-01	5.4746825e-01	5.1552337e-02	-5.1386058e-03	2.5065487e-02	-1.4482427e-01	-2.4962226e-01	-2.2246035e-02	1.1299475e-01	-1.3990860e-01	-3.6807235e-02	2.0942301e-01	-2.5511119e-01	1.0969798e-01	-1.7587169e-01	-1.5865470e-01	-7.2696000e-02	-4.8769328e-01	1.7661600e-01	4.7189647e-01	-1.7968117e-01	2.5570536e-01	2.5385931e-02	-6.0265666e-01	1.2871689e-02	1.0698587e-01	2.6355752e-01	-1.0537116e-01	2.7617121e-01	8.3609141e-02	6.6559310e-03	1.6345063e-01	2.9511374e-01	2.2034107e-01	-1.8917528e-01	-1.4536142e-01	6.4199857e-02	2.2586520e-01	-1.5790121e-01	-4.3735960e-01	-1.5258326e-01	-2.0671067e-01	1.7819819e-01	-1.3782899e-01	1.1349010e-01	4.3961394e-01	2.1080050e-01	-5.4186326e-02	1.4272085e-01	1.8444021e-01	-1.1536991e-01	8.4161051e-02	-1.2066453e-01	-2.5242233e-01	-3.5049447e-01	-2.2177042e-01	2.9870179e-01	1.8134144e-01	-1.6329797e-01	3.3436134e-01	-2.0154510e-01	-1.4431471e-01	-2.4282540e-01	1.2642877e-01	2.7154732e-01	-1.4555159e-01	1.5924139e-01	2.1032435e-01	-1.9154660e-01	-1.7358936e-01	2.2673467e-01	-1.8913193e-01	1.4443862e-01	2.5908129e-02	3.7189290e-01	9.0349026e-02	-2.4395555e-01	-1.5920490e-01	-4.0428537e-01	1.2145934e-01	-5.0376326e-02	-3.0003032e-02	-4.3245237e-02	-8.8212483e-02	1.2379180e-01	1.6896009e-01	-8.1519075e-02	-1.4869678e-01	1.6349559e-01	-2.7026072e-01	2.9637245e-02	-2.4661381e-02	2.8081048e-01	-5.1365690e-03	-7.3599458e-02	-1.0505959e-01	2.4941503e-01
1.0581213e-01	4.3509093e-01	3.9777998e-02	5.2962538e-02	2.8318036e-01	2.1069305e-01	3.8465917e-02	-2.6615858e-01	-1.1786667e-01	1.8333700e-01	-2.2581847e-01	9.3729094e-02	1.9468567e-01	-1.0914266e-01	2.6172063e-01	1.3575351e-01	-2.6916984e-01	1.6614626e-01	2.4392538e-01	-2.1806492e-02	1.0893793e-01	8.7204210e-02	1.9535549e-01	1.3569896e-01	3.1755812e-02	2.8884190e-01	2.0479378e-03	1.6367452e-01	-1.5975082e-01	4.1597277e-02	2.8461361e-01	-5.7271246e-02	-1.8132336e-01	-2.4847575e-01	2.8819543e-01	1.1979767e-01	-1.8999189e-01	-5.4683825e-03	2.3521277e-01	2.0937295e-01	1.9355989e-01	-2.9642584e-02	-4.7169337e-01	-5.5026603e-01	-2.6704082e-01	-1.2386757e-02	-1.7662974e-01	2.4850774e-01	1.5615797e-01	1.8627530e-01	-1.8984887e-01	4.6450394e-01	1.8819220e-01	1.5426108e-01	2.0165244e-01	1.1653036e-02	-6.3622706e-02	-7.5049683e-02	-2.2219549e-01	-6.8874727e-03	2.3304799e-01	-1.7198472e-01	3.4538656e-01	-8.5139804e-02	2.2790974e-01	1.6006431e-01	6.9698013e-02	-2.6270583e-01	3.5743285e-02	-2.4807508e-01	-2.1334876e-01	-2.8358650e-01	-5.0422974e-02	3.0017322e-01	-2.8972828e-01	-1.1244298e-01	-2.9086876e-01	-2.5090039e-01	2.0674050e-01	4.0709741e-02	-1.7084727e-01	-2.1237688e-01	4.3677844e-02	-8.0328774e-01	-3.0326381e-01	-4.9719617e-02	4.3576349e-02	-8.1672326e-02	-7.0092054e-03	1.6171616e-01	2.6153976e-01	4.5791186e-02	2.6501349e-01	4.2338830e-01	4.3762141e-01	-1.4679554e-01	-2.0619006e-01	5.8707935e-01	2.0134392e-01	2.6438339e-02	-4.2528731e-01	4.4499916e-01	3.3337742e-03	-1.1259788e-01	-1.7766207e-01	1.2033586e-01	2.1859324e-01	1.7160958e-01	6.2968560e-02	5.3600095e-02	-1.1972649e-01	-3.4694526e-01	-2.6932955e-02	-3.3308312e-01	-4.3038759e-01	-3.7982017e-01	2.2955664e-01	-2.3210440e-02	-2.6980820e-01	3.6384976e-01	-3.3256134e-01	-6.9752112e-02	-3.5719026e-02	-4.7791246e-01	5.0653420e-02	-4.0606111e-02	-7.6676726e-02	3.0327564e-01	3.5084489e-01	-5.3263152e-01	-1.0672831e-01	3.6717176e-01	-3.6122599e-01	-2.8222433e-01	4.2460924e-01	2.9750764e-01	4.1713096e-02	-2.0304140e-01	-8.6856022e-02	9.6237995e-02	-3.4387346e-02	2.0429090e-02	-4.5900550e-02	4.5016803e-02	-5.8828697e-02	-3.5814944e-01	-3.7754509e-01	5.4019213e-02	-5.5431671e-02	-3.0191129e-02	8.5905343e-02	1.6121620e-02	-7.4551500e-02	-2.7306232e-01	-3.2115933e-02	-2.6408431e-01	-1.4312723e-01	-1.9445682e-01	-2.1963505e-01	-2.4540721e-01	-5.7175922e-01	-1.3004404e-01	-5.8431286e-02	-6.5397829e-02	-5.9806681e-01	-3.4666371e-01	4.5777965e-01	2.4987020e-01	-4.9381857e-03	-3.4030649e-01	2.7419200e-02	-6.1320502e-01	-3.8877270e-01	2.8386861e-01	2.1804966e-01	-1.5545458e-01	2.5055889e-02	-1.2452836e-01	-5.1388603e-01	4.6298048e-01	-1.1792031e-01	-1.7914549e-02	-4.4557136e-02	2.5804931e-01	-2.2628911e-01	2.4894632e-01	4.0985074e-02	2.4556048e-02	1.2003922e-01	-8.2286429e-01	-1.3586926e-01	-8.0691278e-02	-2.7628621e-01	-3.7097046e-01	-1.7138495e-01	-3.1825749e-04	1.5686491e-01	-3.2402572e-01	-1.0002594e-01	1.8556471e-01	1.4016977e-01	-1.5654108e-01	-6.2412453e-01	-1.2536105e-02	-3.8867012e-01	-4.7221638e-02	5.5560172e-03	5.7538897e-01	-1.2426646e-01	3.4654465e-01	-1.1744879e-01	5.3180236e-02	1.6629858e-02	-2.2358504e-01	1.1352193e-01	-8.5785322e-02	3.5255730e-01	1.2322745e-01	-1.8482283e-01	-1.5185174e-01	6.1629236e-02	-6.8679541e-01	2.6594621e-01	-6.1995782e-02	-9.2655830e-02	2.6037323e-01	3.4121627e-01	4.4677429e-02	-1.2833235e-01	2.9082444e-01	2.7114668e-01	-2.5846773e-01	1.7730747e-01	2.8155950e-01	-2.1109340e-01	2.3689544e-01	-1.4943469e-01	-2.5671639e-02	-1.5874968e-01	8.6669952e-02	5.6947023e-02	1.2052289e-01	3.2580692e-01	5.0596511e-01	1.8903459e-03	1.8058856e-01	-1.7806338e-01	-1.7345749e-01	-3.4302452e-01	1.4105910e-01	-1.7581065e-01	-3.8962480e-01	1.8646212e-01	1.5605763e-01	-1.5643628e-01	-1.9685468e-01	-2.6818073e-01	1.8976668e-01	-2.6306497e-02	3.4821138e-01	1.7190906e-01	1.5792051e-01	8.1717521e-02	-2.0165918e-02	2.7087715e-01	-4.2364675e-01	-1.0184078e-02	-1.3583271e-01	-1.8425772e-01	7.2194010e-02	3.9525130e-03	3.5712135e-01	2.8462976e-02	-5.0056821e-01	4.8668796e-04	-6.6434547e-02	6.9972530e-02	1.6691644e-01	-5.0110847e-01	-6.8107747e-02	-1.4633617e-01	-2.5449476e-01	4.0071496e-01	2.5602362e-01	-9.7088128e-02	5.1173615e-01	-1.2572087e-01	6.0284263e-01	-3.3525679e-01	2.7444300e-01	7.7054635e-02	-1.2089658e-01	-1.9447373e-01	-1.2699233e-01	-2.5087926e-01	1.9121084e-01	-2.4012339e-01	-1.0874999e-01	1.3029411e-01	-2.1389046e-01	5.2580670e-02	1.0248807e-01	-2.8078733e-02	-2.1867663e-01	-2.8838372e-01	-7.0605122e-02	-7.7455775e-03	-1.5048438e-01	2.9057258e-01	-1.8166980e-01	-1.4302903e-01	1.7337909e-01	-3.5140969e-02	2.6132590e-01	1.0399546e-01	-8.5399486e-02	3.5785881e-01	-3.9861166e-01	3.2634699e-01	-2.0149915e-01	1.4681858e-01	1.4733459e-01	-2.6786971e-01	-7.5566635e-02	-1.9926721e-01	-1.0157009e-01	-2.1231762e-01	-3.3764863e-01	-2.9324997e-02	2.1009445e-01	-2.4024555e-01	2.0963222e-01	-2.3333044e-01	-2.9608218e-03	-2.8769192e-01	-1.7557713e-01	-2.4910328e-01	-1.1810108e-01	-1.5647233e-01	1.7631371e-01	2.1374761e-01	-5.7494514e-02	1.4747405e-01	2.1027106e-01	-1.3978764e-01	5.6060880e-02	-2.2170146e-01	-2.5910288e-01	-1.8265238e-01	-5.6187447e-02	-2.7844813e-01	-1.7735116e-01	3.7957993e-01	1.1786123e-01	-5.7633840e-02	-8.3411455e-02	1.3350731e-01	-9.6576139e-02	3.3197194e-01	3.0204743e-01	-1.7850414e-01	6.1372988e-02	2.0677300e-02	7.7300474e-02	-1.2375572e-01	1.6116275e-01	-2.1321315e-01	-1.5205000e-01	2.0245610e-01	1.2607919e-01	9.8234028e-02	6.4935267e-01	2.0259613e-01	5.1612044e-03	-1.5820545e-01	-1.8826108e-01	2.9192159e-01	1.8462314e-01	1.0409855e-01	2.2798598e-01	5.5158023e-02	-1.2879275e-01	-4.7920726e-02	-3.4709492e-01	-6.9358505e-02	-8.3509505e-02	9.9389613e-02	1.7415385e-01	-1.8716677e-01	2.2243952e-02	-6.4558446e-02	3.0161938e-01	-1.7754430e-02	-7.4141666e-02	-2.4788369e-01	-1.5230058e-01	2.5019431e-01	3.7485057e-01	3.8535800e-02	1.4397573e-01	1.7840909e-02	-1.4695804e-01	-3.0204502e-01	4.8565084e-01	1.1695568e-01	-8.5636958e-02	3.2772741e-01	-3.2717684e-01	8.4002443e-02	1.6768520e-01	1.5394844e-02	8.1970483e-02	-2.1195336e-01	-2.6911259e-01	-4.1638430e-02	3.1029619e-02	2.9781306e-01	4.0581804e-03	-8.1810929e-02	2.9054016e-01	-1.1576953e-01	2.1678360e-02	3.1229010e-01	2.2302310e-01	-2.8003657e-01	2.2339766e-01	2.6425457e-01	5.2356724e-02	1.2474975e-01	1.2539323e-01	-6.3343212e-02	7.1129203e-02	1.1109789e-01	3.0616003e-01	-8.8806406e-02	5.4288596e-01	9.0658747e-02	-1.4441913e-01	-1.3782245e-01	3.7276927e-02	-1.9632922e-02	6.2888637e-02	-5.2490328e-03	1.1497431e-01	-3.1540912e-01	-3.9668646e-01	1.1109920e-01	-9.6717313e-02	-3.9944497e-01	3.4487149e-01	1.0446521e-01	-2.5421256e-01	1.1027203e-01	1.3272447e-02	-1.0584848e-01	-1.2061904e-01	-1.7103407e-01	1.9900821e-01	7.1092330e-02	-1.8328446e-01	2.8340214e-01	-7.7148238e-03	-3.7193727e-02	-7.2309144e-02	3.0756307e-01	1.7633632e-01	9.4328769e-02	-1.9584280e-01	1.3179566e-01	-8.9752398e-02	5.9011459e-02	-1.5261847e-02	-1.4810121e-01	-4.1716896e-02	8.7813601e-02	2.1256211e-01	2.6101825e-01	8.2558744e-02	1.6123502e-01	-2.4945283e-01	1.1496338e-01	4.0161982e-01	-1.0384125e-01	-2.0569199e-01	-2.3876150e-01	-7.9718918e-02	-1.0606426e-01	-3.2224038e-01	-1.0331836e-01	1.5501406e-02	2.4802867e-01	-5.1689178e-02	3.6703673e-01	2.9501978e-01	7.5956441e-02	-3.4917736e-01	1.3135284e-01	-4.1965184e-01	2.4000393e-01	-2.5036559e-01	-1.0600343e-01	1.6566350e-01	-1.3358176e-01	4.9315891e-01	-2.9996619e-01	1.0012015e-01	-1.9292098e-02	-4.6855608e-01	8.1345014e-02	-6.8321474e-02	2.5310388e-01	9.8971492e-03	3.6017265e-02	2.7842999e-01	-2.2106473e-01	-6.6566058e-02	-4.3695909e-01	8.9545608e-02	-1.2890284e-01	2.1736613e-01	-2.0648865e-01	3.4661511e-01	3.8539267e-01	1.9941771e-01	-4.9699891e-01	2.7139428e-01	-3.0543042e-02	-2.6306158e-01	9.7149894e-02	-3.0565539e-01	2.1406859e-01	-5.1362312e-01	-1.2460801e-01	1.5933491e-01	-3.3229414e-01	-3.5353184e-01	-2.3346125e-01	1.3305487e-01	2.0605001e-01	-2.6994273e-01	4.1863602e-01	-4.7320232e-01	-4.2681422e-02	-5.2734155e-02	3.4919634e-01	-1.9947214e-01	2.1033286e-01	4.4350988e-01	-2.1960500e-01	-4.1958889e-01	5.5522007e-01	1.8531147e-01	-2.3085824e-01	-1.9909930e-01	-2.4574846e-01	1.6618310e-01	1.8062244e-01	2.1109951e-01	-1.1271942e-01	-7.8272119e-02	9.9047668e-02	3.0099971e-02	-5.2723509e-01	6.0102189e-01	-2.8105962e-01	2.0423062e-01	-2.2422461e-01	1.2112766e-01	-1.0739858e-01	6.0978007e-02	-4.1576111e-01	-2.5516951e-02	-2.7917317e-01	-6.1507535e-01	-2.3820379e-01	3.3525530e-01	4.8391333e-01	-1.3696766e-01	1.9065763e-01	1.4914922e-01	-1.4257355e-01	1.8981679e-01	3.4306106e-01	-5.9934493e-02	-1.8840978e-01	-6.0343891e-03	3.9849818e-02	1.5123773e-01	3.3114147e-01	-2.2926548e-01	-8.2125947e-02	-3.5892448e-01	-9.8199330e-02	-1.2795095e-01	-5.1526397e-01	-1.3094273e-01	1.4554419e-01	-1.0905134e-01	3.7685362e-01	-1.9873190e-01	-3.1972766e-01	-2.0106290e-01	1.9750756e-01	2.1104321e-01	-8.1859164e-02	-1.2341715e-01	1.1273473e-01	1.3392189e-01	-9.1948070e-02	-2.9843456e-01	-1.9670913e-01	-3.1433333e-02	3.2667297e-01	4.8085126e-01	-1.5551987e-01	4.2888328e-01	2.4479376e-01	2.0171265e-01	7.8352399e-02	2.5660431e-01	3.2228824e-01	-3.2931212e-01	2.8462180e-01	1.3145317e-01	-6.6220894e-02	1.6349171e-01	-2.1751165e-01	-8.5364766e-02	-5.7684816e-02	3.8554925e-02	4.6597454e-01	-1.3820094e-01	5.8092486e-02	-6.9889300e-02	4.0122464e-01	7.8786865e-02	-5.9361584e-02	1.0985722e-01	-1.0989580e-01	-3.2714602e-02	-2.2314827e-01	7.6126754e-02	-5.7355735e-02	-1.6402072e-01	9.7351998e-02	-2.8667605e-01	4.8880111e-02	-1.3704941e-01	-3.2286048e-02	1.7934735e-01	1.4198126e-01	6.7019619e-02	-7.7668637e-02	2.0187907e-01	2.4741472e-01	-4.0305905e-02	7.0679665e-02	1.5779581e-02	-1.1136674e-04	7.7178113e-02	-1.4612649e-01	-9.1570489e-02	-1.9408855e-01	2.5738603e-01	-4.7158661e-01	-2.5873616e-01	8.2368664e-02	1.5046532e-01	-1.7615795e-01	3.8377982e-01	-2.0217355e-01	-2.9812412e-02	3.5720131e-01	-7.4947976e-02	3.3327233e-02	1.4431803e-01	-3.7726200e-01	4.4074696e-02	4.2062107e-01	1.1553958e-01	-1.6669926e-01	8.7911360e-02	-2.3298684e-01	-1.6149887e-01	-1.1247569e-01	2.0592834e-01	-1.4419550e-01	1.2212898e-01	-1.6067638e-01	-1.6456166e-02	-4.8080128e-01	6.4662790e-01	-1.9854571e-01	-1.5737440e-01	2.1725008e-01	-2.2446585e-01	-3.3439720e-01	7.4316494e-02	-2.6917270e-01	6.7893662e-02	-8.8374399e-02	-4.3905967e-01	-2.8221726e-01	-1.6744775e-01	2.3940241e-01	-2.8686488e-01	2.3088667e-01	-3.7464496e-02	-1.8680061e-01	-1.0691401e-01	4.6351185e-01	-7.9408206e-02	-1.5491997e-01	-1.5221585e-01	-8.0425486e-02	8.2695991e-02	2.9461613e-01	5.3145017e-02	-1.6231017e-01	-2.2100266e-02	-1.2919216e-01	1.4999761e-01	-7.5018835e-01	2.9765761e-01	1.5612692e-01	-3.1470761e-01	1.8838194e-01	-1.4243951e-01	-2.9173103e-01	2.7230129e-01	-2.1217880e-01	2.6289057e-02	4.4535108e-02	-3.7743488e-01	-5.3977487e-03	-2.6979598e-01	1.5572810e-01	1.4881992e-01	-1.9455048e-01	-1.0395649e-01	1.7831953e-01	-1.9695272e-01	1.1717585e-01	4.9310897e-02	-1.5283583e-01	6.1086591e-02	-1.3201678e-01	2.4232608e-01	-3.0182078e-01	-2.5259116e-01	1.7328565e-01	4.2125624e-02	2.8761029e-02	-3.6906764e-01	-2.8787193e-01	6.2616773e-02	-6.9496386e-02	-1.6654307e-01	2.7734560e-01	-8.4000647e-02	1.8803097e-02	8.7192148e-02	-9.9004947e-02	-2.2742642e-01	8.5033305e-02	-7.6011442e-02	-1.2014283e-01	-2.1717872e-01	5.7256848e-02	-2.4524170e-01	1.4973928e-01	9.8594613e-02	-2.2489165e-01	-2.2572327e-01	4.9472794e-01	3.6749491e-01	1.9388298e-02	5.5332053e-02	3.6039251e-01	2.4034053e-01	-1.1403198e-01	-8.0941893e-02	2.2689173e-01	1.9267274e-02	2.5081408e-01	-6.6634379e-02	1.1720178e-01	5.5631632e-01	1.6213554e-01	2.5686455e-01	-3.3922827e-01	2.7111959e-01	1.8036093e-01	7.6053537e-02	-1.7347164e-01	-7.5968072e-02	-6.8605575e-03	-2.5879648e-01	-2.5038165e-01	3.8845424e-02	2.8636950e-01	-3.7949315e-01	4.1562086e-01	2.4373479e-01	-5.7202166e-01	-5.9018407e-02	4.6482566e-01	-1.6369915e-02	-1.5677522e-01	-3.9354797e-02	-2.5835431e-01	3.0103853e-01	3.6274087e-01	-1.8084697e-02	1.9808894e-01	5.8584213e-02	-2.2974721e-01	6.4059131e-02	-6.2272692e-01	4.0170354e-01	9.3691237e-02	-2.5083423e-01	8.7155402e-02	1.1537251e-01	-1.8855271e-01	-1.1375487e-01	-4.0563887e-01	1.5112224e-01	-2.4144733e-01	-6.6422802e-01	-3.3266451e-02	3.5978489e-02	-4.0976900e-01	2.1262249e-01	3.4967840e-01	-3.0335864e-02	-7.8065827e-02	2.0789415e-01	2.1894995e-02	2.9054335e-01	-1.7742762e-02	1.1191192e-01	2.3681507e-01	9.1306508e-02	3.0499664e-01	-2.1840636e-01	-2.7003139e-01	-7.5703554e-02	-4.2538233e-02	1.7197163e-01	2.0402087e-01	-1.2512134e-01	1.2108465e-01	-4.1121908e-02	-4.3956167e-01	-7.2642498e-02	-6.6343093e-01	-1.5342216e-01	-1.8945156e-01	-2.1061184e-01	-7.0325085e-03	-1.2610751e-01	-6.4559832e-02	-3.3581614e-01	2.4548922e-01	-2.7491316e-01	-5.0577156e-02	4.2806825e-01	-3.0767048e-02	9.6352557e-03	3.9930642e-01	2.2547862e-01	-7.5822867e-02	-2.4396889e-01	-9.7060628e-02	1.9240654e-01	5.5648580e-02	1.5587679e-01	9.3968965e-02	-1.1588552e-01	1.7945683e-01	-2.7615786e-02	8.3780341e-02	4.9385095e-01	8.9478083e-02	2.0735441e-01	-7.6087870e-02	1.9824448e-01	-2.1186766e-01	-3.3675843e-01	1.5656815e-01	8.5878432e-02	-3.9305452e-01	-1.0106430e-01	-4.2588106e-01	-2.6139347e-02	3.5112372e-01	2.7792899e-02	-2.8715653e-02	-2.0879388e-01	-1.4277589e-01	-5.2995346e-02	-8.1663027e-02	2.1996203e-01	1.4432348e-01	9.7141512e-02	-7.1308933e-02	2.5191340e-01	3.1554773e-01	-2.5853670e-01	-3.5954088e-01	-3.0865029e-01	-2.7143979e-01	-4.7790747e-02	3.0439657e-01	-5.3959597e-02	-2.2145610e-01	-1.8807358e-01	1.1029297e-01	-2.1651556e-01	3.6793768e-01	-7.6305814e-02	5.7862371e-02	-2.8337070e-01	1.6049090e-01	-1.7952771e-01	2.3997669e-01	-6.3272707e-02	4.8979950e-01	-8.9527547e-02	4.3365240e-02	4.4595304e-01	-5.6845915e-01	-3.2217026e-01	8.3950505e-02	-2.3956519e-01	3.0563256e-01	-7.4611507e-02	6.0017105e-02	3.6539543e-01	-2.4729912e-01	3.8568509e-01	2.8081110e-01	3.1552896e-01	9.8779969e-02	-2.8020623e-01	-3.3101529e-01	1.2826698e-01	-1.4887582e-01	-2.4701524e-01	-6.0338318e-02	9.0070434e-02	2.0090970e-01	1.3024597e-01	-4.4690121e-02	-2.9713103e-01	1.3807409e-01	-1.6966078e-01	-4.3460706e-01	-1.5357120e-01	8.5893303e-02	-2.1568260e-01	7.4231499e-03	1.2142801e-01	-2.3539186e-01	2.1121567e-01	-2.0555827e-01	-2.5478446e-01	2.6804510e-01	-6.4780101e-02	-1.0261902e-01	7.8136086e-02	-2.2792825e-01	-2.2953415e-01	-2.5409403e-01	1.7612725e-01	-2.6704755e-01	1.7356388e-02	2.4000730e-01	2.3282167e-01	-3.6996327e-02	-1.8062644e-01	2.8237951e-01	-1.3661906e-01	-9.4197474e-02	-1.8748105e-01	2.3576793e-01	-2.2325698e-01	-2.3811570e-01	-1.8644264e-01	2.2421071e-02	-8.5718617e-02	-1.0255014e-01	-3.4977299e-01	3.5026550e-01	-5.9885737e-02	-1.3561000e-01	2.2782402e-01	-2.2547011e-01	-6.5910928e-02	1.7384943e-01	2.7094021e-01	2.5043145e-01	-7.8071520e-02	-5.4616880e-01	-5.4974616e-01	-1.2818971e-01	-4.8230177e-01	-1.7023757e-01	5.0684765e-02	-2.2402474e-01	-4.4085672e-01	-1.4396751e-01	2.0264286e-01	-3.0341338e-02	2.1678056e-01	-1.0502651e-01	1.5247075e-01	1.1901010e-01	-3.9943832e-01	-2.1464409e-01	-3.7343442e-01	1.4828821e-01	-1.7996342e-01
1.1428724e-01	-3.6355165e-01	-3.7854275e-01	5.1362050e-01	-3.6947685e-01	-4.5121178e-01	2.7707922e-01	-2.0925131e-01	3.6317006e-01	1.4093563e-01	1.8751311e-01	-2.5396883e-01	-1.5816475e-01	-2.6047906e-01	3.3871350e-01	5.3858066e-01	3.0777425e-01	-4.1877654e-01	-2.6141676e-01	-2.1207012e-01	1.6550371e-01	-2.6490000e-01	-4.7285542e-01	-3.5306966e-01	-3.8826743e-01	-3.8383281e-01	1.2047945e-01	-1.9117901e-01	-1.6439334e-01	-4.7613689e-01	-9.0227209e-02	2.6327473e-01
