9
input	18
dense	32
relu	0
dense	32
relu	0
dense	32
relu	0
dense	1
linear	0
7.999999979801942e-06
-1.8251335e-02	3.9248023e-02	-5.4453332e-02	-2.1117754e-02	-7.3796101e-02	1.3600054e-02	-5.0235178e-02	-6.3723654e-02	-9.9142333e-03	0.0000000e+00	-4.2537313e-02	-8.2922429e-02	-5.4220915e-02	-5.0220873e-02	-7.5105190e-02	-3.8848832e-02	3.8814913e-02	-6.3246183e-02	1.3324077e-03	-5.3871870e-02	-4.7966607e-02	-4.4497326e-02	-1.6717494e-02	6.9266170e-02	-6.1937816e-02	-7.6227590e-02	9.9832721e-02	-4.7262367e-02	-3.5145041e-02	-7.0333473e-02	-7.0090920e-02	-4.1293488e-03
1.5674481e-02	-1.1862303e-02	2.8071510e-02	-5.5133011e-02	4.5119021e-02	5.6469493e-02	1.9976711e-02	6.7362585e-03	-1.0288024e-01	4.3002728e-02	4.7447219e-02	-1.0118327e-01	-4.8434574e-02	3.7674811e-02	5.9134346e-02	-5.2112959e-02	7.8495853e-02	-2.5458528e-02	-2.9821133e-02	-2.2722658e-02	-2.0206740e-02	-1.0673048e-02	-5.7706941e-02	-6.2907219e-02	3.7528574e-02	-4.7726270e-02	-2.6393333e-02	-6.2938727e-02	-3.5182416e-02	-5.8260434e-03	1.5352549e-02	-3.2267559e-02
-4.2274021e-02	-6.9746040e-02	1.9702664e-02	1.7370926e-02	-8.7090947e-02	-5.6344781e-02	6.1122689e-02	4.1793630e-02	-7.1569808e-02	-7.0816644e-02	-6.8524212e-02	4.7892619e-02	-1.1309828e-01	-1.2067061e-01	-9.7263567e-03	-2.2043765e-02	-9.2520595e-02	-6.0889907e-02	-1.8236231e-02	6.6879660e-02	-6.8357244e-02	-3.8905445e-02	4.5824692e-02	5.3973827e-03	-2.6675688e-02	-6.9437429e-02	-4.7015868e-02	-2.9254174e-02	-2.8956939e-02	-2.5269059e-03	-4.2682171e-02	-8.1885923e-03
-5.7580490e-03
1.2662047e-01	2.6182713e-02	-4.2156041e-01	-1.6877775e-01	2.3683807e-01	3.0075168e-02	2.3569714e-01	-6.5259710e-02	3.8738099e-01	-4.7155693e-01	-2.4932726e-01	-3.2238966e-01	-3.7730339e-01	-1.8519272e-01	1.0289341e-01	2.1281792e-02	1.4149882e-01	-1.6469355e-01	5.8247864e-01	-8.2655007e-01	-6.0227942e-01	1.2821796e-03	2.4008766e-01	2.3141773e-01	4.8337644e-03	1.8436836e-01	-7.6250009e-02	-1.4818962e-02	1.2363348e-01	-2.3707554e-01	-1.8272208e-01	1.5345368e-02	1.6196837e-01	3.8649302e-02	1.5595095e-02	1.9740701e-01	4.2717263e-01	-1.4280590e-02	2.4684052e-01	2.0186920e-01	-1.6099123e-02	-3.2785058e-01	-2.9090559e-01	1.7922528e-01	3.3737233e-01	1.2296498e-01	2.1260372e-01	-3.5641602e-01	3.3435731e-03	4.6916589e-02	-6.8150334e-02	-5.1571142e-02	1.2719263e-01	-1.6926865e-01	-2.6124315e-02	-1.8374452e-01	-1.8340479e-01	2.4313077e-01	1.5753445e-01	1.1402452e-01	8.6953744e-02	3.7853727e-01	2.2942545e-01	9.0937145e-02	-2.6447517e-01	-1.2886049e-01	3.1946689e-01	9.1881759e-02	1.7915002e-01	-1.6632823e-02	-9.3058950e-01	4.2739734e-01	5.5865347e-02	-2.5689775e-01	2.7179574e-03	-1.3840163e-01	1.7568986e-01	9.3634106e-02	3.0435500e-01	3.6577144e-01	3.7306654e-01	1.9747328e-02	-1.5688640e-01	-2.8642168e-02	-2.8602626e-02	-1.3911717e-01	2.4923328e-01	7.5411566e-02	-5.8352995e-01	-1.2933140e-01	-8.9915060e-02	-5.1418173e-01	1.4489885e-01	-2.0324674e-01	2.6030090e-01	-5.6800943e-02	3.1863359e-01	3.5459495e-01	3.8074054e-02	-1.9447118e-02	-6.6120572e-02	-4.4661868e-02	-5.6608513e-02	1.7360142e-01	3.5552621e-02	7.1773799e-03	-5.6249499e-01	2.7096227e-01	-1.1773078e-01	3.5640046e-01	2.0693946e-01	1.1291783e-01	-2.7775487e-01	2.1101476e-01	-9.5399484e-02	-2.8589091e-01	1.1348244e-01	1.4179982e-01	2.9230219e-01	-2.0161881e-01	2.3622559e-01	2.2556789e-02	4.4174287e-02	7.3701814e-03	7.2150803e-01	2.4825644e-01	2.3487112e-01	-4.6539050e-01	4.0043768e-01	-1.0092188e-01	-2.4893765e-01	7.1850084e-02	-1.0256541e-01	-8.9573815e-02	4.7836387e-01	-2.9261917e-01	-2.8214696e-01	1.1779889e-01	8.0775388e-02	2.2664441e-01	-1.1758523e-01	-1.3527358e-02	-1.2336153e-01	9.9717759e-02	-2.8414640e-01	2.8239629e-01	3.8966116e-01	2.9604995e-01	3.4814462e-01	-2.1352893e-01	-3.3004755e-01	-2.5959224e-01	-3.0605283e-01	6.1855353e-03	2.0045185e-01	3.5676263e-02	-6.3025981e-02	-2.9115492e-01	-1.6241877e-01	-5.9146371e-02	7.9777861e-01	-6.2329069e-02	3.0641109e-02	-1.9842570e-01	-7.0640087e-02	1.4317125e-01	-8.9749008e-02	-2.0117976e-01	1.1122635e-01	1.2422734e-01	-2.5011122e-01	-1.5345106e-01	-2.0203920e-01	5.0409764e-02	5.9458792e-02	-1.2992379e-01	2.5423366e-01	1.4189154e-02	2.8235525e-01	-2.9778180e-01	-3.3627808e-01	2.1718326e-01	-2.8233996e-01	-1.0980914e-01	-4.4482234e-03	-1.2912665e-01	-2.0942950e-01	-4.4269955e-01	1.9252400e-01	2.0903240e-01	1.4776552e-01	-1.1873689e-01	1.5317731e-01	-1.8268004e-01	-1.4770105e-01	4.5355923e-02	4.3941802e-01	5.2870834e-01	3.2339406e-01	-5.3147405e-01	-1.5588288e-02	-3.6574837e-02	6.9348626e-02	2.7158377e-01	-8.0796145e-02	6.6547215e-02	-2.2385095e-01	6.8827607e-02	2.5993371e-01	-4.0230048e-03	-1.0720862e-01	-2.1841203e-01	-2.4585930e-01	8.5579045e-02	-3.0027628e-01	-3.8297977e-02	3.5587266e-01	2.1204565e-01	-1.5364115e-01	-2.9940701e-01	-2.8830349e-01	3.7368894e-01	5.2931294e-02	-2.2854924e-01	-2.6182866e-01	2.7795821e-02	6.7755662e-02	-2.9763225e-01	2.7090082e-01	-9.4696723e-02	-2.2565687e-01	-2.0884870e-02	6.0374463e-01	-4.6235415e-01	-1.1668287e-01	3.7053701e-01	3.1631085e-01	3.4738305e-01	3.8883933e-01	3.0647859e-04	-2.6125473e-01	-1.9690022e-01	-4.3138996e-01	-6.3285524e-01	-3.8398835e-01	1.3384168e-01	-2.1929908e-01	1.7308708e-01	2.3557492e-01	2.0178931e-03	9.4709873e-01	1.2473895e-01	1.4353788e-01	2.0887412e-01	1.6764705e-01	2.3823261e-01	-6.1135344e-02	3.1847354e-02	-1.4739102e-01	1.8800637e-02	9.3389902e-04	6.7087218e-02	5.3675909e-02	1.9144068e-02	3.1082015e-02	-1.0717587e-01	3.7811786e-01	-1.0125170e-04	5.7155436e-01	-5.3536838e-01	2.8309658e-01	3.6986649e-01	-8.8811032e-02	-1.0933537e-01	-7.3260844e-02	-2.7327505e-01	9.9202730e-02	7.4848957e-02	-5.3997916e-01	4.4379156e-02	1.4737420e-01	-3.6338946e-01	2.6294783e-01	-4.9487103e-02	-2.1194153e-01	-2.6482711e-02	9.4633931e-01	-3.7895080e-01	-3.7820309e-02	-2.1932480e-01	1.8863979e-01	2.5763860e-01	-3.3579323e-01	-1.4923440e-01	1.8291093e-01	1.2991311e-01	4.1454187e-01	7.0848376e-02	-2.2801539e-01	-3.5645500e-01	-4.5272338e-01	-4.0194312e-01	3.3228490e-01	4.7335222e-02	5.2524477e-01	2.6638663e-01	-9.6215963e-01	-2.5011051e-01	-3.8282579e-01	-2.8781095e-01	-2.7202210e-01	-3.9215222e-01	3.5704706e-02	-8.0261178e-02	2.0764957e-01	1.2273013e-01	-2.8322062e-01	2.0319121e-02	-2.3099670e-01	2.5107908e-01	-1.1451318e-01	1.1183845e-02	-2.3721121e-02	5.3592998e-01	5.4137282e-02	-2.0227073e-01	-3.1877708e-01	-4.0137243e-02	-2.4414752e-01	1.8594816e-01	2.1141009e-02	2.5706676e-01	2.9393861e-01	-3.5761364e-02	-1.4016244e-01	1.3337278e-01	3.4818467e-02	-3.5963604e-01	-2.0607050e-01	5.0579801e-02	-6.6188657e-01	6.8717486e-01	1.9076407e-01	-2.3694944e-01	1.4613101e-01	3.4379759e-01	-2.8843337e-01	-5.9260796e-03	-4.7897164e-02	-1.4964893e-01	-6.8920203e-02	-1.5409276e-01	-6.0930783e-03	-1.2604795e-01	2.3167302e-01	4.4012472e-02	-1.9632037e-01	-1.3119420e-02	-2.7863169e-01	2.6310809e-02	-1.9091491e-01	6.7919837e-03	5.4657150e-02	1.4033383e-01	-2.8177944e-01	1.2920290e-01	4.0268865e-03	-2.1207571e-01	2.1044141e-01	1.6584997e-01	1.8496302e-01	2.3946746e-01	-1.7983168e-01	-1.8088450e-01	2.4371338e-01	1.4842798e-01	-2.6902542e-01	1.6857876e-01	-6.7746319e-02	-4.5674387e-01	-5.2267903e-01	1.1334215e-02	2.3320262e-01	1.0117482e-01	-5.2734297e-02	-1.3971068e-01	8.2717133e-01	-1.6991833e-02	3.9951313e-01	-2.6088104e-01	-2.0733383e-01	9.8913684e-02	-1.1062202e-01	4.8525240e-03	2.4070232e-01	-3.7081620e-01	-2.0866187e-01	-3.3186054e-01	3.9129424e-01	-3.1756064e-01	-1.6372024e-01	2.4966572e-01	-3.2324737e-01	3.0788171e-01	3.5362712e-01	5.9406351e-02	-2.6750621e-01	-2.9846311e-01	-2.6049137e-02	1.8789940e-01	-2.3262955e-01	6.7635747e-03	-3.3716697e-01	1.9764057e-01	-2.3453303e-01	-3.3150595e-01	-7.8349598e-02	-2.2444029e-01	-2.0960432e-01	3.1588408e-01	3.1717315e-01	2.9509252e-01	-3.1004810e-01	-6.5602756e-01	-2.8995928e-01	-2.0158604e-01	9.1043711e-03	-4.5588732e-02	-7.5507171e-02	8.9269586e-02	1.8983828e-02	5.5302113e-02	-5.3335194e-02	3.1002647e-01	9.4563067e-02	1.1860169e-01	-2.5665557e-01	2.0282555e-01	3.2837230e-01	-1.7676204e-01	-2.7778101e-01	2.3771521e-02	-2.4644637e-01	2.0934170e-01	-8.8536009e-02	-1.5258430e-01	-2.6042366e-01	8.0063596e-02	4.1630924e-01	-6.6217363e-01	3.2826850e-01	4.4361424e-02	2.9360554e-01	2.7758658e-01	-2.6201859e-01	-1.9695166e-01	-1.6201869e-01	-9.8035105e-02	3.9270827e-01	-6.6819370e-02	1.1193523e-01	2.7698472e-01	-4.9535964e-02	1.2308290e-02	1.2198228e-01	-2.6275495e-02	2.5900677e-01	-4.2384437e-01	-2.4190167e-02	9.9144783e-03	2.6862225e-01	-5.9080038e-02	-1.1677682e-01	-2.4237661e-02	-2.6372558e-01	2.2977902e-02	-6.6476488e-01	1.0283273e-01	2.3196678e-01	-3.0786890e-01	-9.7270064e-02	1.4182457e-01	-2.7700788e-01	-3.9250981e-03	3.0317852e-01	-4.0166247e-01	-1.8066132e-01	1.5673652e-01	6.0084302e-02	-1.8559979e-01	5.1941618e-02	-1.1589437e-01	2.3914717e-01	-2.6908961e-01	3.6853102e-01	2.0256944e-01	7.8075305e-02	-9.3959562e-02	-4.9249281e-04	-5.2522790e-02	-8.3052218e-02	5.4238893e-02	4.7976341e-02	-1.9161297e-01	4.3922354e-02	2.5459763e-01	-1.0956246e-01	2.9318409e-02	-3.3161739e-01	1.0258894e-01	-3.3700261e-02	-3.7401259e-01	6.5589482e-01	2.0451486e-02	1.6974288e-01	2.3773125e-01	-1.5900847e-01	-3.4987450e-01	5.1142033e-02	-1.5305818e-02	-5.4321956e-02	2.0436110e-01	4.7456619e-01	-3.1037700e-01	-1.6310351e-01	-2.7557420e-02	-8.3270453e-02	-2.3734230e-01	2.0408027e-01	-5.8901096e-03	2.2034271e-01	-1.6931105e-01	5.1790554e-02	1.0788597e-01	-7.8445524e-02	1.2315940e-01	-1.3908146e-01	-9.1906106e-03	5.9908587e-01	8.8514380e-02	-1.9710031e-01	4.5846090e-01	-1.1227737e-01	2.1313086e-01	-1.0192674e-01	-3.1309491e-01	2.5477397e-01	8.2331330e-02	-1.9242686e-01	-3.4075201e-01	-2.9486981e-01	1.0976916e-01	2.7095649e-01	1.0052516e-01	-2.0366013e-01	-6.7678816e-03	9.5284246e-02	1.3137229e-01	2.3784108e-02	-3.9531949e-01	3.0187941e-01	9.1803133e-02	1.4385776e-01	-8.2622744e-02	2.4972159e-02	1.6128831e-01	-3.9783189e-01	2.9039514e-01	-1.9027279e-01	-1.2709962e-01	-1.7831352e-01	-7.3408686e-02	-7.6290973e-02	-5.3928713e-03	1.3948895e-01	3.3370453e-01
2.3810863e-01	3.4670271e-02	-1.9524868e-01	-1.6297415e-02	1.8884455e-01	-2.2654392e-01	-3.2541105e-01	-2.4795640e-02	-2.5949535e-01	-2.0680687e-01	-2.5184678e-02	-1.8557988e-01	-2.6418260e-01	9.2107624e-02	1.5575422e-01	1.2841995e-01	1.2990825e-01	1.0917901e-01	-1.2279718e-01	-2.5601369e-01	5.9228572e-03	1.9608469e-01	2.8461161e-01	-1.0879356e-01	2.3444688e-01	-6.7802727e-02	-3.9819682e-01	6.0216319e-02	3.3418831e-01	-2.4129467e-01	3.8416866e-02	-3.0440351e-01	-4.0590528e-01	-3.8624454e-01	2.6946999e-02	-3.6605763e-01	-1.2234778e-01	2.1434233e-01	-8.4512919e-02	7.2894521e-02	5.9480554e-01	6.4686090e-02	1.8784635e-01	-1.5812574e-02	-5.1116991e-01	5.4796699e-02	2.9107696e-01	-1.3986932e-01	-8.1244789e-02	1.1546505e-01	7.1456961e-02	6.2096016e-03	-1.0869149e-01	-3.2309139e-01	1.6547239e-01	6.9835193e-02	-1.8196826e-01	5.7061052e-01	2.7187642e-01	-1.5483166e-01	-3.9347127e-01	-6.0909778e-01	-7.4473619e-02	3.0837977e-01	6.3304402e-02	2.5468498e-02	2.2488685e-01	-2.9241508e-01	1.2639113e-01	-3.1275308e-01	-1.2786071e-01	-8.4252609e-03	-8.0062777e-02	-1.7487109e-02	2.7662182e-01	-2.7771872e-01	2.3562492e-01	1.3319898e-01	4.5568579e-01	-3.5616763e-02	-2.0938252e-01	-4.2229509e-01	-3.3294201e-01	2.6120801e-02	-2.0850923e-02	-1.7776871e-01	1.5103377e-01	7.6573670e-02	2.0047405e-01	4.2044897e-02	9.1611490e-02	7.7841662e-02	-4.4539171e-01	-5.4586556e-02	2.6902437e-01	6.8326421e-02	1.9459945e-01	2.3928232e-01	-3.0237079e-01	-7.0601963e-03	5.8245745e-02	2.7908832e-01	-4.1910812e-02	2.3064828e-01	-3.1705165e-01	-2.1772599e-01	8.1871040e-02	-2.6921049e-01	-2.6697236e-01	-3.4549594e-01	2.3766527e-01	-2.0032683e-01	2.1543345e-01	5.5182394e-02	2.0708655e-01	-3.0528906e-01	1.8314732e-02	-1.7309417e-01	-2.7648810e-01	-3.3102545e-01	-2.6288867e-01	-1.7628343e-01	-3.1239754e-01	8.4019698e-02	-4.3675207e-02	5.5158935e-02	9.3042545e-02	-4.2420249e-02	-8.0981709e-02	-5.1712461e-02	1.5341593e-02	2.2988479e-01	1.9914037e-02	-5.2411441e-02	3.5547871e-02	-3.0011380e-01	7.6422676e-02	1.7196190e-01	1.1002675e-01	-4.5576912e-01	-4.4916328e-02	3.9062351e-01	-3.7988987e-02	-1.9923699e-01	1.6566516e-01	-2.8671250e-01	2.3619755e-01	-2.4746087e-01	2.6443005e-01	1.0192670e-01	-3.1343868e-01	-5.8645453e-02	-1.0568999e-01	1.5974611e-02	-6.2741244e-01	-1.5094922e-02	2.0850229e-01	-5.8507856e-02	3.4829944e-01	-6.0196847e-01	-6.3284032e-02	-3.4039736e-02	2.5484908e-01	1.2336294e-01	1.2995917e-01	1.8386807e-01	-1.4105438e-01	4.6932489e-01	-5.4844026e-02	9.6995085e-02	1.8963356e-01	-1.3831736e-01	-1.5723109e-01	-2.8736806e-01	-8.4745936e-02	-3.0959639e-01	3.1204349e-01	1.3184369e-01	3.6528262e-01	5.1103923e-02	2.7509791e-01	1.7987727e-01	-8.7895766e-02	-3.5534278e-01	-1.4626260e-01	1.0169655e-01	-5.9961891e-01	1.2174225e-01	5.0178581e-01	-3.8856998e-02	-1.2861811e-01	5.6906778e-01	-6.2725830e-01	1.9288388e-01	-2.2999643e-01	-9.6364403e-03	-2.2906356e-02	-2.2722064e-02	-3.4419510e-01	1.3970998e-01	-8.8564359e-02	-1.4479369e-01	9.1490582e-02	-3.7410679e-01	-1.8261515e-01	-1.1924569e-01	1.9800933e-01	-2.8166148e-01	1.1748360e-01	2.9887390e-01	-4.9488284e-02	-3.7586960e-01	-3.0373851e-02	2.5594679e-01	2.6149774e-01	5.2632332e-02	-2.8442913e-01	-3.3845273e-01	-6.8519235e-02	2.0025738e-01	-1.6825126e-02	-6.5020122e-02	2.2983305e-01	1.2659703e-01	-7.3256254e-02	2.2327422e-01	-1.5821721e-01	-1.4967313e-01	2.8394280e-02	4.3951273e-02	-1.2176961e-01	-2.7576640e-01	2.1465717e-01	9.7775966e-02	-1.6068833e-01	-2.6372918e-01	-4.6202147e-01	2.2443113e-01	-1.8178204e-01	-1.1459272e-01	-8.0780573e-02	8.0651768e-02	1.9087477e-01	9.2461228e-02	-2.0609505e-01	2.3051327e-01	-8.5320035e-03	-5.8067542e-02	2.4074872e-01	2.3125376e-01	1.9709420e-01	-6.9443360e-02	-5.2950144e-01	-5.4061377e-01	1.4880092e-02	-1.0554947e-01	2.0515893e-01	2.5350922e-01	-1.1029310e-01	6.3664146e-02	8.3927147e-02	1.6977973e-01	-9.4138868e-02	1.4695333e-01	3.7038803e-02	-1.9592592e-01	1.8965891e-01	1.5242375e-01	5.6586895e-02	9.2405957e-01	-1.2224053e-01	9.8386452e-02	4.8653954e-01	1.2243927e-01	3.0853501e-02	-2.8996685e-01	2.5819713e-01	-2.1000530e-01	6.1922289e-02	-9.5538264e-03	-3.4599113e-01	4.2521688e-01	1.9381563e-01	2.2535922e-01	-2.3031935e-01	2.0867023e-01	-2.1158966e-01	1.3753532e-01	3.9728537e-01	-3.4183669e-01	-7.5121798e-02	2.4313302e-01	2.9943833e-01	-2.2927597e-01	5.8792714e-02	-1.6918327e-01	1.1412259e-01	-2.5923473e-01	7.2893195e-02	-2.4182928e-01	7.5819105e-02	-3.6338469e-01	6.2349953e-02	4.9925976e-02	-5.4208715e-02	-1.3080521e-01	3.2776713e-01	-3.0904794e-01	2.1904776e-01	1.6772812e-02	1.6489322e-01	-1.8921150e-01	-8.5867137e-02	-2.9755351e-03	-3.0037990e-01	4.6611931e-02	-1.4976786e-01	-1.5672022e-01	1.6479124e-01	-6.4636117e-01	-7.7030271e-02	-8.7109674e-03	2.0793286e-01	-3.4140453e-01	-3.2516277e-01	2.4323635e-01	-7.0349738e-02	-3.0568859e-01	3.6949556e-02	-1.4729199e-01	2.7123369e-02	1.1367791e-01	2.7092370e-01	9.4621532e-02	-7.3638409e-02	6.4162776e-02	2.2052240e-02	-3.7291291e-01	-2.9976520e-01	-5.9181519e-02	1.0971031e-01	-5.5078262e-01	-2.8710571e-01	3.4555656e-01	1.9177483e-01	-2.5781092e-01	4.1718799e-01	-7.0473246e-02	-2.1455653e-01	-1.9666949e-01	3.0321547e-01	-2.9995507e-02	1.6312291e-01	-3.3364120e-01	-3.3528101e-01	-3.3183418e-02	-1.0592681e-01	-4.1820431e-01	-1.9171508e-03	-2.7235332e-01	1.1723156e-01	4.1644156e-02	-9.6762747e-02	-3.3161005e-01	6.1389916e-02	-1.0510626e-01	-4.6097029e-02	2.1602599e-01	1.7065597e-01	9.7730175e-02	-3.7320442e-02	-3.1357524e-01	2.6182535e-01	-6.2406734e-02	9.0636611e-02	3.7306720e-01	-8.1806011e-02	-9.4630152e-02	1.6554585e-01	-5.6975871e-01	5.3537998e-02	-1.7493162e-01	1.5353300e-01	3.1894287e-01	-1.7873269e-01	3.1008422e-03	5.3931903e-02	-7.1510702e-02	4.7392130e-02	-3.5069212e-01	2.5625351e-01	-2.6699656e-01	2.6806904e-02	2.2369096e-01	-1.7705087e-01	-5.7492491e-02	2.0029040e-02	-5.5464935e-02	-1.3049269e-01	-2.8385717e-02	2.6861846e-01	-2.5361478e-01	-1.0355821e-01	1.1965521e-01	3.4070641e-02	-3.9985996e-01	-3.1165206e-01	-2.8562418e-01	-2.5511390e-01	1.5100034e-01	1.0502946e-01	-3.0134839e-01	-3.4257808e-01	-9.0925775e-02	-3.0110120e-03	-3.1461895e-01	1.0722262e-01	7.7176839e-02	-2.1254805e-01	-7.8098975e-02	-2.9112884e-01	-2.4805497e-01	1.4636853e-04	-3.3080849e-01	1.3605352e-01	-2.1021190e-01	-2.5511891e-01	1.9310193e-01	1.0012308e-01	4.8575863e-02	2.4121284e-01	6.1256800e-02	-3.0320261e-03	-2.6931256e-01	-1.4247920e-01	1.4198880e-01	-2.9806361e-01	-3.8829204e-01	2.3954466e-01	-2.2966771e-01	3.0617139e-01	-1.0033981e-01	-5.0315019e-02	-3.4812883e-01	-3.4888071e-01	-9.2725694e-02	2.6886544e-01	4.1283771e-02	6.3008964e-02	-1.9985259e-01	-1.7202817e-02	3.7577003e-01	-6.1834525e-02	-7.5591460e-02	1.3307455e-01	-3.6180547e-01	-4.1447241e-02	-3.0301663e-01	-1.7432363e-01	-9.8399267e-02	6.5885633e-02	-6.2192857e-01	7.8418523e-02	-3.5706761e-01	3.5936460e-02	2.3152059e-01	1.6926931e-01	-1.3432525e-01	-1.6330676e-01	-2.6415679e-01	-2.2123370e-01	-2.9599065e-01	2.0775466e-01	-4.7783427e-02	-3.5527253e-01	-1.6918930e-01	4.5680684e-01	-4.8250388e-02	1.4184333e-01	-1.7645855e-01	1.9774273e-01	-1.4441530e-01	3.5835433e-01	1.3516520e-01	1.5204127e-01	-2.6422985e-02	-1.8674272e-01	4.0345237e-01	-8.6487330e-02	-2.4649009e-01	-2.5191590e-02	4.7190708e-01	1.0451914e-01	1.0392459e-02	-1.8772882e-01	2.4148281e-01	3.0151543e-01	-5.3391751e-02	4.2351164e-02	2.7765715e-01	2.1859154e-01	6.1248828e-02	-2.6810339e-01	-3.0352348e-01	-2.4976462e-01	3.0284887e-03	-1.8926707e-01	-1.0984364e-01	-2.9499361e-01	3.6662912e-01	-3.8124406e-01	8.6932391e-02	3.2285997e-01	2.5332242e-03	8.7994093e-04	-1.9806291e-01	-2.4960348e-01	2.2217866e-02	2.3131026e-01	8.6631238e-02	-4.7839593e-04	2.9935887e-01	-7.0840888e-02	2.9489642e-01	2.3616986e-01	-1.8005900e-01	2.8350994e-01	4.0437356e-01	1.0635575e-01	-3.9852402e-01	-8.0810182e-02	1.4809844e-01	2.5965232e-01	-3.7448737e-01	-1.2339457e-02	-8.5436054e-02	-5.3287666e-02	5.0387118e-02	-5.1044669e-02	-4.9850177e-02	-5.2553135e-01	2.0144115e-01	-9.0745784e-02	-3.9623836e-01	1.2148365e-01	3.5615712e-02	1.4753260e-01	-1.0653833e-01	2.6740828e-01	-6.9021210e-02	-2.4060416e-01	7.2811954e-02	1.3771345e-01	-1.5678059e-01	-1.5134443e-01	4.1441813e-01	-1.1172856e-01	-2.8590590e-01	-6.6491619e-02	4.0468946e-02	-2.1183622e-01	-1.5939519e-01	1.7254545e-01	2.6798451e-01	6.6880234e-02	4.4393995e-01	-1.7349350e-01	-5.6265112e-02	-9.6226715e-02	1.5581079e-01	-2.3994479e-01	-4.9472317e-01	-6.7930460e-02	4.1228962e-01	-1.7315194e-01	3.9659593e-02	-4.5308028e-03	-1.3907409e-01	3.0665532e-01	1.0533038e-01	-4.1196994e-02	-1.7715076e-01	-1.9540496e-01	4.5104004e-02	-1.0171293e-01	-9.4108716e-02	-1.6636133e-02	1.3278307e-01	-7.7030651e-02	-1.1935235e-01	-2.4094985e-01	-3.2330954e-01	2.9532293e-02	-4.2820531e-01	2.9695046e-01	-6.1508935e-02	-2.9204240e-01	5.5838835e-01	1.5579085e-01	-2.4262950e-01	-4.8902057e-02	4.3751143e-02	-1.7112872e-01	-9.0149567e-02	7.1816540e-01	-3.2517651e-01	3.9863877e-02	-2.7190253e-01	-2.2747070e-01	-1.3486616e-01	-1.7072479e-01	2.6548061e-01	-6.3554078e-02	3.2426077e-03	1.9874014e-01	-7.3208272e-02	2.8263742e-01	1.1671412e-01	-1.4318307e-02	9.5259041e-02	-1.3886145e-01	1.2610269e-01	-1.3676840e-01	1.1464261e-02	-2.7997631e-01	9.6928934e-03	4.0118389e-02	1.2859493e-01	-1.5853162e-01	-2.0376053e-02	5.0923266e-02	-1.0597435e-01	2.1022165e-02	-1.6220047e-01	-2.0536609e-02	7.3477186e-02	-1.3864124e-01	-7.6171592e-02	3.5810307e-01	5.1358050e-01	-1.0810727e-01	3.1541964e-01	-1.3511440e-01	1.2951627e-01	4.5504991e-02	-2.5911907e-02	1.1540212e-02	1.2631193e-01	3.8867483e-01	1.5846133e-02	-2.4440263e-01	-8.4805647e-03	-3.3536524e-01	1.0776238e-03	-1.1488873e-01	-5.1901579e-01	1.4089544e-01	2.1689760e-02	-4.0320536e-01	-1.3684155e-01	1.7642125e-01	-1.3006909e-01	1.7378621e-01	-8.2188994e-02	3.2805848e-01	4.7395751e-02	2.7901176e-01	3.0275274e-02	1.7797516e-01	-4.0014991e-01	4.5891494e-02	3.1163129e-01	-6.8387233e-02	-1.9500726e-01	-3.4630895e-02	2.5934193e-01	-5.0572798e-02	-2.1239090e-01	-5.7542387e-02	-2.7375129e-01	-6.7905329e-02	-1.2676717e-01	1.1780578e-01	1.0276534e-01	-4.1688763e-02	8.4639743e-02	-2.5803608e-01	-1.4750054e-01	-8.1822507e-02	-1.1574485e-01	-1.5139276e-01	-7.6012447e-02	3.6107484e-02	1.4786854e-01	-2.0205587e-01	2.4932219e-01	-1.9355392e-02	3.9546203e-02	-4.0488392e-02	-1.2949580e-01	4.4326838e-02	-5.3057805e-02	9.9512480e-02	2.2396995e-01	-1.9214134e-01	-1.2876199e-01	2.6161546e-01	3.0590121e-02	-4.6994224e-02	3.9484668e-01	6.2170025e-02	4.1155282e-01	-2.7868068e-01	-2.7485427e-01	2.6568407e-01	-6.4140312e-02	2.7771220e-01	-3.6078891e-01	9.9028349e-03	-3.2069948e-01	-9.4413767e-03	6.5399155e-02	1.3151622e-01	-1.7605579e-01	-1.4919266e-01	5.3639185e-01	2.8494024e-01	1.3417593e-01	-8.5262947e-02	3.6649817e-01	-3.4529117e-01	-9.4625786e-02	-8.1295379e-02	4.6257126e-01	7.9183057e-02	3.9897424e-01	7.1142321e-03	-4.5602757e-01	-1.6489029e-01	-4.7620964e-01	-4.4946916e-02	-4.2700613e-01	1.6435374e-01	1.2556525e-01	3.2183275e-01	6.9132984e-02	2.7600089e-01	-1.6881232e-01	-3.4193102e-01	3.0537567e-01	3.4048833e-02	5.0579158e-05	4.7134876e-02	-2.6423590e-02	-3.0412251e-01	1.8379848e-01	-2.2499053e-01	-8.9393593e-02	-5.8971044e-02	9.8356262e-02	-7.9741545e-02	-5.3936258e-02	1.3835424e-01	4.7331107e-01	-1.5087926e-01	2.0213215e-02	-1.3331209e-01	-1.5328956e-02	1.8382986e-01	-3.4234428e-01	1.1259411e-01	7.1353570e-02	-1.1886302e-01	-3.1202647e-01	2.1199265e-01	-3.3350509e-01	2.4886994e-01	2.1416923e-01	-4.2683995e-01	4.1586056e-02	3.4671146e-01	2.6174548e-01	4.4882146e-01	3.1770790e-01	2.4887274e-01	-2.5772560e-01	7.8643307e-02	-1.4854814e-01	2.4180080e-01	-5.2433866e-01	-9.5981278e-02	1.5040143e-01	-8.8641897e-02	-5.2065607e-02	2.2058515e-01	-1.4030644e-01	-1.5588497e-01	1.4388743e-01	-6.6168122e-02	-5.3879268e-02	1.0212635e-01	-1.6475280e-01	-7.0141479e-02	2.5066176e-01	-1.6852210e-01	-1.7598975e-01	1.8466547e-02	-4.8569638e-01	5.3032525e-02	1.1107281e-01	2.9695243e-01	5.8312342e-02	-1.3697354e-01	7.9057865e-02	4.9386367e-01	2.0329925e-01	4.0394413e-01	4.0183183e-02	-4.7929317e-01	-2.6568945e-02	1.4646548e-01	-1.5692735e-01	-2.8832474e-01	-3.7851390e-01	-2.9375447e-02	1.6924381e-02	-1.8158233e-01	4.5979120e-02	1.8574260e-01	2.7890423e-01	2.3926590e-01	1.6213381e-01	-4.8658554e-02	-2.8754410e-01	-6.7888677e-02	8.0507107e-02	-1.2646601e-01	7.2443284e-02	4.0024646e-02	2.8241935e-01	2.3999521e-01	1.1733821e-01	-4.7491872e-01	5.6599516e-02	1.0112973e-01	3.0939579e-01	-8.1203334e-02	-9.9033713e-03	-3.6904413e-02	-3.5938767e-01	-3.8958454e-01	2.7875027e-01	4.4202018e-03	-6.0653543e-01	-1.9617662e-01	3.9758581e-01	2.1381374e-01	-2.6592335e-01	3.1767568e-01	-3.3749822e-01	-5.1351446e-01	2.3340543e-01	1.4942181e-01	4.1014111e-01	-1.6908167e-01	2.1919493e-01	9.1167592e-02	-2.0883646e-02	3.0016515e-01	-2.9975873e-01	-2.1708574e-02	-2.8786185e-01	-1.3833748e-01	-8.5248217e-02	-9.2370227e-02	-7.2018161e-02	-7.7842604e-03	4.5749351e-01	5.0657374e-01	2.5908944e-01	3.2047391e-01	-3.0105001e-01	-4.7792593e-01	-1.5007925e-01	1.0598860e-01	-1.9098294e-01	-4.3263829e-01	-4.5749879e-01	2.9304695e-01	1.9761735e-01	-3.8357910e-02	-1.3921008e-01	-1.1080477e-01	-2.3181553e-01	-1.4550821e-01	-9.2815466e-02	1.9245997e-01	-3.6457905e-01	3.1131279e-01	3.8382284e-02	-1.2755638e-01	-8.1589101e-03	-2.5642836e-01	2.9133537e-01	-3.5669568e-01	-1.3334079e-01	5.2533861e-02	-3.2196898e-02	4.9639843e-02	-2.6494804e-01	-2.9879245e-01	2.2150788e-01	3.1629854e-01	-1.1698063e-02	1.9446038e-01	-1.8684690e-01	-2.5379306e-01	6.6441721e-01	1.4125698e-03	-2.2151527e-01	-1.1867110e-01	4.0066879e-02	-4.1664651e-01	3.5367689e-01	2.0599884e-01	1.9063374e-01	-1.1012734e-01	-2.1367551e-01	-2.0047730e-01	6.9033630e-02	4.4587526e-02	-1.8647163e-01	1.4634073e-01	-2.8423855e-01	-8.5638098e-02	-5.6120574e-01	2.7190685e-01	3.9348215e-02	-4.1014183e-01	-4.3368954e-03	-4.1727450e-02	1.8876204e-01	2.8320003e-01	4.1253206e-01	-1.9009998e-01	-1.1880764e-01	1.3633084e-01	-1.6057152e-01	-1.0288513e-01	-3.7435547e-02	-3.6846831e-01	-1.1949934e-02	2.8644034e-01	1.5330784e-01	4.2492765e-01	1.8057357e-01	-9.7008452e-02	-3.0919406e-01	-1.5045464e-01	2.0253286e-01	2.2174612e-01	5.8727199e-01	2.6964280e-01	1.8693823e-01	-8.3975732e-02	-4.2808139e-01	-1.8810475e-01	6.9411032e-02	3.8818315e-01	1.4772883e-01	1.1033845e-01	-1.4542466e-01	-1.4772099e-01	3.1201360e-01	8.4916726e-02	2.5337452e-01	-1.5246752e-01	-2.5561506e-01	-5.0284579e-02	-1.7055990e-01	-3.2417482e-01	-1.6162506e-01	1.5058170e-01	4.0806703e-02	3.2321811e-01	-6.5171607e-03	-3.5480905e-02	5.1162824e-02	-3.8579768e-01	3.2677725e-02	-1.6760735e-01	-1.9302879e-02	-1.5145017e-01	2.6031989e-01	3.2920548e-01	-7.1504645e-02	1.0518971e-03	2.6679194e-01	-1.4059551e-01	5.2169138e-01	-1.1269875e-01	8.8576972e-02	-5.1153605e-03	2.8805897e-01	4.0238104e-03	-4.0913674e-01	8.9503415e-02	-1.8788248e-01	1.6049916e-01	-1.6497262e-01	4.1384570e-02	5.8991581e-02	1.7684704e-01	-2.7600020e-01	-2.7229035e-01	-2.5034872e-01	1.3670112e-02	6.2068027e-02	-4.7771290e-01	-2.8380305e-02	-2.9121572e-01	-1.1875461e-01	3.3786606e-02	1.2981954e-01
2.0811680e-01	8.1831805e-02	-1.6425113e-01	2.2716555e-01	-2.1433972e-01	-4.7167588e-02	-2.7468958e-01	1.0529473e-01	9.5824167e-02	-2.6795176e-01	8.2747974e-02	2.8639176e-01	-9.4648421e-02	2.5550115e-01	-3.0151019e-01	2.1637711e-01	-2.5429904e-01	-5.9329327e-02	-2.3990515e-01	-2.7130878e-01	2.4931626e-01	7.8485608e-03	-3.3728445e-01	-2.8160974e-01	-2.9343751e-01	-1.8503864e-01	-1.4058469e-01	1.1770913e-01	-2.5637040e-01	1.3063578e-01	-1.7868678e-01	-2.9134557e-01	1.4591819e-01	-1.9809864e-01	-3.2542321e-01	-2.6990984e-02	2.4339372e-01	-1.0860266e-01	-1.6088006e-01	1.3908330e-01	-4.2146938e-03	1.0166254e-01	7.1096838e-02	-8.7084360e-02	4.5012891e-02	-2.1910544e-01	-1.4589708e-01	-4.5805648e-02	-7.3898636e-02	-1.6473716e-01	1.1824870e-01	-2.9560980e-01	1.9271533e-01	-9.4207197e-02	-2.3981339e-01	-8.9692041e-02	1.3607217e-01	-1.7444743e-01	-2.5144058e-01	-8.3288074e-02	1.7277291e-01	-1.3727021e-01	-2.9238307e-01	-1.4897661e-01	-1.1861749e-01	1.2921779e-01	-9.4877198e-02	1.5769289e-01	-1.5355962e-02	1.3051324e-01	-2.1869037e-01	2.0747802e-01	2.4867263e-01	-2.2528839e-01	2.1296742e-03	-1.9705299e-01	1.9612518e-01	-1.3282023e-01	-1.5669738e-01	1.9799013e-01	3.1430095e-01	2.4880275e-01	1.1394262e-01	7.2284709e-03	3.6207193e-01	1.1625724e-01	1.2297771e-01	2.9983577e-01	-2.1553639e-01	-3.0912620e-01	-2.4507762e-01	-3.4338596e-01	2.2234854e-01	-3.4940928e-01	2.8838828e-01	-1.6503450e-01	6.9525257e-02	-2.5338295e-01	-9.7291768e-02	7.0791326e-02	6.7394651e-02	-6.9893140e-01	-7.4816085e-02	-3.2014370e-01	3.2515321e-02	2.0616207e-01	3.6810645e-01	-3.6919841e-01	-2.9745156e-01	1.8608789e-01	1.5869308e-01	4.8913199e-02	1.5638836e-01	-4.0276653e-01	-3.8275480e-01	-2.3930275e-01	-5.9976935e-01	-1.3212937e-01	-1.6563146e-01	-2.3963143e-01	1.3095631e-01	3.8178292e-01	-9.4248444e-02	2.7411851e-01	-3.8038665e-01	4.6136156e-01	1.9468503e-01	-3.7933871e-01	2.7050593e-01	-1.4492188e-01	2.1942955e-01	-2.6272663e-01	1.3089882e-01	-4.9196225e-01	-4.0642962e-02	-2.0211953e-01	-1.4131652e-01	-1.9115061e-01	1.3615973e-01	-1.8845460e-01	-1.0625109e-01	-2.6748562e-01	2.4798962e-01	1.5917520e-01	9.0650588e-02	2.6510355e-01	6.3802339e-02	-6.4458832e-02	-4.6468854e-02	-2.7354729e-01	-6.9735758e-02	-1.9679011e-01	7.7354081e-02	1.7505102e-01	-2.6565990e-01	7.0255107e-01	8.0006272e-02	2.5604941e-02	1.1044605e-02	-4.1634967e-03	1.0104263e-01	5.1540818e-02	-2.7512169e-01	-7.5488627e-02	1.2180382e-01	3.1934801e-02	5.3800117e-02	1.2934849e-01	1.3626675e-01	-8.9682922e-02	-2.5130445e-01	7.7802055e-02	-4.8202522e-02	3.1612244e-01	1.0661051e-01	1.6484509e-01	-1.3549437e-01	2.0126827e-02	1.5107848e-01	1.8888386e-01	6.4892180e-02	3.4794502e-02	-5.5240799e-02	-2.1689035e-01	-1.4565453e-01	-3.0171475e-01	-1.6247350e-01	-3.1413746e-01	-1.3066769e-01	-3.1134961e-02	-7.9207100e-02	7.3006272e-02	1.0482653e-01	-1.8069007e-01	2.5667545e-01	-1.5369847e-01	-8.8943586e-02	-5.7782006e-01	-3.0794817e-01	-1.2509954e-01	-3.7987775e-01	1.7219448e-01	4.0071595e-01	1.2191410e-01	1.6050088e-01	2.6147357e-01	2.8121063e-01	-8.9454085e-02	2.3351543e-01	-3.6005620e-02	-3.6986434e-01	-1.3579136e-01	-6.2458801e-01	3.0002749e-01	-5.2483767e-01	1.5770559e-01	-1.1605453e-02	1.0456412e-01	2.7267101e-01	2.8207752e-01	-5.0771350e-01	2.5212237e-01	-8.7694250e-02	-2.7056484e-02	-2.9457492e-01	4.1630176e-01	2.9228064e-01	1.7584436e-01	1.6999431e-01	1.5250613e-01	-5.4964530e-01	-3.5172686e-01	-2.1537118e-01	3.7749626e-02	-3.1500380e-02	-7.5006448e-02	-2.3263775e-01	3.4404582e-01	-1.8898137e-01	-1.0008354e-01	4.4220142e-02	-3.3755225e-01	1.6715305e-01	7.1488924e-02	-3.7690929e-01	-2.3402727e-01	-4.3221903e-01	-5.1177979e-01	5.9571128e-02	2.8358793e-01	-2.7210038e-02	3.3285370e-01	-3.1925505e-01	1.2723732e-01	2.7346227e-01	-2.1943022e-01	2.0136790e-01	-1.3564904e-01	7.6592468e-02	3.2546899e-01	1.5530340e-01	-1.5708806e-01	1.0932256e-02	1.2938089e-02	1.5317896e-01	1.4925969e-01	1.4690328e-01	-8.6245835e-02	-7.6996256e-03	-2.1912129e-01	3.4725741e-01	-1.0729558e-01	2.9275686e-02	4.3170396e-02	-3.7254594e-02	-1.9284401e-03	-2.8301963e-01	-9.4958454e-02	-2.8876781e-01	1.7399532e-01	2.3252800e-01	4.6434927e-01	1.4400417e-01	6.8169773e-01	1.6910759e-01	-1.3692692e-01	-3.6655225e-02	1.0066249e-01	-2.7753004e-01	2.1644694e-01	-1.2375319e-01	-2.6830480e-01	-2.1346439e-01	9.1207780e-02	1.2229384e-01	-2.5346583e-01	-4.3872461e-01	-3.6521677e-02	1.6162778e-01	2.0369846e-02	2.4904038e-01	-9.3818627e-02	-3.6768922e-01	3.1174505e-01	1.4614211e-01	3.4389287e-01	-4.2109892e-01	-4.7317803e-02	-1.5579982e-01	1.9572251e-02	1.9862160e-01	-6.6356890e-02	1.3029718e-01	-2.7507958e-01	-8.0293156e-02	-2.0808349e-03	-4.1047806e-01	1.1773029e-02	2.0251742e-01	2.2785951e-01	-2.2022443e-01	-7.4214816e-02	-3.0256796e-01	7.9429440e-02	-2.3735441e-01	1.0078027e-01	-1.2254206e-01	-8.5876875e-02	-6.4155883e-03	1.3775641e-01	-1.2043012e-01	-2.6290125e-01	-2.0267300e-01	-2.0319311e-01	2.1032265e-01	1.3585392e-01	-2.5434133e-01	-9.4696179e-02	-3.2076663e-01	-1.7892040e-01	5.9094377e-02	3.1348079e-02	-1.9801727e-01	-1.6362965e-01	-6.7484893e-02	6.7144051e-02	-2.0741294e-01	-2.3491484e-01	9.9314190e-02	-2.1571861e-01	1.5884389e-01	1.4010154e-02	3.6107253e-03	7.4870326e-02	2.5785804e-01	-2.1142292e-01	8.8074841e-02	-3.8977864e-01	-7.4363180e-02	-2.6207706e-01	-2.4385624e-01	-1.6644208e-01	3.2021546e-01	1.7551397e-01	-3.0129188e-01	7.8663625e-02	-6.9416046e-02	-2.8768024e-01	2.9289904e-01	-3.5631832e-01	-3.1069109e-01	2.7227142e-01	-5.7625663e-01	-1.8216485e-01	-3.3110869e-01	2.4977463e-01	2.1210931e-01	1.0018171e-01	3.2923350e-01	1.2718323e-01	-2.6242033e-01	2.0978560e-01	2.2350794e-01	-4.9073705e-01	-2.8989669e-02	1.0665566e-01	-5.1397365e-02	-7.4798260e-03	2.7216738e-03	-1.5362272e-01	-2.2675708e-02	6.4142674e-02	-5.1637232e-02	-1.6133159e-02	1.8920834e-01	2.0850524e-02	1.8877274e-01	1.1937598e-01	1.1559653e-01	-3.3239397e-01	1.9297339e-01	-3.1481266e-01	1.7343475e-01	-3.7133962e-02	-1.2041879e-01	-2.9445565e-01	2.7555373e-02	-2.1575552e-01	-5.8984794e-02	1.4072195e-01	-7.1737848e-02	-2.8717795e-01	-1.4655185e-01	-4.0371925e-02	5.1124845e-02	1.0912742e-01	-2.4729746e-03	6.0894180e-02	4.1409078e-01	-2.0048331e-01	-2.6258731e-01	-3.6494181e-01	6.1146904e-02	1.3609975e-02	-6.9466859e-01	1.4313424e-01	6.8084449e-02	-3.6385302e-02	2.4742727e-01	-2.6051486e-01	7.1072251e-02	-8.0045998e-02	1.9145232e-01	-2.0622076e-01	1.1997508e-01	1.2008250e-01	5.5014861e-01	2.7515667e-02	2.9058433e-01	3.8142624e-01	-2.5532490e-01	-3.3755213e-01	-1.9040079e-01	-5.8527505e-01	1.9651173e-01	1.2829134e-01	3.1230298e-01	-3.6773540e-02	-1.8254100e-01	-2.6816490e-01	-1.7605856e-02	1.4287946e-01	2.7596653e-02	1.0146018e-01	2.4929592e-01	-1.8369922e-01	-1.2374474e-01	1.7164735e-01	1.5537579e-01	-1.6733514e-01	1.1061135e-01	-3.0056509e-01	-2.7543572e-01	-1.4935166e-02	1.0896636e-01	-7.7920016e-03	-2.1238738e-01	-1.8158306e-01	-1.0763563e-01	-1.9066982e-01	-2.7105570e-01	-1.2399906e-01	-2.0632966e-01	1.6942421e-01	-6.7489140e-02	2.5315759e-01	-2.0418094e-01	-2.0751549e-01	-1.7400889e-01	2.1595123e-01	-1.6442938e-01	4.1051805e-01	1.0346361e-01	-2.2912006e-01	-2.5386518e-01	1.3186821e-02	3.2682456e-02	-1.3237680e-01	6.4740613e-02	5.2805960e-01	1.9322377e-01	2.9400381e-01	1.6147381e-01	-4.8492116e-01	-1.5883343e-01	-2.7477413e-01	5.5840230e-03	-5.2198738e-01	2.2450724e-01	1.7960435e-01	-2.5737700e-01	9.4091699e-02	-8.8963769e-02	2.7761590e-01	-3.3059403e-01	3.9644249e-02	1.1204098e-01	-8.3041504e-02	1.1387005e-01	1.7149405e-01	-3.8584262e-01	1.3727078e-01	-2.7139875e-01	-9.9358439e-02	-6.9740310e-02	-2.2229126e-01	-2.5392284e-03	-9.3287379e-02	4.8896272e-02	1.1831410e-02	1.1906326e-01	1.9380561e-01	-8.6149774e-02	4.5839280e-02	-1.7472078e-01	1.8204245e-01	-5.2505463e-02	2.7757245e-01	-1.0378935e-01	2.8916288e-02	-3.1808627e-01	-2.3827705e-01	2.5123015e-01	7.5843669e-02	6.0527325e-02	3.2106064e-02	2.5660282e-03	1.1273907e-01	-3.0025759e-01	-5.7197505e-01	-1.1556624e-02	-8.6306863e-02	2.4083406e-01	-2.2478378e-01	-2.6106492e-01	-2.0547578e-01	2.9738810e-02	-2.0963411e-01	2.5007958e-02	4.3122780e-02	-2.6283145e-01	-6.6773176e-02	-4.8820876e-02	2.1252529e-01	2.7069801e-01	-6.7147285e-02	-8.1036165e-02	-2.0795473e-01	-2.6276715e-02	1.4261633e-01	-4.7119319e-02	-6.8526506e-02	6.1216831e-02	-3.1299478e-01	1.2151380e-01	-1.5678823e-02	-1.9388077e-01	-2.2150691e-01	-3.1166229e-01	-2.9045656e-01	-6.7761943e-02	-3.9331406e-02	1.0931867e-03	-2.7150884e-01	-1.3360745e-01	-3.4366944e-01	1.5168364e-01	3.1056470e-01	1.0753245e-01	-2.1822730e-01	3.5847864e-01	-2.7860755e-01	-1.7679729e-01	-1.0655133e-01	1.5261026e-01	1.6352910e-01	-1.5134233e-01	-2.7477539e-01	-2.8237602e-01	-2.7766779e-01	1.0435699e-01	4.1548248e-02	-3.1093267e-01	9.8422237e-02	8.7828301e-03	2.7781060e-01	-3.5581318e-01	-5.3344451e-02	8.2327381e-02	-2.1461148e-03	2.1968158e-01	2.0835091e-01	9.0285055e-02	3.0963528e-01	6.7582957e-02	-1.3237464e-01	1.5822418e-01	-2.2600327e-01	-1.4903694e-01	3.1196630e-01	-2.0973930e-01	2.1163389e-01	2.4242657e-01	1.0322725e-01	-3.6562073e-01	2.3804376e-02	-6.0508108e-01	-5.7161983e-02	1.5623569e-01	-1.7236447e-01	-1.9858532e-01	3.0376798e-01	-3.0590095e-02	-2.0422791e-01	3.8035095e-01	-1.7375521e-01	-2.8547925e-01	-4.6931464e-02	-5.9800273e-01	-1.2050170e-01	-4.0586641e-01	-1.5580042e-01	2.9769361e-01	1.5374309e-01	3.0987880e-01	6.3893241e-01	-5.4088140e-01	8.1494421e-02	2.9573399e-01	-3.7804633e-01	1.4467488e-01	1.3232704e-01	4.3269318e-02	-3.1248885e-01	3.2222846e-01	-2.5548795e-01	1.1170294e-01	-2.0939879e-01	1.6847038e-01	3.1763174e-02	-9.9448696e-02	1.4043401e-01	7.4277796e-02	-1.8890183e-01	5.2836362e-02	2.3339674e-01	1.2270013e-01	1.5072894e-01	6.0972918e-02	-2.3377822e-01	-2.5417921e-01	-1.5423414e-01	-1.0629176e-01	2.5797233e-01	-6.0499869e-02	1.4253826e-01	-1.0816243e-01	-1.0704866e-01	-2.5086492e-01	-1.6391759e-01	1.5105860e-01	2.1047227e-01	-6.5934077e-02	-4.0382174e-01	2.1862726e-01	1.1067066e-01	-5.5228684e-02	3.0715752e-01	1.2867174e-01	1.3758357e-01	9.5703453e-02	7.8149013e-02	-5.4732274e-02	-4.5023832e-02	2.4164250e-01	-8.6383663e-02	1.6255751e-01	3.0132802e-02	-2.1863812e-01	1.7673042e-01	9.8095283e-02	-1.2918246e-01	1.0256030e-01	1.3025196e-01	6.1966754e-02	7.7556074e-02	-2.6870176e-01	-4.5043555e-01	-3.6495499e-02	-1.5992479e-01	2.8897870e-01	-4.0131360e-01	-1.7693712e-01	-1.2444481e-01	-1.2591906e-01	-2.7806365e-01	2.7104846e-01	1.3330947e-01	1.2195846e-01	-1.2886609e-01	3.2163996e-02	-1.7859277e-01	-4.2464539e-01	2.2871342e-01	7.8649357e-02	1.1018597e-01	6.9855288e-02	-6.5716453e-02	-9.7612120e-02	1.8785059e-01	-7.4234240e-02	-3.0669996e-01	-1.3540644e-02	2.5564638e-01	-2.9819697e-01	-2.2725791e-01	-4.4159892e-01	-4.3306544e-01	2.6805103e-01	2.5850543e-01	1.3989589e-02	2.6371869e-01	-4.4135544e-01	2.6575482e-01	1.0956576e-01	-3.5062546e-01	-2.7511734e-01	3.7810409e-01	-1.3412912e-01	-4.6064842e-02	-1.6096070e-02	2.0131403e-01	9.5364302e-02	1.9378383e-01	-1.7215167e-01	-3.3345121e-01	-1.5438349e-02	4.1491419e-01	1.1113127e-01	2.6218113e-01	1.8815646e-02	1.8597472e-01	5.5341203e-02	1.6230170e-01	8.4943091e-03	3.3153984e-01	4.2099077e-03	2.9192474e-01	-1.6775763e-01	4.6471941e-01	-2.6380295e-01	1.7321187e-01	3.0152589e-01	1.2611577e-02	-3.3955216e-01	1.6460314e-01	-1.0445385e-01	-8.6818025e-02	2.4371149e-01	3.4522471e-01	-3.5086304e-03	-1.9503693e-01	-3.4632158e-01	2.3629507e-01	1.5604466e-02	1.2498417e-01	-1.3482964e-01	-3.5630128e-01	-1.9968871e-02	-1.0577442e-01	1.3928422e-01	-9.1105513e-02	-3.2068288e-01	4.9254265e-01	2.6856121e-01	1.5851770e-01	-6.0506601e-02	-6.4209640e-02	4.0616682e-01	9.0845846e-02	8.2305104e-02	1.6436604e-01	2.2893316e-01	-8.8776924e-02	3.0591652e-01	-2.7168792e-01	1.3350442e-01	-2.3564990e-01	-3.0379139e-02	1.8844692e-01	-3.8297620e-02	-5.2336514e-01	3.7399152e-01	-7.4812450e-02	-3.5853627e-01	1.8450280e-01	-1.8843162e-01	-2.1457812e-03	-2.1661721e-01	-3.3845216e-01	-1.2779528e-01	-2.8045467e-01	-1.8957551e-01	4.1910574e-02	-5.1687998e-01	3.2672191e-01	3.3104914e-01	4.7076937e-02	-3.1918141e-01	-2.4948117e-01	1.5356705e-01	-6.3124061e-02	2.3324965e-01	-6.4850889e-02	2.9653323e-01	-2.2522719e-01	8.9041814e-02	-6.8838097e-02	-1.5034676e-02	-3.6196843e-02	-9.9396529e-03	1.7532991e-01	2.1018264e-01	-1.2410676e-01	-2.5566635e-01	1.7553568e-03	1.9686374e-01	-5.9490506e-02	-2.1994244e-01	-6.4122170e-02	2.6303583e-01	7.8865156e-02	-2.5049254e-01	-2.9234070e-01	2.2664556e-01	-1.6338229e-03	-1.4036067e-01	2.2880790e-01	-2.5298730e-01	-3.9247185e-02	-7.0157483e-02	-2.9319522e-01	2.3175091e-02	1.4545149e-01	-3.0646670e-01	-9.4871789e-02	-1.5594308e-01	-3.0301654e-01	-3.0873522e-01	7.2602630e-02	-2.6006240e-01	-1.4144562e-01	-6.3886024e-02	-2.3779631e-02	1.4096214e-01	3.3421102e-01	3.2592577e-01	2.5300503e-02	-3.3078080e-01	2.1140313e-01	3.9506209e-01	7.1791403e-02	-2.3468032e-01	-4.6426725e-01	-3.2768067e-02	4.0377828e-01	-9.5984496e-02	1.7927647e-01	-2.6857829e-01	1.1451999e-01	3.2004230e-02	1.2278789e-01	-1.0715915e-01	2.7322504e-01	3.4686634e-01	-1.8840792e-02	-2.6595736e-01	2.4209301e-01	-2.9009199e-01	9.1889717e-02	3.4348002e-01	-9.2170760e-02	-3.7323374e-01	-5.0957389e-02	9.0331659e-02	1.6818781e-01	6.0159061e-02	8.1073977e-02	2.4648529e-01	-1.3289310e-01	4.3556848e-01	2.3168981e-01	-9.0937108e-02	2.3529966e-01	1.5271620e-01	-1.6672021e-02	-9.4713069e-02	4.4559225e-02	-2.6772758e-01	-1.6689543e-01	-2.9352689e-01	7.5895332e-02	-4.9066469e-01	-1.0727416e-01	2.3621580e-02	-1.0562568e-02	9.7275533e-02	1.1174352e-01	-7.8015208e-02	-4.0543163e-01	2.8057587e-01	-7.8564942e-02	-2.3424804e-01	3.7603953e-01	3.0580872e-01	1.5593515e-01	-5.5704601e-02	2.3549709e-01	3.1828497e-02	2.3743065e-01	2.6877367e-01	-1.8669687e-01	-2.5073805e-01	-6.8320066e-01	2.3915535e-01	1.4998168e-01	7.3217057e-02	-3.7506086e-01	-8.6616196e-02	-3.7276685e-01	1.0400152e-01	-5.1083986e-02	3.0928025e-01	2.5211579e-01	-3.9437030e-02	-1.4568664e-01	3.3379331e-02	-2.8661093e-01	-3.4857798e-01	-1.7608868e-01	-3.9227858e-01	-2.9084280e-01	3.6142609e-01	-8.8429451e-02	-1.7961939e-01	2.2481237e-01	-3.4467615e-02	4.2910975e-01	-1.0844953e-01	-1.2580986e-01	-1.7100757e-01	-3.6581334e-02	-7.0655249e-02	-2.9369345e-01	-1.4072371e-01	1.9312678e-01	-4.0216181e-02	7.0651665e-02	2.9302126e-02	6.1276676e-03	-1.1467914e-01	-2.8938058e-01	1.1899182e-01	-1.8817881e-01	-2.2496276e-01	1.4203990e-01	-2.4891675e-01	1.7235094e-01	1.2534484e-01	-5.2654419e-02	-1.1636140e-01	2.0438769e-01	-2.1548434e-01	-6.1086889e-02	-7.5548925e-02	-2.9866096e-01	1.6593847e-01	1.0372004e-01	-2.8477472e-01	-1.4708950e-01	-3.2680640e-01	-3.0695039e-01	1.4891945e-01	-1.7989853e-02	-4.3151215e-02	-5.5475369e-02	2.2801405e-01	1.3087164e-01	-1.0194425e-01	-4.2097330e-01	1.3799077e-01	1.1007222e-01	1.9632861e-01	1.8876098e-01	-1.4489225e-01	2.1279698e-02	9.0735078e-02	-1.4233728e-01	-1.5933141e-01	-3.1876501e-01	-7.1573839e-02	2.8628448e-01	-3.3246377e-01	8.1415623e-02	-9.7661309e-02	1.0414444e-01	-2.5644895e-02	5.1324751e-02	-3.6274764e-01	1.1420052e-02	1.2139815e-01	-2.4637263e-01	2.8589979e-02	2.9702613e-02
2.4729270e-01	2.8746152e-01	1.5950546e-01	-4.8971933e-01	-1.4025897e-01	-9.5902085e-02	-5.8379644e-01	-2.5008187e-01	-1.5582627e-01	2.0500596e-01	5.8439240e-02	-3.5289603e-01	8.4869741e-03	2.1814735e-01	2.3675589e-01	1.9611432e-01	-1.5048573e-02	-2.6833612e-01	-1.6620082e-01	-2.8434879e-01	3.1166661e-01	-2.1312013e-01	-3.1605524e-01	3.2283375e-01	3.4694129e-01	2.1969058e-01	1.3395971e-01	4.1252238e-01	-2.0070499e-01	-6.7673367e-01	2.3712967e-01	9.3046784e-02
