9
input	14
dense	32
relu	0
dense	32
relu	0
dense	32
relu	0
dense	1
linear	0
7.999999979801942e-06
-4.3387588e-02	1.2057724e-02	-6.8006843e-02	5.9690833e-02	-1.4206730e-01	3.1249285e-02	-2.1834772e-02	-5.6607246e-02	5.8139507e-02	2.0501815e-02	-5.5225338e-03	2.0330455e-02	-1.9343171e-02	-1.2624623e-01	-4.1536093e-02	-5.3480510e-02	3.3921648e-02	5.7242930e-02	-5.8811046e-02	6.9789492e-02	1.7254945e-02	6.1793871e-02	-3.6855243e-02	-6.3927734e-04	-1.4114446e-02	-1.0127459e-01	-7.7560842e-03	-6.3557521e-02	5.1104515e-03	-7.7385264e-03	-4.2614680e-02	-4.0108297e-02
-7.8484371e-02	7.6507099e-02	8.8069476e-02	-3.6465123e-02	-5.5566456e-02	7.2974511e-03	7.3307648e-02	-1.0070533e-01	-1.5566136e-01	-4.2602114e-02	1.0967389e-02	-1.4388338e-02	-1.7400607e-02	-8.0984019e-02	3.2634765e-02	-1.7757760e-02	-2.9292516e-02	-4.6843525e-02	6.9306627e-02	1.9614125e-02	0.0000000e+00	1.2776957e-02	6.9164120e-02	6.2072705e-02	-2.1552753e-02	-2.0502511e-02	1.6586493e-01	-2.5453685e-02	6.2767252e-02	-1.0558920e-01	6.7719974e-02	5.0523043e-02
5.4488201e-02	-3.0521903e-02	-2.7731705e-02	1.0341419e-01	-1.3844626e-02	-4.2840630e-02	-5.9156328e-02	-6.2076715e-03	-5.1785912e-02	-4.1601043e-02	3.8495719e-02	-6.5340206e-02	-8.1908025e-02	2.5077790e-02	-4.0468805e-02	3.8862549e-02	-8.1650345e-03	-2.8393580e-02	-2.3525370e-02	-1.4142740e-02	7.7652014e-03	1.5321705e-02	-9.4386395e-03	2.7138011e-03	9.8163739e-04	7.6641887e-03	-4.3999147e-02	-5.7016045e-02	-8.2197621e-02	1.3477104e-02	2.9688641e-02	-3.3954177e-02
8.2606738e-03
2.1553282e-01	2.1402986e-01	2.7961040e-01	-8.9440368e-02	-1.4627048e-01	-2.5063747e-01	-1.2137888e-01	-5.7766978e-02	-3.1453517e-01	-2.9869762e-01	3.7187014e-02	-2.3525965e-01	1.4097574e-01	-2.1628124e-01	-1.6642906e-01	1.6489312e-01	-5.4074943e-01	-2.5381628e-01	2.5887787e-01	1.7952235e-01	2.4662472e-01	5.3812695e-01	-2.0487204e-02	-3.5986351e-03	1.0709421e-01	1.7061647e-02	-1.5060580e-02	9.4626434e-02	8.5975297e-02	4.7478902e-01	1.9640025e-01	2.7839640e-01	-3.5915878e-01	4.3540563e-02	1.1705185e-01	-4.1465810e-01	-2.9325265e-01	-8.4916681e-02	1.6705777e-01	4.3823095e-03	5.1829135e-01	-3.9980015e-01	2.5394578e-02	5.2326673e-01	-1.9323757e-01	5.6292005e-02	-1.1879146e-01	-9.4373435e-02	8.1811532e-02	-3.8743827e-01	8.3409168e-02	1.7798600e-01	2.4441986e-03	-1.0264592e-02	5.3505313e-01	-4.6664834e-01	-1.3682799e-01	1.9298142e-01	3.9795747e-01	-3.4783944e-02	-2.9547477e-01	2.9412264e-01	1.7770597e-01	1.9139723e-01	2.7586496e-01	-4.1401967e-02	2.4351375e-01	-1.2514709e-02	-1.7483632e-01	1.2039737e-01	9.2950469e-04	-2.4400401e-01	-2.0208739e-01	2.5061762e-02	3.4665838e-01	-2.9838003e-02	-2.7545127e-01	2.0833988e-01	2.4189439e-01	-2.7738550e-01	2.2489432e-01	-8.5051507e-03	2.4487457e-01	3.8449576e-01	-2.9062003e-01	3.0476877e-01	-2.6855063e-01	-9.4150566e-02	-3.3617187e-01	1.7986289e-01	5.0759226e-01	-6.4677194e-02	-2.6441240e-01	-7.1585640e-02	-2.9654849e-01	9.0583563e-02	-1.8429926e-01	2.7370408e-01	-3.3419645e-01	-3.6292264e-01	-1.2526980e-01	-9.9353261e-02	-2.3835573e-01	-3.2093099e-01	-3.2263264e-02	-1.9944170e-01	-4.1728517e-01	-6.8056159e-02	-1.5231666e-02	-1.7792968e-02	-2.6752672e-01	4.8999971e-01	-2.1382442e-01	-5.7361115e-02	1.7588273e-01	2.7004209e-01	1.2881228e-01	-2.2017683e-01	2.3807529e-01	-5.6323397e-01	-4.0948108e-01	1.2116499e-01	-2.9826346e-01	2.9733514e-02	4.8743424e-01	-3.5056338e-01	-2.6664993e-01	-2.3045880e-01	9.3860976e-02	6.2907584e-02	3.1739005e-01	-1.1421200e-01	1.5195949e-01	-2.9394880e-01	2.7995157e-01	-1.6005960e-01	1.6572237e-01	-3.6572716e-01	1.9699761e-01	-5.9810277e-02	-7.9592459e-02	3.4974939e-01	1.3469954e-01	3.8002688e-02	-2.9052052e-01	-3.3065087e-01	4.3332957e-02	5.3478934e-02	-3.5669643e-01	-1.3749623e-01	-7.4434452e-02	1.0830468e-02	-3.5514680e-01	-1.4120601e-01	3.5857428e-02	1.2736748e-01	9.0279125e-02	1.0976936e-01	-1.4516316e-01	-6.0453046e-02	4.8836291e-02	6.2265940e-02	-3.5215226e-01	-7.0447648e-01	6.0439769e-02	-1.6318202e-01	2.8650808e-01	-1.9909015e-01	1.6568018e-01	-3.2813162e-01	-2.9640332e-01	1.1362468e-01	2.0780817e-01	6.4475141e-02	4.7297060e-02	-2.8965408e-01	-2.0466585e-01	-1.2676303e-01	1.4618145e-01	-3.2020509e-01	8.2282245e-02	-3.0064965e-02	1.8805967e-01	-2.2664228e-01	-4.9750888e-01	8.1521943e-02	-2.6550838e-01	1.4343992e-01	7.1891494e-02	7.6213998e-01	4.4532558e-01	4.3183036e-02	-1.8502796e-02	1.0703416e-01	1.7694916e-01	-2.0432483e-01	-3.6380330e-01	-5.0356448e-01	-1.8895143e-01	-3.3928835e-01	3.5952423e-02	-1.0220243e-01	6.3126393e-02	-3.8199499e-02	-3.2091129e-01	3.7420893e-01	-1.0307867e-01	2.0809975e-02	3.3770892e-01	1.1362571e-01	3.0549568e-01	-5.2142185e-01	3.0437979e-01	-1.6097784e-01	-2.6189643e-01	-2.7860159e-01	2.0202053e-01	2.2016992e-01	6.5649644e-02	1.2382589e-01	-2.8164288e-01	-5.1862989e-02	-1.5543666e-01	4.5581862e-01	-3.8580373e-01	2.0459120e-01	2.7776757e-01	3.6384922e-01	-2.0999976e-01	1.5053579e-01	-3.6514041e-01	-2.7637804e-01	7.4125519e-03	-2.7889511e-02	-1.1719688e-01	4.8226226e-02	3.0344591e-01	4.1205281e-01	-4.1125128e-01	3.0198154e-01	-3.0275363e-01	-1.4239863e-01	1.0686772e-01	-2.9891226e-01	1.0013045e-01	9.1424698e-01	1.3481954e-01	1.7877383e-02	1.6893585e-01	-2.9243410e-02	1.3697912e-01	-2.6590094e-01	5.2625865e-02	-5.1367211e-01	1.9772790e-01	-1.5141495e-01	2.3438652e-01	8.6173974e-02	3.2376754e-01	1.5037891e-01	1.0147817e-01	1.1406804e-01	1.1300970e-01	2.4287742e-02	-8.8786986e-03	-2.6570642e-01	4.3918726e-01	2.6910260e-01	-3.8289857e-01	-4.9002263e-01	-4.2971957e-01	-1.3653147e-01	4.4138739e-01	-1.9373457e-01	-5.4238327e-02	-9.2071481e-02	-1.2121423e-01	-1.7814534e-02	-1.6379026e-01	-8.9571506e-02	-1.6679747e-01	3.7645328e-01	-2.3465220e-02	-2.7483860e-01	-5.3573165e-02	2.7283520e-01	-1.1550643e-01	-1.0002657e-01	-2.8442499e-01	-1.0759608e-01	-8.9920059e-02	-1.8224640e-01	3.2299021e-01	6.7825802e-02	1.5959451e-01	1.2214249e-01	-2.9324108e-01	1.6231340e-01	-2.5889459e-01	3.2410234e-01	-8.3356790e-02	-3.0180353e-01	-1.1225250e-01	2.4727485e-01	-8.4724814e-02	5.7555534e-02	1.9829176e-01	3.7299249e-02	2.9102391e-01	1.2476721e-01	-1.5767667e-01	-8.6382693e-03	-1.5387303e-01	2.0371614e-01	-2.2731866e-03	1.1026610e-03	3.3791518e-01	-3.9697245e-01	-2.6627954e-02	2.2456015e-02	1.0334226e+00	-1.6857237e-01	-1.6075511e-02	-3.1688696e-01	-2.4790899e-01	3.5920945e-01	1.2095150e-01	-2.7776751e-01	8.2604475e-02	-1.5073320e-01	4.1300550e-02	-1.8823370e-01	1.3099238e-01	-2.4952425e-01	-7.2486594e-02	3.4557924e-02	1.0509516e-01	3.3821240e-01	2.1806183e-01	-6.1662775e-02	1.8509623e-01	2.6007029e-01	-2.9348019e-01	-1.6688699e-01	9.7970501e-02	1.8499143e-01	-1.9074333e-01	-7.8672551e-02	1.2554373e-01	-3.0710948e-01	-1.1224868e-01	-3.9867154e-01	3.1747544e-01	-2.6736784e-01	-2.2891773e-01	2.4843088e-01	2.3687690e-01	5.2375007e-01	-2.8218096e-02	1.4813150e-02	-2.0687577e-01	-7.5248741e-02	-2.8343368e-01	-6.6038392e-02	3.4021613e-01	-2.4346028e-01	9.0065971e-02	2.2211602e-02	2.7759573e-01	1.9856852e-01	-1.3090421e-01	9.4143033e-02	-1.4306423e-01	9.9173281e-04	1.6446860e-01	-1.6336599e-02	-5.6387883e-01	4.6380043e-01	5.1500601e-01	7.8891307e-02	2.3080747e-01	-7.2886467e-02	-2.1215723e-01	3.9887697e-02	1.1499737e-01	-2.9661718e-01	-1.5501529e-01	3.5941333e-01	5.7929195e-02	2.3950139e-02	7.3102468e-01	-4.1587826e-02	2.5048956e-01	4.4900191e-01	-3.6046246e-01	-2.9237023e-01	2.7415869e-01	-1.2754060e-01	-2.9646996e-01	3.2464164e-01	1.6967764e-02	5.2162004e-01	-3.3427463e-04	-5.4530300e-02	7.0085937e-01	2.5185704e-01	1.7549944e-01	-5.3032309e-01	-1.6102944e-01	-5.9969705e-02	2.0783070e-02	1.1813109e-01	1.2523392e-01	2.5656343e-01	2.7598011e-01	1.8349102e-01	-5.1933348e-02	-7.5171348e-03	-3.5569158e-01	4.5832983e-01	1.3978863e-01	4.3190539e-01	-2.6253322e-01	-1.8398810e-02	-3.4608892e-01	-1.6011287e-01	1.3313778e-01	3.1981072e-01	-1.6815245e-01	1.0606994e-01	-2.8901669e-01	-9.1347590e-02	2.5301453e-01	-2.0768999e-01	-3.6625853e-01	-1.7310871e-01	-2.3162054e-01	-2.2306226e-01	4.9761418e-02	2.0391485e-01	-4.5342609e-01	1.2709419e-01	-7.5200945e-02	-5.1331699e-02	-1.9258569e-01	-1.0714317e-02	4.0886471e-01	-2.6835102e-01
-3.2739601e-01	2.5532195e-01	-3.7178504e-03	1.0958549e-02	1.8427296e-02	5.3384665e-02	-1.6714171e-01	1.8595855e-01	1.2489934e-01	2.5487569e-01	5.1351007e-02	1.0105766e-02	-7.0273772e-02	-4.8624065e-02	2.7220431e-01	1.8142636e-01	-2.2063683e-01	1.5515895e-01	2.4783888e-01	2.2453827e-01	1.4313518e-01	1.8547171e-03	1.6049571e-01	5.6931950e-02	-4.3346724e-01	8.1566088e-03	2.2562727e-01	2.6968011e-01	-7.0895262e-02	-2.2155456e-01	-1.9043986e-01	1.4355399e-01	-3.6635378e-01	-5.5015212e-01	-2.5559548e-01	-1.4809878e-02	-1.4268447e-02	-1.3252603e-01	9.3820496e-03	9.1269888e-02	1.6232733e-01	-1.0677681e-02	2.6799478e-03	3.1699637e-01	-2.4094798e-01	-3.5688317e-01	-8.9070834e-02	3.6924452e-01	-8.7933660e-02	-1.1863735e-01	2.6984733e-01	-4.3856981e-01	-8.4531784e-02	7.7101983e-02	1.3603655e-01	-1.1329873e-01	-1.1349867e-01	7.7533536e-02	1.8119922e-01	2.7377591e-01	-2.4441633e-01	2.6864037e-01	-2.7594382e-01	-1.3239731e-01	1.5705474e-01	-4.1705713e-02	5.2528586e-02	2.5273183e-01	-4.9015421e-01	-1.6813587e-01	1.2306980e-01	-3.8415414e-01	2.5948995e-01	1.1521459e-02	-1.6499999e-01	-4.0218554e-02	-4.1015636e-02	-4.8657763e-01	-3.9312121e-01	4.1716017e-02	-2.2266988e-01	-4.5709267e-01	-1.0956167e-01	8.1259549e-02	2.7499540e-02	2.2783439e-01	8.5510395e-02	7.1357660e-02	7.9538599e-02	-3.8886851e-01	-3.4610033e-01	-4.4268120e-02	-1.5115407e-01	-1.7190589e-01	1.6941065e-01	-5.5290498e-02	-1.3058981e-01	-4.4597173e-01	-3.0697736e-01	4.4235113e-01	-2.8613484e-01	-3.8202000e-01	8.2228519e-02	1.2599018e-01	-1.4922908e-01	1.7476699e-01	1.9352041e-01	3.6454584e-02	7.8736708e-02	-1.9988760e-01	-4.3635505e-01	2.4069558e-01	-6.1024722e-02	-7.8527439e-01	-5.9187375e-02	5.2323586e-01	-1.7432703e-01	1.4797457e-02	2.3239513e-01	5.5418495e-02	7.2773576e-02	-2.3733826e-01	-2.2507186e-01	3.5667816e-01	3.4938818e-01	1.4995828e-01	1.5938324e-01	-1.9388781e-01	-1.3012731e-01	4.3168867e-01	-2.0443046e-01	-2.1924466e-01	-1.2596022e-01	6.0626745e-02	-1.3084811e-01	-6.5618801e-01	-2.8227153e-01	2.6897672e-01	-1.4591917e-01	1.0891247e-01	-1.4713709e-01	3.7951601e-01	-1.6004398e-01	1.6336958e-01	-3.0097154e-01	-6.7078203e-02	2.9773360e-01	1.0109178e-01	-2.3145172e-01	3.0030495e-02	3.8585737e-01	1.3727127e-01	-4.3480530e-02	1.5668957e-01	-2.3323539e-01	1.5698491e-01	-6.1755903e-02	2.5530143e-02	2.2103690e-01	3.1715539e-01	-1.2816781e-01	4.5124179e-01	-5.3982466e-01	5.6648660e-01	-4.3104661e-01	6.3635874e-01	-2.1280530e-01	-1.6522744e-01	4.6378127e-01	-2.8473070e-01	1.1652081e-01	4.0194112e-01	-1.5220401e-01	-3.0015625e-02	-2.4596651e-01	2.1009588e-01	-3.1674075e-01	-5.7192665e-01	-8.3452262e-02	1.0471395e-01	-8.2943268e-02	1.4952420e-01	-1.6079514e-01	-1.2474508e-01	-2.6352262e-02	9.4798885e-02	-1.8480405e-01	2.7098665e-01	1.2083664e-01	-9.0206325e-02	-2.3682661e-01	-2.5854138e-01	7.8386009e-02	1.9861509e-01	-8.5675139e-03	2.0945616e-01	1.2456617e-01	-5.2219894e-02	2.0438275e-01	5.7640411e-02	-9.6628577e-02	-2.0483691e-01	1.6672513e-01	6.2083527e-02	2.9696348e-01	-1.3053381e-01	8.4049746e-02	-9.5331222e-02	-2.2832215e-01	2.9425138e-01	-2.1974331e-01	-1.6112491e-01	-1.5647461e-01	-2.7547947e-01	2.7816620e-02	9.6547157e-02	-2.3576240e-01	-2.7217421e-01	3.0243757e-01	-1.5326974e-01	2.5235781e-01	2.7698079e-01	1.8007307e-01	-9.3713673e-03	5.5681113e-02	-2.8250122e-01	1.9557749e-01	8.0151163e-02	-1.6751061e-01	-7.1963601e-02	2.0069426e-01	-2.2531255e-01	3.1227896e-01	-8.6629629e-02	-1.8604435e-01	1.9146733e-01	2.5966167e-01	3.5840876e-02	-1.8827698e-01	8.3387539e-02	5.2886899e-03	-1.1465196e-01	3.4876812e-02	1.1172484e-01	3.5368118e-01	1.0036280e-01	-1.2152935e-01	9.9777952e-02	-2.3934373e-01	9.4843999e-02	-9.0686910e-02	-4.9795783e-01	-2.8647745e-02	-1.0544795e-01	9.1052227e-02	1.8790506e-01	-1.9940317e-01	4.6421990e-01	-3.5890394e-01	1.8928824e-01	2.9191586e-01	2.2292185e-01	1.9002777e-01	1.2620175e-01	-1.8366943e-01	1.9232303e-01	-7.6862492e-02	3.3591989e-01	1.9588603e-01	6.0574162e-01	-7.9129539e-02	2.3150146e-01	-3.1691867e-01	-9.2576705e-03	-1.9460906e-03	-1.6559128e-01	-1.5718846e-01	-9.9826008e-02	8.6508192e-02	2.7463496e-01	-1.6453545e-01	3.1812420e-01	-7.5461008e-02	3.0582207e-01	-1.5387246e-02	2.5011966e-02	2.8271982e-01	1.8189651e-01	8.7494522e-02	-1.0998031e+00	-1.6925159e-01	-1.8247838e-01	-6.9116719e-02	-2.8077635e-01	-3.2605001e-01	1.8300319e-01	-5.7840012e-02	7.2329037e-02	5.4881599e-02	-1.1015592e-01	2.3042724e-01	5.3835893e-01	5.0782502e-02	-1.7157604e-01	-9.8338291e-02	8.0050277e-03	-1.1849136e-01	4.6304960e-02	-1.3576637e-01	1.7659588e-01	4.2217184e-02	-8.6942099e-02	2.6784040e-02	2.8114969e-01	8.3994307e-02	-1.1895840e-01	2.1602044e-01	-2.8561649e-01	3.0818889e-01	1.8925495e-01	2.2026756e-01	3.0322039e-01	-5.5961698e-01	-5.0741702e-02	2.0619427e-01	-3.0676663e-02	-1.0279945e-01	2.2746629e-01	9.8521121e-02	4.2338107e-02	-1.4933974e-03	-3.0377078e-01	1.9694952e-02	1.2220628e-01	-1.7597118e-02	-1.7956473e-02	3.4210324e-01	-2.1815997e-01	-2.7760002e-01	-3.1622893e-01	-2.5530221e-02	-2.2602019e-01	-2.2815853e-01	2.3296040e-01	2.8105503e-01	-7.2165534e-02	-1.4844057e-01	-5.1277566e-01	-1.6213508e-01	9.1520101e-02	-1.1140136e-01	-2.2873993e-01	-1.6994770e-01	-7.2359103e-01	-2.9741743e-01	-3.7596118e-01	-1.2696005e-01	-9.3314789e-02	-3.0317640e-01	6.1137445e-02	3.0640796e-01	6.4816937e-02	1.1849143e-01	1.5989143e-01	1.4812827e-01	2.7144608e-01	-1.9139384e-03	3.1666160e-01	2.6836611e-02	-3.2451379e-01	-3.8658191e-02	-2.6897153e-01	9.3618274e-02	-5.5832412e-02	2.1482188e-01	-1.4461614e-01	-2.0031086e-01	1.4431207e-01	3.0090436e-01	2.5797468e-01	2.2140282e-01	1.1262914e-01	2.3558976e-02	-1.7012466e-01	-2.7469441e-01	-4.3228427e-03	-1.6529186e-01	3.8026352e-03	6.1955016e-02	-2.1764569e-01	2.5284463e-01	-2.9357678e-01	2.4244905e-01	3.1152430e-01	2.4992494e-01	-3.0983424e-01	2.2012922e-01	-3.5808307e-01	-3.0605061e-02	-2.7897558e-01	-3.3295482e-01	5.9901353e-02	3.0477094e-02	2.0813169e-01	-1.1502083e-01	-1.4383905e-01	-2.4070872e-01	2.0740256e-01	-1.9483170e-02	-1.6356583e-01	1.2291276e-01	-2.3689608e-01	-2.5768000e-01	6.5514013e-02	-2.1846434e-01	-1.2929030e-01	2.8250736e-01	-4.2130941e-01	8.8819578e-02	3.8701555e-01	2.0078078e-01	-2.6034918e-01	-6.9859400e-02	1.1942971e-01	1.3464607e-01	2.4640432e-01	7.8630976e-02	-1.5840858e-01	2.7630517e-01	-6.3587189e-02	6.8475164e-02	-3.9266810e-01	-4.4456281e-02	-2.5280923e-01	1.5056382e-01	1.6749243e-01	1.0965082e-01	2.1145040e-01	1.7948799e-01	-1.2294973e-01	-1.9950120e-01	-2.6663348e-01	3.1426674e-01	2.8319094e-02	-2.5859493e-01	-2.0134357e-01	-2.1128395e-01	-2.2639450e-01	2.0368645e-01	-6.1791676e-01	1.3947406e-01	-4.7495925e-01	-2.3278506e-01	2.6826710e-01	1.4573881e-01	2.5303053e-02	1.9098225e-01	2.1087696e-01	-3.5560730e-01	1.6525945e-01	-1.1089022e-01	-3.1663060e-01	-1.5834938e-01	1.5881436e-01	1.9142000e-01	-3.7427254e-02	3.3927509e-01	-2.9521909e-01	-4.2057547e-01	5.5069745e-02	1.7886452e-02	1.6695488e-02	2.7122331e-01	2.1796408e-01	-1.8132016e-01	-2.5942847e-01	-7.3518388e-02	-1.5463643e-01	-4.0170737e-02	-1.6368902e-01	2.6782990e-01	7.4026644e-02	2.0345785e-01	4.1536325e-01	2.6232710e-01	2.4910215e-01	-2.4806631e-01	-3.8761876e-03	-5.0974660e-02	-6.4786011e-03	1.1798033e-01	-2.8353730e-01	-2.2506283e-01	-6.4698577e-02	4.5803227e-02	-4.8872745e-01	2.3584975e-02	-3.5430804e-01	-1.4384820e-01	-6.1193526e-01	9.8930366e-02	-3.1077665e-01	1.0641643e-01	2.9791650e-01	1.4844619e-01	-2.4969333e-01	-1.3202274e-01	2.4544543e-01	2.5184998e-01	-3.7783498e-01	-1.1085223e-01	-1.5806738e-02	1.4304416e-01	-2.1738355e-01	2.5694916e-01	-8.8471137e-02	-2.6498684e-01	-2.6489982e-01	1.6221060e-01	2.2219583e-01	-2.4156794e-01	2.8597698e-01	-1.5828893e-01	2.7640578e-01	-8.1424139e-02	-2.0658383e-01	-1.8968296e-01	-4.0759973e-02	-5.5549834e-02	-3.2510227e-01	-1.9915619e-01	2.8398982e-01	2.2330207e-01	1.1480215e-01	-1.3790871e-02	7.6316752e-02	-1.0807484e-01	-2.9804137e-01	3.2879572e-02	-2.7968764e-01	-1.8463723e-01	-3.0429488e-01	-1.4887775e-01	-2.7251819e-01	-1.1148002e-01	4.4468638e-01	8.0883586e-01	2.2455333e-02	4.8049122e-02	-6.4328678e-02	1.2922852e-01	-1.1135923e-01	8.6303525e-02	-1.4298961e-01	-1.5650523e-01	-6.0987651e-02	-1.6409133e-01	2.7842379e-01	-8.7319873e-02	1.8273310e-01	-1.9872327e-01	-5.2072501e-01	-8.6994112e-02	-1.2954595e-02	1.0822560e-01	-3.4302348e-01	1.7575423e-01	-1.5517526e-02	-4.5199130e-02	-2.2779495e-01	1.7292741e-01	6.7833357e-04	3.1118515e-01	2.5653130e-01	2.9261473e-01	-5.1945788e-01	1.0919777e-01	-3.9992759e-01	-1.5920019e-01	-4.5335621e-01	9.1405988e-02	-1.7852344e-01	4.2863437e-03	1.7228563e-01	2.7712134e-01	1.2242159e-01	2.9236743e-01	-1.5677297e-01	-6.5442666e-02	4.0373694e-02	-2.1380144e-01	-5.7223655e-02	-1.7657365e-01	-1.6209717e-01	2.9754958e-01	-3.9498410e-01	-1.3293739e-01	-1.1303355e-01	-9.6222334e-02	-2.7441684e-02	1.4138685e-01	-3.2180343e-02	2.4580500e-01	2.2536383e-03	-4.1826928e-01	2.3797591e-01	-9.5765360e-02	-1.6110341e-01	1.7557339e-01	2.4831639e-01	4.8309603e-01	1.2424547e-01	1.6615082e-01	7.5863026e-02	2.2377084e-01	-2.9754096e-01	1.8322563e-01	-1.7710063e-01	-2.0478891e-01	8.2660131e-02	-2.7861491e-01	-5.3980875e-01	-3.9368621e-01	9.6768036e-02	-8.6957470e-02	-2.7057654e-01	-1.9733815e-01	-6.1961981e-03	3.7537567e-02	2.3306204e-02	6.0935073e-02	-1.5287030e-01	2.2885320e-01	-3.1261531e-01	-1.0608226e-01	-9.7152941e-02	3.5180488e-01	-3.4942368e-01	2.0563838e-01	-3.7290722e-02	1.8856689e-01	-5.3004473e-02	2.3380753e-01	4.6419472e-02	-1.9007808e-01	-2.6471028e-01	4.0495992e-02	-2.5679541e-01	-1.5719582e-01	-2.6959744e-01	-1.0864721e-01	-2.3437726e-01	2.1329448e-01	4.9893558e-03	7.4804187e-02	-1.4930694e-01	-2.0524912e-01	-3.5890102e-02	1.3155425e-01	-8.1429482e-02	9.3311399e-02	-1.9855037e-01	-2.2043020e-02	1.6446710e-02	-2.9143968e-01	7.6338738e-02	-1.0105260e-01	8.2578003e-02	2.8960869e-01	-2.8423601e-01	-1.3172573e-01	3.4042597e-02	1.4913642e-01	-1.8747312e-01	-9.9058844e-02	-8.6437084e-02	2.9981366e-01	-4.2433172e-01	1.6702777e-01	-1.5324767e-01	-1.0970388e-01	-1.4227152e-01	1.5534942e-01	1.4255913e-01	-1.5525310e-01	1.3895974e-01	-7.7995077e-02	2.7960271e-02	-3.3571124e-02	2.2094153e-01	-8.3632037e-02	-2.7790329e-01	-3.0307481e-01	1.5740447e-02	-5.5755965e-02	1.0608730e-01	1.6604714e-01	3.8316038e-01	-1.9300607e-01	-6.1881170e-02	-3.9463493e-01	-2.9328868e-01	-2.2523470e-01	-1.5183134e-01	6.3418284e-02	3.8210180e-02	3.5459095e-01	2.3352344e-01	-2.2377165e-01	-5.1855296e-01	1.3444284e-01	-1.8863700e-01	1.9895855e-01	2.3305564e-01	2.3661834e-01	7.9976402e-02	-3.0134353e-01	-2.6892808e-01	4.4913523e-02	-1.9184835e-01	9.9419959e-02	-1.6073480e-02	-5.0304115e-01	8.2337737e-02	-1.2646745e-02	3.0369812e-01	-1.3269647e-02	2.1792415e-01	1.5217558e-01	-2.6302001e-01	-1.4792544e-01	1.6001338e-02	-2.7933022e-02	-4.6389496e-01	1.1618289e-01	-4.2843467e-01	-9.9901971e-04	-6.6890192e-01	-3.2569695e-01	3.0034142e-02	2.0926207e-01	-2.2298533e-02	1.8294787e-01	-2.9153360e-02	-1.2518105e-01	4.4363257e-02	3.5020437e-02	-1.2733595e-01	2.8666896e-01	-1.3360274e-01	1.2805911e-02	-3.0686369e-02	4.4026884e-01	-5.4239519e-02	2.3181930e-02	-4.8155683e-01	1.7591551e-01	-5.5892736e-02	-9.4458319e-02	1.1068899e-01	-1.0145228e-01	8.7069884e-02	1.5597680e-01	-3.3019429e-01	-4.9562860e-02	1.9804819e-02	2.3843339e-01	1.0899787e-02	-5.7351131e-02	2.5998961e-02	2.2005233e-01	1.9928530e-02	7.5910419e-02	2.0572601e-01	-3.0442947e-01	-5.1693566e-02	-1.1525780e-02	-1.4679746e-01	1.2030406e-01	3.2625857e-01	2.2532955e-01	2.1545683e-01	6.1781064e-02	2.5564709e-01	3.7011594e-02	4.1076828e-02	-2.3551705e-01	-7.9850994e-02	-2.8919905e-01	-2.2263329e-01	-1.5957299e-01	3.6907971e-01	7.3918127e-02	-1.7971238e-01	5.5332512e-01	-1.1735224e-01	-1.6346385e-01	1.8204997e-01	-2.0705374e-01	2.1656862e-01	2.2690734e-01	-1.7181101e-01	1.4702436e-01	-5.7067338e-02	1.0820181e-01	2.0975570e-01	1.0846597e-01	-2.0748213e-01	-1.6182534e-01	-2.4589396e-01	-1.1373526e-01	1.2232092e-01	-4.2921305e-02	-2.9200459e-01	-1.1085221e-01	8.5945256e-02	-1.6378298e-01	2.3651272e-01	2.6836532e-01	-1.5737462e-01	-2.9076067e-01	-3.2409500e-02	-8.4668577e-02	8.8709682e-02	-2.9013693e-01	1.8339990e-01	-8.8425592e-02	-1.1869580e-02	-4.9518295e-02	-2.6029277e-01	8.2251899e-02	-3.2442003e-01	9.1715693e-02	-3.8426563e-01	-2.8698549e-01	-1.5970232e-02	-2.2812477e-01	1.7499028e-01	-8.5502930e-02	-2.3718674e-01	2.4619821e-01	1.3300940e-01	-2.1130982e-01	2.6680321e-01	1.7474605e-01	-5.3310603e-01	3.8953744e-02	2.1547630e-01	2.9596591e-01	-1.5875593e-01	-1.9605270e-01	-5.5267566e-01	2.1232076e-01	-2.4360435e-02	-2.7108532e-01	1.1080720e-01	7.3280998e-02	-2.0913388e-01	-1.9723649e-01	-5.4451294e-02	-3.0380309e-01	2.5504944e-01	-4.1532174e-01	1.4064188e-01	2.7756605e-01	-1.1845013e-01	-1.5036404e-01	-1.7009285e-01	3.1005358e-02	-7.1226992e-02	-8.7808393e-02	1.2615938e-01	1.6675599e-01	-3.0496219e-01	-2.3981772e-01	-2.3753394e-01	2.6937464e-01	7.0351437e-02	-1.5191366e-01	-4.2801231e-02	1.2005253e-01	-2.3282494e-01	-2.5432837e-01	-1.6382270e-01	2.6525235e-01	-2.2764000e-01	-9.7766243e-02	3.6746066e-02	-2.5229076e-01	-1.1353770e-01	-1.9792143e-02	3.7066132e-02	-2.0980732e-01	-3.1630814e-02	-1.5216292e-02	-1.1050483e-01	-1.3823035e-01	-3.7587333e-01	4.5394963e-01	8.3764479e-02	3.2894081e-01	-2.1572752e-01	1.4465612e-01	2.9618254e-01	-1.6404498e-01	-1.6185126e-01	3.5463697e-01	-1.2135503e-01	-2.9017043e-03	-4.5239729e-01	3.2206655e-01	-3.2204935e-01	2.9576430e-01	4.4001486e-02	-2.4763128e-01	-5.7853812e-01	2.4645382e-01	7.1579739e-02	2.5710690e-01	-3.3617115e-01	-2.3842382e-01	-1.8197726e-01	2.0828308e-01	-5.5861417e-02	1.2366033e-01	-8.6243197e-02	1.6157840e-01	-1.6466282e-01	7.3036447e-02	-8.1762366e-02	-1.4529531e-01	-8.8553265e-02	2.4327673e-02	-2.0490235e-01	1.6322528e-01	-2.3710325e-01	1.8873762e-01	-7.4872442e-02	3.1902686e-02	1.3431863e-01	-1.1287327e-01	9.0979062e-02	-1.7531227e-01	-3.9042544e-01	7.5014830e-02	-8.3292358e-02	1.4784518e-01	-1.4363684e-01	-5.5844251e-02	-3.3292165e-01	-1.8133459e-03	-1.4040765e-01	8.6386308e-02	-2.1162932e-01	-8.8050161e-03	-1.5330134e-01	-2.4152859e-01	-5.6366991e-02	-1.4263994e-01	3.0440298e-01	-3.2852092e-01	-6.4937615e-01	-7.0450477e-02	1.2591951e-01	-2.6724267e-01	-1.6069011e-01	2.9768723e-01	-1.2377191e-01	2.3942120e-01	-2.5809919e-02	2.6090505e-02	-7.2609689e-03	-1.5144518e-01	-3.9465508e-01	-6.9394189e-01	-1.1644458e-01	-2.4558039e-01	-3.2160264e-01	-2.5007150e-01	-9.6475191e-02	9.1960818e-02	-1.0986196e-01	4.0516561e-01	2.1083055e-01	-1.3235085e-01	-2.7108788e-01	-2.5009939e-02	-5.7056659e-01	-3.2276222e-01	-1.8300565e-01	2.1463464e-01	-2.3821802e-01	-7.7627495e-02	-2.1727353e-01	3.7773572e-02	-8.3512075e-02	4.3947049e-03	2.0938011e-01	1.2891780e-01	-2.4047880e-02	3.2978520e-02	3.5375270e-01	1.2864368e-01	-5.8677915e-02	2.6615056e-01	-4.5276225e-01	-2.2081715e-01	4.0883120e-02	-8.0773242e-02	-1.2994336e-01	-9.4894439e-02	5.8329787e-02	1.9803734e-01	1.6146483e-01	-2.8158169e-02	-8.7745547e-02	2.3491327e-01	9.4499495e-03	3.4336263e-01	2.5542521e-01	-2.7047637e-01	-5.8492001e-02	-4.0956318e-01	-1.6652152e-02
-1.6474353e-01	1.6798083e-01	-2.4250109e-02	-2.3849069e-01	-2.2406097e-01	-4.8319906e-01	-1.1917055e-01	-3.0277190e-01	-5.7597536e-01	-5.1113272e-01	-1.0657334e-01	-1.1711240e-01	-1.1898454e-01	9.6984230e-02	2.5182930e-01	-7.3514163e-02	-5.5423398e-02	1.5416494e-01	1.9282301e-01	4.1066147e-02	-5.5780768e-02	-1.0552030e-01	2.5052834e-02	2.6557684e-02	-4.7266287e-01	2.1694586e-01	6.4070827e-01	1.5604653e-02	5.9722617e-02	-3.1078333e-02	-3.4658760e-01	2.5518921e-01	-1.9684267e-01	-3.0186819e-03	-1.5853946e-01	-1.7599148e-01	3.6627114e-02	-1.1967689e-02	-1.8355811e-01	-3.3221781e-02	-2.4927695e-01	-2.8424710e-02	1.1909498e-02	-2.8219920e-01	-1.0734050e-01	4.3980241e-02	-9.1700092e-02	-2.4128310e-01	-2.4645285e-01	-3.1082347e-01	1.1908130e-01	3.4964234e-02	-9.6579790e-03	2.6409587e-02	-1.3455763e-01	-2.2851156e-01	2.1141827e-02	-2.6576957e-01	2.6847675e-01	2.1136120e-01	-1.1904058e-01	-1.2128782e-01	1.5430185e-01	-2.8939867e-01	1.1935665e-01	2.1706818e-01	-6.6127792e-02	9.7932346e-02	-2.4786668e-01	6.1341792e-02	2.0597939e-01	-2.0992625e-01	-2.9353258e-01	-1.3851523e-01	1.1591425e-01	-1.0988368e-01	2.0171642e-02	-3.5912283e-02	-2.2936314e-01	-1.6149643e-01	2.6782373e-01	-2.2708777e-01	2.0239608e-01	-1.6161285e-01	-2.6616773e-01	-3.1986597e-01	8.5573653e-03	-1.7044161e-01	-1.0331744e-01	-1.7740345e-01	-1.7186108e-01	-2.4500160e-01	2.5663748e-01	-2.1922402e-01	2.3113161e-01	-3.9957233e-02	-6.6614431e-01	2.8957820e-01	-6.1717778e-01	-4.1035607e-01	-4.2752841e-01	2.7234033e-01	2.5638488e-01	-6.7844021e-01	-3.3342919e-01	-6.7967445e-01	2.8634056e-01	5.3758759e-02	1.6395886e-01	4.0258572e-01	2.9850724e-01	-4.8742611e-02	-2.6948065e-01	-2.7157956e-01	-3.1986979e-01	-9.3958631e-02	1.6136429e-01	-9.4512753e-02	-1.1600400e-02	1.4891227e-01	-5.2075374e-01	-3.0598563e-01	1.1266457e-01	1.2557632e-01	1.9705552e-01	2.5236355e-02	2.9602638e-01	-1.4493898e-02	-1.4939478e-01	2.5874397e-02	2.7458951e-01	-6.4431496e-02	2.2454198e-01	3.1991386e-01	4.1094329e-02	-2.0158110e-02	1.6354492e-01	-7.9723082e-02	3.8622576e-01	-3.7194762e-02	3.3896568e-01	5.4056615e-02	-9.1409810e-02	3.0038795e-01	1.7948972e-01	3.0162150e-01	-1.8158296e-02	-1.1975504e-02	5.6914896e-02	1.4811799e-01	4.9016616e-01	1.1661603e-01	1.6500318e-01	-5.3261399e-02	-3.1804532e-01	7.7088162e-02	2.6949453e-01	9.3377702e-02	1.7862260e-01	2.3070401e-01	-7.2828449e-02	1.1829521e-01	-6.0324766e-02	2.3718943e-01	1.7755602e-01	1.3025564e-01	-9.8610207e-02	2.8687498e-01	3.1313372e-01	2.8395414e-01	-7.9361254e-01	-1.5985683e-01	8.0885597e-02	-2.5572240e-01	-1.5988892e-02	-2.5212520e-01	-2.6127303e-01	2.0063452e-01	-6.7224748e-02	1.0798733e-01	-2.1090403e-01	-5.6117284e-01	-2.5922734e-01	-4.2782107e-01	3.4276447e-01	8.5099421e-02	-6.1656404e-01	-2.8174999e-01	-6.1190166e-02	1.2153517e-01	5.3967661e-01	-2.5172110e-03	6.8145417e-02	-8.2727976e-02	-1.4639927e-02	4.4014728e-01	1.1551925e-01	3.0538687e-02	-3.5623610e-01	-1.5584099e-02	2.6493645e-01	3.1020376e-01	-1.4238173e-02	1.4088459e-01	-6.8628401e-02	6.1992139e-02	-2.4665216e-02	-3.8160194e-02	1.5854199e-01	1.5960218e-01	-1.6442493e-01	1.9343200e-01	1.5346879e-01	4.9666002e-02	-4.6894300e-01	-5.0178826e-01	-6.1669331e-02	-2.8107879e-01	1.9635366e-02	-1.7560929e-01	-1.1026103e-01	-1.1827550e-01	5.8612263e-01	-2.8813809e-01	-2.3029216e-01	-3.4657645e-01	3.4698871e-01	4.6935964e-02	-4.7209322e-01	6.4309990e-01	2.1426821e-01	-1.1030735e-01	-2.3515487e-02	-2.5288966e-01	-3.2786736e-01	-2.8190893e-01	-3.2315010e-01	-1.2991290e-01	-4.7470447e-01	3.9623249e-01	-1.3891108e-01	-7.9337709e-02	-9.3922652e-02	3.7132326e-01	-3.4819037e-02	-4.0765736e-01	5.5250371e-01	-4.5641858e-02	-4.0428820e-01	-7.5519592e-02	5.9470255e-02	4.8610020e-02	3.6988601e-01	1.6991082e-01	-9.1825016e-02	6.4965978e-02	-1.9887760e-01	3.0911624e-01	7.9139441e-02	-4.4447201e-01	-3.3899102e-01	-6.6040647e-01	2.3760125e-01	2.0837271e-01	-4.3326622e-01	2.8377962e-01	1.1276896e-02	-2.2327484e-01	5.1413618e-02	7.2818086e-02	-4.9352951e-02	-3.0924085e-01	-1.7354059e-01	-1.5003505e-01	9.9308975e-02	-3.5310790e-01	-2.5015980e-01	2.3769678e-01	-2.0180596e-01	-3.3956073e-02	-4.4563958e-01	2.4142952e-01	7.3636192e-01	-1.6687793e-01	3.8922572e-01	-2.8739801e-01	2.5680104e-02	4.3647565e-02	-2.6190749e-03	-2.3761606e-01	-3.7457657e-01	8.7662354e-02	2.5967863e-01	-2.0330942e-01	-1.3281012e-01	1.8435435e-01	1.9847636e-01	2.3887058e-01	1.4276588e-01	-6.0414612e-01	-2.4272583e-01	3.0273411e-01	-3.2313576e-01	5.6958765e-01	-4.8437074e-02	-4.7776170e-02	-3.7358701e-01	8.5326703e-03	1.9072288e-01	-2.8322849e-01	9.5988736e-02	2.9490355e-02	1.2040985e-01	1.9239253e-01	-6.2270481e-02	-2.6470187e-01	1.2715991e-01	-1.6187985e-01	-4.0144324e-01	1.7292258e-01	3.8704383e-01	-1.3086347e-01	7.2004414e-01	-1.6508436e-01	1.2046248e-01	3.9213827e-01	-5.5222392e-02	-3.2707512e-01	-5.4884791e-01	-2.3491402e-01	5.7550706e-02	-4.3826646e-01	-1.9870706e-02	-1.2529409e-01	1.8214047e-02	5.0899816e-01	-2.0506412e-01	1.5611555e-01	-4.9061093e-01	2.1637532e-01	-1.2546177e-01	-2.1283846e-01	4.8282877e-01	-1.8035133e-01	-1.5498960e-01	8.8732392e-02	3.4451280e-02	-7.9819746e-02	2.9072821e-01	1.1030827e-01	4.6738592e-01	2.7224187e-02	1.8406515e-01	3.7805328e-01	-1.6735113e-01	-2.0804550e-02	-3.9312822e-01	-3.0824980e-01	-1.3074170e-01	2.4376136e-01	-4.6439976e-02	2.3761209e-02	4.4293210e-02	-3.6577576e-01	2.4717662e-01	-3.0347738e-01	7.0661835e-02	-2.1682329e-01	-1.9027357e-01	-3.4525102e-01	6.4113081e-02	-1.7822467e-02	3.0423370e-01	-7.4204549e-02	-4.0817820e-02	2.1322766e-01	-4.0236902e-01	-2.1670401e-01	3.1793812e-01	7.1483895e-02	2.1402240e-01	6.0743440e-02	4.3873459e-01	2.7224845e-01	-9.0029448e-02	2.6646653e-01	-1.8535794e-01	-2.5960976e-01	1.2043394e-02	-6.0974617e-02	2.6786003e-01	1.7827018e-01	-2.3514429e-01	1.7426744e-01	2.2522780e-01	-2.6106969e-01	4.2091787e-02	-1.8328640e-01	-3.7821263e-02	-2.9640913e-01	2.0128933e-01	-1.8998143e-01	-8.3161473e-02	-1.2174859e-01	-1.9226226e-01	-2.9493498e-02	-3.7624117e-02	-1.0477785e-01	7.9077840e-02	-1.6063757e-01	-2.8412220e-01	4.0462490e-02	-7.8224316e-02	1.4166786e-01	-9.7189941e-02	-1.6743873e-01	-1.2038476e-01	-3.1399816e-01	1.0128588e-01	2.9722559e-01	-7.9912618e-02	1.5260182e-01	-1.6397598e-01	-8.8642709e-02	-5.0370193e-01	-4.3183568e-01	-4.3424115e-01	-1.5294667e-01	4.2610701e-02	1.5850446e-01	2.8059879e-01	4.4654378e-01	-2.6229766e-01	-3.9264690e-02	-2.2845149e-01	1.4298852e-01	5.1337212e-02	-4.1026157e-01	3.5879579e-01	2.3919752e-01	-1.9858934e-01	-1.8402873e-01	-9.1762356e-02	-3.0690271e-01	1.8221627e-01	-6.0568213e-02	3.2110208e-01	1.8989490e-01	3.4456012e-01	-1.0305419e-01	-4.8325431e-01	-5.3280818e-01	-1.0791826e-01	1.4462762e-01	-1.6762863e-01	2.1415636e-01	3.2339528e-01	1.7627192e-01	8.6416557e-02	1.2762070e-02	2.3926627e-02	2.2974315e-01	1.0008387e-01	-1.7789231e-01	2.9719746e-02	1.5356691e-01	3.8020554e-01	-4.3252870e-01	-2.0596145e-01	-7.7111125e-02	-5.8264697e-01	5.9431717e-02	2.1920578e-01	1.4356957e-01	1.1183358e-01	1.1358087e-01	-1.3010009e-01	2.3664102e-01	-7.1180433e-01	2.5046250e-02	-9.2761166e-02	-3.9850244e-01	7.3206925e-01	-6.4180568e-02	-4.7229981e-01	1.9732264e-01	2.4934256e-01	-4.4184548e-01	-9.3019657e-02	-5.9720844e-01	-3.1177604e-01	-4.7472067e-02	-6.5378562e-02	3.1194335e-01	-1.5433411e-01	9.5123962e-02	-1.2446963e-01	2.3065010e-01	1.0701323e-02	3.0372453e-01	-2.4259222e-01	-5.1912144e-02	2.3144346e-01	3.9838597e-02	4.1925433e-01	1.8819383e-01	2.3210077e-01	5.0466955e-02	5.0056037e-03	-2.9288569e-01	2.4894881e-01	-7.6436624e-02	2.2466439e-01	7.4230701e-02	5.3161021e-02	-2.2621283e-01	-2.6362291e-01	-1.7506081e-01	-3.1876430e-01	-2.6094556e-01	1.6609973e-01	-9.5083520e-02	-8.7344311e-02	-1.7595509e-01	-3.0925575e-01	2.7429050e-01	-3.6323951e-03	8.2827985e-02	3.6055550e-02	-4.5441329e-02	-1.3759391e-01	-1.2503688e-01	-6.1491668e-02	1.6662620e-01	4.4268901e-03	2.1227734e-01	5.5014864e-02	2.3644906e-01	-1.8217576e-01	-3.1801600e-02	-2.3410915e-01	2.7846819e-01	1.3556564e-01	1.7909478e-01	4.4438243e-02	-2.1014294e-01	3.9743313e-01	1.3587013e-01	-4.0926740e-02	7.8065437e-01	1.1363429e-01	-1.7545842e-01	-1.5957686e-01	-9.0975851e-02	-4.0136403e-01	-3.0402330e-01	-1.6794717e-01	1.8805850e-01	-7.6470740e-02	4.0364289e-01	-2.1235724e-01	-3.4615839e-01	-3.3792779e-01	2.9075983e-01	-2.0128848e-01	-2.8051522e-02	6.1484665e-01	-3.4854525e-01	-3.0960920e-01	-2.4315496e-01	-3.5418037e-01	-9.8615326e-02	1.6109954e-01	-2.0443954e-01	9.0772557e-01	-2.3742718e-01	8.7790430e-02	-3.4688836e-01	1.0935095e-01	3.0641672e-01	2.1514608e-01	4.9205869e-02	1.1713235e-01	1.8828508e-01	-2.7659679e-02	-4.5704868e-01	-1.6794038e-01	4.4667567e-03	-1.9120848e-01	1.1365803e-01	6.7505591e-02	3.0584776e-01	-3.6740690e-02	2.7339071e-01	-3.9629704e-01	9.6115798e-02	1.6573966e-01	-8.6730480e-02	1.9219900e-02	-1.5437189e-01	-2.1161497e-01	-2.0316689e-01	3.9157894e-02	2.2067723e-01	2.5137198e-01	-1.1789756e-01	1.3685617e-01	2.2949886e-01	-2.5891668e-01	5.6149304e-02	-5.8545965e-01	1.3628593e-01	-1.2251610e-02	-4.8324767e-01	9.7049296e-02	2.7889779e-01	1.5449500e-01	1.8351303e-01	-2.6174718e-01	-1.5050341e-01	-1.8974622e-01	-1.4986812e-01	-1.3886994e-01	-1.3757178e-01	-3.3699912e-01	-1.5330142e-01	3.0319497e-01	7.6635964e-02	-1.4543106e-01	3.2871190e-02	-6.4020865e-02	3.4614134e-01	-3.7325051e-01	2.8733699e-02	-1.8875653e-01	2.4506421e-01	2.2886233e-01	-4.5475952e-02	-5.6207097e-01	4.5099352e-03	-1.7988542e-01	5.2719337e-01	-1.5416591e-01	-1.7650059e-01	2.8805959e-01	-5.8273394e-02	1.5913911e-01	-2.5930094e-02	-6.9571495e-01	5.5903304e-02	-1.6098720e-01	3.1940880e-01	1.1385871e-01	-3.0446766e-02	7.9012424e-02	9.7102309e-03	-2.4017857e-01	-3.9114775e-03	3.8909432e-01	-1.1635655e-01	5.8765382e-02	-1.2597902e-01	-5.3035951e-01	-2.3270115e-01	-5.3266518e-02	2.6397386e-01	4.7715971e-01	-2.6642722e-01	-1.2202967e-02	-1.5819451e-01	2.2800232e-01	3.5240003e-01	-1.6314769e-01	1.2338064e-01	-1.0565800e-01	-6.0549311e-02	-3.4762096e-01	5.6373877e-03	-1.1703625e-01	-4.3073201e-01	-5.3334886e-01	-3.6158496e-01	2.1511598e-01	-6.0953215e-02	-1.0705774e-01	-1.5490630e-01	2.0494631e-01	-2.3142882e-01	2.7563524e-01	4.3095298e-02	2.9143700e-01	4.5986701e-02	-2.0018816e-03	-1.2452193e-01	2.8939795e-02	-6.1456032e-02	-4.7439191e-01	7.2491825e-02	2.4738710e-01	-1.3355656e-01	3.9309198e-01	1.7605722e-01	-2.1060728e-02	-1.1195129e-01	6.1744995e-02	2.6097897e-01	-1.7476217e-01	-6.3431725e-02	5.7127583e-03	-8.1658408e-02	7.3110305e-02	-1.0310902e-01	-1.8625151e-01	1.3059857e-01	-4.9613938e-02	3.6655995e-01	1.4398997e-01	-1.5583473e-01	3.0636489e-01	-1.8658715e-01	-8.8718263e-03	1.3177577e-01	2.9148257e-01	1.3426812e-01	1.7998204e-01	-4.5723647e-02	-1.5956505e-01	1.5013565e-01	-3.4780872e-01	-2.6915827e-01	2.5792181e-01	1.1499956e-01	-3.8345519e-02	1.2654294e-01	-2.6063797e-01	5.9602570e-02	-2.4025740e-01	-4.7552459e-02	-1.5595065e-02	2.7667099e-01	-2.4555285e-01	-1.3615465e-01	-3.3916545e-01	-2.1194540e-01	2.3705965e-01	3.7344629e-01	1.3651030e-01	1.0158657e-01	2.3358002e-01	2.5766432e-01	-1.3925101e-01	-1.4546643e-01	2.3435719e-02	1.4460762e-01	2.9570287e-01	1.6446283e-01	2.2328010e-01	1.8589383e-01	-2.6913115e-01	2.1094014e-01	-5.6412164e-02	-1.8910700e-01	1.2523130e-01	1.9396393e-01	-1.1625272e-01	3.0248100e-01	-3.9538171e-02	3.2331440e-01	1.3273461e-01	3.7180241e-02	5.6632501e-01	2.0442472e-01	3.7703985e-01	-1.8305443e-01	3.5838292e-03	-5.9650648e-01	-5.9949458e-01	-2.6466879e-01	-1.1522049e-01	-5.3124465e-02	-2.0686373e-01	3.8401015e-02	1.3783363e-01	-2.5967699e-01	1.2206367e-01	-1.9086242e-01	1.5454821e-01	-1.7745748e-02	8.3849728e-03	4.4074755e-02	4.1970062e-01	-3.0246770e-01	2.5335282e-02	-1.7256932e-01	-6.5891176e-02	-2.6361096e-01	3.0042065e-02	-1.0926926e-01	7.3213857e-01	-1.5625595e-01	2.6683539e-01	-3.6638185e-01	2.9615730e-01	-8.9935847e-02	-1.8389422e-01	-3.3682879e-02	-1.3396224e-01	2.1160811e-01	1.9518897e-01	1.5891203e-01	-8.6750813e-02	8.3694905e-02	2.4433219e-01	-1.0720320e-01	1.8368396e-01	3.7413621e-01	-9.9876106e-02	2.2257881e-01	5.3828780e-02	2.8331712e-01	4.3520778e-02	-2.0640728e-01	-5.8785606e-02	1.7924972e-01	-7.3283359e-02	1.9137129e-01	-1.1380305e-01	2.6206249e-01	-9.8348046e-03	1.5130733e-01	4.9227300e-01	2.1433230e-01	-2.5178123e-01	-1.6537596e-01	3.8593452e-02	-9.3360581e-02	-2.4323957e-02	1.9583439e-02	-6.7142993e-02	-2.5359958e-01	-1.5343770e-01	-2.2946554e-03	3.9418891e-02	-1.5344822e-01	-1.1571847e-01	-8.5784651e-02	2.5415748e-01	1.1030582e-01	-2.4153739e-02	-2.8812173e-01	-3.2186475e-02	-1.7646931e-01	-1.9802594e-01	-3.1382984e-01	2.6715020e-02	-3.3818913e-01	2.0686434e-01	-2.8472796e-01	7.2810240e-02	1.3333699e-01	-5.1127948e-02	1.8499106e-01	-3.7889317e-02	8.4835090e-02	2.1849456e-01	-1.1736940e-01	2.1425398e-01	1.9095144e-01	5.7196908e-02	1.7369828e-01	-1.0915239e-01	-2.8599158e-01	5.1554266e-02	-1.0692765e-02	-9.0685636e-02	-1.8062502e-01	-2.2283021e-01	-3.8474403e-02	1.7301753e-01	5.4405335e-02	2.3079589e-01	-2.5325307e-01	6.2977046e-02	-2.4624230e-01	-5.1073045e-02	-3.6292761e-03	-2.2695254e-01	7.1191631e-02	-1.8589139e-01	1.2154362e-01	1.4245418e-01	-2.3035093e-01	-2.1440162e-01	5.9276175e-02	-7.1222983e-02	-2.9672745e-01	2.6330763e-01	2.3819496e-01	5.0587666e-01	-2.9533768e-01	1.9821611e-01	-8.4901646e-02	-3.0753645e-01	-2.3101149e-02	2.1438532e-01	-4.1779834e-01	-4.4968512e-02	-3.6289343e-01	3.0733207e-01	-1.6721517e-02	3.1202838e-01	-1.5971016e-02	-5.7376582e-02	6.8758884e-03	-4.5015324e-02	-1.6587430e-01	1.0868013e-02	8.2635038e-02	4.0126875e-01	2.3323780e-01	-7.0301965e-02	-3.4598969e-02	-1.8399245e-01	-3.9626457e-02	-1.7973970e-01	-5.5128168e-03	4.6992585e-01	4.2287640e-02	-1.1618705e-01	1.5379118e-02	7.2750092e-01	2.4331383e-01	-1.1776309e-01	4.2369196e-01	-5.7952409e-03	-4.5749786e-01	-5.8116078e-01	-2.9957461e-01	-1.0982505e-02	-3.6622280e-01	-1.8052468e-01	-2.8726617e-01	-2.0556785e-02	4.4430506e-01	-3.6080413e-02	2.3915204e-01	-3.0788720e-01	-9.3095712e-03	-2.8298858e-01	1.4420709e-01	5.4370886e-01	-5.9379642e-03	2.6490265e-01	-2.3637556e-01	-9.6812062e-02	-5.9170101e-02	3.0511215e-01	1.2616933e-02	2.1747093e-01	-1.6915861e-01	2.2151302e-01	5.0840145e-01	-2.9499581e-01	-4.1059006e-02	2.3645143e-01	1.6615681e-01	-3.3054024e-01	3.1012177e-01	1.7277937e-01	-3.8253829e-02	-1.2918654e-01	3.7498781e-01	1.5951009e-01	2.1922289e-01	7.4878842e-02	-3.5178548e-01	2.0267820e-02	2.4844594e-01	7.9284692e-03	-2.5815600e-01	-5.2094668e-02	-1.9072439e-01	-1.3054851e-02	1.2979732e-01	2.3248006e-01	-8.2372181e-02	3.0269650e-01	3.2720712e-01	2.8185818e-01	-2.3203872e-01	-6.0737956e-02	3.2400498e-01	1.7305578e-01	-1.1818297e-01	-2.9162562e-01	-1.6848835e-01	-2.3747568e-03	-1.8179618e-01	-1.6091317e-02	1.3117270e-01	5.0807213e-03	-7.4519636e-04	2.3598701e-01	-1.4437582e-01	-2.5307024e-01	-8.1138737e-02	1.9681935e-01	-2.0454672e-01	1.2216915e-01	-2.1710129e-01	3.3912036e-01	-1.9279848e-01	2.0720303e-02	5.4722365e-02	1.5588103e-01	-2.3821674e-02	-1.2142833e-01	1.0058132e-01	-1.6586661e-01	-2.3738718e-01	-1.5878068e-02	-1.6336101e-01	2.9174132e-02	-2.9139614e-01
5.5399531e-01	2.4494037e-01	-2.1490845e-01	1.8155976e-01	-2.9723892e-01	2.8128719e-01	6.0812753e-01	-5.1536202e-01	5.6058043e-01	-4.5572832e-01	-2.4217902e-01	3.6054820e-01	-2.9265952e-01	-2.7693075e-01	-9.7326942e-02	-4.8125544e-01	-5.1242352e-02	-9.3847287e-01	-1.5641753e-01	-2.3476818e-01	4.3755382e-01	3.6340132e-01	3.3172637e-01	8.8034593e-02	-7.0860910e-01	-3.0297583e-01	-2.5446975e-01	-3.7970698e-01	-2.0131640e-01	-4.8338082e-01	3.5428873e-01	-9.4254322e-02
