9
input	8
dense	32
relu	0
dense	32
relu	0
dense	32
relu	0
dense	1
linear	0
7.999999979801942e-06
4.4492375e-02	-3.6207233e-02	0.0000000e+00	-7.8788638e-02	-4.4545177e-02	0.0000000e+00	-1.5992042e-02	-2.2146719e-02	1.4131552e-02	1.2187698e-01	-6.7565933e-02	-8.0012716e-02	-5.8212564e-03	-5.1608123e-02	-5.4652918e-02	-1.7949399e-02	-2.5538824e-02	0.0000000e+00	2.3697132e-02	0.0000000e+00	4.3504611e-02	-1.0235543e-02	6.6586006e-03	-6.2782317e-02	3.3198874e-02	0.0000000e+00	8.7143378e-03	3.6622178e-02	-1.6094796e-02	6.2847881e-05	4.4939527e-03	1.9847868e-02
1.1608730e-01	-5.9054386e-02	-1.4618804e-01	-1.1365687e-02	-1.2002963e-01	5.8807865e-02	1.6008230e-02	-8.0311209e-02	4.7147103e-02	2.5948582e-02	7.0611805e-02	-1.1708387e-01	4.8293609e-02	-2.0033877e-02	-3.6978452e-03	2.8973186e-02	-5.4866679e-02	2.2575805e-02	5.2685631e-03	-4.8617739e-02	-6.7223335e-04	4.3708794e-02	-1.3242360e-02	6.2736779e-02	-5.3696129e-02	-1.1582967e-02	-3.0167570e-02	-7.3297635e-02	-3.5634220e-02	6.9848262e-02	-1.1785280e-01	-1.6734004e-02
-2.5591046e-02	-3.9642859e-02	-5.1270530e-02	3.5141345e-02	-6.0122721e-02	-5.4820966e-02	-4.8914249e-03	-2.0162711e-02	-2.2246592e-02	-2.9488185e-02	1.1016311e-03	-3.4789812e-02	-6.2084194e-02	-5.2415363e-02	1.3538074e-02	-2.7398553e-02	-1.7009959e-02	8.5255958e-02	-5.4734159e-02	-6.3114151e-02	-3.2106541e-02	4.7041982e-02	-1.1630310e-02	-4.1295215e-02	1.2870758e-02	2.5484620e-02	5.5513367e-02	2.7952436e-02	-6.3984245e-02	-3.6684629e-02	2.9597532e-02	2.9379377e-02
1.0884780e-02
1.6718109e-01	-3.9537889e-01	-7.5575906e-01	7.2676547e-02	2.8002219e-02	-1.2514222e-01	3.9977765e-01	-3.3437359e-01	3.3076423e-01	1.0761098e-01	1.9393092e-01	-2.9956011e-02	3.8464135e-01	2.0692307e-03	5.7562363e-01	-4.4073766e-01	2.2500318e-01	-3.8306552e-01	-1.1780155e-01	3.0512595e-01	3.7758750e-01	2.5908142e-02	2.9721403e-01	-1.1546674e-01	3.0822679e-01	3.0515328e-01	5.2584477e-02	-1.1214017e-01	-1.1622033e-01	-1.9392423e-02	6.5503973e-01	-1.6205639e-01	-8.4628845e-03	-1.9879293e-01	4.6461740e-01	2.9603472e-01	-1.9501640e-01	-1.1329722e-01	2.8343114e-01	-2.4066211e-01	2.0796108e-01	-3.4833050e-01	2.0099735e-01	-2.5295103e-01	3.3285254e-01	-3.0177355e-02	6.7792237e-02	1.6877955e-01	-2.4387894e-02	-5.1731861e-01	-1.5467010e-01	-1.5138417e-01	-1.1283173e-01	1.8508643e-01	-6.5507507e-01	1.3035034e-01	-2.2691154e-01	3.3325881e-01	-1.3004377e-01	3.5273409e-01	2.2525807e-01	5.8321353e-02	3.4694991e-01	-3.5686901e-01	-1.9259879e-01	3.1295103e-01	-4.0974244e-01	-4.6212268e-01	-2.6758376e-01	7.6554127e-02	-6.1063951e-01	3.4109402e-01	-4.7393441e-01	-4.6959466e-01	-2.1035603e-01	-2.1246947e-01	2.0935477e-01	3.2069844e-01	-1.2763695e-01	-4.7841674e-01	1.7728902e-01	-2.1477221e-01	-8.6647034e-02	2.0919058e-01	1.9780986e-01	5.0664701e-02	1.1442071e-01	7.4174561e-02	2.5319359e-01	-1.0937802e-02	-4.8344317e-01	3.1841251e-01	-2.5762239e-01	1.2583686e-01	-4.2288005e-01	2.6619372e-01	-2.4145797e-01	-2.5687778e-01	3.7811875e-01	-7.4715513e-01	1.4381814e-01	3.2653964e-01	-5.4719186e-01	1.1291137e-02	-6.1432010e-01	-4.5536298e-01	2.3218244e-01	-5.6063503e-02	-6.1049769e-03	4.0691663e-02	3.7268889e-01	2.7788022e-01	1.9807769e-01	3.8765833e-01	4.3184154e-02	6.0536403e-02	2.8327128e-01	1.4114299e-01	4.2630124e-01	-4.2011300e-01	3.3511013e-01	-4.1523939e-01	2.2410288e-01	5.0077491e-02	6.9415145e-02	-2.4186110e-03	6.8058419e-01	6.4039826e-02	2.8125564e-02	4.5792261e-01	-3.2189971e-01	-8.6001538e-02	-1.7923118e-01	-1.6876779e-01	5.5782819e-01	9.0064504e-04	-3.1583989e-01	4.2400748e-02	1.5897059e-01	2.2378314e-01	3.8212276e-01	5.4496825e-03	-1.2341660e-01	2.3549032e-01	-3.9121950e-01	-4.1825858e-01	-2.0383491e-01	-1.7133105e-01	2.8041077e-01	3.7700152e-01	-1.7763652e-02	-1.8104480e-01	-2.7735218e-01	-3.3483651e-01	3.4299004e-01	-3.1391007e-01	3.5785913e-01	-1.5970837e-01	-3.9173663e-02	5.7944000e-02	1.1070510e-01	-2.6670685e-01	3.5202163e-01	-1.4344710e-01	1.0268591e-01	5.7141975e-02	-9.6536957e-02	2.5351202e-01	1.8357302e-01	-1.8600401e-01	-2.9674354e-01	5.6452688e-02	-2.2885843e-01	9.7247714e-04	-9.0135670e-01	-3.3128035e-01	3.6674511e-02	3.5503739e-01	3.9282590e-01	-6.0813826e-01	4.2306623e-01	6.8479375e-04	9.5545851e-02	3.7521297e-01	-1.1259764e-01	9.9632666e-02	4.3930665e-01	-3.9580208e-01	-1.3171677e-01	1.3192438e-01	2.0635056e-01	2.7242300e-01	1.3833529e-01	-6.1447453e-01	4.4744897e-01	-2.7761576e-01	-6.4208098e-02	9.2083467e-03	-3.1075808e-01	2.1359602e-02	1.2029433e-01	-1.2641197e-01	-3.2815689e-01	2.3144597e-01	3.3836293e-01	-1.7863244e-01	7.5646520e-02	-3.1130528e-01	-3.9252388e-01	-2.5373611e-01	-7.9729240e-03	9.9803656e-02	-9.3273252e-02	-6.0097881e-02	5.9919423e-01	4.6325538e-01	6.5410905e-02	-4.0625429e-01	3.3642948e-01	8.7315179e-02	-5.9301011e-02	1.8789987e-01	-2.8429702e-01	2.8050682e-01	-2.1975237e-01	1.9194654e-01	-3.7428191e-01	-1.6394119e-01	-3.5107839e-01	2.0876566e-01	1.9064482e-02	-5.7774228e-01	5.6496674e-01	-3.3030695e-01	-2.9267877e-01	-1.1573218e-01	2.6889354e-01	2.7476180e-01	-3.8667092e-01	2.2300109e-01	-2.3545256e-01	3.8995457e-01	1.7750727e-01	3.7591386e-01	7.3670581e-02	6.6222385e-02	7.7117211e-01	-2.0088902e-01	2.1717553e-01	5.4782355e-01	-4.8963192e-01	1.3100871e-01	-9.4463371e-02	1.8560967e-01	3.7892005e-01	9.6360333e-02
2.8936005e-01	-6.1127192e-01	1.8930969e-01	-3.7897584e-01	-1.8056467e-01	-1.3419387e-01	-2.7012673e-01	-2.1870165e-01	2.1149905e-01	-1.7830272e-01	1.8779321e-02	2.4203259e-01	-6.6075318e-02	2.8561506e-02	-5.6357281e-03	3.4873955e-02	-2.1560922e-01	-2.7647868e-01	-2.6981080e-01	2.6384118e-01	1.5885614e-01	3.1101843e-02	-2.7885091e-01	-2.0084804e-01	1.8381234e-01	-3.5206735e-02	-8.5887779e-03	-3.7745472e-02	1.5560888e-01	1.6478857e-01	-3.2118374e-01	9.0952344e-02	-1.1534864e-01	5.4960668e-01	1.6703323e-01	-1.7733668e-01	3.2608840e-01	-9.1745108e-02	-7.7166013e-02	2.2314969e-01	-3.3557019e-01	-5.5892253e-01	-1.4585063e-01	-1.3413392e-01	-4.4936681e-01	-1.5730475e-01	2.9293051e-01	-1.6827734e-01	7.7088527e-02	2.5751987e-01	-6.8439715e-02	-2.5242752e-01	-1.0473430e-01	2.2844310e-01	5.8273399e-01	-1.5726852e-01	-4.2863664e-01	-1.0474321e-01	-1.2170506e-01	-2.8120071e-01	3.5290179e-01	1.5764524e-01	1.8306746e-01	2.7364191e-01	4.9299192e-01	-5.3728450e-02	1.9549075e-01	-1.2850621e-02	-1.0030092e-01	-1.4910626e-01	1.1712389e-01	-1.4526944e-01	2.2801234e-01	-1.9448127e-01	-2.0179124e-01	2.9377988e-01	-2.4368134e-01	5.6172955e-01	6.6253081e-02	2.4410269e-01	-2.6197901e-01	-1.0816263e-01	-2.7057566e-03	-1.1175126e-01	3.4816942e-01	-1.9816053e-01	-2.4555454e-01	-1.1955343e-01	1.0825557e-01	8.7750673e-02	9.0270821e-04	-4.7764245e-02	-9.2635088e-02	9.8966256e-02	-3.0826426e-01	-3.7556595e-01	4.8081025e-02	2.7428913e-01	2.4882552e-01	1.8120311e-01	-2.2332732e-01	-2.7478215e-01	-3.4106225e-01	-2.2674413e-01	2.7166718e-01	-1.6386362e-02	1.7959924e-01	7.8017287e-02	1.6269767e-01	-2.1248491e-01	-1.1979253e-01	-4.9323487e-01	3.3611423e-01	-9.4777182e-02	1.8988426e-01	1.1739251e-01	-1.1708702e-01	-4.8486128e-02	-2.1322463e-01	-1.1864021e-01	1.3822867e-01	-1.4617778e-01	-2.3071495e-01	-1.5428093e-01	4.0559542e-01	-4.9272159e-01	-3.0707249e-02	-5.6551449e-02	6.8185404e-02	-3.4392503e-01	-1.0475716e-01	-8.1319302e-02	6.0975538e-03	-1.7433479e-01	-6.9691800e-02	-1.0723141e-01	2.2404411e-01	-2.0636615e-01	-1.2891464e-01	2.2458453e-01	-4.4851962e-01	3.7024108e-01	6.4039201e-02	2.9606703e-01	-1.4613703e-01	1.8420768e-01	-4.0392101e-02	4.7108978e-02	1.4988336e-01	-4.9678691e-02	1.8220940e-01	6.5139674e-02	-1.2888542e-01	-1.9126040e-01	2.9125205e-01	-4.8455574e-02	-1.5711926e-02	1.2588045e-02	-6.6787839e-02	8.8881984e-02	-2.8205639e-01	1.5029535e-01	2.9083082e-01	-1.5634589e-01	2.0903902e-01	2.2018281e-01	2.0483460e-02	1.9908920e-01	1.7215957e-01	-3.9580721e-02	-7.6364167e-02	-2.2818664e-01	-4.0811893e-01	7.3399462e-02	-5.2111227e-02	-1.5316866e-01	2.6528215e-01	5.9633523e-02	9.7108178e-02	-1.0811503e-01	2.3327525e-01	8.1864327e-02	6.6769099e-01	-2.8459641e-01	-1.1740833e-01	1.9306818e-01	7.8450702e-02	-8.8960014e-02	-2.8762874e-01	2.0267221e-01	-1.2828420e-01	-4.3771914e-01	2.9163614e-01	3.2698569e-01	-1.6178834e-01	2.0113826e-01	2.5382932e-02	-1.2202199e-01	1.5013489e-02	1.2490208e-01	-1.5989465e-01	-9.7608075e-02	7.7868871e-02	-1.7833920e-01	1.4577310e-02	-2.8251049e-01	4.7752798e-02	-8.3028960e-01	3.8993046e-02	9.9604487e-02	-6.4064905e-02	-2.9877120e-01	1.4676675e-01	2.7195469e-01	-1.5032837e-01	-1.9774181e-01	-7.3685482e-02	1.1861375e-01	-3.6140764e-01	-2.3588729e-01	3.3803409e-01	-2.2706753e-01	6.8152726e-02	3.1775928e-01	2.1246439e-01	2.5085893e-01	2.3022702e-01	3.5018899e-02	1.8268335e-01	9.7394705e-02	1.4346441e-02	1.9618383e-01	-1.5922061e-01	6.3334480e-02	-6.3437514e-02	-3.1408355e-01	-2.1403818e-01	2.0867005e-01	2.7209434e-01	-5.5274510e-01	-2.5814414e-01	-2.4596572e-02	-1.7630677e-01	-2.8923810e-02	1.0851258e-02	-2.6602581e-01	5.3632885e-01	2.2438234e-01	-7.0195037e-01	2.8206697e-01	-5.3861998e-02	-4.8476267e-01	-7.2256409e-02	-3.0358925e-01	4.4590238e-01	2.5883788e-01	-1.7283106e-01	1.0162904e-01	-1.5618278e-01	1.2179001e-01	-3.7661746e-01	2.1670100e-01	2.7342457e-01	-1.0762147e-01	4.0237391e-01	-2.8985938e-01	1.7629664e-01	1.2502611e-01	-5.1768072e-02	7.2790861e-02	-8.3546236e-02	-8.1022942e-01	3.5912582e-01	-6.6483438e-02	-9.5735155e-02	-1.8370491e-01	-2.7021977e-01	-3.1347969e-01	2.5978768e-01	-6.8442203e-02	-5.8980024e-01	-2.5647998e-01	1.4236730e-01	-3.0141619e-01	-5.5007521e-02	-4.1076148e-01	1.2358084e-01	1.9866939e-01	2.9485079e-02	3.5303554e-01	2.5664827e-01	1.7426772e-01	1.4549753e-01	1.6442972e-01	3.5637283e-01	2.2025621e-01	4.4245008e-02	9.0304047e-02	2.8207043e-01	-3.2960099e-01	1.6138236e-01	1.6457982e-01	-7.2842106e-02	1.3120168e-01	4.5393519e-02	-1.7366751e-01	5.5113681e-02	-2.8479359e-01	2.2816023e-01	1.2992930e-01	-1.0912060e-01	1.3729037e-01	-2.8805751e-01	3.0359134e-01	1.3928615e-01	4.6072757e-01	-1.0456038e-01	-2.4302417e-01	-1.2849821e-01	-4.0958020e-01	-4.4799951e-01	-4.8062697e-01	1.2138236e-01	-1.3138908e-01	2.5630799e-01	2.2474736e-02	1.7205147e-01	-1.6564400e-01	1.2978733e-01	-3.0038422e-01	2.1803842e-01	-1.3522166e-01	-6.5283375e-03	1.1538363e-01	3.9538959e-01	-2.1606551e-01	-2.9323006e-01	4.2530000e-03	-3.1942245e-02	6.8421304e-02	1.5259670e-01	-1.3879494e-01	3.9907679e-02	1.4475675e-01	2.2556158e-03	-2.9110053e-01	2.7672043e-01	1.6121516e-01	1.0989342e-01	-2.4341492e-02	2.5065327e-01	-4.5031875e-01	1.4463934e-01	2.7435189e-01	-2.1677925e-01	1.2844193e-01	-5.6068912e-02	-2.2353676e-01	6.6272245e-04	6.5097898e-02	-2.3890117e-01	-2.4272654e-02	4.2136606e-02	-3.0195368e-02	5.2832328e-02	3.8983084e-02	1.4697200e-01	-1.4325574e-01	-1.8111438e-01	-2.5712609e-01	1.6387387e-01	-8.4709331e-02	-7.7280648e-02	7.7844918e-02	1.2694252e-01	1.0131267e-01	-2.6205668e-01	-6.7273080e-02	1.0669937e-01	-1.0240587e-01	-2.8880537e-01	-1.3662608e-01	1.4300056e-01	4.1335173e-02	2.4234247e-01	1.4599979e-01	-4.3932647e-02	-2.3643127e-02	-1.3483714e-01	2.6247719e-01	-3.4319633e-01	-1.6243988e-01	2.8434053e-01	2.7863458e-01	1.2916413e-01	-2.9421264e-01	6.1764140e-03	9.2331685e-02	6.4690478e-02	-6.8800993e-02	-2.3526542e-01	2.7094784e-01	3.0836262e-02	-2.1463449e-01	4.1960782e-01	-4.6907079e-01	4.6094286e-01	2.7891937e-01	-3.5469043e-01	-6.5302655e-02	-1.2139466e-01	3.7311804e-02	-3.9676553e-01	-1.3258466e-01	-2.7929199e-01	-2.4979430e-01	2.8098148e-01	1.1730894e-01	2.4872783e-01	1.8244490e-02	-2.5854897e-02	6.7115337e-02	-1.2429582e-02	2.3423880e-02	-1.1542511e-01	1.0092614e-02	2.5158635e-01	-1.4997078e-01	-1.5884799e-01	-2.5142363e-01	3.5664853e-01	-7.0875901e-01	6.4094458e-03	-2.1900174e-01	-7.9939894e-02	2.0238122e-01	-7.3123947e-03	-1.3229102e-01	4.0561149e-01	8.9184791e-03	-3.5527185e-01	-1.4207135e-01	1.6307558e-01	-4.0209571e-01	-1.1358189e-01	4.4401649e-02	5.0391972e-01	2.4066235e-01	1.4952134e-01	1.7237661e-02	6.6706091e-02	4.3186281e-02	1.0077799e-01	2.5263736e-01	-5.3660220e-01	-1.4166415e-02	6.9759667e-02	-2.6307774e-01	7.6034064e-03	-2.5383395e-01	2.8079593e-01	-1.1032273e-01	3.5736438e-02	-3.5123268e-01	7.6196954e-02	-1.1734207e-01	-3.0028254e-01	1.9737199e-01	3.3187696e-01	-9.3877125e-01	7.7728301e-02	3.1152988e-02	-1.7029601e-01	-2.0825367e-01	-8.7370090e-02	3.6366588e-01	-3.9204344e-01	-2.2020303e-02	3.8085356e-01	7.4888691e-03	-7.0813097e-02	3.2518122e-01	-2.7583152e-01	3.0305806e-01	8.3018467e-03	-2.0894024e-01	-2.7787349e-01	2.2904949e-01	3.9796159e-01	-1.1627337e-01	-2.2080192e-01	-1.1239967e-01	2.0755269e-01	4.8351035e-02	-1.7268746e-01	-1.6018102e-01	-1.5766900e-02	-1.2570530e-02	-1.0506517e-01	2.4596140e-01	-2.5308182e-02	1.1221734e-01	-2.5998902e-01	-2.2611845e-01	-6.7129004e-01	4.4299245e-02	-1.8741354e-01	-3.5271931e-01	1.9334099e-01	-6.4174205e-01	6.3318327e-02	2.8885493e-01	-6.3262761e-02	2.4624437e-01	2.5653699e-01	3.1848910e-01	1.8146296e-01	1.4406741e-03	-3.9531997e-01	-2.5384220e-01	-1.9739768e-01	-7.1739621e-02	2.1401261e-01	2.2331771e-01	-1.2620027e-01	-1.7243801e-01	-1.5976375e-01	8.8758522e-01	-2.6523027e-01	-2.5906369e-01	7.1525656e-02	8.8161141e-02	1.9888109e-02	7.5814523e-02	-1.9805241e-01	2.5599909e-01	-5.6305182e-01	-7.5757861e-02	1.0605300e-01	1.0457607e-01	4.8719693e-02	-3.0724686e-01	-1.0601000e-01	-3.2666039e-02	3.0418154e-02	-1.1058573e-01	-7.7997148e-02	-4.1565546e-01	-3.4975323e-01	4.2324960e-03	-1.9851121e-01	-3.1781495e-03	2.4541007e-01	-6.6855253e-04	-2.9020929e-01	1.5768754e-01	3.2257265e-01	1.1767304e-01	-3.0740070e-01	2.0721252e-01	-2.3886192e-01	-1.3893840e-01	1.3175279e-01	6.6941977e-04	3.8344219e-01	3.0514702e-01	1.5557367e-01	-1.9372863e-01	-1.5466064e-01	-2.0767447e-01	-2.1831788e-01	-1.8786581e-01	1.7845225e-01	1.0904885e-01	-9.7718336e-02	-2.1561093e-03	-8.1758171e-01	5.6170666e-01	-1.9324294e-01	2.2291766e-01	1.5707336e-01	-9.0086162e-03	-1.1091974e-01	-1.9549677e-01	-2.4971008e-01	-2.0573802e-01	3.0739838e-01	-1.6240582e-01	-1.7870298e-01	-3.5177022e-02	9.8503359e-02	6.1063862e-01	-1.8211162e-01	-1.4995855e-01	2.1743953e-01	1.2742448e-01	1.1972746e-01	-1.8780553e-01	-2.6367390e-01	1.4110787e-01	6.3514777e-02	2.2547305e-02	1.6086577e-01	1.2599199e-01	-8.8875540e-02	-1.9924395e-01	1.9429082e-01	-3.4248865e-01	-3.1532168e-01	1.3200420e-01	2.1022788e-01	-8.8821545e-02	-5.9221345e-01	9.4539136e-02	-2.4185500e-01	-7.1865812e-02	8.8199787e-02	-1.3144661e-01	-7.1176864e-02	6.3416280e-02	2.0410329e-01	2.5878307e-01	-3.0962911e-01	-2.2654453e-01	2.5880203e-01	4.0298820e-02	-1.2836598e-01	-2.6072174e-01	7.1733512e-02	-1.4106721e-01	-1.8808146e-01	5.0603583e-02	4.7132999e-02	4.0740490e-02	3.8900282e-02	-4.6848789e-02	3.4129158e-01	-2.7981263e-01	-3.7150410e-01	-3.9698559e-01	2.1034282e-02	-1.3194627e-01	2.3601362e-01	-2.7025601e-02	2.6588508e-01	-2.9238608e-01	-2.0891650e-01	8.8166565e-02	-1.3190295e-01	1.5769606e-03	2.7629605e-01	-9.9949334e-03	-1.8710519e-01	1.6622889e-01	-1.2879552e-01	2.9302931e-01	2.0264834e-01	3.9447337e-02	2.8228882e-01	9.9568635e-02	2.3021679e-01	-3.6396143e-01	5.0661182e-03	1.0003184e-01	-2.2469217e-01	-2.2077003e-01	3.7431774e-01	4.3196854e-01	2.5338016e-02	-1.7127080e-01	-1.5471645e-01	-3.3536467e-01	9.2880860e-02	1.9820197e-01	2.0954761e-01	1.1004294e-01	-3.6591396e-01	-1.4087780e-01	2.6648727e-01	2.2538245e-02	3.7072897e-01	1.2020992e-01	3.0213702e-01	1.3868378e-01	-9.6333221e-02	-3.3088371e-01	2.7580619e-01	-1.7564194e-01	2.8513628e-01	9.8844767e-02	2.5367487e-02	-3.0480704e-01	1.9272237e-01	-2.5439602e-01	8.7565770e-03	-1.6200288e-01	-1.1514285e+00	-1.3420147e-01	4.2128921e-02	-4.9345466e-01	-1.1627914e-01	4.4109400e-02	7.2246581e-02	2.3799425e-01	-4.1080609e-01	3.8603076e-01	1.6638386e-01	-1.2716945e-01	1.2838963e-02	2.0138809e-01	-2.5037044e-01	-2.6501915e-01	4.7439806e-02	1.4005218e-01	-6.0248516e-02	1.4945282e-01	-3.1501043e-01	7.6946206e-02	-5.6522661e-01	-2.7357662e-02	3.4299162e-01	8.0606908e-02	-1.9845429e-01	-1.3432783e-01	-3.0609328e-01	-3.5197642e-01	1.7458130e-02	8.0548152e-02	3.2716689e-01	-1.3748634e-01	2.5576490e-01	2.2854477e-01	3.8565639e-01	1.6574652e-03	1.9268395e-01	-2.2905634e-01	-2.9677522e-01	-2.3202443e-01	-2.0878738e-01	-2.9356855e-01	7.6184385e-02	2.0242569e-01	-5.4332137e-01	-5.7954863e-02	-1.3276975e-01	2.5716187e-02	-1.9715646e-01	-2.0800549e-01	6.0580436e-02	2.2503002e-01	6.3727207e-02	-6.1445528e-01	2.7068609e-01	3.0481675e-01	5.8803935e-02	3.0129400e-01	-2.1360926e-01	-2.2644165e-01	7.6060809e-02	1.8452200e-01	-2.6932809e-01	1.8692213e-01	1.8432453e-01	7.5309612e-02	-1.8978570e-01	1.6327962e-01	2.5925943e-01	-4.3682432e-01	-4.3489873e-01	-1.2757839e-01	-1.1836058e-01	2.8640601e-01	-2.2306031e-01	2.7335826e-01	-2.2141287e-01	2.8643999e-01	1.4945528e-01	-2.4083227e-01	-2.2774108e-01	-3.7279999e-01	3.1805357e-01	3.6506251e-01	9.0951018e-02	1.8880560e-01	-4.4728179e-02	1.7890140e-01	2.1100354e-01	2.2140202e-01	-2.7545935e-01	-3.2453917e-02	-1.9881934e-01	-1.2459110e-01	7.4123698e-01	-3.7333310e-02	-1.9227779e-01	6.5356672e-02	1.3302693e-01	-1.8509853e-01	-1.2506130e-01	-7.0131376e-02	-3.0541211e-01	-1.6892272e-01	1.6092396e-01	-1.2108386e-01	7.9357259e-02	-1.5616789e-01	1.5154587e-01	2.7529392e-01	2.6214018e-01	-1.1447708e-01	-8.2665607e-02	1.8116121e-01	-1.1840682e-02	2.5229940e-01	1.3029784e-01	-4.4100302e-01	-4.6474129e-02	-1.8959910e-02	-2.4773662e-01	-3.2228410e-02	-3.7588221e-01	4.8138160e-02	2.7124274e-01	2.3022673e-01	-3.4887707e-01	2.1010569e-01	2.7808044e-03	-4.6355194e-01	-1.1150733e-01	-4.1472629e-02	-1.2352003e-01	3.9782771e-01	-1.5515590e-01	4.2744598e-01	-6.5614000e-02	2.8350228e-01	-2.7692530e-01	1.0311639e-01	3.6468351e-01	-2.0776922e-01	-2.4150394e-01	-1.5473703e-01	2.6676515e-01	2.8962171e-01	5.0241888e-01	-7.8578331e-02	-2.3069615e-02	-1.2595892e-01	3.5815403e-01	7.5624555e-02	-6.3818760e-02	-4.4258296e-02	-3.2465717e-01	-3.0484030e-01	2.1903542e-01	7.4677058e-02	-1.5947001e-01	-2.7863234e-01	1.2559783e-01	-1.7725930e-01	1.0568480e-01	-3.8426375e-01	8.6255945e-02	1.5511109e-02	-8.4298648e-02	-2.4259223e-01	-2.9518789e-01	3.5208163e-01	-5.1983755e-02	-1.2469928e-01	2.1041878e-02	-2.0969433e-01	-1.7602445e-01	1.6985650e-01	1.2353993e-01	-1.6639970e-01	1.4038420e-01	-1.3627316e-01	-2.2371847e-02	3.1624597e-01	-2.1020855e-01	9.2381597e-02	-2.6988783e-01	-9.9495351e-02	-6.4952993e-01	2.7690607e-01	-2.1479437e-01	-6.7244530e-02	2.1305305e-01	-1.2372969e-01	-2.2393851e-01	-4.0960896e-01	4.1173419e-01	-1.9744015e-01	3.0190201e-02	1.6133127e-01	-2.5959799e-01	-1.5514410e-01	-2.4579549e-01	1.2206319e-01	-1.2971403e-01	-1.9336069e-01	-4.3655711e-01	1.0201514e-02	-1.5781978e-01	2.9818210e-01	1.3722457e-01	-2.3622447e-01	-4.4531889e-02	-4.1391797e-02	5.0768841e-02	-1.2082287e-01	1.8843296e-01	2.9946622e-01	2.9673240e-01	7.2079211e-02	-2.4880923e-02	-3.3489057e-01	1.9479470e-01	1.9617170e-01	1.0678759e-01	-2.9685757e-01	2.4978748e-02	5.5937115e-02	-4.4408667e-01	-2.3601745e-01	-4.5334809e-03	-2.7691323e-01	-4.6566340e-01	1.9139613e-01	-3.0043906e-01	-3.5256702e-02	1.0448465e-01	-8.7404206e-02	-1.5013629e-01	1.1485818e-01	-3.7657991e-01	-2.4939767e-01	1.9574538e-01	-7.3456302e-02	2.8036011e-03	-1.8853123e-01	1.8475825e-01	-4.6747744e-01	-1.1298877e-01	-2.6082885e-01	1.6273102e-01	2.7508706e-02	2.4467047e-01	-2.3234884e-01	-1.1530955e-01	2.4539930e-01	-2.3168284e-01	2.7611038e-01	5.3300804e-01	1.2616605e-02	-3.2844663e-01	-3.3824828e-02	4.1636693e-01	1.4661204e-02	2.2029409e-01	-2.6460148e-02	-1.5265241e-01	-4.1903245e-01	1.2879880e-01	-8.7060601e-02	1.9316396e-01	7.4961625e-02	2.3525149e-01	3.5098461e-03	9.0995595e-02	2.7874796e-02	3.8440171e-01	7.7941157e-02	9.0539671e-02	4.9570906e-01	-4.1749185e-01	-2.2799687e-01	-7.1270593e-02	2.8478205e-03	2.9503950e-01	2.5574508e-01	-1.9538492e-01	-1.2735146e-01	7.5563572e-02	9.4511837e-02	2.5688940e-01	1.9187540e-01	-1.3144554e-01	4.3156263e-01	-2.0012361e-01	-1.2021927e-01	-1.8927896e-01	2.2852206e-01	-8.4496170e-02	8.0609746e-02	-2.4049157e-01	-2.0660460e-03	7.4848652e-02	2.7395204e-01	-1.2735786e-01	-2.1133622e-02	1.4182191e-01	4.6527453e-02	-1.4182386e-01	-1.1740965e-01	2.5879139e-01	-5.5829000e-01	2.2329941e-01	-1.7736848e-01	-4.8607934e-02	2.5347683e-01	-1.6583496e-01	-4.2111358e-01	2.1020649e-01	1.4006992e-01	-1.3512026e-01	6.1700374e-02	-4.5343405e-01	6.0748443e-02	-2.6887140e-01	-5.0180759e-02	3.2170215e-01	-1.9403679e-02
-3.2087153e-01	-2.7288014e-01	-1.1974753e-02	-1.3561252e-01	-1.8075077e-01	-5.9443753e-02	-3.6980096e-01	-1.1050764e-01	-2.5608137e-01	-1.4652871e-01	2.0766738e-01	-2.7870384e-01	1.6647840e-01	7.3924176e-02	5.9572961e-03	-1.9459333e-01	-4.8210613e-02	1.8900016e-01	1.5950392e-01	7.6142870e-02	3.4980875e-01	2.1717469e-01	-2.6708800e-01	-6.7717634e-02	1.1638062e-01	-4.0277025e-01	-6.8588912e-02	-1.7979652e-01	1.5011572e-02	2.6717338e-01	-2.4872801e-01	2.3222128e-01	-2.0788799e-01	4.3891907e-02	1.7680877e-01	1.2164628e-01	-5.5265229e-02	2.3553365e-01	1.9230194e-01	1.9268899e-01	-1.9203088e-01	-2.9754317e-01	2.7184367e-01	-2.6519254e-01	-6.4752679e-03	-3.5342926e-01	6.3072048e-02	-3.2675841e-01	-2.4285492e-01	6.2970340e-02	-5.7419125e-02	-3.2346137e-02	-8.9120224e-02	2.0381136e-01	-8.3419777e-02	2.0036682e-02	-1.9187365e-01	1.6565281e-01	-3.9966208e-01	1.7403187e-01	2.4028948e-01	-2.0001607e-01	-2.1634094e-01	-4.5341097e-02	-3.7091646e-01	-2.0548491e-01	-3.7663305e-01	1.4307681e-01	-2.0380393e-01	2.5925058e-01	-1.3758357e-02	1.1510729e-01	-2.2732954e-01	1.5139744e-01	-4.4744760e-02	-3.9375693e-01	2.8959283e-01	-3.1545180e-01	-1.0050721e-01	-4.9839288e-02	1.6896975e-01	9.3016140e-02	1.8060735e-01	-9.4498150e-02	2.3850124e-01	-2.3807388e-02	-9.9182367e-02	1.6176169e-01	-3.8920382e-01	-3.2725710e-01	6.1887097e-02	2.4012567e-02	3.3521405e-01	1.4965476e-01	4.8146017e-02	-1.4582236e-02	-1.9757397e-01	2.3493417e-02	-2.3052929e-01	-2.1113522e-01	2.7078459e-01	5.2707009e-02	-4.8843067e-02	-1.1834964e-01	1.3835511e-02	6.5949567e-02	-6.9114916e-02	-3.0643579e-01	5.0891989e-01	-9.4618045e-02	3.0235505e-01	-3.8752806e-01	2.9302406e-01	2.0552996e-01	3.1138799e-01	4.8420259e-01	3.1051564e-01	-4.4041276e-01	7.3869340e-02	2.5402787e-01	1.4204115e-01	8.1000507e-02	-1.0934438e-01	2.8138888e-01	1.3259090e-01	2.8825703e-01	-3.7858698e-01	-2.0134751e-01	-1.0630862e-01	1.2895396e-01	-2.0542032e-01	-2.8728101e-01	2.3750620e-01	1.1352159e-01	-1.0418475e-01	-9.6400574e-02	-3.4822609e-02	-3.0379498e-01	-1.5719865e-01	3.0121628e-02	9.6566349e-02	1.9870763e-01	-6.7507453e-02	6.9492310e-02	-3.0306649e-01	1.6235475e-01	1.0852325e-01	-6.8044409e-02	-8.5247032e-02	-1.4713749e-01	-2.1007524e-01	-2.1407428e-01	-8.0058977e-02	1.1958250e-01	3.1854305e-02	-2.3516978e-01	2.3660350e-01	-1.7473176e-01	-8.6882431e-03	-4.2905182e-02	-2.4945450e-01	5.2633995e-01	-2.7741429e-01	1.0591975e-01	2.8537488e-01	-5.5902797e-01	-8.1664838e-02	3.5316485e-01	-7.8774579e-02	-1.6739529e-01	-4.1002840e-01	2.4341837e-01	-3.2734105e-01	2.1009164e-01	1.6912529e-02	2.2310308e-01	1.0029669e-01	-6.5509474e-01	3.8817886e-02	-6.4662874e-02	-1.6174538e-01	-1.1056188e-01	2.9797029e-01	-1.0904122e-01	6.9247591e-01	2.0413333e-01	2.6574472e-01	5.2713507e-01	3.7661079e-01	-1.7410868e-01	1.1216980e-01	-1.1150868e-01	7.8036697e-03	-3.3343273e-01	8.6673267e-02	1.4761132e-01	-2.3789724e-02	-6.7286499e-02	2.7225801e-01	-4.3869925e-01	2.4870212e-01	-4.6550357e-01	-8.6090720e-01	-9.2532165e-02	3.6756132e-02	-4.5757383e-02	-5.0185692e-01	-3.9060220e-02	1.7391251e-01	1.3274406e-01	1.9750501e-01	1.4496258e-01	8.9777954e-02	4.0795597e-01	-4.7541279e-01	-6.0081471e-02	-3.4117475e-01	3.6161011e-01	1.6006714e-01	-5.2836262e-02	7.2251342e-02	-3.4759429e-01	-1.3897298e-01	5.5175878e-02	1.0789705e-02	5.7159948e-01	5.7865995e-01	-2.9603893e-01	2.9426152e-01	1.2160311e-01	-9.4320670e-02	6.7689210e-01	3.0175751e-01	1.4058049e-01	-2.3975627e-01	9.0331338e-02	-1.8189973e-01	7.0043391e-01	-9.6509466e-03	-4.3486115e-02	1.6280372e-01	8.7816499e-02	1.1005521e-01	-1.3800673e-01	1.6168384e-01	3.7766999e-01	-3.2517660e-01	-6.5113306e-01	3.0220339e-02	2.3602892e-01	-1.1592384e-01	-7.1964748e-02	8.0165684e-02	-4.3227106e-02	-1.4117711e-02	4.0368417e-01	-3.3595365e-01	-2.0825002e-01	-1.1412577e-01	2.1281782e-01	-2.3894720e-01	7.5786158e-02	-1.8309250e-01	-9.2102371e-02	-1.4826101e-01	1.0879399e-02	9.2129678e-02	2.2828543e-01	2.0191470e-01	-5.1533967e-02	-2.2186403e-01	-3.2921474e-02	5.9817057e-02	9.1497153e-02	7.4416593e-02	1.7884940e-01	-2.1895362e-01	-4.5149494e-02	5.2950703e-02	-1.5724578e-01	-7.2896898e-02	-1.8863575e-01	2.3539742e-02	-3.2954134e-02	-1.0894585e-01	2.0378065e-01	2.5506434e-01	2.6549974e-01	-6.8223394e-02	-1.9128604e-01	9.9598795e-02	2.0601919e-02	7.4808002e-02	-1.2613693e-01	-2.4365338e-02	-2.6451901e-01	-3.3625934e-01	-2.4554995e-01	6.9735587e-02	-1.7615916e-01	3.1861758e-01	-8.4251210e-02	2.4082597e-02	-1.1837811e-01	1.5842028e-01	-3.1307407e-02	-1.9274127e-02	-1.6578937e-01	-2.1350878e-01	7.8371771e-02	-2.2031626e-01	-2.4224152e-01	2.6845830e-02	5.0787896e-02	7.8830399e-02	-5.0331980e-02	2.2634326e-01	7.5758934e-02	-1.0818316e-01	-4.1737843e-02	1.0734617e-02	-1.0061182e-01	4.2030364e-02	6.2944256e-02	2.4124871e-01	-9.5721828e-03	-8.0182053e-02	-1.7895527e-01	2.8378972e-01	2.4881740e-01	-1.7316918e-01	1.9642407e-01	1.8577659e-01	2.8243843e-02	-1.2912223e-01	-3.1056494e-01	2.1559376e-01	-1.9112836e-01	-1.8642846e-01	3.1350949e-01	-6.7746282e-02	-1.0162544e-01	1.6174005e-01	-2.6871175e-01	-1.6400637e-01	-1.4761780e-01	1.9605927e-01	-7.8253329e-02	3.7553713e-02	-2.4017611e-01	-1.4089616e-01	5.1913923e-01	2.2652446e-01	6.9063365e-01	-4.8324424e-01	1.2637696e-01	5.9115108e-02	-2.4934487e-02	3.2611582e-01	4.5231861e-01	-1.3506599e-01	2.3899038e-01	-4.6345526e-01	1.8753421e-01	-1.9654794e-01	6.3251996e-01	-1.1778493e-01	-2.9614335e-02	-3.4550014e-01	3.2363838e-01	-1.8361672e-03	-9.2293866e-02	-9.7520813e-02	4.8172787e-01	7.3046647e-02	-4.2634502e-01	1.8693030e-01	2.8944194e-01	3.0851978e-01	-1.6060670e-01	2.1485087e-02	2.6724461e-01	-2.8131995e-01	2.2156526e-01	-3.2444936e-01	6.8824631e-01	4.5208894e-03	-1.3763802e-01	-2.6513543e-02	-3.5796914e-01	2.9562101e-01	-1.0456394e-01	-3.0430394e-01	-7.5071782e-02	-4.0293881e-01	1.7920780e-01	1.3262708e-01	4.6783570e-02	-1.8990856e-01	2.9737291e-01	1.3032448e-01	-1.5617743e-01	-1.1584029e-01	5.7917651e-02	-4.5085214e-02	2.2098751e-01	4.3056845e-03	1.9449720e-01	7.9058313e-01	9.5287643e-02	1.9957040e-02	6.1988306e-01	1.6756450e-01	-1.7159842e-01	-2.8319848e-01	-3.7473325e-02	-1.8776740e-01	-1.6873719e-01	-2.0535284e-01	8.1461251e-02	-7.2941110e-02	1.0748010e-01	-2.0651418e-01	-2.8594935e-01	-2.6061392e-01	-9.0120643e-02	7.0409842e-02	1.4456119e-01	-1.4079097e-01	-1.0762681e-01	-9.0222187e-02	-2.8306785e-01	-2.8876463e-01	-1.9834255e-01	9.1218643e-02	1.4549188e-01	-1.1875653e-01	1.9787607e-01	2.5297233e-01	1.1005540e-01	2.5564697e-01	-4.3455124e-02	-2.9028219e-01	-1.6100308e-01	2.4192329e-01	-4.4166077e-02	-1.6769898e-01	-2.7670112e-01	3.1633794e-02	-1.7573828e-02	1.2671182e-01	-8.6387591e-03	-4.9198270e-02	-1.8805850e-01	-2.2378276e-01	-1.5313680e-02	-6.8746817e-01	2.3255566e-01	5.4608828e-01	2.1268786e-01	-3.0436611e-01	-2.2011405e-01	-4.2112198e-01	-2.4418420e-01	2.2383781e-01	-2.6997128e-01	2.4066605e-01	1.8932322e-02	1.4897278e-01	-3.1610626e-01	8.3659880e-02	-1.4518249e-01	-2.4017279e-01	-2.3900573e-03	-1.6129969e-01	1.1499279e-01	-9.5637828e-02	-5.4298913e-01	4.2115703e-02	-1.5155469e-01	-9.2482626e-02	6.3548321e-01	-3.5063082e-01	1.3541742e-01	-7.5773135e-02	2.1012837e-02	-1.6058750e-01	5.9068763e-01	2.5699893e-01	1.6234852e-02	-8.8176079e-02	-4.6169702e-02	-3.2128939e-01	6.9329762e-01	-3.5932194e-02	3.2998663e-01	1.3636097e-01	-1.4838122e-01	1.0381580e-03	-2.2262634e-01	-1.7058499e-01	3.6699077e-01	8.0487043e-02	1.8731813e-01	-4.6385679e-02	3.5121933e-01	1.1799496e-01	2.0223646e-01	2.7191809e-01	3.6228970e-01	-3.3242786e-01	4.0418825e-01	-1.2164447e-01	6.9248044e-01	-5.8547103e-01	2.0341334e-01	-8.5930258e-02	1.5973862e-02	1.8453759e-01	5.4010099e-01	4.5029774e-01	-1.4494005e-01	-3.6503893e-01	-4.4441279e-02	-1.0018948e-01	6.7409551e-01	3.3385727e-01	2.9662511e-01	1.7891492e-01	-2.2312698e-01	2.4621181e-02	-8.1669107e-02	-2.1479401e-01	5.2005130e-01	2.3065993e-01	2.6009679e-01	1.7528632e-01	2.6899654e-01	6.0581021e-02	9.6994236e-02	2.7419293e-02	1.6090019e-02	-8.5622802e-02	9.6767414e-03	-4.2384118e-02	-1.0360829e-01	-4.5056409e-01	-2.0932384e-01	-2.5515085e-01	-6.1394334e-02	-1.4829156e-01	-9.8915234e-02	-1.4694242e-02	8.8183098e-02	1.6623859e-01	-3.7494886e-01	2.9875869e-01	-2.5427777e-01	-2.3528920e-01	1.3838246e-01	3.0139595e-01	-3.5720322e-01	-8.2066484e-02	2.8732267e-01	7.0109092e-02	-2.0379846e-01	1.1816238e-01	3.2825451e-02	-1.3491547e-01	9.9576823e-02	-2.8185217e-02	-4.2013746e-02	9.9373788e-02	2.6078421e-01	-1.1028517e-01	-1.7471159e-01	1.0698118e-01	1.9757809e-01	-4.6619706e-02	1.1282486e-01	-5.1843607e-01	-4.8614558e-02	-1.4279404e-01	-4.6034131e-02	-3.2405347e-02	-1.6557156e-01	2.3937219e-01	-1.2261209e-01	4.2478824e-01	3.6948960e-02	-2.6843122e-01	2.3906985e-01	5.1360238e-02	1.4775956e-01	-5.2579081e-01	2.4292605e-01	-1.8864509e-01	-8.7178521e-02	2.0797464e-01	4.6761483e-01	-2.4290843e-01	6.8492599e-02	-3.0303419e-01	-3.1423372e-01	1.7824171e-01	5.0994873e-02	-1.9163185e-01	8.1197761e-02	-8.2680881e-02	6.4761370e-01	-2.4489917e-01	-1.8374282e-01	9.3156524e-02	3.0481204e-01	-9.5609138e-03	4.1513807e-01	2.3968391e-01	-3.3425781e-01	-2.6223585e-01	5.4416806e-01	7.4135423e-02	5.1033258e-01	2.3359011e-01	6.5320253e-02	-1.2872377e-01	6.9780692e-02	-1.4529048e-01	-2.8687981e-01	1.7728792e-01	6.3986140e-01	8.7719336e-02	2.6803234e-01	-2.2646831e-01	4.4247229e-02	1.3228603e-01	1.8002091e-01	1.9787171e-01	-1.4464974e-01	-5.3606641e-02	7.3285684e-02	-4.6845618e-01	-5.0048370e-02	9.4301060e-02	-4.2362192e-01	-2.1591534e-01	1.5116255e-01	2.0931800e-01	-1.3676490e-01	-4.0867630e-01	-1.2414229e-02	2.6118985e-01	-7.1430258e-02	3.0367011e-01	2.2310099e-01	3.1262359e-01	-2.8430197e-01	1.7390965e-01	-2.6524183e-01	4.1831198e-01	7.3295087e-02	2.7751073e-01	-3.3699194e-01	-3.5341692e-01	4.2891979e-01	1.3316424e-01	-2.1247363e-01	2.7969291e-02	2.9924846e-01	-1.8450934e-01	3.4930491e-01	-4.9811405e-01	-9.9865282e-03	1.4961463e-01	9.5976964e-02	-8.8656053e-02	-1.8663101e-01	-3.6983380e-01	1.6200666e-01	-2.9814300e-01	-3.4240182e-02	-2.0873939e-01	1.3800567e-01	4.1339383e-01	1.8246011e-01	3.2714847e-01	-1.0036229e-01	1.5072691e-01	7.2492342e-03	-1.5769383e-01	-1.9073574e-01	3.3889851e-01	7.1576543e-02	3.2559782e-01	-8.0924958e-01	2.6399234e-01	3.9028344e-01	2.0884088e-01	-1.1047081e-01	3.4205052e-01	-2.2643894e-01	-2.5396991e-01	2.5097904e-01	-2.2181404e-01	2.9108679e-01	1.6709264e-01	6.1527175e-01	2.6991993e-01	-2.7827421e-01	1.1844890e-01	3.6714891e-01	-1.0353380e-01	7.2458458e-01	3.7435928e-01	-2.7742174e-01	1.5105817e-01	4.5290589e-01	-2.6765943e-01	4.4139585e-01	1.5607849e-01	2.2187699e-01	2.2447735e-01	3.2470170e-01	1.3203032e-01	-1.9476326e-01	-2.9556969e-01	2.4614373e-01	-1.5844668e-01	-3.3295169e-01	-2.1479104e-02	-1.1143933e-01	2.4360788e-01	-4.7951293e-01	2.0578262e-01	3.7965614e-01	-4.4097298e-01	-1.5416673e-01	-4.8145270e-01	7.8375542e-01	-2.2899961e-01	2.0331700e-01	5.9926249e-02	-5.3934669e-01	1.3042530e-01	4.4455385e-01	4.0333539e-01	-1.3822922e-02	-2.7348444e-01	2.5422534e-01	2.9893556e-01	3.0010611e-01	2.1582747e-01	1.6887891e-01	-2.8769997e-01	-1.5219808e-01	1.7876582e-01	-2.7066383e-01	-4.7767933e-02	-7.8299515e-02	-9.4983146e-02	2.9688108e-01	5.6714034e-01	-1.1861427e-02	1.1070269e-01	5.6935126e-01	-1.0242174e-01	4.2715883e-01	-3.8284457e-01	1.6415672e-02	3.4087516e-02	1.5118507e-01	4.5613563e-01	-2.1679248e-01	2.8322974e-01	9.8324366e-02	-2.0634526e-01	-2.6456121e-01	-2.2742258e-01	7.7678435e-02	-1.7047565e-01	2.9399917e-01	5.4578859e-02	1.7637403e-01	-2.8341049e-01	-2.2653091e-01	-1.7820187e-01	-8.1174761e-02	7.2690405e-02	2.1480405e-01	6.9800057e-02	-2.5371253e-01	-7.0758626e-02	1.5821448e-02	-2.1700078e-01	-4.3512100e-01	-2.0817132e-01	1.0049155e-01	2.3875350e-01	2.0126060e-01	3.3275348e-01	2.1688133e-01	-2.8959867e-01	-2.7095678e-01	-1.3219956e-01	1.1863077e-02	3.7620820e-02	-8.4072158e-02	-1.9775055e-01	1.5081121e-01	-3.6662963e-01	1.3692622e-01	-2.2231047e-01	-3.2220859e-02	5.5787826e-01	-3.2209349e-01	-1.6346231e-01	7.1520299e-02	3.5588995e-01	-6.7343444e-02	2.8736040e-01	-7.7444650e-02	-9.8612182e-02	-1.7833209e-01	-7.5997300e-02	6.6886313e-02	-2.2529835e-01	-7.6722346e-02	4.3272260e-01	-1.4650039e-01	2.9097325e-01	1.6745532e-01	1.5929843e-01	-2.9641429e-03	-6.1037607e-02	9.8955706e-02	1.0447234e-01	-2.4301494e-02	2.9003179e-01	2.3844169e-01	-1.6921166e-01	-1.4478406e-02	1.2969816e-01	4.7519308e-02	9.1262236e-02	-2.5933295e-01	3.3868763e-01	-3.3531013e-01	1.0046785e-01	-2.1113329e-01	1.3281724e-01	1.0699832e-01	3.9355794e-01	1.6286457e-01	3.2497287e-01	-8.7667398e-02	2.2035244e-01	-2.2518275e-02	3.7071586e-02	3.2742444e-01	-1.8766554e-01	-1.8019305e-01	8.8119172e-02	-1.5741721e-01	1.5841004e-01	-1.6766809e-02	1.2840496e-01	1.7148944e-02	-1.1462110e-01	-2.4080393e-01	-2.8172659e-02	-3.3277863e-01	-4.6258412e-02	-2.9751179e-01	-4.1103771e-01	-7.6767921e-02	1.8512888e-01	-2.2926342e-02	-1.4304707e-02	1.3887599e-01	-2.5130576e-01	-1.2207893e-01	2.5269639e-01	-2.0499368e-01	4.3766150e-01	2.8142872e-01	2.7450538e-01	-2.1056812e-01	2.2522327e-01	2.8557152e-01	3.1204030e-01	1.7551138e-01	-7.3695765e-03	-8.0798425e-02	-2.6904998e-02	2.5498128e-01	2.9384902e-01	1.4584085e-01	1.0706761e-01	-2.5920063e-01	-1.3747720e-01	2.2039244e-01	-2.9381105e-01	2.5759977e-01	-7.9137862e-02	1.9323120e-01	6.0308665e-02	-3.1399760e-01	2.6483354e-01	1.6446251e-01	2.1142726e-01	-2.4645112e-01	-1.7446943e-01	-5.3676765e-02	-3.2908323e-01	3.1533411e-01	-2.7178746e-01	-3.4060174e-01	-2.5453648e-01	1.6807221e-01	-1.9083197e-01	2.5551033e-01	-9.7742692e-02	1.0631830e-01	-2.3912773e-01	1.2403069e-01	-2.7239084e-01	8.2164437e-02	1.8865263e-01	-1.0222462e-01	-3.5574490e-01	7.9364401e-01	-8.6337626e-02	2.8010213e-01	2.6571560e-01	-4.9426618e-01	1.2695280e-01	6.7092925e-01	1.1957415e-01	-3.4344244e-01	-3.7363872e-01	3.2194045e-01	-1.1732776e-01	5.5041248e-01	-4.8114233e-02	-1.1955732e-01	5.6729708e-02	-9.3373947e-02	7.2883084e-02	-1.5440756e-02	-9.5897065e-03	1.5097941e-01	4.2329115e-01	1.4110126e-01	3.5152149e-01	-4.3337379e-02	1.5189086e-01	7.1618718e-01	-1.5084931e-01	4.0392652e-02	-3.6802092e-01	3.8280907e-01	-1.1503254e-01	-1.6644703e-01	-6.0823560e-01	-1.6578284e-01	1.6920611e-02	1.8232481e-01	-2.8140116e-01	-8.2236798e-03	3.0795404e-01	2.5847328e-01	2.0720129e-01	1.8389402e-01	6.3197422e-01	-1.8170610e-01	1.9734184e-01	-3.7473506e-01	-2.0866795e-01	-1.3947158e-01	-1.6675519e-02	5.0901061e-01	1.2212916e-01	-5.0425899e-01	-8.3601400e-02	4.0217185e-01	-1.1150025e-01	-4.2601936e-02	-3.1087613e-01	1.8928970e-01	3.4706125e-01	1.1594429e-01	-4.9478585e-01	-2.3555008e-01	-3.0007094e-01	-2.0333521e-01	1.0364011e-01	-2.0297635e-02	-2.7663392e-01	1.0732178e-01	-9.8899022e-02	-3.8456509e-01	-3.5804603e-01	2.9915741e-01	-2.4465214e-02	-2.3862424e-01	1.8763151e-02	-3.9356548e-01	2.3493885e-01	1.4854427e-01	1.5205194e-01	-1.6129866e-01	4.2530537e-01	-2.2330406e-01	3.4448400e-02	1.2514450e-01	-4.9047535e-03	3.1442648e-01	-1.2478521e-01	-2.8746346e-01	3.0775020e-01	-3.0489135e-01	5.1482588e-02	3.1326178e-02	-2.7889553e-01	2.4270918e-02
1.7290501e-01	1.1962299e-02	1.0306578e-01	2.2275591e-01	1.5372501e-01	-3.5992113e-01	8.1270856e-01	-1.8557185e-01	-2.5357267e-01	1.4050198e-01	1.5162165e-01	-2.5332192e-01	-2.9031944e-01	-2.9472095e-01	-7.2246659e-01	-2.7403611e-01	-3.4300604e-01	1.4057279e-01	-1.5939958e-01	-2.3382904e-01	5.4542506e-01	3.2200384e-01	-1.2289751e-01	-3.8661054e-01	-3.3752063e-01	3.8716161e-01	2.5720289e-01	2.0578136e-01	1.7368096e-01	-5.9666651e-01	4.7683442e-01	2.7883554e-01
