9
input	7
dense	32
relu	0
dense	32
relu	0
dense	32
relu	0
dense	1
linear	0
7.999999979801942e-06
7.2352849e-02	-3.3001548e-03	3.4610607e-02	-1.2794894e-01	-2.5076805e-02	-1.6852703e-02	-1.0467095e-01	1.1157660e-02	2.7630966e-02	3.4476113e-02	-1.0396615e-01	6.0308862e-02	-2.8863182e-02	-1.9839057e-03	2.9608630e-02	3.2318380e-02	-1.5388817e-02	-2.4102854e-02	-6.5156661e-02	-6.8902075e-02	-3.5498369e-02	-1.0451032e-02	-1.0124541e-01	-7.3803365e-02	1.5338939e-02	-1.8960954e-01	-2.4975631e-02	-1.2410058e-01	-1.1814190e-02	-2.6857670e-02	2.3420572e-03	-1.6390879e-02
-8.4998589e-03	-3.1267989e-02	6.1576194e-03	2.4612065e-02	-5.8605719e-02	-1.2348424e-02	-1.3218716e-02	-1.1801613e-01	1.5762608e-02	1.7179407e-02	-5.0005328e-02	-2.7544824e-02	-2.3972459e-02	-1.7177859e-01	-9.7576872e-02	-1.5967458e-02	3.0226612e-02	1.0121730e-03	-5.2541818e-02	4.2910688e-02	-5.7833172e-02	9.4442330e-03	-2.7167492e-02	4.5457914e-02	5.3853240e-02	2.3355085e-02	-8.0507085e-02	-1.7563903e-01	-5.3820419e-03	2.7038852e-02	-1.4709167e-01	-1.7376941e-02
-3.8989373e-02	-8.2600020e-02	-1.0876188e-01	-6.8350479e-02	-1.5800197e-02	3.1229181e-02	-2.2923760e-02	-1.6855603e-02	2.6530236e-02	-1.3333429e-02	-8.8244546e-03	-7.2941359e-04	-4.2992745e-02	4.9499222e-03	-4.2999178e-02	1.8115479e-02	-5.9473332e-02	6.2808022e-03	-4.7289493e-04	5.6354232e-02	-2.5684925e-02	-6.5031104e-02	2.7488101e-02	-7.5367622e-02	-1.3163982e-02	-5.2034367e-02	2.0210810e-02	-4.1894063e-02	1.7538877e-02	-2.1763068e-02	8.7352898e-03	1.6366990e-02
1.5620679e-02
-2.7753374e-01	-2.8571734e-01	1.2766321e-01	4.1231653e-01	1.2243584e-01	-8.4256001e-02	3.0146688e-01	3.8761863e-01	-3.3506626e-01	-1.5039679e-01	1.0647278e-01	5.5157149e-04	2.3917828e-02	9.1083655e-03	-1.0973294e-02	3.8768291e-01	-2.1937114e-01	7.7084377e-02	6.3662745e-02	2.1995549e-01	-5.7380354e-01	1.3953604e-01	-9.5577575e-02	1.7156450e-02	4.6696860e-02	1.8785587e-01	-7.5769645e-01	-1.9830878e-01	-1.7255429e-02	-2.8051354e-02	2.4036680e-01	-2.2311412e-01	-2.5944395e-03	3.4621763e-03	-3.5713620e-02	-2.8322396e-01	-3.5612303e-01	4.7593061e-02	4.9275678e-01	-1.2159069e-01	-1.5946542e-01	3.0511481e-01	2.4078016e-01	4.1442284e-01	-1.4793722e-01	-1.7239267e-01	1.9616435e-01	1.7107676e-01	-7.4582830e-02	7.1585283e-02	5.1586246e-01	-2.4018507e-01	-1.8280442e-01	-1.9534051e-02	-3.9080393e-01	1.2936775e-01	-1.7409460e-01	3.1796086e-01	2.1583742e-01	-3.6705282e-01	6.8944381e-03	3.1627148e-01	3.1517860e-01	-2.4290565e-01	6.0402930e-02	-1.1939345e-01	-1.1254267e-01	-1.1045305e-01	3.6281520e-01	2.8745571e-01	1.5997811e-01	3.9443649e-02	1.2557247e-01	-2.0839511e-01	8.7963883e-03	-6.0074136e-02	-1.2948959e-01	2.2415048e-01	3.2501048e-01	-3.8944945e-01	-1.8838921e-01	2.2684400e-01	-1.9238889e-01	-4.1415721e-01	-4.0487167e-01	-3.9176318e-01	4.3243292e-01	2.4179475e-01	1.1252964e-02	4.0254865e-02	-6.8939485e-02	3.4082198e-01	-2.0938082e-01	-3.7518513e-01	3.9516556e-01	-6.7475349e-02	-1.0274291e-01	6.4150289e-02	-5.0564820e-01	1.3247251e-02	2.4981798e-01	3.0223253e-01	-8.8187279e-03	3.0505446e-01	-1.6026098e-01	5.7805288e-01	-3.8139188e-01	-1.3426648e-01	-1.1343329e-01	-4.9850889e-02	7.2673902e-02	3.1341109e-01	5.8592986e-03	-2.5881648e-01	3.1676555e-01	-1.0866246e-01	-2.1011050e-01	2.8333950e-01	3.2716841e-01	-1.4478379e-01	-6.2728927e-02	3.7829715e-01	-1.4446107e-01	-7.1401976e-02	2.4054931e-02	1.8007424e-01	-2.6709139e-01	-8.1831962e-02	1.9622728e-01	4.0039101e-01	9.7421780e-02	2.9956651e-01	2.3678501e-01	3.0956456e-01	-6.8227805e-02	4.0882066e-01	-5.1150266e-02	9.3126586e-03	4.4509399e-01	-2.2035000e-01	1.7181291e-01	-1.2811212e-02	-1.5499307e-01	7.0126645e-02	2.9992363e-01	-3.7110600e-01	3.4546081e-02	-1.1888499e-01	4.1741183e-01	3.0791800e-02	-3.2589585e-01	-2.1812087e-01	-1.8936500e-01	2.6281467e-01	-3.2241058e-01	1.8677326e-01	1.7151423e-01	-4.7627434e-02	2.4784784e-01	-1.8011345e-02	-2.5161922e-01	-1.2057079e-01	5.7782836e-02	2.6410365e-01	-3.6794409e-01	-2.2005698e-02	-8.0088593e-02	4.2391875e-01	-1.2302600e-01	5.1718974e-01	-2.6024967e-01	-1.1392303e-01	-1.1054537e-02	1.6813067e-01	1.5647136e-01	2.4393643e-01	-2.6495446e-02	2.1357383e-01	4.9339220e-02	-3.5343557e-03	-4.9675897e-01	2.2583061e-01	1.4643544e-01	-2.6485607e-01	1.6470189e-01	2.9584846e-01	-7.5852789e-02	4.1782126e-01	1.8091530e-02	1.9137461e-01	1.2920915e-01	-2.1905239e-01	-2.8330622e-02	-1.2676549e-01	-5.1509816e-02	8.3432183e-02	8.6982958e-02	-3.7991259e-01	-2.1280486e-02	3.4390056e-01	-1.9752273e-01	4.5910475e-01	-7.7153951e-02	3.4657276e-01	-6.8952307e-02	-2.5424434e-02	-2.3736045e-01	-1.7566885e-01	1.3941170e-01	-7.9997206e-01	1.1720414e-01	4.5278367e-01	2.6129800e-01	-4.5319483e-01	3.2570262e-02	3.9030010e-01	-8.1404082e-02	4.3212119e-02	-2.3544014e-01	3.4684828e-01	-1.3894852e-01	-9.3234420e-02	-8.1817287e-01	1.5308638e-01
1.5446396e-01	6.4681405e-01	-4.2218480e-01	-3.5437652e-01	-1.8207967e-01	1.9887028e-02	5.1439889e-02	-6.2487179e-01	2.3864786e-01	-6.7982025e-02	2.7527773e-01	5.3338867e-02	-9.9450693e-02	-1.9743420e-01	2.5726220e-01	3.0672327e-01	-1.9125830e-03	3.8561940e-01	-1.8660031e-02	4.3132669e-01	-1.9385256e-02	2.2170186e-02	1.2736380e-01	2.1610115e-01	-1.9499490e-01	-1.3132705e-01	2.9199550e-01	-3.3600717e-03	-1.1925763e-02	1.3642567e-01	-1.0033619e-01	-2.1503788e-01	-3.0644733e-01	-2.7241734e-01	1.5218005e-01	-2.5170583e-01	-3.0756012e-01	4.4273537e-01	-1.7122357e-01	-3.3576691e-01	-8.5807249e-02	-3.7555191e-01	2.3986769e-01	2.5387916e-01	5.0665742e-01	-1.9503142e-01	3.6628446e-01	-4.9604255e-01	2.0090201e-01	6.0943013e-01	-1.9693313e-02	-2.3623299e-02	1.6996101e-01	-1.3468610e-01	-2.6868674e-01	-1.0395439e-01	1.1228019e-01	2.6426945e-02	7.2526835e-02	-1.9423099e-01	-1.9932248e-01	4.8650345e-01	2.3841208e-01	3.5505903e-01	-3.0661792e-02	4.6795908e-01	-2.2679612e-01	-1.0408904e-01	2.8780702e-01	-1.9999114e-01	1.7935422e-01	-5.2988168e-02	-9.7087305e-03	-1.1691431e-01	-2.1070237e-01	1.3496545e-01	-5.7041073e-01	1.3871278e-02	-3.3393013e-01	2.6695815e-01	1.1521187e-01	1.9706921e-01	-1.9922486e-02	3.1993233e-02	1.4149702e-01	-7.7389099e-02	-2.2718799e-01	7.0625342e-02	-3.8226643e-01	2.7169874e-01	5.7386465e-02	2.6304650e-01	1.9054905e-01	-1.7243369e-02	1.5251246e-01	3.5496953e-01	1.8722607e-01	-1.2837925e+00	-1.4914411e-02	-8.4137144e-03	1.1308797e-01	-2.4425575e-01	1.1084099e-01	-7.5784460e-02	4.2460051e-01	-2.4368758e-01	-1.1070406e-01	-2.6175550e-01	5.1550515e-02	-3.6526081e-01	-2.0063655e-01	2.8362665e-02	3.2965264e-01	4.0493074e-01	-5.0206933e-02	-6.5659389e-02	1.3958499e-01	2.3073091e-01	-1.5296481e-02	-6.2566614e-01	2.4363212e-01	-5.3902340e-01	1.6246828e-01	-1.8463150e-01	-3.2975867e-02	-2.6773340e-01	1.4304060e-01	2.3312546e-01	6.0309459e-02	-4.4924089e-01	-3.3181965e-02	3.6974266e-01	2.1624389e-01	-2.4423067e-01	-1.6336131e-01	2.1252181e-01	5.1062661e-01	1.5662904e-01	1.4593893e-01	1.2291554e-01	-7.6771267e-02	-3.9850855e-01	-3.0341914e-01	-4.9947474e-02	-7.5962722e-02	2.1214671e-01	1.7237078e-01	-7.3370717e-02	-1.2790740e-01	2.5232586e-01	8.6880393e-02	4.1598219e-01	-5.1189516e-02	2.2212775e-01	-1.9629927e-01	-9.2304699e-02	-1.2685315e-01	1.4520177e-01	3.1145284e-01	-3.2028982e-01	-1.2127472e-01	-5.6766176e-01	3.3395633e-01	2.2855762e-01	-7.7487104e-02	-3.4826598e-01	-2.4541281e-01	1.1868095e-01	-8.3928108e-02	1.5016273e-01	1.7622839e-01	-7.2957791e-02	9.9146642e-02	-1.1737661e-01	-3.6892459e-02	-2.2928222e-01	8.0145024e-02	9.8012820e-02	-6.4754292e-02	2.6158920e-01	-1.1795663e-01	-2.2311148e-01	2.6542598e-01	2.5890101e-02	5.0139105e-01	-4.8533645e-02	-1.5893692e-01	-5.2346308e-02	1.6577944e-02	2.2460489e-01	1.7139798e-01	-6.2888302e-02	1.5564321e-01	5.1860893e-01	-1.0629837e-01	1.0697880e-01	7.0109740e-02	2.6211387e-01	2.0561403e-01	-4.7830746e-01	-1.5720317e-02	-2.6886605e-02	4.8716724e-02	-2.2421205e-02	-4.3366367e-01	3.2866010e-01	1.3151291e-01	2.1553722e-01	-3.7920322e-02	-3.4760479e-02	1.1972683e-01	1.7978238e-01	-5.6005996e-02	-3.8627696e-01	-2.0337057e-01	-3.5690743e-01	-3.0226597e-01	-1.2875278e-01	3.2882634e-01	1.1329818e-01	2.6186606e-01	1.5264401e-01	-3.1246302e-01	-3.6581928e-01	4.2117048e-02	2.2479349e-01	-3.0453187e-01	-2.8024644e-01	7.9024909e-03	1.3708515e-01	-4.0928174e-02	7.4723579e-02	3.4912530e-01	-2.0867880e-01	2.1502087e-01	-1.9802694e-01	-3.3886015e-01	-2.5249770e-01	-2.7531857e-02	-3.3442441e-01	-1.2415954e-01	3.2583201e-01	3.0063236e-01	4.2141208e-01	9.6857905e-02	1.9601458e-01	1.2246436e-01	1.0953729e-01	-2.7580714e-01	2.7953321e-01	4.1297844e-01	-1.7854860e-01	-2.9825500e-01	-6.3116260e-02	1.3346127e-01	2.9460682e-02	3.5338548e-01	2.8057295e-01	-4.2494354e-01	1.0480122e-01	1.5974979e-01	-9.8079920e-02	1.1590768e-01	1.0416137e-01	-2.3128707e-02	-1.3703521e-01	1.9928208e-01	-3.3654395e-01	-2.0458284e-01	2.5307578e-01	7.5887337e-02	2.3726295e-01	-1.6011928e-01	2.7819896e-01	1.1441192e-02	-2.3118110e-01	-1.1862243e-02	2.3722617e-01	9.3868926e-02	2.7579200e-01	-7.4223733e-01	1.7476009e-01	7.6729521e-02	-7.5361215e-02	1.5660827e-01	-1.3172860e-02	3.7913639e-02	3.3100808e-01	5.5597868e-02	-5.3864348e-01	7.0278995e-02	-1.1602119e-01	-3.7544753e-02	3.5913622e-01	-2.8424367e-01	2.5937510e-01	-1.9601583e-01	-1.8198413e-01	6.4551726e-02	2.8977412e-01	1.5568189e-01	3.3101282e-01	3.2786351e-02	-2.3209807e-01	-3.3150863e-02	-3.8613755e-01	-3.1420565e-03	-3.9513943e-01	2.3181860e-01	4.2011812e-02	-5.9509557e-02	-9.7473025e-02	7.1419477e-01	-2.2295602e-01	1.6802806e-01	2.5632146e-01	7.1086496e-02	-5.4789074e-03	-5.1513556e-02	-3.5870853e-01	2.3538101e-01	7.5879902e-01	-7.0196792e-02	-2.6999050e-01	2.3610549e-01	9.0297109e-01	9.4836637e-02	6.9403321e-02	-4.4955698e-01	1.7979836e-01	2.3951611e-01	2.6817588e-02	1.7890060e-01	2.5942150e-01	-2.0111988e-01	5.3957504e-01	6.9636852e-02	-4.1024044e-01	-2.1308189e-02	-9.4019338e-02	4.8245750e-02	-8.2525569e-01	4.4415478e-02	-1.0674370e-01	-4.8332408e-02	2.6181239e-01	-8.9173339e-02	1.5217341e-01	3.7713209e-01	9.2873245e-02	-2.2225693e-01	-2.4175121e-01	-2.2911742e-01	-2.9647866e-02	-7.4902549e-03	-2.2506186e-01	4.9751371e-02	1.8955882e-01	-2.5711361e-01	-5.3285301e-02	-3.7265893e-02	-1.1253237e-01	-2.8131115e-01	-2.5804314e-01	-2.2399648e-01	2.0773004e-01	-2.0702128e-01	2.0828955e-01	-1.0071729e-01	4.9397461e-02	-6.9765657e-02	2.5550783e-01	-1.2262335e-02	-2.4457853e-01	6.1905470e-02	-2.2253393e-01	2.7460361e-01	7.2901025e-03	-2.3274033e-01	4.0994562e-02	-2.2920816e-01	-2.5028828e-01	-2.0494713e-01	-1.6437697e-01	3.7944589e-02	-6.5812516e-01	-2.1971522e-01	-6.8201728e-02	7.2689041e-02	-1.7028928e-01	2.6133582e-01	2.3837501e-01	-3.4802172e-02	-5.8352619e-01	1.0088422e-01	1.3009605e-01	7.4179992e-02	7.1322456e-02	2.7348545e-01	-2.1592712e-01	3.3790344e-01	-1.6242917e-01	2.7561089e-01	1.5448050e-01	-7.0074320e-02	3.5424477e-01	-2.3455264e-01	-2.1380194e-01	4.6079141e-01	-1.9342798e-01	-1.9052701e-01	2.4304397e-01	-3.2675934e-01	-1.4566897e-01	-9.6437201e-02	1.3754578e-02	-7.4447811e-01	-2.4316601e-01	1.7010218e-01	8.0312178e-02	-1.4937477e-02	-1.7289326e-01	5.6679940e-01	-1.5257636e-01	2.8173515e-01	1.8234242e-01	4.8308123e-02	-2.0162158e-03	2.5820535e-01	-1.5884587e-01	1.7334937e-01	1.4456940e-01	-1.0118715e-01	2.0931056e-01	7.3064327e-02	3.8309968e-01	-1.2154803e-01	6.0880069e-02	1.0054599e-01	9.8841868e-02	5.6214327e-01	2.8662506e-02	2.6217052e-01	3.0112228e-01	-4.8726294e-02	1.0140586e-01	-1.3614919e-03	-2.1777645e-01	7.4652821e-02	-6.2424906e-02	6.8867683e-02	-3.8644493e-01	-1.2765968e-01	2.4246055e-01	1.0589816e-01	3.7526235e-02	-9.7452030e-02	-2.4892800e-01	-1.5204719e-01	-8.4687099e-02	-3.3886725e-01	2.2169404e-02	-2.1954559e-01	1.8035853e-01	1.8229166e-02	2.8153825e-01	-4.6107855e-02	-5.9983380e-02	6.6656895e-02	2.8596556e-02	-2.8316693e-02	8.5894421e-02	-1.5050036e-01	2.1029982e-01	-5.9621923e-02	1.4888254e-01	-2.2760603e-01	-1.1591768e-01	-8.9211918e-02	-7.8284919e-02	-6.3903362e-02	5.6926858e-01	-5.0407100e-01	1.8649191e-01	4.5541961e-02	1.6460836e-01	-1.9188978e-01	-4.3422291e-01	3.7565969e-02	1.3836703e-01	1.5965073e-01	-3.9068356e-01	2.1238509e-01	1.4982738e-01	2.0874393e-01	-2.7235007e-01	3.3980501e-01	2.7281189e-01	-1.9251665e-01	-1.5416819e-01	-1.9164035e-01	3.2173753e-01	-3.8286796e-01	-7.7375323e-02	-3.8051564e-01	3.9337051e-01	8.8317379e-02	-1.0601646e-01	-6.0496043e-02	-2.2648801e-01	1.7216440e-01	9.4194964e-02	-3.7969729e-01	-1.0911657e+00	1.0264555e-01	-8.8652000e-02	-8.9375809e-02	1.4304343e-02	3.1248447e-01	3.9528817e-01	3.6496705e-01	-1.6090757e-01	1.1668742e-01	1.3703889e-03	8.4859036e-02	1.6812426e-01	3.9048913e-01	-2.8146085e-01	1.2607653e-01	1.7930461e-01	-1.0145439e-01	1.7624862e-01	-1.8584928e-01	1.3852416e-01	2.3735309e-01	-6.8154648e-02	6.4463848e-01	5.3841446e-02	6.7804880e-03	2.8391566e-02	-6.1506640e-02	7.3904566e-02	4.1466560e-02	-4.2454846e-02	2.6122221e-01	-1.1935034e-01	2.0952579e-02	2.5481987e-01	2.3668520e-01	2.8245333e-01	-2.1942142e-01	-4.0449277e-02	3.0606735e-01	8.6888477e-02	1.0316085e-01	-1.7298275e-01	-4.1538835e-01	-4.1519967e-01	6.6575819e-01	-6.5621966e-01	-3.1897119e-01	2.9099414e-01	-8.4451593e-02	-8.8458419e-02	-8.4691845e-02	3.5871446e-01	1.1744836e-01	3.3534542e-01	-1.9279005e-01	3.4094131e-01	-2.8010160e-01	1.5393806e-01	-1.5543530e-02	2.3012770e-02	6.4608216e-02	1.2387113e-01	1.2853815e-01	-6.0263652e-01	-4.9715903e-02	2.7563158e-01	-1.2455033e-01	-4.0867671e-02	2.9454526e-01	2.9482746e-01	4.1331741e-01	-4.1501558e-01	1.8685217e-01	-3.9081392e-01	2.1416534e-01	-6.9116144e-03	1.4869547e-01	-7.9958715e-02	2.3346899e-02	1.6846919e-01	1.2123550e-01	-8.4232539e-02	-2.0485494e-01	1.1654758e-01	-2.4610496e-01	-4.6088153e-01	5.4141140e-01	-2.8738254e-01	-5.3406905e-02	2.0569293e-01	-3.1202158e-01	-2.4083410e-01	2.8943232e-01	2.0687591e-01	1.2475690e-02	-4.0514797e-01	-4.7715443e-01	2.5788370e-01	5.8058478e-02	-2.2481136e-01	1.8568429e-01	-2.1021913e-01	5.6456733e-01	-1.2406549e-01	-1.8745083e-01	-2.3661526e-01	-1.7915434e-01	-2.1031497e-02	-2.8006339e-01	-2.4086865e-02	3.6616898e-01	1.1147835e-01	1.6526845e-01	-2.0088759e-01	-6.9717728e-02	3.8042963e-01	1.3891340e-02	-4.4916362e-01	1.2855677e-02	8.3673820e-02	-3.4861397e-03	-3.0076250e-01	-4.6497211e-01	-2.3571946e-01	3.2445803e-01	2.4191688e-01	9.1219246e-03	7.6489121e-02	-3.2867682e-01	-2.7817179e-02	1.8519445e-01	1.0105129e-01	-3.7751579e-01	-3.1700334e-01	2.2697708e-01	-8.0562755e-02	-2.4843650e-01	-2.4095497e-01	9.8340899e-02	1.0654352e-01	-5.3179443e-02	3.9781149e-02	-1.7417406e-01	-2.6047897e-01	-4.7208149e-02	-1.0337511e-01	1.4745741e-01	1.6848467e-01	1.5865664e-01	2.4561585e-01	-4.0197980e-01	2.6304463e-03	1.3862649e-01	2.8910434e-01	1.9225320e-01	-2.1378648e-02	1.2414826e-01	1.9623324e-01	4.5070624e-01	7.3395568e-01	9.6256256e-02	1.5870400e-01	1.4527465e-01	1.2083541e-01	-2.7034372e-01	-2.9633912e-01	-2.5301689e-01	1.6123264e-01	2.2248614e-01	-2.6035452e-01	-6.0107213e-01	-1.2621662e-01	7.1788214e-02	-2.3774996e-01	1.1548295e-01	2.6562357e-01	3.6663300e-01	2.8773755e-01	2.1113755e-02	-3.9626715e-01	2.0244133e-01	-3.3218287e-02	-6.5311378e-01	-1.8771972e-01	3.2781079e-01	2.1002668e-01	2.5605655e-01	-8.5245296e-02	-3.3700851e-01	-8.7190494e-02	-2.7177304e-01	-2.2813889e-01	-1.6602835e-02	-3.0845279e-01	1.8301946e-03	-1.5445238e-01	3.3165351e-02	-3.5240564e-02	2.7076080e-01	3.8061991e-02	1.6110441e-01	-1.5752773e-01	-2.2137898e-01	-7.5116150e-02	-5.0139461e-02	-2.9996374e-01	-2.4020486e-01	2.4505503e-01	1.0993250e-01	2.1184818e-01	-2.5285158e-01	-1.1215056e-01	1.1101395e-01	2.4922699e-01	-2.7934733e-01	-1.1240387e-01	-4.2905327e-02	-2.0867394e-01	-6.5666750e-02	-3.1934032e-01	-1.1300553e-01	3.2284401e-02	-3.1478897e-01	-7.9344827e-01	3.8327214e-01	3.0477944e-01	2.4639122e-01	-2.1864681e-02	-1.5021001e-01	2.5989553e-01	2.6731217e-01	-1.5391827e-01	2.4138503e-03	-2.4910808e-01	6.9558285e-02	-1.8508622e-01	-3.4483533e-02	-4.6971790e-02	-3.1461585e-01	3.0328473e-01	-6.1882433e-02	2.7043790e-01	2.0884404e-01	8.1800945e-02	2.6927781e-01	1.2890965e-02	4.9317586e-01	-3.2444826e-01	1.4257212e-02	2.3174612e-01	1.3302979e-01	-6.7434058e-02	-2.5677668e-02	2.0856252e-03	-1.9641450e-01	-1.4241385e-01	1.0732816e-03	2.0005742e-01	2.5355452e-01	8.2007766e-02	1.1249117e-01	5.5892295e-01	-5.2746344e-01	5.3287808e-02	-2.3347273e-01	-1.2775405e-01	-3.1820551e-01	3.9404833e-01	3.4470078e-01	-1.6485220e-02	-3.2061625e-01	-2.1533698e-01	3.7461817e-01	-1.8034644e-02	2.5458876e-02	1.9753675e-01	8.6228706e-02	2.5526625e-01	6.6563737e-01	-2.7733823e-02	-1.7374228e-01	3.9654870e-02	-6.8419874e-02	1.8537551e-01	-4.3137252e-01	3.5302494e-02	4.4598985e-01	9.2488843e-01	-8.0029927e-02	1.2276142e-01	-3.1601796e-01	3.0780005e-01	-1.4496875e-01	-3.9406970e-01	-1.3103448e-01	-2.1326841e-01	-1.2742753e-01	-2.5549695e-01	-1.6437232e-01	3.3037528e-01	2.9436207e-01	-1.1688589e-01	3.3502069e-01	-8.8340990e-02	2.0224912e-01	2.1548371e-01	1.1959000e-01	-2.8111118e-01	9.0972940e-03	-1.2602602e-01	-4.5291594e-01	9.5046937e-02	-1.0637917e-02	-3.1160200e-03	9.4012253e-02	-2.8667377e-02	-2.4006407e-01	3.2246536e-01	-3.6756048e-01	2.4864179e-01	-1.3230914e-01	7.3179878e-02	2.9210538e-01	5.4823495e-02	-2.2408676e-01	-1.0038488e-02	1.2631299e-01	1.5937015e-01	-1.8527630e-01	-1.8201871e-01	2.0149203e-01	-1.6024318e-01	1.5976389e-01	7.5179242e-02	-2.3260050e-01	1.4562826e-02	-2.2083084e-01	1.9083421e-01	-7.7692896e-02	5.3565156e-02	4.0270977e-02	1.7129952e-01	2.9190820e-01	2.2186567e-04	-1.7651603e-02	1.6761261e-01	-1.5396269e-01	-2.0721164e-01	9.9300362e-02	-8.2025649e-03	2.4117437e-01	-3.1977212e-01	-9.1167577e-02	-5.2064914e-02	1.0375713e-01	-1.4252655e-01	1.4355232e-01	1.5774944e-01	2.5523733e-02	-1.4506632e-01	-1.2252332e-01	-7.3266096e-02	3.2528991e-01	-3.4594223e-01	1.7858122e-01	-2.5826949e-01	3.7147322e-01	1.4302189e-02	3.2164314e-01	3.4801689e-01	-1.9369332e-01	2.1007429e-01	-7.4136943e-02	-1.3016714e-04	-1.7892328e-01	2.2460778e-01	2.1477289e-01	1.5725646e-02	1.7671865e-01	-3.3107316e-01	2.6823297e-01	8.8593692e-02	-4.3442538e-01	-1.1537549e+00	5.7415974e-01	2.3043561e-01	8.0391645e-02	-2.2476408e-01	-5.2150380e-02	-4.8304138e-01	2.7420789e-01	-1.5849104e-02	-1.6978986e-03	2.8201607e-01	-3.9947054e-01	1.0703827e-01	-4.7149427e-02	-6.6762292e-03	1.4469276e-01	-1.0469699e-01	-1.5451781e-01	-8.8296279e-02	-1.7653617e-01	-3.2515064e-02	7.2974212e-02	-1.6618149e-01	3.6709157e-01	-2.6985634e-02	-2.1530688e-01	-4.6034133e-01	1.5742920e-01	3.4015292e-01	1.4525124e-01	-2.8263345e-01	2.3456104e-02	4.7298267e-01	-3.7324366e-01	1.1669217e-01	1.0066224e-01	6.4945243e-02	-5.9999742e-02	-3.5548401e-01	4.0900603e-01	-4.0414283e-01	-2.3114645e-01	2.1201488e-01	-2.4722636e-01	4.1205198e-02	-9.8557815e-02	-1.6969219e-01	2.1115176e-01	1.9577885e-01	-1.7120169e-01	3.8164958e-02	2.7548281e-02	4.9292725e-02	-5.7311192e-02	1.3954560e-01	-4.8044273e-01	1.6467611e-01	2.8085378e-01	1.3300325e-01	5.2146833e-02	-1.3056311e-01	9.5982835e-02	1.9802135e-01	-3.9179859e-01	-5.9760642e-01	1.6122364e-01	-1.0059837e-01	-1.6773492e-01	-5.6592077e-02	2.8058881e-01	2.3468482e-01	7.4601278e-02	-8.0764733e-02	4.4635098e-02	1.0651858e-01	-2.7863753e-01	2.0091331e-01	-1.4359824e-01	-5.3232950e-01	2.7613405e-02	2.8120127e-01	3.2284787e-01	1.8740544e-01	-1.7418063e-01	1.2308785e-01	-1.6963926e-01	-1.8978748e-01	6.2271500e-01	3.3452746e-01	-2.3266155e-01	-2.2905555e-01	2.9481724e-01	-5.4298751e-02	2.5063038e-01	1.1444075e-01	4.9423557e-02	-6.6094649e-01	-9.4302058e-02	2.5190413e-01	3.2509651e-02	1.4140587e-01	4.6183350e-03	3.8473707e-01	2.3046932e-01	-2.2806965e-01	-8.1659490e-03	7.9047069e-02	-5.1579452e-01	1.7323564e-01	-2.5753547e-03	-3.7234896e-01	-1.9801638e-01	-2.0996051e-01	-1.5359908e-01	-2.9038349e-01	8.9430977e-03	2.4357024e-01	-1.2653533e-01	1.5997061e-01	5.8360088e-01	2.3090035e-01	-8.2705520e-02	1.8463011e-01	2.3116039e-01	-2.8445101e-01	2.9033208e-01	-2.0160766e-01
3.2612526e-01	-3.4504790e-02	-4.0640347e-02	1.9221774e-01	2.5741863e-01	-1.2778378e-01	7.1245462e-02	1.2067151e-01	2.7572954e-01	-1.8410606e-02	2.3889929e-01	6.0825367e-02	1.3031495e-01	-8.5544638e-02	-2.1550132e-01	-1.9718798e-01	2.0026188e-01	1.4164577e-01	1.4113867e-01	2.9893753e-01	3.8225786e-03	4.7331530e-01	2.0711429e-01	5.9849238e-03	-3.3305472e-01	3.4729773e-01	1.2233244e-02	-1.0009768e-01	-2.0517573e-01	1.1787791e-01	-2.0651609e-01	-3.7919986e-01	-1.6355348e-01	6.9153130e-02	-2.4867875e-03	-8.4406570e-02	1.6570292e-01	-3.2778275e-01	-4.8909634e-01	4.5503289e-01	1.1131806e-01	-3.1035754e-01	2.4388206e-01	1.5298048e-01	2.3722686e-01	1.5397385e-01	-4.1920613e-02	1.4772366e-01	-4.5470621e-02	8.0780827e-02	3.4870237e-01	3.1720683e-01	1.5757434e-01	-7.5161353e-02	1.4306124e-01	1.3508384e-01	5.2544627e-02	-6.7787319e-02	3.0395591e-01	3.9960179e-01	-2.2253311e-04	-8.0495074e-02	-6.1095871e-02	2.4116854e-01	3.1323218e-01	4.2702174e-01	-5.1980102e-01	3.5617229e-01	-2.0006506e-01	-8.6475983e-02	-1.8000920e-01	6.9401187e-01	3.9630228e-01	-7.9018271e-01	-4.9063078e-01	5.3899657e-02	2.4123199e-01	1.7143287e-01	1.8725313e-01	4.2540783e-01	1.6086105e-01	1.8090574e-01	4.2798288e-02	-1.9307740e-02	-5.1155169e-02	1.7939217e-01	2.7886845e-02	-5.9708929e-01	-4.3129873e-01	2.1150132e-01	1.2995228e-01	4.0962854e-01	4.8734055e-05	-1.4168747e-01	-2.1630347e-01	-7.6685645e-02	-1.4843357e-02	9.0274103e-02	-4.4309229e-01	1.8857473e-01	-1.2509021e-01	-1.1612946e-01	-1.8713329e-02	4.1082837e-02	1.5118313e-01	3.3845887e-01	-3.2099321e-01	2.5342178e-01	-1.8754666e-01	-7.1295917e-02	-3.2906783e-01	-1.5213636e-01	-4.9786234e-01	3.5182169e-01	1.2079439e-02	1.8265267e-01	-1.3087793e-01	3.9845984e-02	1.6043417e-01	-2.2318895e-01	1.5859695e-01	4.2817578e-02	2.2353993e-01	1.2191541e-01	-7.4047439e-02	-2.8880331e-01	2.8154460e-01	-4.8055744e-01	-5.8768954e-02	2.8787898e-02	-8.5301092e-03	-6.5142882e-01	-2.9331157e-01	7.1530685e-02	4.3297720e-01	-2.8152376e-01	3.1988859e-02	1.5232137e-01	5.8411819e-01	-4.2159107e-04	2.7430463e-01	-1.6477750e-01	-9.6971042e-02	1.9891204e-01	-3.7350237e-01	2.7232099e-01	-2.3466945e-01	-1.8426140e-01	8.2678698e-02	2.0615065e-01	2.6822692e-01	-6.4077419e-01	2.5775105e-01	3.1690195e-01	-1.3102832e-01	-4.2040721e-01	-7.2180443e-02	-3.3482175e-02	2.2071773e-01	1.4383560e-01	-1.9533686e-01	1.8856604e-01	6.2511796e-03	4.3355620e-01	1.3269059e-01	2.4605063e-01	-3.8544139e-01	-2.0312276e-01	-1.6289833e-01	2.6609620e-01	-6.5620387e-01	5.1410556e-02	1.3321622e-01	5.4210120e-01	6.6226080e-02	1.9475374e-02	3.3533877e-01	-4.6912330e-01	4.5094025e-01	1.6939709e-01	-2.1961820e-01	-4.4753852e-01	-1.1873564e-01	-7.4844226e-02	-1.5655987e-02	-4.0698045e-01	-6.8551719e-02	3.7168047e-01	1.6633211e-01	3.2627899e-02	4.1405547e-01	5.4814447e-02	-2.8325396e-02	-1.3535218e-01	-2.3750018e-02	-2.9654685e-01	-1.9715127e-01	1.6424705e-01	8.8146269e-02	-2.7518132e-01	-1.7248976e-01	8.5203186e-02	3.3247128e-02	-9.6639872e-02	2.0341970e-01	1.1199637e-01	-2.2726666e-02	-1.8294922e-01	-4.9735509e-02	1.2589155e-01	-1.0561083e-01	-2.5844130e-01	-2.9443711e-01	-6.8370342e-02	1.0750461e-01	-3.5703313e-01	6.1074309e-02	-2.6903212e-01	1.7861407e-01	2.4825038e-01	-2.6800570e-01	-4.8050202e-02	-1.9784043e-02	2.2382538e-01	1.7363769e-01	-4.7041079e-01	1.6592276e-01	-2.9770356e-01	1.3818300e-01	-3.5737610e-01	2.8554416e-01	8.6397097e-02	-1.4389008e-01	-1.1374177e-01	4.7223961e-01	2.1252725e-01	2.5610521e-01	2.2640684e-01	-1.2979612e-01	5.1765841e-02	-4.0009946e-01	1.1824460e-01	-3.6459133e-01	-9.7801454e-02	1.2567520e-01	7.2675005e-02	2.3387642e-01	-5.1151949e-01	-1.6605033e-01	2.5428253e-01	-8.3324403e-02	-7.2439299e-03	5.8990952e-02	-1.8589113e-02	7.9512469e-02	-3.2482937e-01	-1.7729394e-01	3.3404291e-01	-4.6151582e-02	6.5980718e-02	-5.9845410e-02	3.7566984e-01	2.6834248e-02	5.7265125e-02	5.5317622e-02	3.2033607e-01	-4.2573529e-01	1.9183789e-01	1.3540883e-01	8.5968184e-01	-1.7360935e-01	3.5673433e-03	2.4101351e-01	-5.9357691e-01	1.3271816e-01	3.1857413e-01	-1.0265607e-01	-1.9344708e-01	-1.4847091e-01	4.3531519e-01	7.3927782e-02	-4.4343466e-01	-2.0269565e-01	1.8563662e-02	3.1698254e-01	1.5709904e-01	3.2047105e-01	1.7697388e-01	3.9644298e-01	1.2446063e-01	-2.4980667e-01	3.4964710e-01	2.7561215e-01	2.1647406e-01	1.0734014e-01	1.7226359e-01	-2.7002102e-01	-3.2348844e-01	2.6099749e-02	2.0193952e-01	2.0085257e-01	-5.6501234e-01	1.2934649e-01	4.4849901e-03	3.1631742e-02	3.3656725e-01	-9.8441027e-02	2.6225871e-01	2.7061161e-01	3.5993996e-01	2.5530478e-01	1.5296520e-01	-2.4555168e-01	3.4925285e-01	-1.9523391e-01	1.7185780e-01	-3.6933339e-01	-1.6260606e-01	1.0700732e-02	2.8794898e-02	-3.3652568e-01	2.9906258e-01	7.0502192e-02	-1.1256883e-01	2.2245440e-01	-3.4515187e-02	-2.6446027e-01	5.0234163e-01	-2.5102270e-01	-3.1958258e-01	1.5054403e-02	2.6198122e-01	-1.7150082e-01	5.8021522e-01	1.8038733e-01	-2.5507268e-01	2.0127490e-01	-5.6306952e-01	-4.3974952e-03	-3.3646145e-01	-7.7291831e-02	-1.6289901e-02	4.4783883e-02	3.9564696e-01	-9.0000078e-02	-4.2513767e-01	-2.9749006e-01	4.4920197e-01	6.4884317e-01	-7.2363384e-02	1.3737781e-01	-9.3280315e-02	3.8797081e-01	-8.1509240e-02	-1.3926685e-01	2.1261749e-01	1.4574043e-01	7.0079327e-02	2.2383225e-01	1.2274684e-01	2.3126346e-01	-2.4703714e-01	-9.5896423e-04	1.3356681e-01	1.5384154e-01	3.4880526e-02	4.6497001e-03	4.2643614e-02	-1.3175973e-01	-1.1134582e-01	1.7789283e-01	-1.6914843e-01	-1.8071512e-02	3.1059888e-01	1.4855683e-01	-3.3626676e-01	-1.3835189e-01	1.9861564e-01	-2.6783937e-01	2.9276747e-01	2.8929216e-01	2.6694790e-01	-1.4058648e-01	-3.4573463e-01	-4.5690691e-01	-2.2173041e-02	-5.3822156e-02	-1.5715925e-01	1.5799838e-01	3.7133539e-01	-6.3557215e-02	2.1398681e-01	-6.3086465e-02	-2.0472136e-01	-1.4780517e-01	2.9061872e-01	-1.6931179e-01	5.7187152e-01	-5.1042452e-03	-3.5619261e-03	3.9604329e-02	-2.7977622e-01	1.2003586e-01	7.2642989e-02	2.0045339e-01	-3.8922496e-02	-5.1125593e-02	6.9532745e-02	-1.3005440e-03	-2.2504288e-01	5.6540933e-02	-1.7489457e-01	4.2506623e-01	3.1974323e-02	3.8880378e-01	-4.5266993e-02	3.7275422e-01	1.6467404e-01	7.0057504e-02	1.3455868e-01	1.4161173e-01	8.8510640e-02	-3.6874455e-01	-1.1960571e-01	-3.6481419e-01	-3.4037930e-01	-2.8576222e-01	3.1047049e-01	5.2014180e-02	5.6924373e-01	-7.5253487e-02	-2.0160291e-01	2.9013462e-02	-1.1640381e+00	1.9993013e-01	2.6229957e-01	-2.0467994e-01	-2.4649996e-01	3.2347757e-01	-1.4147031e-01	6.4743273e-02	-3.8721788e-01	2.7990162e-02	1.0968777e-01	3.5407597e-01	-7.6452114e-02	5.4820377e-01	1.5603018e-01	2.0108670e-01	1.9218263e-01	-6.6379234e-02	-1.8274511e-01	1.0463098e-01	-1.3930197e-01	-6.8368733e-02	6.1198848e-01	-1.4145839e-01	-5.4400384e-01	5.2218046e-02	-2.4445699e-01	3.7142137e-01	5.8495647e-01	4.4221558e-02	4.6710647e-03	2.5883055e-01	1.9259265e-01	3.2744879e-01	-5.9287250e-01	1.0273877e-01	-2.6896927e-01	-2.0256035e-01	1.5350719e-01	2.4826309e-02	-2.4043414e-01	8.4611043e-02	3.2419604e-01	-1.6308029e-01	-1.7136346e-01	3.4858692e-01	3.0257428e-01	1.0729779e-01	-1.6622411e-01	4.8419353e-02	-2.2722712e-01	-7.0945509e-02	-3.5711206e-02	1.8792579e-02	2.1929289e-01	2.3784629e-01	8.4006995e-02	3.6984408e-01	-2.8886098e-01	-1.8203202e-01	-4.7506309e-01	6.4789869e-02	1.7635085e-01	7.6711692e-02	4.1354445e-01	-3.8629019e-01	-1.7667402e-01	7.6252349e-02	1.6328689e-02	-2.7765080e-01	1.1400864e-01	1.8236226e-01	4.4687632e-01	-5.5068474e-02	9.5936306e-02	-1.6241241e-01	3.5796139e-01	-3.3915055e-01	-6.8725295e-02	-1.3926521e-01	-6.8676479e-02	1.6993128e-02	6.0268354e-02	2.4485205e-01	-1.0600705e-01	-3.0946480e-02	-1.9882937e-01	4.7763780e-02	-2.3886813e-01	2.5091013e-01	-2.4958748e-01	1.7856647e-01	4.7445055e-02	2.5177690e-01	8.0356486e-02	-9.0257779e-02	-1.1812666e-01	9.9310443e-02	-1.7074105e-01	1.5175343e-01	-4.1821730e-01	1.2648724e-01	-1.5436846e-01	1.8867937e-01	5.8435801e-02	2.2584099e-01	-2.4001701e-01	-3.0914450e-01	2.4892451e-01	-3.6861494e-02	3.1672487e-01	2.0480542e-01	2.1187723e-01	1.3513735e-01	-1.0317557e-01	-3.5091802e-01	-1.9425562e-02	3.3563146e-01	5.6002551e-01	-6.4174540e-02	-2.1206087e-01	1.7145877e-01	2.2092949e-01	9.9014960e-02	-1.8080540e-01	2.7280539e-01	2.3549448e-01	2.9747473e-02	2.5470787e-01	1.0705883e-01	3.9415102e-02	2.7599242e-01	-8.5111007e-02	1.8979343e-02	-9.3262419e-02	-5.5834442e-01	2.1078210e-01	2.4145523e-02	-3.2871537e-02	-3.7138784e-01	1.0975844e-01	-1.3679036e-01	-4.4959772e-01	4.2673366e-04	3.8944054e-01	3.2455601e-02	2.2049680e-01	-1.9185688e-01	-6.5413073e-02	1.7884710e-01	4.3542722e-01	1.8659325e-01	-3.8242576e-01	3.6134279e-01	9.4111778e-02	-3.1077603e-01	2.4452156e-01	2.4090242e-01	5.3331833e-02	-2.6423144e-01	-8.5314158e-03	-1.3135469e-01	9.9826250e-03	1.1537842e-01	2.9559427e-01	2.5848459e-02	-4.9490905e-01	-3.9107028e-01	4.4736052e-01	-5.4666653e-02	3.5348916e-01	9.1303721e-02	-7.0807695e-02	-4.0390140e-01	-2.8384149e-01	2.2080635e-01	2.0026761e-01	2.7887261e-02	-3.4275085e-03	4.2061362e-01	-3.5324432e-02	2.1026731e-01	-2.1457022e-02	2.1091324e-01	1.2143565e-01	1.8603241e-01	1.6224852e-01	-1.0411664e-01	-3.7693366e-01	-1.4962056e-01	-4.9482239e-03	2.5446648e-02	4.6545368e-01	-2.5594282e-01	3.3807528e-01	2.1660002e-01	4.0935552e-01	2.5525576e-01	-2.3339923e-01	-1.6951606e-01	3.6826494e-01	-2.8237209e-01	9.2825545e-03	1.0462248e-01	2.8346866e-01	-1.2130550e-01	2.4887912e-01	1.3919993e-01	1.6948368e-01	-5.9177738e-02	-1.5422298e-01	-4.0849760e-02	1.1710014e-01	2.5661573e-01	-4.6521112e-01	-2.0433147e-01	2.0439084e-01	5.7723981e-01	-2.4206631e-01	1.2514637e-01	-2.3964627e-01	-5.9875660e-03	-1.8735009e-01	-8.5502751e-02	3.2101566e-01	-3.8461599e-01	-6.1085624e-01	-9.1507778e-02	6.4029574e-01	2.7170059e-01	-4.4844022e-01	3.2221758e-01	4.3906689e-01	-6.7912161e-02	-1.5310757e-01	-2.4456567e-01	-5.0911123e-01	-2.0387697e-01	2.8388736e-01	1.2865610e-01	-2.3833815e-02	-2.0184268e-01	2.7779263e-01	-1.3833004e-01	9.2926510e-03	-1.5557363e-02	4.0728049e-03	5.3399928e-02	7.1863160e-03	-3.4278592e-01	2.3611093e-01	6.4234748e-02	7.4965131e-01	-1.2702467e-01	5.8541290e-02	2.8693649e-01	-1.1788141e+00	3.7515539e-01	1.8071018e-01	-3.0468196e-01	1.6806833e-01	-2.0977010e-01	9.8134264e-02	-2.3483132e-01	-4.3799293e-01	3.5272256e-01	2.7524251e-01	-1.5887323e-01	-1.4627805e-01	6.1012626e-01	1.3103405e-01	-3.2932195e-01	1.9103487e-01	-1.0342036e-01	2.9867318e-01	-2.4149464e-01	-2.6964918e-01	-3.9260402e-01	-2.0528629e-01	8.7287553e-02	1.6986187e-01	2.5422442e-01	5.7726149e-02	2.5067341e-01	2.8498524e-01	2.9549539e-01	-4.1406360e-02	1.7156884e-02	-4.5961320e-01	-1.0822888e-01	1.0230716e-01	3.1864905e-01	-5.4556262e-01	1.2493563e-01	-1.7079663e-01	-3.7659106e-01	-6.2850922e-02	1.2434457e-01	-3.0995744e-01	-1.7489192e-01	-1.6406158e-01	4.0193796e-01	2.0226510e-01	1.2622167e-01	2.0277476e-02	2.3922460e-01	-1.6181922e-01	-4.0668821e-01	-1.0320854e-02	-2.1729884e-01	2.7573662e-02	-2.1836540e-02	-2.0207494e-01	2.6227072e-01	-4.0888738e-02	6.1785795e-02	8.2432699e-01	7.6505721e-02	7.4309796e-02	1.7085020e-01	2.0406155e-02	-3.1230602e-01	-1.2795883e-02	-1.2762004e-02	3.0317608e-01	-4.2933006e-02	-8.7571308e-02	3.0880088e-01	-1.7791651e-01	1.9762971e-01	2.9728657e-01	-1.1759854e-01	-4.1800389e-01	3.8126466e-01	2.9277894e-01	1.2211239e-01	-1.7821907e-01	-2.2530569e-01	1.0908741e-01	-2.2037819e-01	-4.1032936e-02	-4.3520376e-02	2.9889086e-01	3.6406033e-02	3.1905106e-01	-5.2097887e-01	3.0879590e-01	-6.8500772e-02	2.5310215e-01	3.8075220e-02	-2.0772587e-01	-7.4944222e-01	2.5198454e-01	-3.9823532e-01	1.5166719e-01	2.2580662e-01	2.5486788e-02	1.9081669e-01	-2.0795390e-01	-2.9147219e-02	6.4746462e-02	-3.0193695e-01	-4.0828419e-01	1.4617662e-01	-5.9019484e-02	8.2496949e-02	3.7136156e-02	-4.0148888e-03	-2.2028422e-01	-2.7897218e-01	4.0761366e-02	-3.1828487e-01	-6.9140725e-02	-2.5966354e-02	2.9944691e-01	-5.8669471e-03	3.7405383e-02	-5.2435081e-02	-2.2305785e-01	-1.1347380e-01	-7.7645026e-02	1.8337531e-01	-2.8174543e-01	-3.8556576e-01	-1.5748921e-01	2.7227685e-01	-1.3101253e-01	-1.0848052e-01	1.0556105e-01	-1.4336234e-01	2.4130782e-01	-2.9519936e-01	-1.6338556e-01	2.5247595e-01	2.0815825e-01	9.2909932e-02	-2.5776774e-01	-1.7463818e-01	-3.7846848e-01	8.7671243e-02	1.5541855e-01	-2.0381317e-01	5.8153495e-02	4.0085500e-01	-2.6609039e-01	2.4333118e-01	2.9252464e-01	-2.7509433e-01	-5.3885001e-01	-4.2265239e-01	-2.4567664e-02	-2.9801527e-01	1.6988346e-01	-2.4229015e-01	2.3498450e-01	1.4889435e-01	4.4079083e-01	2.0741686e-01	7.0828877e-02	2.4831685e-01	2.6849851e-01	-2.1634872e-01	1.7784008e-01	-7.2923243e-01	-1.6254280e-02	3.5127755e-02	1.1048800e-01	5.9589919e-02	9.1498286e-02	-4.5991239e-01	-4.5210409e-01	-2.6160592e-01	4.5579743e-02	-1.8890369e-01	5.2865621e-02	2.8747633e-01	1.1268131e-01	-6.5410197e-02	-6.2397730e-02	3.1535026e-02	-6.8137422e-02	2.2669221e-01	-9.7606413e-02	3.0336186e-01	-1.0136145e-01	6.2350654e-03	2.5007015e-01	-1.7300516e-01	9.9736527e-02	-2.3621000e-01	-1.9034679e-01	2.4556009e-01	-3.0263197e-01	2.6257706e-01	4.7983527e-02	-1.0638484e-01	-2.7121760e-02	1.0486574e-01	3.6651880e-02	1.3331294e-01	-1.1171184e-01	-9.1449693e-02	2.6967350e-01	3.7693116e-01	2.9021394e-01	1.9481499e-01	4.0780775e-02	1.5065806e-01	1.2204954e-01	8.6892761e-02	1.9672643e-01	-6.4922169e-02	-3.7030920e-01	-3.2474321e-01	-2.6120147e-01	5.1935378e-02	-1.0483672e-01	-1.0811149e-01	2.9316688e-01	6.7213923e-02	1.3398209e-01	3.8056407e-02	2.9328409e-01	-3.8562415e-03	4.6217367e-01	2.2458902e-02	-1.8568639e-01	-4.4993952e-01	3.7578538e-01	5.6819662e-02	1.4382523e-01	-1.9147842e-01	-1.8280141e-02	-2.6609269e-01	-6.9797479e-02	2.8357363e-01	-2.1273489e-01	-1.0524296e-01	6.2468711e-02	2.4176413e-01	-1.3495857e-01	-2.5952157e-01	1.1429333e-01	-5.3723194e-02	-2.0098004e-01	-4.4477591e-01	1.0100237e-01	4.0261038e-02	-2.6040998e-01	-1.2944096e-02	2.2308096e-01	-2.9577070e-01	-4.8393193e-01	2.2087646e-01	1.8906187e-02	8.5255848e-03	-1.1187848e-03	-6.7819305e-02	-3.3318096e-01	-5.0173634e-01	-1.7538846e-01	7.8410944e-03	-1.0721442e-04	2.3129715e-01	2.8003010e-01	1.2244005e-01	1.3879560e-01	-4.4350597e-01	1.4227085e-01	3.2724607e-01	-3.1747124e-01	4.2535853e-02	6.0549639e-02	2.4336161e-01	3.8090864e-01	-1.9297385e-01	3.0523148e-01	1.8138923e-01	1.9649737e-01	-2.0952813e-01	-2.9939431e-01	1.3058913e-01	1.9106385e-01	-1.8754877e-01	3.8849786e-02	1.5827405e-01	-3.0605963e-01	-7.5379917e-03	-4.1111937e-01	-1.9781314e-02	1.8383124e-01	-2.2363823e-02	-5.5637378e-01	2.0585908e-01	-2.8379884e-01	-1.7492087e-01	-1.3973364e-02	-2.1528894e-01	2.9339004e-01	2.2054885e-01	4.6708924e-01	-3.0045268e-01	2.4471325e-01	1.4429982e-01	1.2411813e-01	-5.1376653e-01	3.4138113e-01	-1.3834868e-01	-1.1709726e-03	-4.0571344e-01	1.7570639e-01	1.8010536e-02	7.8476775e-01	-1.4398347e-01	-7.4800678e-02	2.2164357e-01	-1.1048810e+00	3.0222523e-01	2.8976473e-01	7.8245945e-02	-3.8657692e-01	9.1864981e-02	-4.6600178e-02	-3.4748933e-01	-5.8297354e-01	2.0564248e-01	2.8243968e-01	4.3352601e-01	-1.6321740e-01	4.7117352e-01	-5.1941238e-03
1.4825974e-01	6.0120583e-01	6.1329132e-01	-2.0774801e-01	-4.6828672e-01	-5.1236039e-01	1.6258273e-01	-1.6249484e-01	-3.7546927e-01	1.3594782e-01	-4.6883056e-01	3.9723694e-01	-3.0329219e-01	-2.1657224e-01	-6.1365563e-01	1.6663876e-01	9.3698232e-03	3.7951010e-01	5.3287858e-01	3.2330358e-01	-9.0813273e-01	-4.1505507e-01	-2.9266691e-01	-3.5893288e-01	-2.7876860e-01	3.6187315e-01	3.6262286e-01	-5.4734532e-02	6.0202730e-01	-7.2591074e-02	1.8405184e-01	-6.6773611e-01
