9
input	10
dense	32
relu	0
dense	32
relu	0
dense	32
relu	0
dense	1
linear	0
7.999999979801942e-06
-2.6851974e-02	-1.7183200e-01	5.5758193e-02	8.4998176e-02	-7.7812813e-02	2.8347928e-02	-2.6837548e-02	-3.6294177e-02	-6.4410390e-03	-6.0369879e-02	4.6127826e-02	-6.7000233e-02	8.9885801e-02	-1.0079642e-01	-8.5548811e-02	-8.0752082e-02	-9.9982128e-02	-4.3882035e-02	5.5322699e-02	1.2721214e-02	-9.3289226e-02	-1.7825730e-01	5.6876868e-02	-1.1713566e-01	8.1618227e-02	-8.8259757e-02	-1.0029388e-01	1.3210828e-03	2.3104898e-03	4.8049528e-02	7.9223908e-02	-5.1781222e-02
-7.8219511e-03	-6.9734626e-02	-2.5501639e-02	-7.2245270e-02	-8.5403256e-02	8.1776921e-03	2.1861650e-02	-6.0219496e-02	-6.5247156e-02	-5.0651304e-02	1.1194564e-01	-1.4161504e-03	-3.4453291e-02	-6.5718248e-02	-4.5897488e-02	-8.9944027e-02	-1.6972125e-02	-7.8435965e-02	1.2455047e-02	3.2719201e-04	7.4323043e-02	5.8493160e-02	-4.9357444e-02	2.8529940e-02	6.8559758e-02	0.0000000e+00	-1.1362085e-02	-4.1330181e-02	2.5772749e-02	-9.3736984e-02	4.4334676e-02	-5.0978195e-02
-1.0500710e-01	-2.6387207e-02	-4.4660855e-02	-3.1720065e-02	-5.1037814e-02	-2.9325398e-02	-1.7584184e-02	-1.0773644e-01	-3.8490634e-02	6.4534828e-02	-3.6129400e-02	-8.5499212e-02	-4.1914809e-02	3.6361292e-02	2.3981810e-02	4.3581441e-02	-9.2559002e-02	-2.0352280e-02	-1.4817141e-02	-3.8306568e-02	-4.3447480e-02	3.5722893e-02	-2.6042441e-02	1.8320600e-02	5.7167321e-02	-2.9710351e-02	1.8920414e-02	6.5379694e-02	-1.4491926e-02	-7.8154445e-02	5.8683574e-02	-2.5793757e-02
-9.8246792e-03
-6.6296041e-02	4.2862251e-01	2.2358648e-02	-2.0992346e-01	-3.5955477e-01	-5.8809318e-02	4.4311625e-01	-5.2759614e-02	5.4099634e-02	1.1475089e-01	-8.3003275e-02	8.6469889e-02	1.4873008e-01	1.1296878e-01	-9.7618043e-02	1.0018121e-01	1.5584949e-02	-3.0479988e-03	-1.6178860e-01	3.2168823e-01	-3.5798222e-01	-2.5357324e-01	4.2845014e-01	-1.1077157e-01	-3.7354685e-02	3.7974939e-01	-9.7346492e-02	8.7306369e-03	-2.8223950e-01	1.0631099e-01	-1.8838395e-01	-2.3295838e-01	3.8664117e-01	9.1283046e-02	-8.1403270e-02	2.9179859e-01	-4.2263696e-01	-1.7150064e-01	2.2689755e-01	1.1675365e-01	1.8837711e-01	-1.4942317e-01	-1.3366076e-01	8.2653895e-02	-2.6546356e-03	2.0866331e-01	-7.4826814e-02	2.5127849e-01	-2.0126759e-01	-1.8581000e-01	-1.6886307e-02	1.2511575e-01	2.0177452e-01	-4.6301523e-01	-2.1130356e-01	2.8620100e-01	2.2537711e-01	1.3813172e-02	-6.8801597e-02	-1.3267924e-01	1.8850227e-01	-1.6226513e-02	1.5793657e-01	-4.6562418e-01	1.2765648e-02	1.0306709e-01	1.6470349e-01	6.3809454e-02	-7.0325297e-01	-1.3483684e-01	-3.0501249e-01	3.2367420e-01	-9.7697578e-02	1.9190206e-01	1.0035107e-01	-3.8934183e-01	2.4097188e-01	-1.1393130e-02	-2.0072803e-01	1.3655856e-01	9.3842298e-02	-6.2672861e-02	4.2972720e-01	-1.9189017e-02	-1.2020027e-01	-1.6728145e-01	-3.9584222e-01	-3.3214253e-01	-8.9561060e-02	4.6521038e-01	3.9070362e-01	-1.9718957e-01	-3.7126049e-01	1.9480839e-01	-2.9416132e-01	2.4608944e-01	3.5556874e-01	3.6235093e-03	1.4344819e-01	-9.6102364e-02	-4.9830252e-01	-3.4465259e-01	-1.6279501e-01	-1.5984891e-01	-2.4136846e-01	1.8237236e-01	1.2445500e-01	6.9296518e-03	-2.3658060e-02	-3.1846681e-01	-1.0988741e-01	-1.7332506e-01	-2.1981226e-01	7.9584472e-02	-7.9102099e-02	-2.3644432e-01	-2.1854272e-01	-1.1942030e-01	4.5685261e-02	-1.5331659e-01	-7.6236777e-02	2.5721908e-01	4.2730758e-01	-2.8500473e-01	-3.0189195e-01	3.1972837e-01	-1.5108718e-01	-4.5468961e-03	1.0940661e-01	-2.1276079e-01	3.0118603e-01	-1.0753340e-01	2.5013182e-01	-1.9354843e-01	3.8814101e-02	-1.7339540e-01	-1.0802223e-01	1.5090412e-01	3.1380808e-01	-6.5930271e-01	6.1768722e-02	-1.3051844e-01	1.1967636e-02	-1.4006102e-01	3.4594077e-01	2.8416300e-01	-1.6371302e-01	1.9010553e-02	-2.4870646e-01	-4.4628311e-02	7.8727566e-02	-1.0688756e-01	-7.9602577e-02	2.2100626e-01	-1.9049408e-01	-3.1525120e-01	5.9996909e-01	1.5166105e-01	-4.2683470e-01	-1.8740876e-01	-2.1717492e-01	2.0808932e-01	-3.3398488e-01	2.0432192e-01	1.2636490e-01	2.7414328e-01	1.5199421e-01	2.7016211e-02	-7.3959857e-01	-1.2498880e-01	2.1443371e-02	-3.9361688e-01	-3.3885863e-01	1.2491832e-01	3.3350459e-01	1.1598691e-01	3.5823059e-01	-1.4023380e-01	3.3053899e-01	-5.6293022e-02	5.8877066e-02	-4.9951440e-01	3.2483479e-01	-1.6149494e-01	-2.4130493e-02	2.4751602e-01	1.1204293e-01	6.1021954e-02	-1.0823120e+00	2.5505980e-02	9.3974486e-02	-2.4572870e-01	3.8339916e-01	-3.8205113e-02	1.1167268e-01	-2.0481233e-01	-6.5483920e-02	-1.2285154e-01	2.2877148e-01	2.3746635e-01	-1.1558220e-01	2.4177819e-01	-5.9769100e-01	1.4962659e-02	2.2754748e-01	2.9156622e-01	2.5494733e-01	5.8052178e-02	1.8012577e-01	-1.4941283e-01	3.6273295e-01	-1.5213931e-01	9.1588721e-02	3.1492081e-01	-2.5029305e-01	-3.2053523e-02	3.4671730e-01	-3.3472892e-02	-9.1119766e-02	2.2193564e-01	2.0259842e-01	2.5543454e-01	4.2119265e-01	4.8670780e-02	-3.3603618e-01	-2.4587737e-02	-3.9114746e-01	2.3759542e-01	3.1883666e-01	-3.5359615e-01	3.4400395e-01	3.1415933e-01	-3.0383247e-01	-3.2059476e-01	2.1405590e-01	1.0232809e-01	1.3779871e-01	-5.0684661e-02	-1.6424856e-01	3.6010873e-02	5.4303605e-02	2.3206787e-01	2.0859993e-01	2.3900639e-01	-2.5670192e-01	-3.3732316e-01	-3.0844474e-01	-9.0003507e-03	-8.2566798e-02	1.4896771e-01	7.2015733e-02	-1.2344633e-01	-8.4249794e-02	4.4941100e-01	-3.4463057e-01	1.9718622e-01	-3.7772113e-01	-2.8692815e-01	2.7217379e-01	4.3961544e-02	4.7272269e-02	2.0621468e-01	-4.8152173e-01	3.5688037e-01	2.7209675e-01	-2.8790835e-01	3.4041068e-01	1.3197608e-01	4.0871855e-02	-1.4172715e-01	1.7055839e-01	1.4763525e-01	3.9326981e-01	-5.2002925e-01	-2.6527977e-01	2.9754812e-01	-4.8787355e-02	-8.8770119e-03	2.4095230e-01	2.1010740e-01	-1.4271739e-01	-3.4652442e-01	-4.5967588e-01	4.1027868e-01	2.0212576e-01	1.1749625e-01	4.1534853e-01	-1.3320703e-02	-7.2537535e-03	3.7587962e-01	-4.4180136e-02	2.1462686e-01	1.0347582e-01	2.9201588e-01	-4.2707217e-01	2.6543000e-01	-2.0515381e-01	9.0651318e-02	1.6115819e-01	4.3340796e-03	-3.1082615e-01	-2.4414377e-01	4.1405436e-01	2.6577225e-01	-2.9106393e-01	3.0481896e-01	-2.4646002e-01	5.5193487e-03	2.2242759e-01	3.2342207e-01	-9.6080974e-02	-1.4102246e-01	-4.4996125e-01	-2.9320291e-01	2.6457933e-01	-1.4198977e-01	-5.5793136e-01	1.9625700e-01	-1.7078232e-02	-5.4573441e-01
-2.3718718e-01	3.5116094e-01	-3.2925120e-01	-3.4882661e-02	-2.0006484e-01	-2.9302365e-01	7.7134751e-02	1.5167260e-01	-2.8236902e-01	6.4023560e-01	3.5135883e-01	-7.7825092e-02	-1.6598365e-01	6.4641591e-03	-1.6118725e-01	-2.5110924e-01	7.1477845e-02	4.2955619e-01	-2.6142048e-02	-2.5563848e-01	1.0926566e-01	1.0543186e-01	-7.1432352e-02	1.2197608e-01	-1.7456539e-01	-1.1476616e-01	3.3760205e-01	9.3792692e-02	2.8543347e-01	3.7330186e-01	-3.2598544e-02	-2.1400650e-01	1.7905675e-01	1.3117212e-01	1.0985204e-01	-3.9387524e-01	-8.9631446e-02	4.0730998e-02	1.2537327e-01	3.0041203e-01	-5.0550759e-01	2.0723875e-01	1.7677149e-01	2.4181715e-01	-1.3428088e-01	3.4651048e-02	4.9444506e-01	1.6075604e-01	2.3572457e-01	5.3102928e-01	-2.8803065e-02	-1.3251030e-01	3.3863643e-01	-1.7342713e-01	3.9332878e-02	3.2525298e-01	-1.3531516e+00	-4.8697885e-02	5.4789361e-02	-9.9987850e-02	3.4133279e-01	-3.1178036e-01	-2.3298246e-01	7.5279623e-02	5.4285234e-01	9.9730022e-02	3.1610438e-01	-1.7475845e-01	-2.2279264e-01	1.0830928e-01	-1.7951742e-01	4.3019751e-01	-2.4222739e-01	-4.5777705e-02	8.9624636e-02	5.7335082e-02	3.2721618e-01	-1.4812556e-01	2.1200095e-01	2.6788265e-01	-3.2984167e-01	2.2637451e-01	-2.0873623e-01	5.6262586e-02	5.5603452e-02	7.2215132e-02	2.8467098e-01	-2.8748137e-01	2.7841392e-01	-1.3475972e-01	9.6434601e-02	3.8489111e-02	-5.6468165e-01	-3.5573336e-01	6.2768018e-01	-6.8438426e-02	-2.0871845e-01	3.5708696e-02	-1.2285447e-01	3.0621880e-01	4.9298968e-02	-2.6771051e-01	-2.0032321e-01	-2.0238486e-01	3.6195341e-01	-5.3896908e-02	1.3804127e-01	2.0852414e-01	-2.0766358e-01	1.7550606e-01	1.2976652e-01	-3.2066926e-01	-1.7012608e-01	2.5808689e-01	-1.6569272e-02	1.0806215e-01	-2.3482957e-01	2.9337332e-01	-8.4273122e-02	-4.7636151e-02	-3.1576455e-01	1.7681865e-01	4.4806826e-01	-4.4353671e-02	3.7675608e-02	1.6455585e-01	-2.0812573e-02	5.7338525e-02	-2.3474596e-02	8.8969842e-02	2.0599014e-01	-4.3289840e-02	-3.2958407e-02	-5.1127791e-01	5.7855900e-02	1.7981942e-01	-1.7814465e-01	-2.2220367e-01	3.3285871e-01	-4.5545097e-02	-3.0501410e-01	-6.9543518e-02	2.0108293e-01	-1.3432669e-02	-1.4637432e-01	-2.4304196e-01	3.3061066e-01	1.8958382e-01	-2.0186122e-01	4.8562202e-01	1.0334662e-01	3.7251237e-01	-5.1909750e-03	8.0872908e-02	8.4843755e-02	-4.3488812e-01	3.0428544e-01	-1.9037561e-01	1.9616830e-01	-3.0447879e-01	1.3182163e-01	-2.5899360e-01	-8.7817051e-02	2.2741005e-01	-1.7194906e-01	1.0905808e-01	1.5821269e-01	2.0343325e-01	-1.1332276e-01	-1.4324890e-01	-1.9562158e-01	3.4294042e-01	2.7921838e-01	-7.0768744e-02	7.1917877e-02	-7.8604281e-02	-3.7253517e-01	-9.1890030e-02	6.5605909e-02	2.7563425e-02	-3.5684139e-01	-3.8914642e-01	-2.2962052e-02	-4.4610724e-02	1.7855874e-01	1.7725138e-01	1.2021377e-01	2.0552593e-01	-3.6676221e-02	2.5361925e-01	2.9099777e-01	-9.6064098e-02	-7.3224328e-02	5.1883664e-02	9.1791481e-02	-5.3518288e-02	6.7527234e-03	-3.5519144e-01	-5.4600197e-01	-1.3469434e-01	5.2221853e-02	-1.9149473e-01	-1.2348989e-01	2.8599542e-01	2.1613941e-01	-1.2909846e-01	-4.7468266e-01	-3.1838492e-01	2.7223129e-02	-1.0266677e-01	-4.9245837e-01	2.3756152e-01	1.0387657e-01	2.9197532e-01	1.6512162e-03	8.6846398e-03	6.9951385e-01	-2.0533007e-01	1.6061077e-01	1.4896892e-01	5.6039158e-02	4.1794500e-01	2.2520648e-01	1.9283333e-01	-1.6704172e-01	2.7316874e-01	-2.2619608e-01	2.3886429e-01	-9.0948455e-02	-2.8422078e-01	4.3538924e-02	4.2437610e-01	-2.9167390e-01	-2.4491125e-01	1.8557346e-01	2.0926157e-02	1.1665375e-01	8.3269760e-02	2.4528760e-01	-1.2020773e-01	1.5685303e-02	-1.0716233e-01	-4.2826653e-01	-1.6339548e-01	-5.5472847e-02	2.8111616e-01	3.0536377e-01	5.1034760e-02	6.2019879e-01	1.6689967e-01	-1.3560303e-01	1.8259594e-01	-5.1668257e-01	1.3581511e-01	1.5596528e-01	-1.8830839e-01	3.7473732e-01	6.5458059e-02	-7.0576549e-02	-5.0811911e-01	4.2079102e-02	1.1797147e-01	-1.4881779e-01	6.8544787e-01	2.8689018e-01	1.7844452e-01	1.5558077e-01	1.8771966e-01	2.7246326e-01	-1.0319916e-01	7.8731768e-02	3.5439026e-01	2.1652345e-01	1.0512339e-01	1.9946641e-01	3.0306744e-04	-2.7727160e-01	1.1982042e-01	-4.8373144e-02	-3.1260696e-01	5.0920689e-01	2.6147637e-01	-7.8216113e-02	3.5936555e-01	-2.8716815e-01	7.3556289e-02	2.4261974e-01	-3.3734056e-01	-1.6902769e-01	-1.5636502e-01	2.8732689e-02	1.4937443e-01	2.2734860e-01	1.7284113e-01	-1.7419342e-02	-1.3717988e-01	-2.8349829e-01	8.0798492e-02	-3.2754347e-01	2.2819470e-01	-2.1656213e-02	1.0091179e-01	2.8293043e-01	-7.2650775e-02	2.6244554e-01	1.6369215e-01	-2.3453398e-02	1.2752610e-02	4.3121317e-01	-1.1827153e-01	-2.2608285e-01	1.4333061e-02	-1.2033383e-01	4.7726205e-01	1.7019522e-01	3.0840817e-01	4.1302212e-02	-2.1926844e-02	-4.5950961e-01	-2.7254725e-01	-4.5950097e-01	-2.4516508e-01	-6.5792948e-02	4.4683552e-01	-7.2132431e-02	-1.2805107e-01	1.3720353e-01	-4.0325612e-01	1.6006573e-01	-2.8575543e-01	-1.1253019e-01	-4.7110686e-01	1.8087080e-01	1.2520117e-01	3.9381314e-02	-4.9960250e-01	2.2789663e-02	-1.8792224e-01	6.3572894e-03	-1.3480687e-01	-3.8591859e-01	-1.1396831e-01	2.0694281e-01	-1.9351856e-01	4.9203640e-01	1.6430402e-01	1.2161757e-01	-1.6206007e-01	-6.3749284e-01	-5.1628899e-02	-3.7040821e-01	-1.2816238e-01	1.1552490e-01	-3.8996109e-01	3.3574689e-03	3.6395956e-02	3.0520606e-01	-6.4200215e-02	3.9265776e-01	1.8969172e-01	-1.0913163e-01	-4.9958702e-02	-1.6349010e-01	-1.2996492e-01	2.2895963e-01	-1.3570610e-01	-1.4909717e-01	1.7023677e-01	1.3568971e-01	-1.1616790e-01	3.8817766e-01	-2.6539052e-01	3.6287808e-01	-1.9097492e-01	-1.5540765e-01	-4.1522095e-01	-3.5732865e-01	2.9742000e-01	6.0676266e-02	8.2882255e-02	-1.9698024e-01	-6.1647773e-02	2.9020071e-01	2.8881076e-01	-2.3274425e-01	1.0564598e-01	1.2174905e-01	3.1455052e-01	5.9180427e-03	-1.5201610e-01	-4.2594570e-01	-1.2685326e-01	-1.4738292e-01	-1.4017971e-01	1.5282857e-01	1.6753854e-01	-2.7109239e-02	2.2886883e-01	-1.0864419e-01	6.3181289e-02	1.6160011e-01	3.8046956e-01	2.2532226e-01	-8.1000634e-02	-1.2488204e-01	8.7266034e-03	9.3647331e-02	-2.0539449e-01	-9.8128092e-01	-7.2137818e-02	-1.8342618e-02	-2.9328424e-01	3.5504708e-01	3.5277419e-02	3.2972577e-01	3.7949003e-02	-2.1033758e-01	-2.8368032e-01	-3.1128758e-01	-8.4848247e-02	1.2365213e-01	-3.3386025e-01	-8.5357450e-02	-2.9433882e-01	2.1258745e-01	1.4467795e-01	-2.5468647e-01	2.5120994e-01	-2.6780462e-01	6.0209010e-02	-5.1544555e-03	-3.1494758e-01	-7.1302444e-02	2.0830894e-01	1.2645106e-02	-6.5243840e-02	1.6579004e-01	-1.6589768e-01	1.2872603e-02	-1.3441221e-01	1.2630899e-01	-1.5323977e-01	2.5341603e-01	1.1968047e-01	-2.7561545e-01	2.2556761e-01	-4.2134178e-01	1.4016660e-01	2.2307026e-01	1.1516624e-01	-4.3469471e-01	-3.2813448e-01	7.7746175e-02	1.8303748e-02	-2.9519492e-01	-8.4603310e-02	2.7983630e-01	4.9575549e-01	1.0375222e-01	2.2577558e-01	5.9737079e-02	-8.0291495e-02	1.8111354e-02	-4.5173600e-02	3.3175844e-01	3.3705637e-01	3.2703247e-02	2.3998740e-01	4.1534027e-01	1.6756095e-01	1.7454173e-02	-1.8226327e-02	-5.4714894e-01	-2.7658296e-01	1.1435594e-01	-3.2904020e-01	4.5486099e-01	-1.4105371e-01	9.3806528e-02	2.7229065e-01	5.6913579e-01	2.0202820e-01	3.8606802e-01	4.2872123e-02	3.4431230e-02	4.4381657e-01	5.4160333e-01	2.6382023e-01	2.5949529e-01	2.3270082e-01	6.9442399e-02	2.7257064e-01	1.0971519e-01	-2.1228129e-01	8.6056635e-02	-1.0349920e-01	9.1760695e-02	5.9264895e-02	1.8747739e-01	-7.2821523e-03	2.9497656e-01	-1.7299379e-01	-3.0952975e-01	1.5176868e-01	3.7181810e-01	1.9629773e-02	-5.0491516e-02	9.0984382e-02	-1.0383879e-01	1.3789977e-01	-2.2824080e-01	3.6843568e-01	2.6187992e-01	1.7636338e-01	-2.1819066e-01	-2.6863858e-01	1.6473600e-01	-7.2697923e-02	-1.2199880e-01	1.6933636e-01	8.4142804e-02	4.5176649e-01	-3.2831720e-01	2.1070251e-02	-2.3656465e-01	-7.0575863e-02	5.6081396e-02	-1.3954501e-01	2.9225117e-01	4.6036754e-02	-1.8208066e-01	2.7314216e-01	1.8001971e-01	3.3584854e-01	-1.2893467e-01	-1.8354100e-01	9.9896833e-02	1.4609936e-01	3.4094724e-01	-2.9716203e-01	3.9174408e-01	4.6878770e-02	-3.2559860e-01	5.0193232e-01	2.2327952e-01	-1.9260207e-01	-3.6604366e-01	5.5290736e-02	9.2227630e-02	2.2795393e-01	2.8667396e-01	-5.0714053e-02	-2.3463787e-01	5.0177199e-01	-9.9310251e-03	-8.9177676e-02	-1.1265842e-01	2.1601638e-01	1.1706104e-01	-4.7294155e-01	2.8559935e-01	2.0015864e-02	1.5655503e-01	1.7051569e-01	-6.3112564e-02	1.9971697e-01	3.0629091e-02	9.3131095e-02	-7.8108229e-02	-2.7680385e-01	1.3401300e-01	2.7026215e-01	2.0626606e-01	-4.4439039e-03	1.0283539e-02	3.0158806e-01	-4.0268478e-01	-2.7866567e-02	-2.3690042e-01	2.0242280e-01	2.7106635e-02	-6.4125526e-01	-3.0508462e-01	-1.5818989e-01	2.2082700e-01	-5.7164663e-01	-4.5811046e-02	-9.3335569e-02	-6.5703094e-02	3.1059891e-02	3.0129093e-01	-2.5041500e-01	1.2188277e-01	8.9672290e-02	-4.7160044e-01	9.1306098e-02	2.3871234e-01	3.0381119e-01	4.2850545e-01	-3.6862272e-01	4.3447870e-01	1.9205162e-01	-1.6239047e-01	-2.6404962e-01	1.6273096e-01	2.9463497e-01	1.0457913e-01	-2.2178380e-01	4.5666796e-01	-2.2617687e-02	-5.7222557e-01	-1.1372784e-01	-1.0674290e-01	1.1638568e-01	2.0596987e-01	4.0985402e-01	1.3142142e-01	4.7825000e-01	-2.0782256e-01	-2.5718802e-01	-1.8127057e-01	-1.4250926e-02	-3.3100795e-03	2.4387570e-01	-1.9186597e-01	-1.2823087e-01	-3.7281108e-01	-2.1901542e-01	8.0621883e-02	-1.6419496e-01	1.1462645e-02	3.9700705e-01	-1.3152525e-01	-3.4519404e-01	1.1433367e-01	3.8457203e-01	3.5410768e-01	6.2229227e-02	-2.1118398e-01	-1.0107707e-01	-2.6818976e-01	9.3671374e-02	4.4086963e-01	1.9583100e-01	1.6727807e-01	3.1170974e-02	3.7365288e-02	-3.3573389e-02	-7.0442818e-04	-1.6451772e-01	-3.3866182e-01	-3.4955546e-02	1.8311995e-01	5.1246013e-02	-4.1137680e-02	-3.6913243e-01	-1.9109501e-01	-3.5742995e-01	1.5255842e-01	1.9022904e-01	-4.4524175e-01	9.7054904e-03	1.6604522e-01	-1.4652251e-01	4.5875534e-01	1.3990845e-01	-4.1569766e-01	-6.0364250e-02	-1.6467974e-01	1.5259479e-01	1.7032383e-01	-3.4727341e-01	-1.5572882e-01	1.1174729e-01	-2.2063476e-01	4.6811619e-01	-2.4751227e-01	-1.9142987e-01	1.7608899e-01	-3.6210695e-01	-1.1247352e-01	-2.8835300e-01	-2.2763276e-01	1.7537525e-01	3.4596252e-01	-2.6723118e-02	2.6351184e-01	-2.4761911e-01	-2.4287771e-01	3.4702241e-02	1.4110561e-01	1.1271007e-01	-2.0519242e-01	8.2736962e-02	1.3518812e-01	-3.4314349e-01	3.7849188e-02	-1.2595923e-01	-1.1093846e-01	5.7525735e-02	1.5744683e-01	-2.3807818e-01	5.8197606e-01	-1.1663044e-01	2.3641787e-01	-2.1433255e-01	8.4079141e-03	-8.3816364e-02	-1.7301024e-01	-2.0160975e-02	-1.5538602e-02	4.0095360e-03	-1.0709950e-01	6.7492120e-02	3.8857732e-02	8.6468309e-02	-2.9320705e-01	-3.4403816e-02	1.7276207e-01	3.6168388e-01	1.7492990e-01	1.9674139e-01	2.4326473e-01	1.7840813e-01	3.2325864e-01	1.7333156e-01	1.9193955e-01	2.1468487e-01	-8.7946951e-02	-2.3878136e-01	-2.1440988e-02	6.3675746e-02	4.6289578e-01	-1.6584118e-01	-4.0299240e-01	1.8051295e-01	2.0455569e-01	-8.5054867e-02	1.2311140e-01	7.7860862e-02	5.7401184e-02	-1.1570203e-01	-3.7118033e-02	2.5099382e-01	-1.0162368e-02	5.1428344e-02	1.2625484e-01	-1.2280588e-01	-3.4629896e-01	-1.9627810e-01	6.7203186e-02	1.5570368e-01	1.9628611e-01	4.8183810e-02	6.4182997e-02	5.9471890e-02	-4.3268338e-01	-1.8724440e-01	-6.7797691e-02	-1.2756376e-01	-9.5130545e-01	9.7363256e-02	3.1025228e-01	-5.6032640e-01	4.2124739e-01	4.5984525e-02	6.8141900e-02	1.4365415e-01	2.6683683e-02	4.2779755e-02	-3.8303733e-02	3.1701916e-01	-1.2442192e-01	-2.8730333e-01	1.1686540e-01	-5.6575024e-01	3.7145451e-01	-4.4536209e-01	-2.4249420e-01	-1.2804897e-01	2.8418273e-01	-1.1425943e-01	-8.0048703e-02	-1.4890701e-01	3.2329824e-02	2.6009515e-02	-4.9305700e-02	-6.0339887e-02	-2.9432136e-01	-3.9794427e-01	2.3806216e-01	-3.2986846e-02	5.6407499e-01	-9.3396269e-02	2.0511409e-02	-8.8272601e-02	-5.4263514e-01	3.5617303e-02	3.9073417e-01	-5.5303961e-01	-4.0203273e-02	-3.0862272e-02	-2.1823196e-01	-6.1106369e-02	6.1251789e-02	-2.1358189e-01	-7.6724246e-02	-2.3121247e-01	-7.2396845e-02	2.7943668e-01	-2.8630307e-01	1.3319165e-02	1.3598159e-01	-1.2515788e-01	8.9433849e-02	1.2822938e-01	2.3340717e-01	-5.2907765e-02	-4.8008829e-02	1.8029520e-01	-1.7835720e-01	-2.8088325e-01	-1.7378969e-01	-2.5808418e-01	-3.0043772e-01	-2.4943960e-01	-1.2997685e-01	-2.6291737e-01	-2.3873152e-01	-8.9267984e-02	-6.9799200e-02	1.8696159e-02	2.2369415e-01	-1.6465424e-01	1.1812923e-01	-3.5357803e-01	2.3205360e-02	-2.1754602e-01	1.4048049e-02	1.7896464e-01	-1.5837470e-01	1.6871181e-01	-6.4344466e-02	-9.9171236e-02	-7.8226544e-02	-9.9018449e-05	-9.1853648e-02	-1.7509338e-01	-1.9625425e-01	-3.6924061e-01	-9.7716868e-02	4.8482429e-02	1.8884701e-01	-2.9264623e-01	1.3959061e-01	-2.4981240e-02	2.6874604e-02	4.2273909e-02	-1.7039442e-01	-2.3133056e-01	6.5417878e-02	2.8782818e-01	2.0911382e-01	-1.8922327e-01	-2.5308427e-01	2.2564746e-01	-2.0694642e-01	-1.9164972e-01	-2.5902873e-01	-2.6605687e-01	-1.3956887e-01	1.7314839e-01	-2.0688623e-02	-2.2198449e-01	2.6932508e-01	5.3743821e-02	-2.2679044e-01	8.5032247e-02	1.0474645e-01	-1.4951022e-01	6.9727525e-02	-1.0772511e-01	5.7809062e-02	-1.3364205e-01	-2.6360080e-01	4.7768768e-02	1.7803156e-01	-2.8016767e-01	-4.3869607e-02	-5.9595630e-02	2.5690350e-01	3.1620588e-02	-5.7324465e-02	-1.1730649e-01	-2.0902640e-01	-2.1373026e-01	-3.1403834e-01	-3.0513170e-01	-5.7581317e-02	3.8059583e-01	3.9092906e-02	-8.3293870e-02	-3.7208700e-01	-1.4385368e-02	-1.9381644e-01	-1.0307425e-01	-3.0477315e-01	1.1440405e-01	3.5041183e-02	2.3018207e-01	-3.8482654e-01	-1.9296995e-01	-8.3552733e-02	2.7438700e-02	-2.9916349e-01	1.3019180e-01	-3.9097048e-02	8.1602722e-02	2.0993212e-01	9.3415238e-02	2.6771733e-01	-4.5910555e-01	2.0392319e-02	1.5150364e-02	5.5994842e-02	3.0879310e-01	3.1153920e-01	8.1529342e-02	-1.1641654e-01	1.3676861e-02	7.5433314e-02	-9.0506464e-02	-1.6353549e-01	4.7610667e-01	3.8764724e-01	-4.0134078e-01	-1.8646276e-01	6.2025434e-01	1.9649924e-01	1.6841148e-01	2.6051706e-01	-4.0861467e-01	5.8598205e-02	2.1494243e-02	1.1082154e-01	3.2620117e-01	1.2975174e-01	7.3256224e-02	4.5061097e-01	-1.1539613e-01	-1.8836054e-01	6.9034234e-02	-3.2604760e-01	1.4615880e-01	3.4299150e-01	-1.1516206e-01	4.1935715e-01	-1.2213171e-01	-3.9698464e-01	-1.3174675e-01	1.9316798e-01	2.3483799e-01	1.1424312e-01	3.7605867e-01	-1.6833876e-01	2.3120637e-01	5.7771474e-02	-3.5956261e-01	1.6604783e-01	-4.2436892e-01	9.7107515e-03	3.5662953e-02	4.6464819e-01	1.9851403e-01	3.0358298e-02	-3.2577667e-01	2.0313787e-01	-3.5169691e-01	4.1040614e-02	2.0638433e-01	-2.7391002e-01	-2.6570043e-01	3.1048721e-01	4.8189007e-02	3.5071388e-01	1.9338661e-01	-1.2475996e-01	2.0013125e-01	-4.2410061e-01	1.8088691e-01	8.8927589e-02	-8.5035600e-02	9.8613441e-02	-2.0953938e-01	5.1303033e-02	1.3694957e-02	7.2504550e-02	3.6113042e-01	8.8158265e-02	2.7231649e-01	-1.2506388e-01	2.8395757e-01	-4.4836003e-01	7.9035334e-02	3.0495169e-02	4.1572884e-01	-1.3602825e-01	4.4418874e-01	-3.4176952e-01	1.6573550e-01	-1.5141337e-01	-1.5770000e-01	-2.1336947e-01	-2.1859702e-01	-1.5585963e-01	1.9375482e-01	-1.5793595e-01	1.0783848e-01	-1.0930919e-02	-1.4260836e-01	4.4296721e-01	-2.8154936e-01	7.7475369e-02	-1.2859155e-01
-1.5087521e-01	6.0848761e-01	2.5631914e-01	-4.3570054e-01	-5.7150251e-01	-2.7605245e-01	-2.5713199e-01	3.8253616e-03	-6.1034430e-02	3.4864876e-02	2.1876802e-01	1.0751993e-01	1.2623367e-01	-4.2870257e-02	2.6591447e-01	3.2771227e-01	-6.7592978e-02	-5.1628146e-02	1.1300918e-01	-4.0589026e-01	-1.6052514e-02	-4.3621027e-01	1.4215447e-01	-3.1116927e-01	-2.1824987e-01	2.2232652e-02	2.0265596e-01	1.5880929e-01	-4.9503166e-02	2.4997237e-01	-1.9979294e-01	9.9526174e-02	5.2481174e-01	-1.0674354e+00	-1.4792967e-01	2.6207915e-01	6.9808196e-03	-2.4379100e-01	-2.5035715e-02	-3.0427992e-01	-1.6827746e-01	-2.2830164e-01	3.4440592e-01	7.7478170e-02	4.1810507e-01	1.6659473e-01	2.5287455e-01	-3.8329798e-01	4.0651467e-01	-5.3988587e-02	1.6246024e-01	1.8028273e-01	-3.9731589e-01	9.3259297e-02	-4.1176695e-03	1.9282034e-01	-2.0256078e-01	1.0059518e-01	1.4817975e-01	1.4687972e-02	2.8504965e-01	-1.4346574e-01	-3.1183953e-03	2.7974135e-01	2.3917103e-01	1.7392485e-01	-5.1270984e-02	5.7912871e-02	9.3365870e-02	7.9194598e-02	-1.1066308e-01	6.7151293e-02	-2.8183770e-01	1.6774003e-01	1.3394569e-01	-2.2477284e-01	1.1848017e-01	-1.4052595e-01	8.2766294e-02	-3.6784466e-02	-2.1305541e-02	-2.9880553e-01	-2.7552280e-01	-2.8200826e-01	-3.0181527e-01	-7.7148378e-02	-3.0645669e-01	-2.6063809e-01	5.6425132e-02	2.0134112e-01	-7.6090738e-02	-8.7581933e-02	-1.9951563e-01	-2.4564129e-01	1.0386002e-01	-2.8552702e-01	-2.4363169e-01	-3.0644369e-01	-1.8804571e-01	-3.0727604e-01	2.5429606e-01	3.1944957e-02	5.8327295e-02	2.3075457e-01	-2.9753628e-01	-2.8813022e-01	-2.6302651e-01	1.0197856e-01	-9.8543063e-02	2.0656182e-01	2.3513325e-01	2.8071906e-02	-2.3650432e-01	-1.2406840e-01	-1.9214793e-01	-2.6990107e-01	2.6633244e-02	-2.5696069e-01	1.4166251e-01	-2.5700542e-01	1.4110826e-01	4.3911248e-02	2.7805746e-02	-4.4342805e-02	-1.7969330e-01	-2.9134226e-01	7.5738423e-02	1.3092619e-01	-7.5331487e-02	4.5147695e-02	1.3287750e-01	1.6090482e-01	7.9954136e-03	-2.2100537e-01	-4.3661147e-03	-2.3962254e-02	-8.5901663e-02	1.2060255e-01	-1.6810153e-01	-3.4329101e-02	-2.4721798e-01	-1.6813947e-01	-2.8637394e-01	-1.4255194e-03	-2.9899985e-01	-4.0728733e-02	1.1075214e-01	1.4375476e-02	-1.8052742e-01	-2.2598191e-01	-2.7266824e-01	1.7321448e-01	-1.2799993e-01	2.6752374e-01	2.3832145e-01	-2.7220720e-01	-1.0191508e-01	2.0384616e-01	1.3555340e-01	-9.3936093e-02	2.5517932e-01	1.5027064e-01	9.7566210e-02	2.8634896e-03	-1.7953686e-01	1.0375068e-01	2.7327177e-01	1.2401767e-01	-8.3227515e-02	9.8070413e-02	7.6452173e-02	5.4278370e-02	-4.0137917e-02	1.3518886e-01	-1.3340074e-01	-3.0889133e-01	-1.3803698e-01	-2.8434533e-01	1.1134654e-01	1.1185753e-01	-3.1780150e-02	-1.2294362e-01	1.1203812e-02	-4.2399507e-02	-1.4817646e-01	-2.4433920e-01	7.8450263e-02	1.6969763e-01	-3.2755429e-01	-1.9848679e-01	-1.8092987e-01	6.5498352e-02	1.6921651e-01	-1.4362492e-01	1.6415896e-01	4.2750829e-01	2.1181136e-01	1.2312893e-02	-2.0703004e-01	1.1039825e-01	1.1914971e-01	3.3395454e-01	2.8652874e-01	-3.6473474e-01	4.7415870e-01	-1.7881861e-01	-1.4506230e-01	-8.1405151e-01	-3.9592874e-01	1.2691595e-01	2.4199596e-01	3.7278953e-01	2.1184598e-01	1.5627180e-01	-1.5703046e-01	4.6424130e-01	-3.3343777e-01	2.6924500e-01	1.0131402e-01	-2.3596843e-01	-7.4790515e-02	-3.0232561e-01	-4.5851508e-01	2.9902253e-02	2.2273521e-01	-8.8130884e-02	-3.1343606e-01	-5.1183771e-02	-2.6236802e-01	7.6078802e-02	-1.0256978e-01	-2.1319366e-01	-3.0460408e-02	-3.2372624e-01	2.4969546e-01	-9.6634343e-02	1.6970435e-01	-3.2155779e-01	-2.4319686e-01	-3.0750468e-01	2.9028030e-02	-2.3587048e-01	-2.4218120e-01	-8.2177445e-02	1.3455343e-01	-2.5259929e-02	-3.0302945e-01	-4.5140058e-02	1.5243548e-01	-2.4457608e-01	1.8547267e-01	-2.4705663e-01	1.5317784e-02	2.2318350e-01	2.2110818e-01	8.1419776e-04	-3.8277206e-01	-2.4290234e-01	-1.5755646e-01	2.2348785e-01	2.4033025e-01	-4.6047296e-02	-3.0166873e-01	-1.9743758e-01	8.9670174e-02	-2.5706899e-01	-1.5323810e-01	-3.7058213e-01	-1.2299524e-01	6.2822387e-02	1.5283845e-01	2.6338113e-02	-1.2166226e-02	-4.0518096e-01	1.5813637e-01	-2.2811556e-01	3.7799317e-01	-3.3328846e-01	-3.3691335e-01	1.0372311e-01	-2.3250583e-01	-8.5587442e-02	-2.8193799e-01	-1.8558535e-01	-1.7592171e-01	1.3799882e-02	4.2199992e-02	1.3516583e-02	-1.2490226e-01	3.5658408e-02	3.4587628e-01	-2.2742346e-01	-5.6318641e-01	-1.7625998e-01	3.0975843e-02	5.1787168e-01	5.7593964e-02	-2.0560710e-01	4.4523177e-01	-1.3872607e-02	2.0351656e-01	1.1788124e-02	-1.1593276e-01	2.1001917e-01	-4.9539629e-01	2.4738403e-01	2.7654612e-02	-3.4139994e-01	5.1466393e-01	9.9809766e-02	-3.4910418e-02	-2.4391682e-01	3.9829850e-01	2.4738279e-01	-2.9414166e-02	1.2186699e-01	2.4075726e-01	-3.5708097e-01	4.1508463e-01	-3.3028585e-01	3.9752793e-01	1.8383272e-01	-4.8686495e-01	-3.6058977e-02	-4.8191864e-02	-4.8717791e-01	-1.0021754e-01	4.8326682e-02	-3.3272567e-01	4.3206966e-01	1.3521849e-02	-2.8199762e-01	3.4911588e-01	1.0163032e-01	2.0587268e-01	2.4971920e-01	9.3149804e-03	1.8401505e-01	-8.1671584e-01	2.6970193e-01	-1.3617899e-01	2.0076883e-01	2.1950082e-01	-2.8277737e-01	-1.8469717e-01	1.6945085e-01	6.4569395e-03	9.1813676e-02	-2.9607701e-01	1.7917441e-01	1.1221556e-01	6.9490097e-02	-1.8333947e-02	3.5821769e-01	2.3446503e-01	-2.5599748e-01	-1.2158697e-01	-1.6122350e-01	-3.4955025e-01	3.2473591e-01	-2.4035910e-01	3.7466198e-02	1.7829219e-01	-1.8204038e-01	2.5770575e-01	9.5049024e-02	3.3770919e-01	6.3138679e-02	2.3784049e-01	1.2387097e-01	-9.1841847e-01	6.9850236e-01	-7.2407633e-01	-4.2809942e-01	2.0866597e-01	2.7075255e-01	-4.5193443e-01	4.0001571e-02	-2.1337548e-02	-2.2343057e-01	-3.2833451e-01	5.6579602e-01	-9.0695404e-02	4.5983449e-01	-2.9846630e-01	-2.3218882e-01	-2.1436121e-01	1.1685274e-01	-9.9960305e-02	-2.3079671e-01	-2.0209330e-01	1.7064294e-01	-3.2591534e-01	2.7032587e-01	-2.1546926e-01	1.0745628e-01	-1.8748257e-01	-3.0691850e-01	-1.4209703e-01	-9.7234994e-02	-1.4658940e-01	-2.5469768e-01	-1.3354482e-01	1.7667383e-01	1.6821912e-02	-2.0428179e-01	7.9697706e-02	1.5876272e-01	2.7117923e-01	1.1753318e-01	-5.3011775e-02	-1.1074914e-01	1.4398132e-01	-9.8300613e-02	-1.8890552e-01	1.6435395e-01	-3.4273181e-02	-6.0889840e-01	-2.1528088e-01	-6.8242773e-02	-2.7728492e-01	2.7853355e-01	9.4535276e-02	5.4847628e-01	-2.3946439e-01	-1.2554862e-01	3.5166726e-01	-2.2091563e-01	-4.4668862e-01	-1.9699013e-01	-2.9376265e-01	-2.3244488e-01	-1.3514169e-01	2.4711107e-01	1.0164928e-01	-4.9921942e-01	5.1779968e-01	1.5382263e-01	-3.5147986e-01	1.2326402e-01	4.2168602e-01	1.6589448e-01	-3.1569740e-01	1.5655366e-01	3.2890942e-02	-3.7598300e-01	3.1652036e-01	-1.7672922e-01	5.0008714e-01	-2.4318472e-01	-2.7235675e-01	8.0862187e-02	5.4316205e-01	9.8444581e-02	3.1875458e-01	-2.3399721e-01	-3.2885936e-01	6.5065674e-02	-9.0978466e-02	-6.1375463e-01	3.3174536e-01	3.2707360e-01	1.1556228e-01	-2.4194028e-03	1.5868257e-01	-2.1486534e-02	3.1782112e-01	5.7932287e-01	-4.6826920e-01	1.3863105e-01	2.5722739e-01	4.3190041e-01	4.6448857e-02	-3.0142754e-01	1.5035951e-01	1.7729099e-01	3.6918065e-01	-3.0657193e-02	-3.1725875e-01	-4.0410195e-02	-3.7237927e-01	-6.8576443e-01	-3.7036741e-01	3.9238733e-01	-1.1581913e-01	-1.1104161e-01	1.9024827e-01	6.6672212e-01	-2.1954502e-01	-2.4275252e-01	3.5130259e-01	2.1268217e-01	-8.5319477e-01	2.1337850e-01	-1.7569576e-01	-3.1192932e-01	-3.4119007e-01	-3.6554909e-01	3.9589646e-01	-2.8173679e-01	5.0426304e-01	5.2866459e-02	-2.4077497e-01	-9.2742115e-02	2.1126424e-01	-2.5738534e-01	2.5179915e-02	-5.0235406e-02	1.5226850e-01	-5.8435351e-01	-1.6879622e-02	6.8150838e-03	-8.7753050e-02	-1.0500225e-01	-9.2264459e-02	2.7721060e-02	-1.2111682e-01	-1.3785103e-01	-2.7601027e-01	-1.3266623e-01	-3.4437278e-01	4.0391482e-02	-2.8890899e-01	-3.2943688e-02	-2.8516623e-01	2.1596436e-01	-1.9217110e-01	-4.5099888e-02	-3.6651697e-02	-1.5071942e-01	-1.4894626e-01	-4.1761111e-02	2.6810831e-01	-2.3285218e-01	-3.5092229e-01	1.0582576e-01	2.3343168e-01	-7.3802829e-02	-1.6704935e-01	1.4335826e-01	4.4850204e-02	2.3391509e-01	1.1430883e-01	-1.5500255e-01	1.8911847e-01	-2.0127754e-01	-9.2506312e-02	3.3869693e-01	5.4567236e-01	2.7814224e-02	1.4418592e-01	-3.1486973e-01	1.5800425e-01	4.4490486e-02	1.3907896e-01	-3.2658115e-01	1.0634068e-01	-1.8061884e-01	2.9894453e-01	-3.4215960e-01	2.0040244e-01	7.6815128e-02	-1.9160469e-01	5.1908469e-01	-4.9785313e-01	1.8743505e-01	-1.1643157e-01	4.1345897e-01	-4.8326667e-02	2.1799645e-01	2.9427561e-01	2.1507166e-01	3.3447227e-01	-3.4392728e-03	1.0503636e-01	1.7351730e-01	8.4930494e-02	2.3505898e-02	-5.5480469e-02	-7.0751496e-02	-2.9352885e-01	4.0799722e-02	5.0868668e-02	-1.4943309e-01	-2.2533809e-01	-2.4502881e-01	1.2445498e-01	-3.1602359e-01	7.0351241e-03	5.0711777e-02	1.4092240e-01	-1.6295822e-01	-4.8508521e-02	2.5347698e-01	-2.4647644e-01	5.6924839e-02	1.5389805e-01	-9.9839032e-02	2.7337771e-02	9.9803619e-02	-2.0781179e-01	2.3448333e-01	2.0428672e-01	-1.3901040e-01	-3.0908504e-01	1.1741723e-01	4.6005905e-02	-1.8691397e-01	-1.8949825e-01	-1.5547681e-01	-1.8696222e-01	2.1481186e-02	-2.2771306e-01	-4.9005169e-03	1.1789322e-01	2.1043465e-01	1.7922628e-01	-2.7500114e-01	-9.0172468e-03	2.3233588e-01	-2.6984692e-02	-1.4516111e-01	-3.0200037e-01	-1.6747135e-01	-3.0005133e-01	-1.4603607e-01	1.1265516e-01	-5.2316036e-02	1.5242498e-01	-8.8490434e-02	1.4020466e-03	-2.2213946e-01	3.3712991e-02	-1.4430882e-01	4.3762565e-02	-5.5130273e-02	-2.8581190e-01	-2.5581792e-03	-3.0585366e-01	1.8870056e-02	3.8444437e-02	-1.6287197e-01	-3.2920774e-02	-1.6792467e-01	-5.2900307e-02	-3.6966234e-01	-3.2428086e-01	2.3174621e-01	1.6142632e-01	3.7232712e-02	-3.4736031e-01	-2.7306241e-01	-1.1417759e-01	-7.5101107e-02	-1.9657348e-01	-1.4782196e-01	-4.6721436e-02	1.1386979e-01	-2.5230524e-01	1.9620128e-01	-1.4385752e-01	-2.5027138e-01	-3.3857796e-01	-2.8047448e-02	1.4875284e-01	-1.2521788e-01	1.7745945e-01	-1.4032988e-01	1.3910995e-01	-1.8719862e-01	1.7209987e-01	-1.6577683e-01	1.7848235e-01	-6.9723487e-01	-2.6973388e-01	3.3480603e-01	2.8188100e-01	-3.2809046e-01	-4.7462914e-02	-1.5757054e-01	-2.7657744e-02	-9.8236740e-02	2.6290306e-01	-1.9734321e-02	1.6648741e-01	1.5599944e-01	3.0181810e-01	-1.4706795e-01	3.0057242e-02	-1.3975076e-02	2.7330226e-01	3.4369642e-01	-7.8137982e-01	1.5564112e-01	-4.5861047e-02	2.4441825e-01	2.7473697e-01	1.2653190e-01	1.7242869e-02	1.5508340e-01	2.5980347e-01	-4.5131889e-01	-2.8581724e-01	-1.6588585e-01	-6.3565625e-03	1.1613931e-01	-1.0851415e-01	-2.0547862e-01	-4.9504957e-01	2.8935131e-01	1.7770313e-02	3.5265476e-01	-3.9505190e-01	1.4507510e-01	3.5822004e-01	-3.5207877e-01	-3.2935685e-01	3.2856967e-02	9.5214676e-03	6.6997029e-02	3.8385466e-02	-9.0439327e-02	3.1756479e-01	-9.9637426e-02	3.5209268e-01	2.1853353e-01	-1.9365303e-01	-5.7546586e-01	2.3030326e-01	1.8744516e-01	-1.9130030e-01	1.6643648e-01	8.0675237e-02	-4.8676264e-02	2.7534503e-01	-3.4514835e-01	1.9194707e-01	-5.3791189e-01	-1.6342564e-01	2.5650790e-01	2.4788509e-01	-1.6013366e-01	-1.2710627e-02	4.2686708e-02	-4.7197196e-01	2.6469335e-01	7.8324638e-02	-3.9637035e-01	7.5197532e-03	1.8268023e-01	-2.3266327e-02	-1.9363463e-01	3.9592537e-01	1.0738526e-01	6.9270916e-02	1.3075882e-01	-8.2621676e-01	8.8192746e-02	1.6229831e-01	1.5797986e-01	-1.2693486e-01	2.8425723e-02	2.1213879e-01	1.1817925e-01	2.8784648e-01	-4.1258425e-01	-1.1915904e-01	-3.6252338e-02	2.7675480e-01	-4.1398904e-01	-1.9660346e-01	-3.8726579e-02	3.6526775e-01	-1.7374960e-01	2.9956064e-01	-1.0047617e-01	1.3116793e-01	-1.5480267e-01	-1.2108879e-01	9.0448540e-03	4.3407801e-01	1.0970892e-01	1.5968932e-01	1.7327937e-01	4.4147477e-01	2.4137905e-01	8.7446079e-02	4.9783069e-01	-4.8437104e-01	1.2050751e-01	1.6822188e-01	3.6979455e-01	-3.4635124e-01	2.2832152e-01	2.9570976e-01	-1.2895226e-01	1.0218418e-01	2.7482200e-01	-1.4372995e-01	9.4451308e-02	2.3425211e-01	3.7333524e-01	-2.1058950e-01	1.1436130e-01	-3.6980367e-01	3.0325896e-01	2.8327748e-01	-3.0039322e-01	-1.9194210e-01	8.3013162e-02	-3.7559390e-02	3.6948770e-01	1.0495792e-01	1.5006414e-01	-2.4121676e-02	3.1241971e-01	8.6758472e-03	2.2181821e-01	-9.1636941e-02	2.8573471e-01	-3.3522981e-01	-2.5400084e-01	-3.3254707e-01	-3.0609506e-01	-8.3321355e-02	-2.9022044e-01	1.5778609e-01	2.0039029e-01	2.0249471e-01	1.9504105e-01	1.3781171e-01	1.2217701e-01	3.4575975e-01	-3.2676041e-01	-4.4185433e-01	3.1408280e-01	2.7095652e-01	-5.0441477e-02	7.8244835e-02	-1.9553593e-01	-3.1719509e-01	1.5067951e-01	3.5042840e-01	-2.4813932e-01	-8.9121172e-03	-6.5470211e-02	3.0197760e-01	-4.4367347e-02	3.4917223e-01	1.0129341e-01	7.7920981e-02	2.4757910e-01	-6.1871481e-01	-2.2355829e-01	1.6924618e-01	8.8570245e-02	-7.2291650e-02	-2.1616378e-01	5.8835585e-02	1.9454966e-01	-1.6778165e-01	-3.2762760e-01	2.4678316e-02	1.1853052e-01	-2.7127364e-01	1.6547047e-03	-7.0306838e-02	-5.7978734e-02	-7.1912343e-03	-7.6077931e-02	1.4938872e-01	5.7091892e-01	-3.3775935e-01	-3.6441636e-01	1.8688324e-01	2.6904428e-01	-4.1508320e-01	2.3581614e-01	-3.8586298e-01	-2.8334177e-01	-3.4252197e-01	-2.1538892e-01	5.1525867e-01	-5.3869975e-01	1.3030741e-01	3.1543341e-01	-3.3174938e-01	-5.2598554e-01	4.7695667e-01	-2.9958755e-02	2.5516409e-01	1.4845856e-01	1.6732556e-01	-5.8259630e-01	1.9798706e-01	-4.5994762e-01	9.9193685e-02	2.4491897e-01	1.3036971e-01	2.7678376e-02	3.4568635e-01	-2.6678920e-01	-2.6093665e-01	2.8771031e-01	1.0323493e-01	-1.7099591e-02	3.7429567e-02	4.2482966e-01	2.6314461e-01	7.4916609e-02	2.5637382e-01	6.8459213e-02	1.1561567e-01	2.6789066e-01	-4.7421575e-01	3.8637236e-01	-3.2662621e-01	-3.6071366e-01	-1.4155562e-01	4.5082325e-01	9.5275000e-02	-3.2442868e-02	1.6563340e-01	-3.8977880e-02	-3.4670088e-01	3.6830631e-01	-3.0505562e-01	2.1090435e-02	1.3210191e-01	4.4823125e-02	-1.4966267e-01	-2.9432550e-01	-3.2286603e-02	-7.7980570e-02	-1.1256617e-01	-2.6056379e-01	1.8134613e-01	-1.1744433e-01	-1.8309425e-01	-8.8400349e-02	1.1635146e-01	7.1679398e-02	1.6975170e-01	-1.0874133e-01	-1.8445244e-01	-2.8404021e-01	-1.8247135e-01	2.4857062e-01	-1.5097445e-02	-2.8932518e-01	-2.8002769e-01	2.1597262e-01	2.0974444e-01	-4.8215151e-02	-1.4363997e-01	-7.5473197e-02	-6.0017362e-02	-4.2504150e-01	1.2080020e-01	3.5405610e-02	-6.0548282e-01	-4.4495416e-01	-6.8041599e-01	1.1797155e-01	-7.0119891e-03	-8.7272756e-02	1.4161327e-01	-8.2848027e-02	-2.5067258e-01	-2.0430730e-01	2.6455155e-01	-1.3705887e-01	-9.7987795e-01	1.3541000e-01	7.6091342e-02	-3.5430685e-01	1.1057144e-01	-3.8661152e-01	5.5040890e-01	-3.3457378e-01	4.7485143e-01	-1.9363681e-02	-2.1162233e-01	3.9798696e-02	4.3008241e-01	1.6033804e-01	-5.4066278e-02	2.3963216e-01	2.9393905e-01	-4.9091104e-01	-1.8161915e-01	1.3547761e-03	1.8803662e-01	1.6296147e-01	2.4495323e-01	5.7633575e-02	5.7464309e-02	-1.6353382e-01	2.1498503e-01	-6.5949191e-03	-2.7422705e-01	-3.1785020e-01	-1.2164509e-01	-1.2871924e-01	2.3834719e-01	-5.3627301e-02	-3.3510673e-01	-1.7645298e-01	1.6256896e-01	-2.3270293e-01	1.2100662e-01	2.6166362e-01	-1.0198276e-01	-1.3093282e-01	-2.6060671e-01	-1.9942139e-01	1.3537560e-01	-3.4891605e-02	-2.0538896e-02	1.8698052e-01	-2.4263622e-01	-1.8315027e-02	-2.1580543e-01	-2.5276181e-01
4.3401676e-01	4.1996923e-01	-2.6253584e-01	2.2100708e-01	3.0118087e-01	3.7372866e-01	5.4114836e-01	4.9624849e-02	2.4601151e-01	-5.2520066e-01	-2.1971971e-01	-5.5245709e-01	-2.6097748e-01	-3.9033914e-01	2.1431878e-01	-5.9043235e-01	2.2310475e-01	1.7970955e-01	-4.0992993e-01	1.7317908e-02	4.2043652e-02	3.5131598e-01	-1.1946265e-01	3.1991747e-01	4.5969245e-01	2.8255236e-01	5.8609784e-01	-6.8330383e-01	-1.4104140e-01	1.2803677e-01	-5.1520890e-01	-2.1920294e-01
