9
input	10
dense	32
relu	0
dense	32
relu	0
dense	32
relu	0
dense	1
linear	0
7.999999979801942e-06
-1.0036998e-01	2.5995454e-02	-1.6972477e-02	5.8842443e-02	1.0729387e-02	9.6388040e-03	5.9960154e-03	-4.7208734e-02	-5.1573712e-02	2.8070493e-02	2.0957690e-02	8.5473299e-02	-1.1839651e-02	5.9533197e-02	-1.2212304e-01	5.1191091e-03	-7.8127813e-03	-4.2511571e-02	1.2015316e-01	-6.4361386e-02	5.7002202e-02	-3.8026914e-02	-2.6138222e-02	1.6427478e-02	8.1436984e-02	1.2659234e-02	-4.8392162e-02	3.9935078e-02	-5.9615977e-02	3.5527404e-02	1.6700324e-02	-5.5733878e-02
4.2126961e-02	-7.4748963e-02	-4.7245629e-02	-4.4008341e-02	2.9457981e-02	2.1549024e-02	1.4586563e-02	-9.8522596e-02	4.6615131e-02	-5.8630697e-02	4.5408122e-02	2.6525658e-02	-2.0421816e-02	-5.7547580e-02	-2.2102360e-02	-2.2029288e-02	4.7327839e-02	1.1801144e-02	1.3790498e-02	-4.2837560e-02	-7.3938474e-02	-5.2487213e-02	-9.4289690e-02	-1.2612170e-02	-2.6031742e-02	-3.5326950e-02	-6.1514374e-02	-3.4331445e-02	1.5970580e-01	-4.6160236e-02	-1.5986644e-03	6.1852470e-02
1.0549090e-02	-3.0082220e-02	4.2110044e-03	-3.0543795e-02	3.3524651e-02	-8.9723140e-02	-5.2394737e-02	-9.4804354e-02	6.6931704e-03	-8.0752879e-02	-7.5738765e-02	2.5232753e-02	-3.6608011e-02	-8.8170283e-02	1.4570640e-02	-2.3766696e-02	4.7338437e-02	-6.9894046e-02	-2.8086947e-02	4.3396682e-02	-7.2394356e-02	-3.8772441e-02	2.4723409e-02	-6.0611807e-02	4.7580097e-02	-5.6358203e-02	-1.8372240e-02	4.6983287e-02	6.2878118e-03	-3.1691521e-02	1.1339160e-02	1.8171981e-02
2.9673859e-02
-4.1385587e-02	3.1676348e-02	-1.6274165e-01	3.0358287e-02	-2.3163937e-01	-8.3319783e-02	7.2087862e-02	-3.9747646e-01	-5.4976705e-02	3.7949777e-01	2.2593592e-01	-4.1756105e-02	6.0468489e-01	-3.9817208e-01	3.6593691e-02	-2.9698825e-01	-1.3776027e-01	1.7205335e-01	1.5088686e-01	-5.8112271e-02	9.9723585e-02	-7.5620838e-02	-1.3923623e-01	-6.5386318e-02	1.1821856e-01	4.0075565e-03	3.2522559e-02	-2.4853094e-01	-3.7454430e-03	-4.3509822e-02	4.2063233e-02	8.4838241e-02	2.6490992e-01	-1.0834230e-01	-3.9766049e-01	6.7436345e-02	3.1065896e-01	-1.9471715e-01	7.1121566e-02	-4.4606820e-01	-6.4379647e-02	-2.3878275e-01	-2.4379142e-01	4.0732232e-01	-9.1521248e-02	1.3877901e-01	-1.3899563e-01	4.1508406e-01	2.8120506e-01	-2.8108460e-01	2.8525645e-01	-2.4894565e-01	2.5896144e-01	-1.8168512e-01	-3.6437577e-01	-3.0950561e-01	-8.7321818e-02	-5.0337660e-01	2.9435557e-01	-3.1861931e-02	-2.8246653e-01	-3.8311729e-01	-9.7714372e-02	3.9863296e-02	3.4405231e-01	-6.6694268e-03	3.3755240e-01	-2.1424142e-01	-9.1039106e-02	3.0018517e-01	2.0520574e-01	-3.7849930e-01	5.4096945e-02	3.3904570e-01	-5.0700337e-02	3.2840845e-01	2.6350972e-01	3.3373848e-01	-2.2353105e-01	3.2004148e-01	-1.3802944e-01	-2.9817203e-01	-3.1765363e-01	3.3226404e-01	-1.9605319e-01	9.7191110e-02	1.8083905e-01	6.4325720e-02	3.2234228e-01	1.0433710e-01	2.6396838e-01	-2.4911630e-01	-4.2619216e-01	2.2175147e-01	2.8929433e-01	-1.0189212e-02	3.1848559e-01	4.3253252e-01	-1.3990387e-01	-3.5369402e-01	1.3809188e-01	3.2095927e-01	5.5306602e-01	2.2558016e-01	-4.4741091e-01	-2.0891145e-01	3.8563706e-02	1.8676439e-01	-2.2205809e-01	-1.2851629e-01	-3.5864404e-01	1.4571892e-02	5.0242621e-01	-7.9254560e-02	2.6454282e-01	3.8323253e-02	-2.8167820e-01	-1.9354641e-02	2.3900801e-03	-4.1741762e-01	-4.6634832e-01	-6.7502126e-02	2.6566264e-01	3.2820308e-01	2.8479657e-01	-1.1533526e-01	-4.4771892e-01	1.8880953e-01	-2.1358486e-02	2.0799768e-01	-7.7343926e-02	9.7601362e-02	1.9535917e-01	-1.0091062e-01	-3.3746171e-01	2.8148741e-01	4.5648478e-02	-1.3754377e-01	-2.5424969e-03	-7.9192467e-02	-4.0651119e-01	1.4615987e-01	-3.3678785e-01	-1.1319656e-01	3.3800054e-01	-1.2002559e-01	-8.2241751e-02	-7.9582021e-02	-2.7054870e-01	2.3523648e-01	3.2744173e-02	-1.4283143e-01	-4.0987819e-01	2.8896454e-01	-1.9636469e-01	1.4032745e-01	2.3048480e-01	-6.9336258e-03	3.0711370e-02	2.4916273e-01	1.1858037e-01	3.2528985e-01	-5.4233116e-01	2.1055962e-01	-1.2641336e-01	3.2332101e-01	-1.8018180e-01	-6.2470131e-02	-1.8875776e-02	3.4743208e-01	7.0214666e-02	3.7299085e-01	5.1545560e-01	-2.4466665e-01	-6.3218378e-02	-3.2842499e-01	2.0251048e-01	-1.7392147e-01	-9.5625915e-02	1.8165901e-01	1.5124251e-01	2.3533157e-01	1.9241367e-01	-9.6499152e-02	-1.4883447e-01	-2.7538916e-01	3.2035276e-01	-3.9524740e-01	-3.0716287e-03	6.2989987e-02	-3.7723351e-01	-4.3439251e-01	2.8229782e-01	1.9106922e-01	4.0079540e-01	3.3042628e-02	2.4901335e-01	-1.3567342e-01	2.1398898e-02	-1.6402382e-01	-3.1611326e-01	2.1230046e-01	3.4846804e-01	-1.0332217e-01	-2.9657000e-01	3.6388025e-01	-1.5641288e-01	-3.7074697e-01	1.0727815e-01	-7.9423797e-01	-2.3238881e-01	-1.5820707e-01	-5.9134141e-02	-1.7975223e-01	-2.8767505e-01	4.4769496e-02	-2.0003211e-01	-9.4059873e-03	1.0857099e-01	3.0358830e-01	1.4658710e-01	4.5057634e-01	2.9497021e-01	-1.5062903e-01	-4.0988111e-01	1.3921189e-01	-3.8401932e-02	9.7335473e-02	-8.7608054e-02	-3.7877974e-01	1.2257022e-02	-1.8385924e-01	4.9807018e-01	1.4182998e-01	-4.3522794e-02	-2.5968111e-01	-1.9333789e-02	-3.5603538e-01	-3.3421129e-01	1.6261844e-01	-3.7078494e-01	5.0087932e-02	6.5589494e-01	8.3455764e-02	2.8004831e-01	-2.8578088e-01	-3.5308921e-01	-8.2792237e-02	1.5163976e-01	1.1776561e-01	2.2884215e-01	-1.2234738e-01	6.7709737e-02	3.1614158e-01	1.8530607e-02	-1.9574971e-01	-4.0323487e-01	-4.8460829e-01	-3.4047079e-01	8.1661701e-02	-5.9963085e-02	-4.6509591e-01	-1.5215929e-01	-2.5463545e-01	2.8612629e-01	9.2175536e-02	4.5416313e-01	-1.2045082e-01	-2.0330459e-01	1.9790730e-02	-2.2372296e-01	-2.5317335e-01	-1.0410224e-01	-3.0748206e-01	3.5186678e-01	2.3360328e-01	2.7622381e-01	-4.6328139e-02	-3.0180328e-03	-2.8589505e-01	1.3726118e-01	4.0251333e-02	7.6540396e-02	-1.2033862e-01	-1.6778864e-01	-3.5205331e-01	2.6832912e-02	3.6941266e-01	8.8409886e-02	4.3351343e-01	4.4494063e-01	1.1987953e-02	-6.0250498e-02	3.2558236e-01	-7.3835157e-02	-3.3688271e-01	-2.6388037e-01	-3.1180897e-01	-1.7970970e-01	3.8720870e-01	2.9008770e-01	-1.9571171e-03	3.3698380e-01	-4.6515044e-02	-4.7884303e-01	-2.8516987e-01	6.2854819e-02	2.6137847e-01	3.5273426e-03	-1.8029976e-01	3.0228692e-01	2.0434178e-01	-2.5222763e-01	2.2269920e-01	3.7348637e-01	-1.5158252e-01	-7.2906271e-02	-2.4968335e-01	-7.5629547e-02	1.7789741e-01
2.8903720e-01	-1.1875129e-03	-6.8058498e-02	3.8412508e-01	-3.7147313e-01	-2.3772657e-02	-1.7214158e-01	1.0820337e-01	1.3226490e-01	-4.3697903e-01	3.2476136e-01	8.6582601e-02	6.0262974e-02	1.9716325e-01	-1.4178891e-01	-1.4049156e-01	-1.0895435e-01	2.3814167e-01	3.6402327e-01	-1.0511678e-01	4.3809433e-02	-1.3191400e-01	-1.7341076e-01	5.2242380e-01	4.6348420e-01	6.7101635e-02	-3.2810447e-01	-8.3348146e-03	-6.4350180e-02	8.8844143e-02	1.1227248e-01	-3.2583192e-01	-1.0800148e-01	-1.0939611e-01	-8.3227426e-02	-4.1932714e-01	-2.8713498e-01	3.8074529e-01	-1.7983072e-02	-3.7354827e-01	-3.0890912e-01	-2.8164640e-01	-4.9797994e-01	-1.9674817e-01	-2.5323457e-01	2.2481987e-01	3.3045864e-01	1.5821934e-01	-2.2066356e-01	7.3769100e-02	-1.1909974e-01	-8.3175180e-03	3.6324859e-01	2.2792254e-01	-2.4207494e-01	3.3914882e-01	1.2463198e-01	3.5629745e-04	-1.3279349e-02	2.0581597e-01	-6.5949962e-02	3.2421371e-01	-3.2878552e-02	-6.6706583e-02	-1.5086684e-01	6.0597539e-02	-2.7533498e-01	-2.9100963e-01	5.6866474e-02	-1.0581613e-01	-3.1767136e-01	-2.0069809e-01	-2.6176561e-02	1.3424432e-01	8.1982158e-02	-1.9588140e-01	-7.4738311e-03	-2.7349621e-02	-1.4283998e-01	5.2593544e-02	5.4703310e-02	2.2724885e-01	-2.7140737e-01	-1.6979609e-01	-2.2129264e-01	-2.9846862e-02	-3.1814221e-01	-1.5471575e-01	-5.8609918e-02	-1.9712396e-01	-3.8605858e-02	-6.5324396e-02	-9.8715469e-02	2.3872453e-01	-1.1279766e-02	-1.7329675e-01	2.6071584e-01	1.2218634e-01	3.0006140e-01	4.9517740e-02	5.8637816e-02	9.0088308e-02	-2.4581671e-01	-1.7040277e-01	-7.8395918e-02	2.6210481e-01	2.9916170e-01	-2.3174946e-01	1.6780968e-01	-3.9935452e-01	1.0741969e-01	-8.3315946e-02	-1.7302370e-01	-1.5612002e-01	-2.0902409e-01	-5.0762117e-01	-4.0223819e-01	-7.5416289e-02	4.6571158e-02	8.3250888e-02	7.4754111e-02	2.2745749e-01	-3.4404200e-01	-4.4776848e-01	2.7343703e-02	-1.0798471e-01	3.9691213e-01	2.4779004e-01	3.6786267e-01	-4.0818042e-01	-8.4808581e-02	-7.3643297e-02	-9.9987388e-02	2.4057833e-02	1.1498700e-01	3.2194549e-01	-2.1629281e-01	-2.1351793e-01	3.2326899e-02	-2.2051446e-02	1.7301347e-02	-9.9052936e-02	-2.3139910e-01	4.1822815e-01	5.4285262e-02	-9.8650113e-02	-2.2419911e-02	3.1543085e-01	-2.0288788e-01	8.2828030e-02	-4.0306860e-01	2.5425637e-01	1.5702797e-01	2.4651705e-01	1.7279434e-01	-3.6097863e-01	-1.6925040e-01	-1.7905283e-01	1.9815050e-01	1.8069452e-01	-2.2407411e-01	2.9610312e-01	2.3877174e-01	-8.1034684e-01	1.1310495e-01	3.7513494e-02	5.3386736e-01	-7.7012293e-02	-1.8200912e-01	-1.7470844e-01	2.6962262e-01	-1.5981998e-01	4.6852022e-01	-1.8268143e-01	1.3401960e-01	1.9603784e-03	-1.0121363e-01	1.8567991e-01	9.0695828e-02	2.1620134e-01	-5.1497549e-01	-1.5303015e-02	1.6913803e-01	2.7472976e-01	1.4638220e-01	1.0099088e-01	2.7482489e-01	-5.2113152e-01	2.8486082e-01	-1.3843425e-01	-1.6310178e-01	-2.8174025e-01	1.5706314e-02	-1.3034517e-01	-3.2414027e-02	-3.9380711e-01	-2.6858446e-01	-8.9508884e-02	6.5366231e-02	2.6879072e-01	4.0052432e-01	1.6322733e-01	-2.3041621e-01	-3.5576409e-01	-1.3396300e-01	-2.1375538e-01	-3.5753179e-01	3.1191787e-01	1.8073480e-01	-3.0896565e-01	2.5349608e-01	-9.2370890e-02	-1.6095534e-01	1.6535641e-01	-4.8983887e-02	-3.4382728e-01	3.6890741e-02	-2.6026112e-01	1.4524077e-01	-1.4040609e-01	3.0252498e-01	2.5779054e-01	1.8676399e-01	1.8158568e-01	3.6977527e-01	2.1292868e-01	9.9500529e-02	1.7053239e-01	-2.1077383e-01	-1.4543050e-02	2.8707826e-01	2.6661178e-01	3.0858776e-01	-2.5413594e-01	1.8446633e-01	1.7440742e-01	4.1768867e-01	6.3693278e-02	1.9178763e-03	-1.3406473e-01	-1.8492991e-01	1.6867581e-01	-8.5592128e-02	3.4204072e-01	-3.7922680e-02	4.0821451e-01	-3.3175012e-01	5.5448604e-01	3.9291236e-01	2.5304580e-01	3.2742935e-01	-5.8676028e-01	-1.1469229e-01	-2.7724758e-01	-3.2521451e-01	5.5920803e-03	-4.4299658e-02	2.0545492e-01	-2.6273927e-01	1.8299457e-01	1.9951259e-01	-1.1131897e-01	-3.4279570e-01	-2.7292663e-01	-1.9374625e-01	-1.0749335e-01	-2.8587046e-01	-8.1621334e-02	-1.7130128e-01	4.7296858e-01	-1.3640445e-02	-5.5484605e-01	-3.4561652e-01	-1.7008141e-02	4.2513424e-01	8.8711224e-02	3.9867349e-02	1.7374857e-01	-2.3364173e-01	2.1554208e-01	5.0125904e-03	-3.7822676e-01	6.3785814e-02	6.1552534e-03	-2.6044866e-01	-4.3387499e-02	-4.0586423e-02	1.4442721e-01	1.3945521e-01	-7.6064825e-02	2.3593667e-01	1.8108189e-01	-1.6585046e-02	-2.5237414e-01	2.0391525e-01	1.6204195e-01	3.8663637e-02	-4.4710804e-02	2.9810292e-01	-2.9563272e-01	-9.7948574e-03	4.4266604e-02	-1.3846029e-03	-1.1254198e-01	-9.8560639e-02	3.5622114e-01	-3.6328194e-01	1.7875434e-01	4.1726537e-02	-3.2249177e-01	1.2169258e-02	2.2800036e-01	4.0993822e-01	1.3360706e-01	3.3856627e-01	3.5643402e-01	-4.4957954e-02	-4.2820731e-01	1.0828713e-01	-2.5874168e-01	2.0279484e-02	6.2281716e-01	2.2836372e-01	-3.7216365e-01	-3.9619610e-01	-3.4576139e-01	-2.6704982e-01	-2.1056222e-02	-2.7560074e-02	-1.4514476e-01	-2.4360728e-02	-1.0973763e-01	-5.0685334e-01	3.3616787e-01	4.1529359e-03	-4.6082339e-01	-2.6947998e-02	3.1713676e-01	1.9856511e-01	-1.3395758e-02	-1.7382087e-01	1.1162908e-01	3.9841709e-01	-3.6734361e-02	8.9362390e-02	6.8780691e-03	4.3517757e-02	-1.4758061e-01	5.3599799e-01	2.9496425e-01	1.6077371e-01	-2.3237081e-01	2.9974657e-01	-7.7846527e-02	-8.6525559e-02	3.0880736e-02	8.5447118e-02	3.1680524e-01	2.3775931e-01	-1.0743700e-01	-5.2218568e-02	1.0270246e-01	7.9628974e-02	-3.5062701e-01	-3.6605045e-01	2.2163630e-02	2.6576782e-02	1.0928075e-02	-6.3733257e-02	3.1109318e-01	-1.7027508e-01	5.6028791e-02	-3.3826653e-02	-1.3988891e-01	1.2879841e-01	1.6660590e-03	-3.1186435e-01	1.4864470e-01	2.0551121e-01	2.7998197e-01	-1.4495216e-01	3.3155981e-02	-3.0854669e-01	-2.8714898e-01	-3.2831833e-02	-2.6085767e-01	1.0174325e-01	5.4187817e-03	3.1127170e-01	-9.2820950e-02	-2.5459450e-01	2.6574206e-01	-3.3339888e-02	3.0341387e-01	-2.1439959e-01	7.7929333e-02	9.3253396e-02	-2.3169351e-01	-3.3224565e-01	3.4135947e-01	4.6467698e-01	-7.4935451e-02	1.8728867e-01	-2.3642059e-01	5.2680597e-02	-3.1385839e-01	-2.7580774e-01	-4.5680854e-01	-1.4377257e-01	-4.9483469e-01	-4.6155450e-01	-1.4079688e+00	-1.3761844e-01	4.1417965e-01	-1.5279002e-01	6.7771323e-02	1.9447869e-01	-1.2925857e-01	1.8881473e-01	9.8003805e-02	-3.1728622e-01	2.7576548e-01	-2.3796171e-01	1.9249853e-02	-1.8925151e-01	2.8930465e-02	-3.1596807e-01	-2.6339293e-01	-2.0654884e-01	1.7151310e-01	-1.9280921e-01	1.4540666e-01	2.3583230e-01	2.2140199e-01	-3.0865037e-01	-2.3930742e-01	-1.9635072e-01	-3.5443971e-01	-1.8432738e-01	-5.4093655e-02	5.1609930e-02	-2.3002027e-01	1.0480333e-01	-5.7973512e-02	7.8114904e-02	-2.2737004e-01	-2.1993841e-01	1.4987786e-01	-5.4196294e-02	2.5011268e-01	2.6265833e-01	2.4342781e-01	-3.1990752e-01	1.6339193e-01	6.5593258e-02	-5.5356283e-02	-2.6111725e-01	-2.8533942e-01	8.5108615e-02	-1.2555636e-01	1.8679552e-01	4.3763954e-02	-1.9363821e-01	-4.8465592e-01	-3.4604734e-01	4.5315170e-01	-2.0674546e-01	1.7031929e-01	-2.0319813e-01	2.6872185e-01	2.7351016e-01	4.3150479e-01	5.0868911e-01	-2.9636374e-01	-3.8606378e-01	-7.1266341e-01	2.0599635e-01	1.5445647e-01	-2.9425725e-01	4.6067581e-02	4.6657022e-02	-1.9055535e-01	-3.3876944e-02	-1.4494960e-01	3.6213230e-02	-1.2579122e-01	5.7023633e-01	7.7620298e-02	6.8889245e-02	-9.2698624e-03	6.1906502e-02	2.1428502e-01	4.6526006e-01	3.0229229e-01	1.5071207e-01	1.9834971e-01	-2.1382715e-01	1.0476189e-01	-1.3585463e-01	3.9867997e-01	-2.7917698e-01	-7.0656454e-03	2.3124397e-01	3.7212047e-01	2.2730847e-01	1.0441042e-01	-1.1073828e-01	-9.7375058e-02	-4.3683268e-02	-6.2513191e-01	-7.5331360e-02	-3.1807646e-01	-4.9485173e-02	-8.3723284e-02	2.5735232e-01	5.4419523e-01	-1.1195024e-01	-5.3714389e-01	-1.6498630e-01	-2.4339095e-01	1.5731488e-01	2.0249979e-01	2.2326455e-01	4.1560784e-01	-7.5625741e-01	2.8664303e-01	2.4321912e-01	2.8803480e-01	-7.0557401e-02	1.5635218e-01	3.3841163e-01	5.6153964e-02	-1.7467819e-01	2.3092769e-02	3.1573921e-01	2.4207720e-01	8.3794549e-02	-1.5589780e-01	4.9571422e-01	3.3685961e-01	-3.2195726e-01	-6.5969324e-01	-3.4551984e-01	-2.5848562e-01	1.6604900e-01	3.1032988e-01	1.7093636e-01	2.3060174e-01	1.6495225e-01	-1.8862779e-01	2.6833251e-01	-3.6251950e-01	2.8292708e-02	2.7597461e-02	1.4661381e-01	2.4963029e-01	-3.7898666e-03	1.5449302e-01	-1.2833096e-01	-3.1375653e-01	-7.5466037e-02	3.3268228e-02	-2.7339149e-01	4.3603852e-02	7.5339399e-02	-6.2362039e-01	3.8241524e-02	2.5769296e-01	2.3001540e-01	-5.0938345e-02	2.4946631e-01	7.3839951e-01	1.1978806e-02	-3.2814601e-01	1.7140063e-02	-4.5018308e-02	1.7536590e-01	-9.0398751e-02	-8.1488371e-02	1.4351909e-01	3.1919843e-01	1.5276917e-02	1.2398229e-01	-5.2636456e-02	1.6575930e-01	4.0821829e-01	-2.4608675e-01	-3.9228845e-01	-3.7935665e-01	-1.3836138e-01	1.9079992e-01	3.5508558e-01	2.9549694e-01	8.3324760e-02	-1.1758712e-01	2.0749908e-02	-4.0873654e-02	1.6319227e-01	1.3974778e-01	-2.4668387e-01	-6.0838205e-01	1.0298439e-01	-3.4310475e-02	1.4405863e-01	9.2782512e-02	3.8793167e-01	-8.9377575e-02	2.4989532e-01	-9.1850191e-02	-3.3462849e-01	2.8523603e-01	3.8319744e-02	2.6238450e-01	-4.8234869e-02	-2.8677896e-01	-1.3934416e-01	-1.8845734e-01	-2.7267104e-01	-1.6005020e-01	-1.0051724e-01	2.8476892e-02	1.2821059e-01	2.6067889e-01	-1.2347971e-01	-2.9429609e-01	1.7309400e-01	-2.2201027e-01	2.4385746e-01	2.1012239e-01	-3.5653099e-02	-2.4102342e-01	-1.2618713e-01	-2.2297312e-01	1.7853911e-01	1.2605484e-01	5.7720419e-02	1.1755378e-01	-2.5740594e-01	-2.8494520e-02	-2.4942032e-01	-1.4430624e-01	1.6227742e-01	-1.9921219e-01	-2.3898947e-01	-9.1111474e-02	-2.7431366e-01	1.9267899e-01	5.8003694e-02	-2.0500377e-01	9.3232460e-02	-3.0931872e-01	-1.8873675e-01	-1.2515564e-01	1.7559730e-01	2.2341046e-01	5.5769570e-02	9.6895956e-02	1.6358249e-01	2.1533738e-01	-1.5374745e-03	-4.9969982e-02	2.0887063e-01	-6.7241356e-02	2.4707812e-01	1.3686204e-01	4.1313223e-03	2.0990616e-01	-4.1464585e-01	-2.3098682e-01	-2.0554936e-01	1.2843500e-01	5.8349583e-02	-1.3583291e-01	1.4078116e-01	-2.2056554e-01	-8.3095387e-02	1.5333500e-03	-2.9828793e-01	-2.0861548e-01	1.0003948e-02	2.1896410e-01	-2.5432652e-01	-9.0155356e-02	-3.5959322e-02	-9.0391241e-02	3.1772181e-02	1.8809706e-01	-2.6336321e-01	-5.0215553e-03	-1.1043566e-01	-2.3169889e-01	8.2194425e-02	1.0008595e-01	-1.8000852e-01	2.5322953e-01	2.1539614e-01	8.2729816e-02	-1.3377316e-01	2.5694332e-01	-1.0118078e-01	-2.6142809e-01	-8.7316394e-02	-2.6427189e-01	2.0448704e-01	7.7915110e-02	1.0673747e-01	-1.7818817e-01	-3.9381933e-01	-2.3835388e-01	8.4784783e-02	7.1722083e-02	-2.0173930e-01	1.3752553e-01	-3.9441702e-01	-4.4232985e-01	-4.2683780e-01	4.2663378e-01	2.7664462e-01	-1.2539904e-01	-2.2626713e-02	3.0632311e-01	4.2753533e-02	-3.2945927e-02	-9.5462918e-02	3.8368143e-02	1.3931501e-01	2.6718354e-01	-9.7810149e-02	2.9744178e-01	1.6843042e-01	1.2702863e-01	-7.1822405e-01	8.8137925e-02	1.5283825e-01	-2.0080496e-02	-1.5857561e-01	-3.7668067e-01	-5.1073444e-01	8.9681648e-02	3.3459362e-02	1.2813497e-01	-2.9153794e-01	6.0495889e-01	8.0037884e-02	2.1584427e-01	2.1764206e-02	-1.9977072e-03	3.0007178e-01	5.4349309e-01	1.2462052e-01	-1.1528480e-01	1.6742788e-01	-3.2622713e-01	-1.1126095e-01	-1.4089942e-01	7.4406177e-01	-1.0914066e-01	1.6318630e-01	1.6707189e-03	2.9974014e-01	1.2375632e-01	-2.5423616e-01	1.1497620e-02	7.5764489e-01	-7.5767055e-02	-5.6611753e-01	-2.8977177e-01	-2.8276333e-01	-2.9850918e-01	1.8837641e-01	-3.4554064e-02	6.2519133e-02	2.2275420e-02	-3.3049935e-01	1.7181173e-01	-1.0604076e-02	1.7312652e-02	-1.7788351e-01	-2.3724327e-02	1.0196123e-01	-3.2241556e-01	-3.6255139e-01	-1.9723468e-01	2.8311694e-01	2.1698648e-01	-8.7322658e-03	1.2166215e-01	4.4435315e-02	-1.4834090e-01	-5.1356822e-02	-1.2430678e-01	-1.2115295e-01	9.8682113e-02	1.6544889e-01	1.7926374e-03	-1.0148324e-01	1.4646280e-01	-4.2631480e-01	-2.8359669e-01	2.9763356e-01	5.8490410e-02	-4.6555053e-02	2.6272276e-01	1.0871196e-01	-3.2711786e-01	2.3966719e-01	-2.1221590e-01	1.6234338e-02	-2.5596577e-01	6.6843280e-03	-9.1314219e-02	-3.0267900e-01	-1.4906834e-01	-2.8842396e-01	-5.6690648e-02	1.2497306e-01	-1.3507225e-01	9.3142867e-02	2.2313127e-01	-2.6872253e-01	-3.8962461e-02	8.9669302e-02	-9.7246401e-02	4.0860020e-02	-1.4678586e-01	1.1908772e-01	-1.9074443e-01	-2.4659413e-01	6.3453853e-02	-9.8331459e-02	-2.6054791e-01	-2.0868242e-01	3.0258794e-03	1.5572223e-02	-8.7892130e-02	-1.8647394e-01	3.6826956e-01	-8.3350658e-02	7.6462656e-02	1.2607937e-01	3.0653948e-01	3.8547862e-02	1.3657095e-01	4.9314551e-02	5.6761968e-01	-8.7049091e-03	-1.3733956e-01	-9.5763169e-02	1.1117028e-01	-3.4573394e-01	-4.0073246e-01	2.2431853e-01	-4.5919511e-01	7.2122999e-02	-7.0100725e-02	2.4413674e-01	1.1504800e-02	-1.0116062e-01	-2.4025403e-01	-1.9045200e-02	4.0453341e-02	7.2024830e-02	-1.8413757e-01	8.9051500e-02	6.9589101e-02	-1.0015675e-01	-2.6403284e-01	-9.0899765e-02	-2.5219533e-01	-1.6429493e-01	-1.5420584e-01	-1.5340921e-01	2.0691547e-01	-1.6311166e-01	-9.8529920e-02	-2.4512492e-01	-6.0234476e-02	2.1579316e-01	-8.7295309e-02	6.5026052e-02	-4.9491625e-02	-1.9152167e-01	-8.6094439e-03	1.1275649e-02	-1.1413395e-02	-1.6327442e-01	-2.7366683e-01	1.2079550e-01	8.5661978e-02	4.7929306e-02	-3.1466976e-01	1.7344439e-01	-1.0561635e-01	1.1076441e-01	-3.3049777e-04	-1.6854228e-01	2.4323650e-01	-5.0816703e-01	6.8732366e-02	-7.5409955e-01	1.8882990e-01	-1.0555954e-01	2.6085579e-01	3.4172523e-03	5.8488097e-02	2.5410822e-02	-2.6211879e-01	-3.6424911e-01	1.1519185e-01	-4.7474077e-01	6.8122134e-02	4.0747169e-01	-4.8698154e-01	-6.0999656e-01	-6.1467254e-01	-3.7049150e-01	3.3436131e-01	-4.8652574e-02	-1.0819956e-01	-2.3823041e-01	1.4282872e-01	1.9883190e-01	-4.6968628e-03	-4.3162364e-01	-1.5287279e-01	3.4356356e-02	-3.7573043e-01	-3.7074897e-01	-2.0337550e-01	-3.7039036e-01	4.0289253e-02	-1.6691342e-01	-9.9956840e-02	1.9656932e-01	8.0497183e-02	1.1957072e-01	4.5663096e-02	1.7787276e-01	8.2671881e-02	9.6624643e-02	-7.1663849e-02	-4.6334457e-02	5.7430435e-02	2.5576377e-01	-7.4092522e-02	-3.8415492e-01	-2.6110271e-01	4.0350750e-01	-3.2457373e-01	1.5128210e-01	-3.9715055e-01	2.1992747e-01	3.0899274e-01	-3.8040963e-01	-3.1531012e-01	-1.2426989e+00	-9.0913631e-02	-3.1041048e-02	-5.4335035e-02	-4.2216577e-02	3.6308840e-02	-7.2454028e-02	-2.7927324e-01	9.4499402e-02	6.1510492e-02	-1.8860935e-01	2.9284236e-01	1.8791279e-01	2.1032533e-01	1.2370888e-01	-2.9878202e-01	2.6111192e-01	1.5449770e-01	-3.1581377e-03	1.0197194e-01	4.9999678e-01	3.5532922e-02	-1.4974371e-01	-2.7294931e-01	2.9593286e-01	-1.4741136e-01	-2.1872049e-02	-9.7722989e-03	-1.1337082e-01	-2.0287792e-01	5.4628119e-02	1.0567999e-02	-3.0122560e-01	-3.0128079e-02	-2.3798536e-01	-2.7105251e-01	1.8936870e-01	-3.3204418e-01	1.6485045e-03	2.7725273e-01	-5.9974152e-01	-7.7867188e-02	-6.3191198e-02	1.2410753e-01	1.8561764e-01	2.3675507e-01	-1.6796681e-01	-3.7107345e-02	-1.2081760e-01	3.6742219e-01	-5.2283812e-01	-2.8763864e-02	6.1427981e-01	6.6961437e-02	1.8724400e-01	-2.8340918e-01	-2.2593099e-01	-3.0593154e-01	3.3510793e-02	-2.8777838e-01	1.2313184e-01	-1.9879495e-01	-3.5107994e-01	2.0727286e-01	-6.5769595e-01	3.7062442e-01	-2.9668570e-02	-4.3872473e-01	-1.4495276e-02
-5.0087887e-01	-1.0449144e-01	-1.7315897e-01	-5.6235651e-03	2.3331368e-01	-2.7802610e-01	3.5180700e-01	1.2363541e-01	-3.0096290e-01	8.8201806e-02	-3.5948250e-01	2.4130119e-01	2.7779490e-01	-6.8620086e-02	-3.6037436e-01	-1.4506448e-02	2.0237505e-01	-7.2272025e-02	3.1700453e-01	5.0888613e-02	2.0953776e-01	-4.1232809e-02	-3.0530898e-02	-8.2967944e-02	-1.8268195e-01	1.8261088e-01	-5.5181999e-03	1.8889996e-01	4.3707618e-01	3.9208464e-02	1.0068762e-01	-8.2807563e-02	-2.2955300e-01	6.8337731e-03	8.4698647e-02	-1.2603409e-02	-1.7146146e-01	-2.4859050e-01	-2.3225987e-01	-2.2368763e-01	-1.2041852e-01	-3.6603561e-01	-5.3762728e-01	1.3832736e-01	2.1116571e-01	-2.7953181e-01	1.8187080e-01	-1.3848916e-01	-9.0490460e-02	-4.7674302e-02	6.5766996e-01	-1.0661958e-01	1.0787608e-01	2.5379354e-01	-5.6275058e-01	5.9874403e-01	1.5620710e-01	2.7884582e-01	1.5351316e-01	2.3578003e-01	1.2433098e-01	3.2717124e-01	1.9383489e-01	-2.2691157e-01	-8.7619133e-02	7.2195970e-02	1.5215288e-01	-1.3148613e-01	-1.5368243e-01	1.7285277e-01	1.7784312e-01	-1.1537152e-01	5.6504428e-02	7.9987258e-02	-4.9061164e-01	-2.5857708e-01	1.8627231e-01	2.4036281e-02	-3.8730574e-01	-2.3085113e-01	-3.5995609e-01	-2.5294194e-01	-6.5140245e-03	-1.4748116e-02	1.1462824e-01	-9.2095479e-02	-9.2311822e-02	8.0195561e-02	3.2925931e-01	1.2974750e-01	-2.0116018e-01	1.9124156e-01	1.5385191e-01	-3.8534704e-01	1.5484227e-01	2.3409411e-01	-2.5500888e-01	-3.2211944e-01	8.0033064e-02	2.9344016e-01	1.4518945e-01	1.8510464e-01	3.4838602e-01	-5.0551733e-03	-1.0097495e-01	-1.4966007e-01	2.6401654e-01	-1.1890421e-01	4.8749515e-01	3.1454253e-01	-5.3263849e-01	-7.5858332e-02	8.2802307e-03	2.1606740e-01	2.8746322e-01	1.3601530e-01	-2.0109361e-01	-2.4205640e-02	-3.3929989e-01	-9.8367028e-02	1.6665269e-01	-1.6604228e-01	3.3492756e-01	2.0443387e-02	-1.2235059e-01	5.1565009e-01	3.4387082e-01	3.4218040e-01	-7.6786661e-01	-2.0634098e-01	3.0320606e-01	4.2085910e-01	-1.1443339e-01	-3.2073149e-01	3.7282392e-02	-4.3794179e-01	-3.3769418e-02	-5.5592902e-02	-1.8882884e-01	7.8421168e-02	7.1674293e-01	-2.4990709e-01	-7.0186454e-01	-1.4898634e-01	2.8226486e-01	-2.0499434e-01	3.8869855e-01	-1.4266656e-02	9.9025205e-02	-1.4970522e-01	-3.4249455e-02	-9.1657974e-02	2.2178021e-01	1.0252527e-01	1.1319260e-01	2.0791224e-01	1.4316019e-01	1.2988365e-01	-7.5884432e-02	2.2097203e-01	-2.2264060e-01	-1.0841568e-01	-9.4418600e-02	-3.0631816e-01	-1.5740614e-01	-3.0633736e-01	-4.2656690e-02	-2.2789872e-01	1.0072681e-01	1.6637666e-03	-4.8128638e-02	2.6973733e-01	-2.9606852e-01	-1.7416807e-01	-5.6538764e-02	-1.1968172e-01	2.1405210e-01	1.1467478e-01	2.9007050e-01	-1.4904937e-01	1.9956367e-02	-9.0253413e-02	2.2882214e-01	3.3355728e-01	-2.8693014e-01	-8.7425418e-02	1.0674405e-01	-3.2211095e-02	-1.1002486e-01	-1.3821383e-01	-1.3486722e-01	-5.7241094e-01	3.8109753e-01	2.2615731e-02	-6.4733282e-02	-1.1713082e-01	-2.5722352e-01	-7.1233422e-01	-1.4307630e-01	4.1958228e-01	-1.8077947e-01	-1.9391729e-01	1.8546781e-01	-2.9467297e-01	-2.3036493e-01	1.3125218e-01	5.5556411e-01	2.1853887e-02	4.2772925e-01	1.3496709e-01	-4.7391251e-01	2.4400778e-01	1.8882334e-01	1.1828406e-01	-1.0738743e-01	5.8907337e-02	8.6814709e-02	2.8575063e-01	-7.9248816e-01	-2.8913161e-01	3.0697238e-01	-2.0123279e-01	-2.2400989e-01	-1.9984917e-01	-1.2695672e-01	-1.6610105e-01	2.6656002e-01	-2.7479836e-01	-7.6446086e-02	-4.6986625e-02	1.6260441e-01	8.4054485e-02	2.8857006e-02	1.0751706e-02	1.1596274e-01	-1.5431483e-01	1.1812992e-01	3.2528732e-02	4.2467732e-03	-1.5548654e-01	-1.0105567e-01	-2.1596918e-01	1.2975942e-01	-2.5703394e-01	1.4234358e-01	-2.4110153e-01	-8.3696410e-02	-3.6720994e-01	2.3646227e-01	-1.4053254e-01	-1.8942099e-02	-6.6567086e-02	6.7235142e-02	-1.6251132e-01	2.4080403e-01	1.0344936e-01	-7.5355852e-01	-2.4206795e-01	-9.6982136e-02	-1.6459009e-01	6.3782282e-02	8.4122434e-02	2.8825728e-02	1.3770182e-01	-3.0773827e-01	3.1504303e-01	-3.4053308e-01	-1.0685088e-01	-5.6381319e-02	-2.6440525e-01	-5.3106558e-01	-1.0931293e-01	-2.4772732e-01	-1.1052157e-01	-1.6209036e-01	2.4129190e-01	2.6910707e-01	1.3837622e-01	-2.7218914e-01	9.0670072e-02	-7.4060529e-02	1.6214105e-01	8.7539151e-02	-1.2735178e-01	4.1718894e-01	3.3206463e-01	3.4289697e-01	2.4781626e-01	-1.8831109e-01	-2.6934889e-01	-3.1896200e-02	-4.0228244e-02	-5.6144007e-02	-7.4624133e-01	2.3217438e-01	-2.8299281e-01	2.7458805e-01	-3.0089867e-01	-1.7796110e-01	7.9342298e-02	1.4445020e-01	3.8366346e-04	8.1364967e-02	-5.3726584e-02	7.3098511e-02	-1.9038296e-01	4.4641677e-01	-2.1723153e-01	2.9651868e-01	-1.8786410e-02	-3.0309516e-01	3.8544688e-01	1.3652069e-02	2.9828170e-01	2.7090120e-01	-2.7609536e-01	5.3231174e-01	2.9360685e-01	4.8602355e-01	-4.4944808e-01	-5.6807262e-01	1.5219836e-01	-1.0998089e-02	2.9473442e-01	1.3509622e-01	-5.6087959e-01	3.3645412e-01	-4.1058832e-01	-7.4301064e-02	-2.2628191e-01	1.0185062e-01	-9.0975434e-02	1.8159792e-02	6.3879877e-02	-5.7494700e-02	-2.1947445e-01	-1.1767311e-01	-3.2740515e-01	1.5235069e-01	1.8774783e-02	-3.0283698e-01	-9.2581898e-02	-1.9597656e-01	2.8848422e-01	-2.3371384e-02	-4.2520374e-02	3.0667338e-01	-3.8080424e-02	1.9262257e-01	6.2443279e-02	3.8237035e-01	-4.4294642e-03	-6.1192300e-02	1.7036490e-01	-2.2005541e-02	2.2378282e-01	3.1715009e-01	4.1338500e-01	2.1963458e-01	1.2703176e-02	-6.5493956e-02	2.1702065e-01	3.0572087e-01	3.4323904e-01	2.5835130e-01	-3.4069736e-02	-3.8624924e-01	-1.4506301e-01	-2.4216338e-01	1.5047713e-01	9.1978088e-02	2.2167356e-01	-1.5214296e-01	-2.5029951e-01	-3.0088279e-01	1.7507677e-01	1.6254443e-01	3.8576178e-02	2.6261535e-01	1.5877508e-01	2.4723126e-01	5.5559218e-02	3.7440574e-01	2.3675914e-01	1.8082467e-01	-2.2551103e-01	-2.9651156e-01	2.0133707e-01	-1.2974422e-01	-2.8486639e-01	-3.7653869e-01	6.9100365e-02	6.5256245e-02	2.0497841e-01	-1.2027660e-01	-2.3636773e-01	-1.2418860e-01	-3.7992212e-01	2.3000070e-01	-5.4050744e-01	-2.1884680e-01	-5.0366625e-02	-2.4204755e-01	-9.6717760e-02	-1.3849385e-01	-1.9390639e-02	-1.5131772e-01	-2.2774422e-01	-1.4848000e-01	-9.1481566e-02	-6.4585231e-02	-2.1906295e-01	1.7244053e-01	-3.5620142e-02	-1.5233986e-01	1.3672385e-01	1.8379188e-01	-1.4939173e-01	1.7603487e-02	1.7331479e-01	2.6253736e-02	8.7580360e-02	-4.3262818e-01	3.2484412e-02	-1.1976876e-01	8.9021698e-03	-4.6352309e-01	-1.1985050e-02	2.8642459e-02	2.7091715e-01	2.0042665e-02	2.1564612e-01	-1.3505124e-01	6.0554251e-02	-1.0382815e-01	1.2662815e-01	2.6323333e-02	-1.3588873e-01	-2.7833405e-01	3.6098164e-02	-1.8140554e-02	2.9184732e-01	-3.5476863e-01	-2.0015359e-02	-1.3215235e-01	-4.4814208e-01	-1.9126235e-01	-2.0897812e-01	-1.7294349e-02	2.4313696e-01	1.7403634e-01	-5.0458390e-02	-9.3999423e-02	-1.4517900e-01	2.0712520e-01	-5.0956355e-03	1.9546227e-01	3.5656106e-01	-2.1925838e-01	-1.9606626e-01	-2.5305825e-01	-9.2038780e-02	4.2469615e-01	-3.7748568e-02	4.3570903e-01	1.5375641e-01	-5.8886904e-02	7.9506211e-02	1.1114122e-01	-1.8808180e-01	3.3083090e-01	2.3780528e-01	-7.7369884e-02	4.1754659e-02	-2.7859265e-01	-1.5741514e-02	-2.7942792e-01	-5.3981471e-01	-1.4227238e-01	1.7422275e-01	1.9511135e-01	-3.9608425e-01	1.7491937e-01	-2.2013120e-01	2.0335551e-01	2.0066062e-01	-8.1751265e-02	1.5173519e-01	-3.4810401e-02	2.0503828e-01	-3.2552692e-01	-1.2418978e-01	-1.8630272e-01	2.0204288e-01	4.5810163e-02	4.8630047e-01	-1.3459173e-01	-1.3751203e-01	-1.8178321e-02	1.5702039e-01	-6.4725831e-02	6.4104147e-02	-2.3079847e-01	2.8979844e-01	1.8641014e-01	1.5301585e-01	-1.0728569e-01	-2.4283333e-01	-9.3010515e-02	3.2054725e-01	-1.3595240e-01	1.9876717e-01	-6.4019281e-01	-1.3097522e-03	-5.0397947e-02	4.0810290e-01	-2.9858515e-01	-3.2495427e-01	3.9860749e-01	-3.5843834e-01	-1.7396644e-01	3.2927200e-02	-4.6918277e-02	1.7813038e-02	1.5063211e-01	1.2740266e-01	-4.0149769e-01	-1.1499044e-01	2.0943674e-01	-8.5965872e-02	1.6795813e-01	-7.8324169e-02	-3.9099392e-02	5.8973949e-02	6.9582030e-02	-9.0473831e-01	3.5558623e-01	-1.3483247e-01	1.0643888e-01	-5.7006955e-02	3.3273891e-01	2.2311032e-01	-6.0274974e-02	8.2932353e-02	-2.5770527e-01	6.1442848e-02	-1.8438342e-01	6.6140302e-02	-1.1929558e-01	-1.9984213e-01	3.3439511e-01	-1.1609982e-01	2.7382284e-01	1.8565582e-01	-2.5874736e-02	2.0660199e-01	-2.4458191e-01	-1.9958273e-01	3.2481155e-01	-3.0584955e-01	1.0963275e-01	-2.8462926e-01	4.4631976e-01	-1.5192896e-01	1.5996207e-01	7.2944351e-02	-2.6929376e-01	2.3884054e-01	-8.6781763e-02	-2.1616779e-01	-1.8865566e-01	-3.7205070e-02	3.0386883e-01	-7.6289266e-02	2.3436023e-01	-1.3965446e-01	2.5878599e-01	-8.2936756e-02	-1.9096334e-01	2.4299437e-02	2.0815991e-01	4.0326227e-02	1.1142762e-01	-1.3247094e-01	-3.3050364e-01	2.8281093e-01	-2.9717726e-01	-2.3016375e-01	5.3103801e-02	-2.2888799e-01	4.2418551e-01	2.1580136e-01	1.7398326e-01	-1.6073589e-01	-6.3152379e-01	2.8817806e-01	1.2640190e-01	-2.5726426e-01	5.0891834e-01	-9.7223812e-01	-2.4905996e-01	1.7870192e-01	2.3904416e-01	-9.7228765e-02	4.9597886e-01	-2.5284928e-01	-2.0017576e-01	2.1696106e-02	-2.2444223e-01	4.1662163e-01	-1.4737067e-01	-1.0331315e-01	1.5221134e-01	-1.1006285e-01	2.3531562e-02	3.8079372e-01	-2.9572004e-01	-1.7350088e-01	-6.3282382e-01	1.7535189e-01	4.9230263e-01	1.7492141e-01	-7.5640000e-02	4.2504236e-01	-3.5274789e-01	-7.6368697e-02	-3.3440500e-01	-1.5131499e-01	2.8360307e-01	2.3952194e-01	-3.2308664e-02	4.8914787e-01	1.6631319e-01	-2.2832458e-01	-6.8098150e-02	-2.7729657e-01	2.6203850e-01	2.5717056e-01	-6.1481945e-02	4.3640014e-02	1.9390500e-01	-2.9624712e-01	2.7061349e-01	-5.7181019e-01	-1.2103964e-01	5.6405857e-02	-5.4171646e-01	1.3633516e-01	1.8440495e-01	-1.4716277e-01	-2.2825591e-01	2.2200936e-01	-7.2628397e-01	-1.9099028e-01	-6.8036348e-02	4.0162146e-01	-2.0668297e-01	7.4697789e-03	-4.1166151e-01	-3.0931115e-01	-7.1172580e-02	2.6689887e-01	-9.4502628e-02	3.8986307e-01	-4.3496128e-02	-2.8917754e-01	8.9684203e-02	-2.2254163e-02	-9.5045567e-02	-1.5366086e-01	-3.8720861e-01	-2.3028104e-01	-1.6194252e-02	-2.4065895e-01	2.1259242e-01	-1.5157411e-02	-2.8640378e-01	-1.5742581e-01	-9.7905248e-02	1.7728636e-01	6.0238838e-02	-2.2059667e-01	1.8033046e-01	-1.8149963e-01	-1.4733675e-01	1.2898535e-01	-2.5247461e-01	-1.4638902e-01	-1.5662669e-01	-1.4142522e-01	-2.1503800e-01	2.8975999e-01	5.5014566e-02	-8.9928955e-02	-2.0005059e-01	-2.6246452e-01	-1.9943559e-01	2.0597652e-01	2.1268170e-01	-2.5762609e-01	2.2119874e-01	5.1036716e-02	1.4310171e-01	-9.3936108e-02	4.7797546e-01	-6.3175134e-02	-1.8713641e-01	1.9064109e-01	2.5743020e-01	1.9390792e-02	-1.3384989e-01	2.3088239e-01	-1.3328508e-01	5.2451517e-02	2.0852503e-01	-6.9912530e-02	-3.8467517e-01	2.0777875e-01	4.7788568e-02	-2.3506248e-01	3.8532424e-01	8.3306255e-03	6.2797308e-02	-1.5937828e-01	2.7099830e-01	9.6529245e-02	8.9259028e-02	1.0082451e-01	-1.3384512e-01	-6.8256393e-02	-1.0982317e-01	6.6637695e-02	1.2658198e-01	-2.2106960e-01	-2.7960250e-01	1.6958629e-01	6.2702380e-02	1.7899996e-01	1.5819329e-01	-9.1729321e-02	-1.9344254e-01	2.6468098e-01	-8.6266652e-02	6.6150144e-02	-2.2477628e-01	-1.1026002e-01	-1.3527280e-04	9.7262770e-02	-2.3485918e-01	2.6494923e-01	-2.5743642e-01	1.8528990e-02	-1.2946782e-01	-4.1097730e-02	-2.2096412e-01	3.1646412e-02	-2.5782365e-01	2.8227836e-02	-3.1764995e-02	7.1072139e-02	-8.5395232e-02	1.0608303e-01	-1.7044550e-01	-1.7299320e-01	1.0531767e-01	-2.9475653e-01	-2.0884851e-01	-2.3158871e-01	5.3030533e-01	-3.0599660e-01	3.7019923e-02	-7.9711050e-02	2.2252268e-01	-6.9335036e-02	-2.8714734e-01	2.8004581e-01	1.4024113e-01	-1.7416348e-01	2.3543304e-01	-2.5314525e-01	-2.3424542e-01	1.0529514e-01	4.9899843e-01	5.3154487e-02	3.2840371e-01	5.8921885e-02	-3.6151856e-01	2.2798282e-01	3.0186304e-01	-1.7112297e-01	3.5007980e-01	-2.8895640e-01	-3.5289835e-02	-2.1255460e-01	-1.5294713e-01	-1.2552561e-02	-1.1133014e-01	-4.5172381e-01	-3.5257441e-01	2.7011046e-01	-2.2705059e-01	1.4957799e-02	1.7848128e-02	1.4608130e-01	1.7970993e-01	1.0771414e-01	1.4670892e-01	6.6936980e-03	-2.0769605e-01	-4.4369373e-02	1.5778041e-01	-1.5686009e-02	3.6719479e-02	-1.1525792e-01	2.0731330e-01	-2.6078829e-01	2.1709834e-01	-1.6252261e-01	2.6288900e-01	-2.0014231e-01	-2.4556300e-01	-1.6067047e-01	-2.2143827e-01	-1.0469604e-01	7.3779076e-02	2.3797145e-01	-2.3096217e-01	1.1670811e-01	-2.1608894e-01	1.7351663e-02	-3.5234600e-01	2.4178478e-01	-3.3073077e-01	-4.9374056e-01	6.0513117e-03	-4.0102172e-01	1.4139707e-01	4.6651531e-02	4.1105375e-01	-3.0091450e-01	2.0182295e-01	-5.2788413e-01	1.2635237e-01	-2.7331678e-02	1.9609918e-01	-7.7861875e-02	-2.7138056e-02	2.6054421e-01	6.7928217e-02	-4.0700045e-01	-1.3142334e-01	1.7777310e-01	2.4549040e-01	8.8215861e-03	-3.5634321e-01	-5.2670687e-01	1.9141501e-01	-8.2333773e-02	-1.2127804e-01	-4.5688659e-02	1.4670836e-03	2.5603610e-01	1.1860253e-01	8.4092543e-02	-1.8482235e-01	-4.1818121e-01	-2.4354994e-01	-2.7633476e-01	-7.8513669e-03	-1.6913271e-01	3.8253471e-01	-1.2826590e-01	-3.4306824e-01	-5.0973618e-01	2.4829757e-01	1.6444968e-01	5.5143714e-01	-5.9696298e-02	-2.8916126e-01	-5.2127779e-01	-3.2263371e-01	-1.4893803e-01	8.1036657e-02	-1.0756750e-01	2.6263499e-01	-1.4670455e-01	1.2532750e-02	-1.4613602e-01	-4.5520370e-03	-1.1335786e-01	-3.3953711e-01	-6.3453637e-02	-4.0965480e-01	7.1530993e-04	-9.5426708e-02	2.0191760e-01	-3.4021512e-01	-6.9898456e-02	-1.5262902e-01	3.7611064e-01	2.1238877e-01	-1.4777635e-01	-3.9648350e-02	1.7885682e-01	1.7658718e-01	-3.2952577e-01	7.9593934e-02	4.2646371e-02	9.0500504e-02	-2.5422230e-01	-4.4912431e-01	5.0915837e-02	3.8977750e-02	1.9286978e-01	3.1157187e-01	-1.1274569e-01	2.5641838e-01	1.8915208e-01	-4.1810308e-02	-2.3104367e-01	3.8591215e-01	-1.9002843e-01	1.3711496e-01	-2.1149261e-01	-1.5516727e-01	5.6346202e-01	2.6505756e-01	3.3500171e-01	-2.7403551e-01	-7.5933769e-02	5.2451681e-02	2.8247142e-01	-3.6628831e-03	-1.0440748e-01	1.7279324e-01	2.3122959e-01	2.1618466e-01	1.0162564e-01	2.0260809e-01	-5.3416513e-02	9.2334569e-02	-1.9555087e-01	-1.0702121e-03	3.9943179e-01	-1.7774133e-02	2.3434453e-01	-2.0861521e-01	2.4536733e-01	1.5765546e-01	1.6204841e-02	1.5396430e-01	2.0759937e-01	2.1328321e-01	3.3202830e-01	3.1979135e-01	1.9299766e-02	-8.4687389e-02	1.8927091e-01	-4.2556144e-02	9.7765915e-02	4.1662383e-01	2.5308490e-01	2.2264244e-01	1.8365056e-03	1.4641537e-01	5.6132767e-02	1.4341776e-01	2.0024087e-01	6.0308132e-02	2.7972975e-01	8.8154897e-02	-4.1085353e-01	8.0719657e-02	8.5294299e-02	3.2744104e-01	1.2763456e-01	3.5440776e-02	-2.3796771e-01	-5.3223193e-01	1.2842490e-01	5.2140504e-02	1.6186298e-01	3.7087816e-01	-5.4043651e-01	-1.7889261e-01	1.7252617e-01	-4.2948380e-02	-1.6327429e-01	2.6713216e-01	-5.9087294e-01	-4.1129094e-01	9.9910013e-02	-3.6713377e-02	-2.4827033e-01	2.4152093e-01	1.3622132e-01	5.6578804e-02	-1.1896947e-02	9.3252026e-02	2.4045675e-01	1.3414559e-01	4.0280280e-01	-4.0670750e-01	1.6948989e-01	-2.4318163e-01	9.6222172e-03	4.3352693e-01	-3.5010055e-01	-3.4625584e-01	-2.6506791e-01	-5.9630626e-01	-8.0280960e-02	1.0386048e-01	-2.1905968e-01	5.3893489e-01	-8.0384523e-01	-7.4915931e-02	9.2940047e-02	2.4812722e-01	3.6576688e-02	2.3497310e-01	-3.6377591e-01	-1.4151187e-01	1.8461256e-01
3.1895339e-01	-4.4134876e-01	4.5403758e-01	1.5595816e-01	4.1871053e-01	3.3392468e-01	-4.4895464e-01	-8.7190926e-02	6.2226987e-01	-5.2037770e-01	-3.5878304e-01	3.4914142e-01	-2.3678891e-01	-1.9685659e-01	-3.0300751e-01	1.6704045e-01	6.2272584e-01	-1.5169844e-01	-4.7013989e-01	4.7133255e-01	-6.8671685e-01	-3.8311028e-01	-2.9985923e-01	3.5061660e-01	-5.2984875e-01	5.8505595e-02	4.4211408e-01	4.8510906e-01	2.9596552e-01	6.8886198e-02	-4.1735759e-01	-7.8159559e-01
