9
input	9
dense	32
relu	0
dense	32
relu	0
dense	32
relu	0
dense	1
linear	0
7.999999979801942e-06
-4.5039028e-02	-4.7397958e-03	-1.2371455e-01	-8.7366952e-03	-5.5374879e-02	2.0086717e-02	-2.3074847e-02	-8.4539451e-02	-8.5936293e-02	2.4860967e-02	5.2025545e-02	-4.0102662e-03	-5.8889613e-02	-1.3759524e-01	-6.3054375e-02	8.5521247e-03	-6.8599083e-02	3.9545961e-02	1.7246507e-02	-3.4805156e-02	-4.9422707e-02	-4.3069433e-02	-2.2506066e-02	-1.5727237e-02	5.7609063e-02	-8.0242068e-02	-3.8459204e-02	1.3939209e-01	-1.4435863e-02	-4.6414129e-02	1.5998279e-03	5.3767912e-02
2.7617284e-03	-4.8688870e-02	-2.1883316e-02	1.0032262e-02	-3.2777850e-02	-8.9359425e-02	4.9074400e-02	-8.1779631e-03	-4.2272277e-02	1.0411747e-01	-7.4263606e-03	-8.6286917e-02	-2.5142552e-02	-7.8821620e-03	-2.5139725e-02	-1.3940533e-02	-3.1431075e-02	3.9319391e-03	3.1842750e-02	4.5039479e-02	4.7406774e-02	1.9604087e-02	-7.5232070e-03	-9.8132703e-04	-1.1871443e-02	-4.5872834e-02	4.8799675e-02	-5.7421662e-02	2.5156502e-02	-2.0833774e-02	2.1713842e-02	4.0566321e-02
-7.0168111e-03	2.9362945e-02	-1.9317169e-02	-3.6313672e-02	-5.2347180e-02	-1.1895472e-02	-5.4558050e-02	-1.5905753e-02	5.5977225e-02	5.6980800e-02	-1.3630914e-02	-5.2960224e-02	3.2520253e-02	-5.0001059e-02	-1.8843664e-02	2.1725619e-02	-4.0812407e-02	-4.8981532e-02	7.0959605e-02	-7.2897710e-02	-6.8653747e-02	4.3763842e-02	-4.0875640e-02	-2.7209664e-02	-5.5302668e-02	-7.7796884e-02	-3.8527608e-02	1.9947357e-02	7.3314887e-03	-1.1393765e-02	5.1453434e-02	4.6090197e-02
1.8243242e-02
4.0014395e-01	-1.5796986e-01	-2.3320447e-01	1.8461348e-01	-1.7571165e-01	-5.7738023e-03	1.4023413e-01	-2.0918241e-01	-1.7898679e-01	-1.2014113e-01	-2.3861957e-01	-1.9243550e-01	-2.2185475e-01	3.8179234e-01	3.9425716e-01	-8.7936250e-03	2.6493236e-02	3.6240131e-01	9.7370394e-02	-3.3102140e-01	1.2374701e-01	2.9080382e-01	2.3350589e-01	-5.1140606e-02	-3.5595828e-01	1.9629799e-02	-2.5728621e-02	1.0138509e-01	-1.9198558e-01	-4.2985025e-01	1.5796563e-01	4.0120897e-01	-7.9023555e-02	1.7191853e-01	-1.7210683e-02	4.8484769e-02	-7.2269306e-02	-7.3888442e-03	-2.6811492e-01	1.8503524e-01	5.5574898e-02	1.3099906e-01	2.0152566e-01	-1.8389691e-02	4.9006034e-02	-4.1194212e-01	-3.6598919e-03	4.3405488e-01	-3.7272933e-01	2.7105013e-01	2.2925064e-02	2.0403419e-01	3.4880709e-02	-1.1043309e-01	2.2194415e-01	4.1078088e-01	-2.7181259e-03	-1.0913951e-01	-2.8377640e-01	2.2141001e-01	-2.7027449e-01	1.3308465e-01	2.7325168e-01	2.8873605e-01	-2.8863487e-01	-5.4756260e-01	3.1855690e-01	1.5493068e-01	2.9831538e-01	2.0144217e-01	4.0213414e-02	6.7323394e-02	3.1930280e-01	-6.5157086e-02	-3.4538757e-02	1.0441975e-01	-1.5787457e-01	-1.1834753e-01	-2.1345545e-01	1.1889958e-01	7.8891218e-02	2.9697901e-01	-3.0249909e-01	-4.8385882e-01	1.0347290e-01	2.6490170e-01	7.3503159e-02	8.7516807e-02	-1.1577393e-02	3.0121493e-01	-1.5151194e-01	3.0843377e-02	4.3507478e-01	-3.3159599e-01	-5.5273551e-02	2.6832351e-01	-1.4679483e-01	1.5206174e-02	-1.4425752e-01	2.7797541e-01	-2.5080383e-01	-3.1465423e-01	-4.0447077e-01	2.8548428e-01	3.4730846e-01	2.7670920e-01	-4.4182898e-03	-1.0230944e-01	-5.0686863e-03	1.8270070e-02	-9.0397440e-02	-2.8682321e-02	-2.9965094e-01	-7.7062435e-02	-4.5611173e-01	-2.4358979e-03	-1.2490036e-01	-1.9249061e-01	2.9802102e-01	3.9146084e-01	2.4610247e-01	1.1148773e-01	1.6389260e-01	-5.0948188e-02	9.5920255e-03	-3.7300039e-02	4.0646541e-01	-1.9057117e-01	1.8005915e-01	9.0546370e-02	-1.8397135e-01	-1.1874019e-01	-1.9288139e-01	1.1393775e-01	-5.3749049e-01	3.2730678e-01	-4.3735448e-02	-5.2867329e-01	-1.8895538e-01	-1.2926826e-01	5.0251138e-01	2.6184896e-01	2.8877608e-02	-7.2947010e-02	-2.2188800e-03	-3.3756557e-01	3.2937625e-01	-2.6707485e-01	-2.9245876e-02	1.0984617e-01	-2.1861725e-01	2.5883406e-01	1.5332544e-01	-1.9246744e-01	2.0251408e-01	-4.9663637e-02	-2.7524027e-01	2.5578243e-01	2.9626316e-01	-1.9681217e-01	-2.4381490e-02	-7.3589951e-01	-7.9474926e-02	-2.3671737e-01	9.9222466e-02	1.5834488e-01	2.4460791e-01	-2.6856551e-01	-3.1212595e-01	1.9411868e-01	3.6519447e-01	-4.9629953e-02	2.7690461e-01	-1.6967376e-01	-5.4365795e-02	2.6523393e-01	-1.2321966e-01	-2.8268018e-01	4.7237806e-02	3.1664260e-02	2.9109687e-01	-4.6617392e-01	-4.4435266e-01	7.0973751e-03	3.6874345e-01	-2.6277697e-01	-2.8618833e-01	1.2946850e-01	-5.3794882e-03	3.5831025e-01	3.5238498e-01	-1.4884926e-01	-1.7910716e-01	-1.7909054e-01	-2.6298469e-01	3.0685490e-01	2.2209773e-02	1.6251859e-01	-2.9611382e-01	1.8865129e-01	1.5771417e-01	-2.6234349e-02	1.9178247e-02	-4.0559590e-01	-1.7120254e-01	-1.7333518e-01	2.6685637e-01	-3.5980415e-02	1.9167070e-01	4.8218071e-01	6.4633577e-04	-2.9565847e-01	3.8416605e-02	-3.8383308e-01	-6.0073202e-03	3.3382446e-01	-1.2805538e-01	2.7139464e-01	-9.6946031e-02	-8.4596202e-02	3.3799571e-01	1.0668355e-01	-3.8823295e-01	1.2623088e-01	-6.3234633e-01	2.6243252e-01	-1.8211126e-01	-2.9450001e-02	1.9033322e-01	2.4098061e-01	-3.4639919e-01	-1.6856310e-01	1.4729439e-01	-7.3069257e-01	-3.0186796e-01	-3.0439010e-02	-5.3140366e-01	3.8388252e-01	2.8195477e-01	4.0046814e-01	2.4187836e-01	5.3857379e-03	-4.2857450e-02	2.9504356e-01	3.8781485e-01	4.8535725e-01	-2.7470142e-01	-3.1147724e-01	-2.7468979e-01	-2.9710072e-01	-7.9041071e-02	-1.2178469e-01	1.0052107e-01	1.7833757e-01	-4.4464743e-01	-3.6952999e-01	-1.8078557e-01	3.5409677e-01	2.8765088e-01	-1.0246003e-01	-3.8702923e-01	4.3225341e-02	-1.1730655e-01	1.9169295e-01	-1.0490532e-01	-2.7745105e-02	-1.3872044e-01	3.1311905e-01	-1.1195615e-01	5.3526360e-01	-2.0961300e-01	-7.7912167e-02	4.1485944e-01	-2.6840242e-02	2.4510314e-01	-4.4889003e-01	1.8979202e-01	9.6656226e-02	4.7170284e-01	-2.0333239e-01	1.4162488e-01	6.3573564e-03	-2.4846070e-02	-8.4460117e-02	3.7662235e-01	-3.3862531e-01	-3.0665186e-01	-2.1157603e-01
9.9032998e-02	2.5445521e-01	-1.5595689e-01	-3.7217179e-01	2.1125281e-01	2.8895104e-01	-2.4531408e-01	-1.4924182e-01	2.2319433e-01	-1.6377492e-01	3.6587188e-01	-1.4607304e-01	2.4106556e-01	2.0124841e-01	2.5007614e-01	8.3913513e-02	-1.2900010e-01	-1.4502373e-01	-3.6097032e-01	2.3954263e-01	3.5585853e-01	-1.1026324e-01	-4.7024701e-02	-1.6574959e-01	-1.9741382e-01	-9.8133035e-02	-2.3487027e-01	2.3677894e-01	-3.3251014e-01	-7.8051142e-02	1.6857882e-01	-5.8224861e-02	2.3391198e-01	1.7903899e-01	5.2508328e-02	-1.9534856e-02	2.0154871e-01	-4.4680539e-01	9.2716768e-02	3.1429860e-01	3.1930730e-02	4.8993415e-01	-2.3065123e-01	3.6579078e-01	1.4905694e-01	-5.5118341e-02	-1.6586666e-01	5.8368558e-01	7.8058623e-02	3.0129799e-01	-2.4098009e-03	-1.4284977e-01	2.3554443e-01	4.4620129e-01	-7.7774942e-02	5.8965199e-02	1.6345750e-01	-5.3058513e-03	-1.8702544e-02	-1.7539591e-01	2.0310581e-01	-1.2345828e-02	-2.5349662e-01	1.1863328e-01	2.0089333e-01	-2.8266329e-01	-2.7648577e-01	-8.2371263e-03	2.6782576e-02	-1.7728864e-01	-1.2344523e-01	1.2519321e-01	-2.1885306e-01	1.9530423e-02	6.5853500e-01	7.5047702e-02	-7.7958919e-02	-9.9031940e-02	3.0696708e-01	-1.9713506e-01	-1.2544349e-01	6.9806352e-03	-2.1574597e-01	-2.0050488e-01	-7.9025108e-01	-1.0326146e-01	-1.5252106e-01	-3.9875094e-02	3.3336064e-01	1.7395443e-01	7.4915059e-02	4.0286061e-01	7.8110755e-03	-2.7296078e-01	1.1560057e-01	2.5579989e-01	-2.4470457e-01	-4.4361809e-03	2.1540520e-01	-4.9133795e-01	1.4672852e-01	2.8807727e-01	2.2664185e-01	-5.2444007e-02	9.8833546e-02	-2.4733886e-01	1.6462974e-01	2.6034665e-01	6.9618970e-02	-5.0785907e-02	1.9556907e-01	3.0363727e-01	9.7374775e-02	1.2426487e-01	1.9487585e-01	-1.3604990e-01	-5.3004116e-02	-1.5925193e-01	2.5992340e-01	4.1850507e-01	-3.2891955e-02	-1.9553390e-01	-8.7356374e-02	2.5580385e-01	-9.8424166e-02	-8.9626320e-02	-1.9249474e-01	1.3896091e-01	5.6783624e-02	2.7206510e-01	2.5281763e-01	2.6767722e-01	1.2934370e-01	4.2170668e-01	-2.9805687e-01	2.4057220e-01	-5.9402656e-02	-3.8604620e-01	6.3691247e-01	2.4143574e-01	-3.1859082e-01	-1.3299049e-01	2.7212059e-01	3.3920357e-01	-1.0249733e-01	2.7095354e-01	7.1015820e-02	2.1456802e-02	-2.2468995e-01	-6.8329602e-01	-4.5827943e-01	3.2871708e-01	1.8303360e-01	-5.7956584e-02	1.8871544e-01	-4.0212274e-01	2.5731647e-01	-2.9088873e-01	-4.5765606e-01	1.0684202e-02	5.9225697e-02	-2.0790242e-01	-1.4668281e-01	-1.6095506e-01	-1.2285665e-01	-2.2378935e-01	5.1321309e-02	1.9340429e-01	1.5228501e-01	3.1367961e-01	-3.5907993e-01	-2.3947141e-01	-2.0470703e-01	1.7379101e-01	-1.1123510e-01	1.3119060e-01	-8.7912623e-03	-1.1397281e-01	-1.4004895e-01	2.6405743e-01	2.7531788e-01	2.3756839e-01	2.2637595e-01	3.5098779e-01	-1.1487853e-01	2.6695248e-01	-1.7500693e-02	-9.5453903e-02	5.0703365e-01	2.0570862e-01	2.1858269e-01	-2.3438834e-01	-3.0004117e-01	3.1299290e-01	-7.6724365e-02	-4.0691644e-01	2.1888323e-01	3.4809032e-01	4.0757943e-02	-1.7828646e-01	-3.5159588e-02	-1.2031292e-02	4.6302694e-01	-3.9368463e-01	4.3586180e-02	2.5015745e-01	-1.5146652e-01	-3.1593853e-01	2.8845751e-01	-1.1049394e-01	-1.5778473e-01	1.5204740e-01	-2.0132598e-01	-4.6273214e-01	6.4156041e-02	2.6707265e-01	6.8617150e-02	-2.0690022e-01	1.5752354e-01	1.0402755e-01	-2.1469203e-01	1.6134125e-01	1.3728325e-01	1.7882508e-01	6.8153158e-02	-1.0766173e-01	2.3665267e-01	4.0512374e-01	1.0159370e-01	-2.8745416e-01	-1.2772243e-01	2.1757154e-02	1.3498978e-01	4.2498386e-01	-4.6066096e-01	2.2547597e-01	5.3507362e-02	3.0113391e-03	9.6011139e-02	2.6105624e-01	1.0949300e-01	2.4639380e-01	1.3095225e-01	-2.3179771e-01	4.1746456e-02	-1.7350203e-01	-4.7766026e-02	6.2070150e-02	-5.4794967e-02	3.0334541e-01	3.4563884e-01	-2.3246750e-01	3.2656696e-01	1.2195410e-01	1.5834813e-01	-2.3620915e-01	1.4988036e-01	1.2561263e-02	1.3603662e-01	1.5497473e-01	-2.0945090e-01	-3.3744123e-02	-1.9849800e-01	1.2844512e-01	-1.4301395e-02	2.0880571e-01	-1.8158928e-01	2.7886790e-01	1.2579490e-01	1.6857761e-01	3.6738461e-01	4.3118903e-01	4.4027230e-01	3.3353530e-02	2.8336549e-01	3.0527726e-01	-2.2640081e-01	-1.8246439e-01	-2.7656024e-02	-4.4876486e-01	5.6361157e-02	-7.4438460e-02	1.5835018e-01	1.4659242e-01	2.6090482e-01	-3.4217790e-01	-3.1675670e-01	5.4082643e-02	2.1639435e-01	-2.4654645e-01	7.8425976e-03	-8.0760896e-02	8.8044710e-02	3.1557575e-01	-2.8786127e-02	-2.0097956e-01	-1.9335252e-01	1.8233562e-01	-3.2923171e-01	-6.3469875e-01	-6.4615412e-03	5.7004590e-04	-5.3937927e-02	-5.2349293e-01	1.7703287e-01	-1.3750693e-01	1.5035783e-01	1.8082060e-01	6.2339749e-02	7.4042290e-02	2.1341030e-01	-1.2003815e-01	-1.4272772e-01	-2.6803935e-01	7.4485284e-03	-2.4086660e-01	-1.8424311e-01	2.8336513e-01	3.5755429e-01	-1.2920748e-01	-8.4036045e-02	2.0238140e-01	6.3775495e-02	2.1753335e-01	5.5540025e-02	2.0991121e-01	-4.5505710e-02	3.8842583e-01	2.1740209e-01	2.6888171e-01	-5.0436310e-02	-2.3969941e-01	2.6422882e-01	-1.0537484e-01	9.5044568e-02	1.5251140e-01	-1.8849036e-01	1.8795867e-01	1.9902216e-01	-1.9657190e-01	-1.5341526e-01	-7.5332560e-02	1.1470928e-01	-1.9011986e-02	3.5076104e-02	1.0745789e-01	1.7108522e-01	-2.6303837e-01	-1.9582497e-01	2.3514626e-03	1.5069993e-01	-3.2290429e-02	-1.9530021e-01	-1.7491120e-01	1.9527182e-01	1.3266300e-03	-2.8101540e-01	1.0234290e-01	2.3328634e-01	1.7115338e-02	2.8698987e-01	2.9470786e-02	2.4863331e-01	-1.8228984e-01	-9.6687227e-03	2.2383226e-01	-3.3877335e-02	-3.8541248e-01	-2.9790726e-02	-6.0620084e-02	-3.0144206e-01	2.3228593e-01	-1.6152604e-01	4.9535211e-02	8.4804885e-02	6.7080140e-01	1.1784851e-01	1.2543474e-01	-2.1469772e-01	3.2750666e-01	1.6473803e-01	-2.7893141e-01	-2.9467764e-01	6.4903401e-02	-4.9989257e-02	-1.0682019e-01	-1.7567982e-01	3.7271962e-01	2.2333059e-01	1.4446841e-01	-1.9850431e-01	-3.4620923e-03	-3.0781820e-01	9.4184682e-02	-2.8076902e-01	3.2516518e-01	1.0737020e-01	1.3725552e-01	1.5692545e-01	4.7240457e-01	-6.2026098e-02	3.1725568e-01	-6.2105255e-03	-2.2082556e-02	-1.3084708e-01	2.8567579e-01	8.2473420e-02	-9.7971179e-02	-2.0430675e-01	-2.4866161e-01	1.4079088e-01	-4.7529593e-01	2.6009563e-02	2.0918925e-01	2.0006019e-01	-1.5278419e-02	-2.9572085e-01	1.8486331e-01	-2.3747142e-01	4.7628188e-01	2.7590472e-01	-3.7879428e-01	3.8217360e-01	4.6837166e-02	-3.2737613e-01	5.0384128e-01	-4.5306155e-01	1.2760280e-01	-3.8370004e-01	2.0109102e-02	-5.5940606e-02	2.3706324e-01	-2.2312520e-02	-3.3551246e-01	2.2799405e-01	1.0272558e-02	7.6549068e-02	2.0569336e-01	-2.4441694e-01	-5.7344683e-02	-2.1945147e-01	-1.4171517e-01	-1.1105644e-02	-2.1109523e-01	-2.5537795e-01	2.4701549e-01	-2.4621218e-01	-3.8558003e-03	1.6770199e-01	1.6454509e-01	8.2975134e-02	3.3725983e-01	2.2343729e-01	-2.5728497e-01	1.9306858e-01	3.4679198e-01	7.7316098e-02	4.8266992e-01	-2.0158876e-01	3.5320532e-01	-1.9493189e-01	1.0217060e-01	2.7681974e-01	2.3079906e-01	-1.4626574e-02	-1.6944197e-01	2.8547871e-01	1.9474419e-02	-2.0820983e-01	-1.2511317e-01	2.1523322e-01	-1.9041508e-01	-2.4912530e-01	2.5711302e-02	-6.1173838e-02	-8.4301151e-02	-9.0035170e-02	2.3332001e-01	3.7125863e-02	-2.8026351e-01	-2.7249575e-01	-2.9927233e-02	-2.3523636e-02	5.5485383e-02	2.0709382e-01	2.9873106e-01	1.2030077e-01	-3.5174569e-01	3.1574851e-01	-4.4039328e-02	4.7875619e-01	1.2335144e-01	4.4631410e-02	1.9503480e-01	-9.5564701e-02	-8.0179609e-02	-3.9153039e-01	1.4454311e-01	-3.3417857e-01	-1.4009552e-01	-3.3452439e-01	-4.1012996e-01	-7.6902367e-02	3.9398307e-01	-2.9332200e-01	5.9832923e-02	-3.6744750e-01	2.1197830e-01	-2.6239666e-01	1.7638661e-01	3.6442512e-01	2.2904250e-01	-8.7786190e-02	3.6622930e-01	1.3831487e-01	1.3844272e-01	1.1217383e-01	-4.9633333e-01	-1.8050777e-02	2.1517813e-01	2.9989836e-01	5.8185977e-01	-2.8102285e-01	4.6499059e-01	-2.8289866e-01	3.2633230e-02	-2.9020073e-02	3.9711073e-01	-2.2729990e-01	1.2960127e-01	2.7751565e-01	-2.2628009e-01	-3.9316561e-02	2.1731111e-01	2.9218772e-01	-2.4271245e-01	8.9509390e-02	9.0368472e-02	3.1695727e-02	1.9444585e-01	-1.5232313e-01	1.7640322e-01	-1.4130531e-01	5.3834304e-02	-5.0874040e-02	8.5648708e-03	-4.5232406e-01	-1.9726330e-01	-4.0891472e-02	3.5712236e-01	3.4015691e-01	-2.4436282e-01	3.0744010e-01	-4.5792943e-01	-6.6979177e-02	2.9394291e-02	-4.0754583e-02	-3.8448662e-02	-2.8801364e-01	-1.0159054e-01	-4.5289658e-02	-4.8907799e-01	-6.5540760e-03	-1.4613563e-01	-1.8923517e-01	4.9830532e-01	8.8401392e-02	1.3019772e-01	-3.2584631e-01	2.5738928e-01	-2.0074499e-01	4.2704198e-01	1.1423043e-01	3.0096501e-01	2.8934598e-01	-2.6451528e-01	2.1580096e-01	-4.2142022e-01	5.1424615e-03	-3.1930017e-01	1.7490807e-01	-8.4767461e-02	4.8652269e-02	1.2445860e-01	-1.9712491e-01	-6.9954142e-02	-1.6886866e-01	-7.7718392e-02	9.3948357e-02	-1.5015830e-02	2.8913361e-01	-2.9635853e-01	2.3776993e-01	-6.5664966e-03	2.5192228e-01	-1.6939469e-02	-1.5941261e-01	-3.6903307e-02	1.2610589e-01	3.3097923e-01	-1.0431255e-01	-3.5321844e-01	-3.9999366e-01	2.8143820e-01	-7.7891223e-02	7.2828764e-03	2.0371713e-01	-2.4485694e-01	-9.8433740e-02	-3.0733460e-01	3.0751476e-01	1.9213183e-01	-2.2871473e-01	-2.6876712e-01	-1.3365781e-01	-1.1216737e-01	-7.6119825e-02	-1.2137465e-01	-9.2018165e-02	-3.5589227e-01	-2.9726395e-01	2.9612839e-01	-2.2598311e-01	-2.4745841e-01	-8.5646361e-02	-1.8037996e-01	2.3743936e-01	1.6192307e-01	-2.0849559e-01	-4.5834769e-02	-3.1750970e-02	3.0259857e-01	-1.0998144e-01	-1.7581923e-01	-2.3613191e-01	1.3171174e-01	-2.5106034e-01	3.1311047e-01	4.0876201e-01	6.3315794e-02	1.9436203e-01	6.0991067e-01	-1.6013542e-01	-1.8255363e-01	1.2343620e-01	4.2646423e-01	1.6452154e-02	-9.9365354e-02	1.0373328e-01	-3.2968599e-01	7.2186470e-01	2.2497663e-01	-1.7759863e-01	-3.0719131e-01	2.8643551e-01	-1.7306083e-01	1.9416969e-01	1.8204047e-01	-1.9548941e-01	-2.8275397e-01	-1.2174579e-01	-2.9658273e-01	-2.7202576e-02	2.3965801e-01	2.0263469e-01	-1.8940918e-01	1.2571357e-01	1.5550517e-02	-4.0331300e-02	4.4914559e-03	-2.3031515e-01	3.5107851e-01	-4.9476722e-01	2.3273991e-01	-2.7127004e-01	-3.4359902e-01	2.5700238e-01	4.7404289e-01	-3.9230175e-02	-4.0719211e-01	8.2655467e-02	-2.0205815e-01	2.5397933e-01	-3.2565266e-02	-4.7863340e-01	-9.7988479e-02	2.4432175e-01	2.5459972e-01	2.9128283e-01	2.8076515e-01	-2.7424696e-01	1.9841686e-01	-7.6050632e-02	-1.0473134e-01	-2.2358465e-01	-1.5095063e-01	3.6715809e-02	6.6256918e-02	3.6722735e-01	-4.4863183e-02	-3.3056241e-01	2.2289985e-01	-1.5729277e-01	1.8430196e-01	5.5008471e-02	6.8221994e-02	-8.8938355e-02	-5.1027292e-01	-1.3754864e-01	2.9324472e-01	1.1628795e-01	-1.5928625e-01	-1.8462466e-01	-2.2690734e-01	4.1497797e-01	-3.7141768e-03	2.1327779e-01	-1.1376492e-01	-1.2870407e-01	1.3338380e-02	-2.1808103e-01	-2.1580744e-01	1.0674121e-01	-2.9263443e-01	-1.0771461e-01	1.7738128e-01	-3.5361353e-02	4.9066561e-01	4.2194523e-02	1.5136644e-01	-4.1167052e-03	2.4908319e-01	-1.4248569e-02	2.6472282e-01	2.5921252e-01	1.2622210e-01	2.1510522e-01	5.8606330e-02	-2.4464190e-01	2.1802051e-01	-1.9937058e-01	1.8563540e-01	-5.0492436e-03	2.1878453e-01	-2.6706648e-01	-1.8221720e-01	-1.9016212e-01	1.8877733e-01	-4.0849954e-02	8.6945482e-02	2.2490139e-01	-4.4785328e-02	-1.6990048e-01	3.2504144e-01	-1.4426071e-02	1.0112600e-01	-1.0577096e-01	3.2463798e-01	1.3504128e-02	4.0433169e-03	1.7678747e-01	-6.9869459e-02	-3.4148994e-01	2.6096013e-01	-1.1088126e+00	-9.3798436e-02	9.1139480e-02	3.3895090e-01	1.6282575e-01	-6.6488177e-02	-9.8902784e-02	1.1909064e-01	5.5410177e-02	2.9262539e-02	4.4282012e-02	-1.5925176e-01	3.4980446e-02	1.4186703e-01	-1.8599553e-01	1.3995247e-01	2.6866549e-01	1.7335108e-01	-2.7840748e-01	2.2280510e-01	-1.7926483e-01	2.9352582e-01	2.1025198e-02	-2.2740223e-01	3.3367986e-03	6.8040937e-02	3.8176382e-01	-4.5564219e-01	2.7497476e-03	-9.8599019e-03	3.3319783e-01	-4.8743555e-01	2.3981927e-01	-2.3493019e-01	7.6113358e-02	2.0495640e-01	-1.8281817e-01	2.4620633e-01	5.6633919e-02	1.2094627e-01	2.2587359e-01	-2.3658872e-01	-1.9210599e-01	1.0794666e-01	1.8569417e-02	-6.7428581e-02	1.7643255e-01	1.3604215e-01	3.3255015e-02	-1.8415664e-01	2.6386839e-01	3.9819635e-02	1.1711333e-01	7.6260641e-02	1.4447883e-01	-2.0301242e-01	-1.5174082e-01	-2.0137420e-01	2.1552533e-02	-2.5430497e-02	-1.8969771e-01	-3.0199993e-02	-1.6696301e-01	2.0664819e-01	-2.4444853e-01	-2.4090746e-01	-7.6433428e-02	-1.7359133e-01	-7.9005562e-02	5.8358520e-02	2.9503360e-01	1.3273062e-01	3.8060689e-01	2.0811203e-01	1.3612974e-01	6.6847444e-02	7.7164188e-02	1.5167393e-01	-1.8181738e-01	-2.4494684e-01	2.2261163e-02	-7.5835980e-02	2.0761356e-01	-3.6087176e-01	1.0737313e-01	-2.8108552e-01	9.4576413e-03	1.6156572e-01	-1.9101903e-02	-5.0052911e-01	9.6593976e-02	7.7560535e-03	-3.7055604e-02	-1.2138325e-01	5.1725894e-01	-4.8197463e-01	1.4289488e-01	-1.8864919e-02	-1.3009977e-01	1.9606729e-01	3.9115003e-01	5.2521425e-01	-2.8803024e-02	4.8728940e-01	1.7901006e-01	3.3398177e-02	-5.3562838e-01	6.9829389e-02	-2.7091852e-01	1.6030511e-01	-9.8844206e-01	5.0495911e-01	-2.6016775e-01	-4.9467809e-02	-2.5575188e-01	2.7169871e-01	2.5047791e-01	-9.9683452e-01	-5.7562485e-02	-2.5166494e-01	9.1075171e-03	-2.6946872e-01	1.1921912e-01	3.6709473e-01	-1.2323965e-02	7.5421594e-03	1.4389392e-02	-4.6311609e-02	-2.2740278e-02	-1.4824539e-01	-7.7680849e-02	-4.4214952e-01	3.8385436e-01	-1.5335608e-01	3.2188524e-02	-1.8935458e-01	-2.3526753e-01	-1.7627375e-01	-2.4090244e-01	-4.3374473e-01	7.7678740e-02	-3.1862412e-02	-1.7084728e-01	-4.3503840e-02	1.1287431e-01	5.6015633e-02	-1.7660682e-01	-8.3035894e-02	-2.9158816e-01	-2.3354973e-01	-3.5500333e-01	6.6877911e-03	-1.5353258e-01	-2.9100877e-01	1.8084997e-01	2.3788065e-01	-4.6769441e-03	-3.6709455e-01	-1.8141029e-02	3.6818984e-01	-9.9973015e-02	2.3388833e-01	-8.1911152e-03	1.3428797e-01	1.3324974e-01	2.3975168e-01	1.2455620e-01	-1.2258168e-01	9.2799462e-02	-9.9207990e-02	-3.4004736e-01	2.8913504e-01	-1.7483664e-01	6.7188121e-02	-2.8795120e-01	6.5536417e-02	7.3855303e-02	2.1595003e-01	5.5022076e-02	-3.7417740e-01	3.4383458e-01	-1.2805147e-01	3.5619813e-01	-1.7978987e-01	-6.1997946e-02	-2.9641560e-01	2.0288394e-01	-3.2663200e-02	-9.4936959e-02	1.9851629e-02	3.5396299e-01	-3.4692442e-01	5.4382697e-02	-2.8082663e-01	1.0958861e-01	1.3309489e-01	4.6218380e-01	3.7834827e-02	1.5054613e-02	4.2039767e-01	1.2993933e-01	-2.8172940e-01	-3.0721331e-01	7.1116105e-02	1.6585493e-01	-1.1283522e-02	9.0533644e-02	1.8492018e-01	-1.8880570e-01	3.2177591e-01	1.3371395e-01	-7.7461702e-01	2.5153339e-01	1.5224013e-02	2.8057042e-01	1.7493017e-01	-2.5333622e-01	-3.8780861e-02	-6.2511273e-02	-3.4577170e-01	3.2175618e-01	-2.3316419e-01	-4.4220932e-02	-1.8058923e-01	-5.3233606e-01	-2.3758657e-01	2.2258507e-01	-1.9040193e-01	2.3469010e-02	-3.2287392e-01	-9.5754927e-03	1.0363257e-02	-2.2964825e-01	-3.0686008e-02	-1.7338076e-01	-1.6920581e-01	3.2249194e-01	6.5947033e-02	-3.5490921e-01	-6.6133636e-01	-4.5547244e-01	2.0797780e-02	-5.2837175e-01	-8.4269613e-01	1.5471315e-01	3.4557077e-01	1.5191315e-01	9.9218056e-02	-2.7590829e-01	3.5611402e-02	1.8720572e-01	1.2419531e-01	1.1484434e-01	-2.6683524e-01	-3.3835119e-03	-3.3259875e-01	-1.5489851e-01	3.1564429e-01	4.7535351e-01	1.2039589e-02
-3.1309682e-01	1.8956093e-01	-3.3238348e-01	-1.8423237e-01	-1.2359718e+00	2.5024372e-01	-9.1984354e-02	3.9177486e-01	1.0221992e-01	1.7472327e-01	3.0838175e-02	1.9775757e-01	-7.5555705e-02	3.7547672e-01	5.3737376e-02	-4.2086935e-01	3.0553517e-01	-3.2381529e-01	-5.5457596e-03	-1.3302815e-01	-2.2935301e-01	-2.0006999e-01	-4.3561986e-01	-2.5008771e-01	1.5060958e-01	2.2587974e-01	-9.1962069e-02	2.7450445e-01	2.9968986e-01	5.0208602e-02	-7.8025587e-02	-1.1834379e-01	-2.7098712e-01	-2.3144795e-01	5.0281323e-02	-6.7253596e-01	-3.8771170e-01	-1.7254195e-01	2.2656688e-01	-3.0513218e-01	-3.0064139e-01	4.4343844e-01	3.8743395e-02	3.3131006e-01	-3.8760090e-01	-1.2938869e-01	1.2360699e-02	1.6729890e-01	4.9246494e-02	-1.6256100e-01	3.8039468e-02	1.2433632e-01	-7.4584967e-01	-8.1299782e-01	-3.4109166e-01	8.4539056e-03	-4.9607539e-01	1.5396841e-01	1.8517061e-01	1.0148834e-02	-5.8466651e-02	-1.3853419e-01	2.6697081e-01	4.3533617e-01	-1.6937491e-02	-7.0435262e-01	3.7513401e-02	3.8669783e-01	2.3292433e-01	-5.3838342e-02	-1.0706753e-01	1.7811151e-01	-8.6600119e-03	1.2871055e-01	-2.2585635e-01	6.5530735e-01	8.7094374e-02	-8.1402175e-02	1.3408682e-01	9.1860764e-02	-1.9527324e-01	-5.4501653e-01	1.5195808e-01	5.1011324e-01	1.9408830e-01	-3.3950296e-01	5.3909503e-02	2.6922229e-01	-2.7490231e-01	2.4397519e-01	-6.9852245e-01	-1.0484090e-01	1.8653923e-01	-1.7188089e-01	3.1968975e-01	5.4812986e-01	-1.3148950e-01	-2.6824874e-01	7.8447208e-02	-4.0242650e-02	-1.3554007e-01	-2.0881943e-01	-2.2666667e-02	2.7958673e-01	-2.4542746e-01	-2.0077707e-01	-2.6455972e-01	-2.8172169e-02	1.3111585e-01	-1.7098366e-01	-1.8148467e-01	-3.0558679e-01	-5.1098283e-02	-9.3577705e-02	-3.3173117e-01	-2.1685818e-01	-2.9330182e-01	-7.3298492e-02	-2.6251340e-02	1.6035471e-02	1.3243952e-01	2.9964086e-01	2.9330584e-01	1.0981879e-01	2.3414886e-03	1.7945749e-01	-1.6740519e-01	-1.4499515e-01	-1.3357605e-01	-9.0922914e-02	-2.6846117e-01	2.0841673e-01	-2.4321574e-01	-2.8805572e-01	-2.2966519e-01	9.8869868e-04	1.5937272e-01	-1.2031540e-01	1.8662137e-01	-2.8336111e-01	-2.1868138e-01	-2.1563393e-01	8.3646968e-02	-2.6330221e-01	-1.7798746e-01	-1.9167022e-01	-1.6582568e-01	-2.0657985e-01	1.6754508e-01	1.7074505e-02	-2.0692503e-01	-8.0297612e-02	-1.0477024e-01	4.8749227e-02	1.3233498e-01	-2.1536008e-01	2.2688733e-01	1.1814746e-01	-2.8096247e-02	-2.4390149e-01	-4.0666629e-02	-6.1256355e-01	1.0413598e-01	-1.6829200e-01	-4.3133369e-01	-1.6800831e-01	3.6233482e-01	-6.6034511e-02	-2.2763066e-01	2.5139832e-01	7.5250059e-02	-2.4331944e-01	-8.7539732e-02	-1.3921760e-01	-1.8106049e-01	2.1243615e-01	-3.7159714e-01	-1.2048343e-01	-4.9006563e-01	2.6323514e-03	1.1291225e-01	-5.0586205e-02	1.3450177e-01	-3.6380422e-01	1.0090237e-02	-3.0041030e-01	4.9147862e-01	6.1813837e-01	-7.4163955e-03	3.1098405e-01	2.5603652e-01	-1.1986010e-01	3.4771803e-01	2.1016927e-01	-1.1211742e-01	-6.1023455e-02	2.2480375e-01	-4.9908914e-02	-1.2063427e-01	3.1574264e-01	1.7871924e-01	-2.2294755e-01	-3.2555994e-02	-8.4187478e-02	1.3525255e-02	-8.0300242e-02	-2.4000685e-01	-1.2702270e-01	2.5858037e-02	-1.6291732e-02	2.2013628e-01	-9.8452464e-02	-2.1845849e-02	3.4406310e-01	1.2019657e-01	7.8030182e-03	3.7118349e-02	2.6782522e-01	-3.6841074e-01	9.1980085e-02	2.2482341e-02	-3.2204345e-01	-3.9207038e-01	2.9339311e-01	-4.6027976e-01	5.9420699e-01	9.3943842e-02	-1.1745296e-01	-1.0318201e+00	2.0310439e-01	-3.0693276e-02	5.6297909e-02	-7.2297573e-02	-1.4866093e-01	1.9254990e-01	4.5574620e-02	2.1416028e-01	2.1009067e-01	1.5443771e-01	-3.2104242e-01	2.7172402e-01	-2.2707846e-02	-2.6775915e-03	1.2383199e-01	-1.8617749e-01	-2.4062818e-01	2.3178276e-01	3.5339075e-01	-6.0780462e-02	-1.2297918e-01	-1.5481822e-01	-2.8380051e-02	3.0018079e-01	-3.8791537e-01	-5.8935173e-02	-4.5031676e-01	-5.0910935e-02	4.0312779e-01	-9.2696873e-03	-2.5765410e-01	-2.3247312e-01	7.5633503e-02	2.1587901e-02	8.5010976e-02	-5.2491911e-02	-1.9766623e-01	2.4792053e-01	-2.7884218e-01	2.6429191e-01	4.5465580e-01	3.8079816e-01	-2.3542319e-01	1.8571730e-01	-3.1526253e-01	-2.4248186e-01	-7.6417485e-03	-4.1616759e-01	2.7528716e-02	-3.2976389e-01	2.2442292e-01	3.4717527e-01	-5.0636839e-02	2.7418128e-01	3.0196241e-01	-1.3360478e-01	1.6914095e-03	2.7586842e-01	-4.3577556e-03	-5.2048680e-03	-2.3758884e-01	9.9300504e-02	-3.7119273e-02	1.2076583e-01	-2.3537916e-01	3.7830791e-01	-1.8049411e-01	1.2983914e-01	-2.4802408e-01	-3.0469663e-02	2.3425053e-01	-2.5740132e-01	-7.8821719e-02	-2.4764161e-01	1.5851638e-01	7.0454307e-02	-2.6260856e-01	2.5160873e-01	1.9066760e-01	2.1151048e-01	2.3366286e-01	1.3507889e-01	1.2721430e-01	2.4365960e-01	-3.2546878e-01	-3.7697327e-01	2.5506619e-01	8.2866490e-02	-9.8403350e-02	3.0778795e-01	6.0012043e-01	7.8274153e-02	-2.9358116e-01	-1.5469757e-01	1.4613639e-01	-3.3325502e-01	-1.0759319e-01	-1.0940251e-01	-4.3362287e-01	-4.7674057e-01	1.2134493e-01	-1.2379204e-01	-1.4605936e-01	4.4297192e-02	1.4053655e-01	-2.6537418e-01	1.7810915e-01	-5.4075401e-02	2.2401294e-01	3.3510965e-01	-9.9614404e-02	1.7277434e-01	1.4218275e-01	3.9268523e-01	2.0835887e-01	-7.0704751e-02	3.3320162e-01	-7.7361238e-01	2.1256158e-01	5.3214923e-02	-3.6719805e-01	-4.9386489e-01	-1.8657795e-01	-1.3593087e-02	2.5510168e-01	-4.4274334e-02	1.6256617e-01	5.2541018e-01	-4.4389442e-01	-1.8214343e-01	4.0518054e-01	7.0670387e-03	-7.0414191e-01	-1.2636057e-01	6.5893263e-02	3.3791896e-02	-2.7261367e-01	2.8011490e-02	-2.3206475e-01	-1.1580428e-01	5.7473755e-01	-4.8288189e-02	-3.9085367e-01	-5.3633040e-01	-5.2167553e-01	-7.5290777e-02	-1.4369439e-01	3.6716151e-01	-2.3205216e-01	4.0941009e-01	1.0211647e+00	5.0579560e-01	2.8978765e-01	8.6222507e-02	-5.4467183e-01	-1.5593481e-01	-3.2536134e-01	1.7959723e-01	1.2180740e-01	-5.9986269e-01	2.3851170e-01	7.3884130e-02	6.7496456e-02	-5.3645549e-03	-1.9189033e-01	3.1709617e-01	6.6333354e-01	-1.9683352e-01	1.6924894e-01	-5.8452088e-02	4.3759859e-01	2.8843242e-01	9.6409179e-02	-4.6188243e-02	2.3307656e-01	1.4234138e-01	-7.8401426e-03	5.7570878e-02	1.6498740e-01	-3.9375058e-01	2.5616536e-01	-6.0078830e-01	-1.0008401e-01	4.5273980e-01	-2.7375913e-01	-4.7628875e-03	4.2825687e-01	1.8324190e-01	2.5686419e-01	-1.3686353e-01	-2.3516944e-01	-3.0875057e-01	-2.3121262e-01	-3.7377380e-02	-2.2436619e-01	-2.8123382e-01	-3.0993313e-01	2.4873905e-01	-7.3802717e-02	-3.3967841e-01	-2.6487485e-01	-1.7956562e-01	-4.9809616e-02	1.3256399e-01	-2.8487644e-01	-7.7801391e-02	-3.7554868e-02	-1.8540399e-01	-1.7681691e-01	-1.0183845e-02	2.3656905e-01	1.5055072e-01	-2.9338971e-01	7.2491974e-02	2.6017174e-01	2.5006780e-01	-1.9735988e-02	-8.2530752e-02	1.4668269e-01	-6.4770669e-02	-3.4776121e-01	-7.0342951e-02	-3.9908457e-01	-1.1381528e+00	2.5341612e-01	2.7447945e-01	1.8958248e-01	-3.2007182e-01	-6.6642739e-02	9.7777508e-03	-3.9462870e-01	2.1238318e-03	1.3009241e-02	1.9321127e-01	1.4471935e-01	7.0805259e-02	-2.5883257e-01	-4.5329413e-01	1.0366673e-01	-6.7257935e-01	-1.1265798e-01	1.1736891e-01	-3.9859495e-01	-1.3550204e-01	-1.7144294e-01	4.8699081e-01	3.5460806e-01	-1.0464199e-01	2.6696786e-01	2.5629744e-01	-5.8643448e-01	1.6603541e-01	1.8835445e-01	1.5668890e-01	3.3277597e-02	-4.8506445e-01	-1.1299445e-01	-1.6670328e-01	3.1559879e-01	-1.6154441e-01	1.9118395e-01	1.4502478e-01	-2.3761354e-01	3.0620694e-01	2.5883505e-01	2.8339168e-01	1.6950724e-01	2.1650113e-01	-2.3098677e-01	-1.4538027e-01	4.2785816e-02	-4.4950923e-01	-3.7462007e-02	-2.5731444e-01	1.4310956e-01	-6.7125276e-02	-1.7618960e-01	3.1595176e-01	2.3699610e-01	-3.7026995e-01	5.0093424e-02	-3.4476563e-02	-4.4954580e-01	4.5228556e-02	-1.4242254e-01	-1.2961923e-01	-1.2052836e-01	1.2997977e-01	2.6445389e-01	-2.6333037e-01	8.6315133e-02	9.6190669e-02	-1.7362982e-01	-6.5092042e-02	-1.5538965e-01	5.2253172e-02	-3.1076688e-01	5.8258720e-02	-1.1559185e-01	4.6451367e-02	-6.9470577e-02	5.2577090e-02	2.1277945e-01	-1.2930030e-01	1.0257864e-02	-1.7679854e-01	-1.4816925e-01	-1.7278965e-01	-1.3010667e-02	2.4735452e-01	-2.8952625e-01	-3.6274660e-02	-2.4689995e-01	-6.7997374e-02	-2.8514026e-02	2.2187297e-01	1.9502397e-01	3.1663526e-02	-5.8328621e-02	1.9905062e-01	-2.9363880e-01	1.9763298e-02	-1.8160459e-01	-2.4470541e-01	-2.3079316e-01	1.8373145e-02	-2.1871701e-01	-2.3865919e-01	1.1897220e-01	-2.3442879e-01	-1.5291543e-01	1.4068417e-01	-6.8805441e-02	-7.6119162e-02	2.6764929e-01	-1.3880026e-01	-3.0837306e-01	-9.7315878e-02	4.8067559e-02	2.7193578e-02	1.1216513e-01	2.0785868e-01	-1.3355908e-01	-3.0008170e-01	-3.3579085e-02	-9.9036962e-02	1.7223834e-01	3.2386497e-01	-1.9389254e-01	-7.6016553e-02	-1.3980792e-01	-6.0465741e-01	-1.2600429e-01	-7.1319401e-02	3.7456844e-02	-2.2720917e-01	3.5423380e-01	-1.7571147e-01	6.9423509e-01	-2.1662760e-01	-2.1037057e-02	5.6533970e-02	1.2204586e-01	1.7241639e-01	-3.1808174e-01	4.4381660e-01	4.2955422e-01	-5.7939476e-01	-1.8964657e-01	-2.0984602e-01	-1.9371584e-01	-3.1650054e-01	4.1692749e-02	-4.4505411e-01	-3.6164156e-01	4.0836424e-01	1.2754503e-01	2.4431552e-01	2.6778048e-01	6.9391049e-02	1.1861573e-01	-1.2316286e-02	-8.4471285e-02	-1.8127784e-01	-7.3550299e-02	2.7088246e-01	-1.4970195e-01	-3.6668709e-01	-1.3365132e-01	-3.9571130e-01	-1.8166634e-01	4.0467855e-02	2.7026087e-01	-8.0808632e-02	7.4683137e-02	1.2790741e-01	2.6175737e-01	2.6450256e-01	-2.2485040e-02	-9.9377543e-02	3.4676284e-02	2.3799154e-01	6.5739535e-02	1.1419720e-01	2.8898370e-01	-2.1302192e-01	-5.6569123e-01	1.8884044e-02	-5.2225059e-01	-2.0487563e-01	-7.4300498e-02	-2.0003352e-01	-2.9515359e-01	1.4490589e-01	-2.6145926e-01	-6.4173855e-02	-1.2147612e-01	9.2937037e-02	2.3845807e-02	-1.4021765e-02	-1.8472819e-01	-2.2481512e-01	2.1210878e-01	-2.3799650e-01	-2.5113899e-01	-1.3821062e-01	1.5994863e-01	-7.8069784e-02	9.4772659e-02	1.0525714e-01	2.5255454e-01	-2.0309035e-01	1.9328758e-01	-3.5087222e-01	-5.5995148e-02	-3.5851660e-01	1.2723944e-01	-2.9255944e-01	-1.1548876e-01	1.4405773e-02	-1.5773836e-01	-1.8635757e-01	1.9996458e-01	4.1169015e-01	-4.0283257e-01	1.7037693e-01	9.6170325e-03	-1.0468447e-01	-1.7906874e-01	3.7720424e-01	-6.6369802e-02	-1.6113251e-02	-2.0008871e-01	-2.2868159e-01	4.2349049e-01	-5.5692520e-02	9.6322149e-02	-1.8787362e-01	2.9100683e-01	2.2031826e-01	-2.1989091e-01	2.2443055e-01	2.8678021e-01	-1.4883541e-01	1.8963626e-02	-1.0658848e-01	1.8443263e-01	-2.3609337e-01	2.2021817e-01	-6.5355157e-03	-9.4289556e-03	2.7578422e-01	-2.6717338e-01	-1.2562336e-01	9.1062665e-02	-2.3867514e-02	-3.0521989e-01	-1.2849754e-01	2.6142836e-01	1.0851391e-01	1.4065680e-01	9.9318691e-02	5.9764128e-02	-1.5615498e-01	-4.1920695e-01	-1.9736560e-02	5.9848356e-01	-1.0685498e-01	-4.1018227e-01	1.7983822e-02	4.1924987e-02	2.6227556e-02	-2.0395720e-01	8.8385731e-02	4.7972837e-01	-3.1607160e-01	-2.2321223e-01	-9.5568992e-02	2.7158809e-01	1.4767267e-01	2.5694019e-01	-2.0074379e-01	4.7208171e-02	1.0747498e-02	-1.5242293e-01	7.6634448e-04	-1.8261424e-01	-3.0707721e-02	-6.2809026e-01	-2.7933449e-01	-1.5061691e-01	-3.3494815e-01	-2.6588589e-01	5.5584568e-01	-7.3019572e-02	-1.3058171e-01	2.4271038e-01	2.5543678e-01	-1.5929706e-01	3.7653831e-01	-4.3225792e-01	-3.9500657e-01	8.2211949e-02	-2.8883550e-01	2.6292634e-01	-8.0711663e-02	1.6865303e-01	2.5620890e-01	2.6902527e-01	7.4800380e-02	-2.9263023e-01	-8.2461559e-04	1.9478346e-01	4.7599375e-01	4.1968271e-02	4.0848449e-02	3.3950317e-01	-2.6156688e-01	-3.4969410e-01	-2.9355863e-01	1.1137991e-01	-2.8641620e-01	1.0804249e-01	-5.4267894e-02	-3.4218130e-01	1.9775894e-01	-8.6548723e-02	-2.5171142e-02	9.5900921e-03	1.0883349e-01	-3.1764695e-01	-1.5368281e-02	3.4973836e-01	5.0502731e-03	7.3044077e-02	-2.1560273e-01	1.7171575e-01	7.0270367e-02	-3.0699062e-01	-2.1726969e-01	-3.0053312e-01	-4.5729320e-02	5.5159960e-02	-2.0895624e-01	2.3555979e-01	-2.5072828e-01	-2.4687290e-02	1.3035752e-01	-1.1881161e-01	1.2002741e-01	-1.9050065e-01	-2.9100791e-01	-3.2181582e-01	1.2931471e-01	-3.9556670e-01	-3.1098890e-01	1.1266992e-01	5.9638701e-02	-1.7943966e-01	-3.5480934e-01	-1.1796472e-01	7.2548501e-02	-3.6357594e-01	-1.6392659e-01	-1.2757272e-01	6.4151874e-04	1.8773639e-01	-7.1760125e-02	1.8350925e-01	1.8887399e-01	2.4378106e-01	-1.5227231e-01	2.1440595e-01	2.8457217e-02	2.0540857e-01	-3.9155975e-01	-1.8850519e-01	-6.4545177e-02	9.1759764e-02	-2.8354636e-01	-1.7770529e-01	-1.7997524e-01	1.8522440e-02	-1.7001286e-01	-2.9485801e-01	-4.5180589e-02	1.0321182e-01	-4.4244036e-02	6.3958779e-02	2.4460705e-02	1.3143641e-01	2.0677511e-01	-1.8236826e-01	4.5889445e-02	-1.9754525e-01	-1.4467880e-01	3.9251748e-02	5.1400267e-02	-2.5666898e-01	7.7624731e-02	1.5067530e-01	-2.3880127e-01	2.9895902e-02	-6.9787741e-02	1.0953769e-02	-2.8590351e-01	-3.1128737e-01	1.1455388e-01	-4.1530173e-02	1.2707283e-01	-2.0922074e-01	-2.3202670e-01	-3.3205590e-01	-6.3368224e-02	2.4827345e-01	-1.7363502e-01	-6.7522502e-01	-1.9771099e-02	-4.6983021e-01	-5.4040307e-01	5.0353181e-02	5.7705723e-02	-2.0306081e-02	-2.6574722e-01	4.3292472e-01	9.2807654e-03	2.1626748e-01	-1.9686821e-01	-1.9875002e-01	2.1292715e-01	-1.8270591e-01	-4.1847458e-01	-1.5859652e-01	1.2989204e-01	4.2636818e-01	-6.3878012e-01	-7.7793187e-01	-2.1713182e-02	-1.8200074e-01	4.5780424e-02	2.9487208e-01	-1.9140078e-01	-1.5914574e-02	2.1387480e-01	1.4529301e-01	1.4545812e-01	9.7476847e-02	1.8220378e-01	9.7371601e-02	2.8806609e-01	3.7955061e-01	1.6805901e-01	-5.2511066e-02	3.2233235e-01	-8.6410306e-02	-1.8663016e-01	-7.1962786e-01	9.7140506e-02	3.4520048e-01	1.2895185e-01	-1.4958434e-01	1.1786848e-02	3.8137626e-02	-3.0508380e-02	-1.7770626e-02	2.0653477e-01	-1.0658196e-01	3.7475488e-01	4.1040403e-01	-3.1497513e-03	-9.8558269e-02	-2.4772742e-01	-3.0004677e-01	-2.4351010e-01	2.5669971e-02	-8.9267157e-02	2.9754880e-01	1.3098401e-01	2.6363736e-01	-1.7838232e-01	3.7559250e-01	-2.0077719e-01	-2.1677896e-01	-2.5990430e-01	-3.0456173e-01	9.4217345e-02	1.2300325e-01	-1.8985507e-01	7.5355902e-02	-2.7369395e-02	-2.1446937e-01	-2.0390801e-01	1.8170176e-01	2.1284176e-01	-1.7682502e-01	-7.9472385e-02	-6.6260830e-03	-4.5801657e-01	-1.6967367e-01	-2.7093591e-02	4.4361431e-02	-3.4699613e-01	-3.1747043e-02	-9.0158626e-02	1.3725157e-01	4.0216699e-02	-1.1127798e-01	-2.2403732e-01	-9.3596622e-02	3.0014747e-01	2.6905995e-03	-8.3249673e-02	-6.4735681e-01	5.3974967e-02	-6.9566405e-01	-5.1369619e-01	3.9489500e-02	-3.6326334e-02	1.0709020e-01	-2.2503112e-01	4.5045561e-01	2.0357794e-01	3.8692564e-01	-9.6954010e-02	1.2133166e-01	-5.0280485e-02	-2.3021877e-01	-2.3860088e-01	-1.7242154e-02	-3.7970168e-03	3.4044677e-01	-5.5744821e-01	-8.1404269e-01	-3.7182853e-01	2.3092152e-01	-3.0680206e-01	8.9337798e-03	-1.3637607e-01	-3.4970146e-01	9.7556561e-02	4.5308787e-02	3.8165271e-01	2.8943071e-01	-2.6604229e-01	4.4825964e-02	3.1905171e-01	-8.0255913e-03	-1.0815871e+00	-1.4791957e-01	-1.1028035e-01	1.1306262e-01	3.7581775e-01	5.1779825e-02	1.7732155e-01	-2.1493098e-01	2.3282446e-01	3.0238906e-01	-1.5211593e-01	-1.4850904e-01	2.9025835e-01	-6.9643861e-01	-3.9358616e-01	-7.1771480e-02	-4.3303275e-01	-1.0156745e-01	-5.5132979e-01	8.9304827e-02	-2.0798028e-02	2.3535372e-01	2.5178391e-01	2.2615310e-02	-2.0309398e-01	2.3632330e-01	3.2654017e-01	-2.5729054e-01
5.5847758e-01	-5.3194076e-01	-4.0121976e-01	-3.1814182e-01	-2.4174988e-01	7.2495842e-01	3.7794113e-01	2.3569904e-01	4.9205586e-01	-2.4735306e-01	2.6401457e-01	-1.0319904e+00	-2.9006287e-01	2.1872833e-02	2.2328705e-01	4.0482438e-01	-2.0389633e-01	1.7394240e-01	-3.8909402e-01	2.3335402e-01	-2.6472485e-01	-4.3620759e-01	-6.3110155e-01	2.9830799e-01	1.7791821e-01	-3.0856937e-01	-4.8595190e-02	-5.2566022e-01	-2.8778341e-01	8.5164316e-02	-5.7396561e-01	4.7477701e-01
