9
input	7
dense	32
relu	0
dense	32
relu	0
dense	32
relu	0
dense	1
linear	0
7.999999979801942e-06
-8.1516594e-02	-8.5591506e-03	-1.8542109e-01	5.1801100e-02	2.6372220e-02	4.5296665e-02	-1.0018622e-01	-4.4072147e-02	2.1195576e-02	1.2244313e-02	-5.9515957e-02	-8.2087740e-02	4.3504663e-02	-2.7168915e-02	1.9371679e-02	-6.3693762e-02	3.5566010e-02	3.3780285e-03	-7.5503379e-02	-8.0779701e-02	-1.2218453e-01	4.4502489e-02	-1.6050473e-01	-6.2072270e-02	-1.3287057e-01	2.7293792e-02	-1.0828380e-01	2.5332240e-02	-4.3192800e-02	-4.4543806e-02	-9.9390842e-02	-5.1383791e-03
-4.3860760e-02	-6.0085285e-02	-3.0633877e-03	-3.5740379e-02	4.1658062e-02	-1.9948421e-02	3.1675305e-04	-1.0534669e-01	3.0082727e-02	-1.4592604e-01	4.5063689e-02	-2.5576621e-02	-8.8481242e-03	8.3005307e-03	-9.6306928e-02	-4.8234280e-02	-7.6099217e-02	2.5287850e-02	3.0591736e-02	-2.4956923e-02	-1.4582249e-02	-7.9297647e-03	2.4730084e-02	-3.7684496e-02	-2.6630132e-02	2.1350814e-02	2.0506815e-03	2.3940941e-02	4.8978031e-03	-1.4270958e-02	-1.1917504e-01	3.2597296e-02
-2.8104119e-02	3.6901059e-03	9.2233168e-03	5.5403379e-03	-5.2256204e-02	3.6065675e-02	8.0918605e-03	5.6912769e-02	-8.5272342e-02	1.1443200e-02	3.3654496e-02	3.3827219e-02	1.1300462e-02	-8.7995701e-02	-4.7876732e-03	1.9773334e-02	-3.5751086e-02	-1.8867513e-02	-3.0971192e-02	-5.7900973e-02	-6.4144745e-02	2.0778684e-03	-1.6459800e-02	3.9261118e-02	-8.0926180e-02	-5.3625382e-02	3.6016484e-03	-4.9775973e-02	-1.0428219e-01	-6.8790093e-02	-4.6368260e-02	-6.6728182e-02
-1.2972723e-02
1.4418754e-01	-3.7350610e-01	7.7560090e-02	-4.1361162e-01	2.4724160e-01	-2.9557833e-01	1.3406804e-01	2.6531026e-01	-2.4607638e-01	-9.6946329e-02	8.3125994e-02	-1.9553220e-02	-1.5770273e-01	3.3395684e-01	2.5706302e-02	-1.2624988e-01	-3.6926605e-02	3.0103895e-01	3.6814008e-03	-3.3335958e-02	2.8392160e-01	4.3823615e-01	-7.8351900e-02	-4.8535481e-01	9.1374673e-02	1.8866149e-01	-3.0820435e-01	-2.1513046e-01	-2.3303458e-01	-1.2062952e-02	2.8939021e-01	1.9282380e-01	-1.8425950e-01	-9.3406029e-02	7.1896106e-02	-4.6380353e-01	-2.0999609e-01	1.1645176e-01	8.5272916e-02	5.0480187e-01	-1.0352241e-01	-4.0781811e-02	1.5445893e-01	-3.4241179e-01	-8.6655304e-02	2.8531072e-01	-1.6248931e-01	2.3851515e-01	-2.5490528e-01	-1.1404543e-01	-1.2840900e-02	-4.0948209e-01	2.1986496e-01	2.2806720e-01	2.8134370e-01	2.9876986e-01	-2.4825718e-01	-3.3557469e-01	2.6694563e-01	2.0064144e-01	-3.6108214e-01	1.1469115e-01	2.4582182e-01	6.9025844e-02	-1.6259988e-01	5.7006177e-02	-3.3937588e-01	4.5448905e-01	1.6401765e-03	-2.1924491e-01	-1.6925460e-01	1.9337432e-01	-1.6769765e-01	1.7453374e-01	-9.2851082e-03	-1.5784566e-01	-3.4298849e-01	1.2164492e-01	2.4218205e-01	-1.7481007e-01	3.4702063e-02	-4.0132483e-03	-4.9487721e-02	2.9053500e-01	-1.0950507e-01	1.9470465e-01	4.6955410e-01	-2.0388222e-01	-2.8662655e-01	-2.7779830e-01	-1.9729264e-01	3.0708635e-01	1.0262042e-01	-4.6943113e-01	3.2361108e-01	-2.1169052e-01	2.1345723e-01	1.6809161e-01	1.3891004e-01	-7.2786637e-02	5.0501025e-01	-1.7879979e-01	-4.2853379e-01	6.9616265e-03	2.1195740e-01	2.2549540e-02	2.3704533e-01	4.5164105e-01	-1.0659318e-01	-1.4514221e-01	1.4393307e-01	-2.7682573e-01	-3.1649549e-02	-3.4345844e-01	2.5110673e-02	2.4254781e-01	-5.8094680e-02	-1.3766451e-02	-1.3387470e+00	4.3494755e-01	-3.8977887e-03	-1.8803348e-01	-3.3810392e-01	7.9093404e-02	-9.4505417e-04	2.5512090e-01	-3.6910194e-01	3.6886767e-02	1.0387385e-01	2.6085764e-01	-4.7241360e-02	1.2042941e-01	3.0556470e-02	1.6539311e-01	-1.1563424e-01	1.8021518e-01	2.4954316e-01	3.4956619e-01	-1.3334696e-01	-1.6220514e-01	1.8189967e-01	-7.8436218e-02	-4.6772611e-01	-7.7378847e-02	-3.8414520e-01	1.5112597e-01	1.9932440e-01	-2.4070914e-01	3.7271246e-01	-8.8285506e-02	-1.7449963e-01	3.0249140e-01	-5.3333662e-02	-3.2263285e-01	2.9792503e-01	3.1261912e-01	-2.5255522e-01	2.8709283e-01	-3.7507147e-01	1.2238692e-01	-3.0413315e-01	9.8297589e-02	2.4605818e-01	-6.5583654e-02	1.9592872e-01	-5.3446382e-01	1.4001033e-01	5.9260778e-02	9.5875598e-02	-4.5394096e-01	2.2781293e-01	3.4662846e-01	1.0013801e-01	6.1148908e-02	3.5710141e-01	-3.0426756e-02	-3.3177766e-01	-2.1446669e-01	1.4854293e-01	4.2552668e-01	-4.9329805e-03	3.6215094e-01	2.1262494e-01	1.3457391e-01	3.2432988e-01	1.9131567e-01	-4.9995613e-01	-2.0783553e-02	1.8404622e-01	2.3489496e-01	3.0147827e-01	-5.1325560e-01	-1.2286013e-01	1.3766488e-01	-1.0174230e-02	-3.6547896e-02	-3.1310564e-01	-8.5704081e-02	-2.1743929e-01	3.5769445e-01	1.9627379e-01	2.1949275e-01	7.3911920e-02	6.9536559e-02	5.6451112e-02	-3.4985647e-01	8.4212929e-02	4.4146454e-01	6.7591555e-02	-9.9418499e-02	1.1340269e-01	-7.4647024e-02	2.9861760e-01	1.7895727e-01	-1.9635746e-02	-1.9677843e-01	-4.4515222e-01	-6.7684516e-02	3.4431037e-01	-2.8688070e-01	-2.2263385e-01	2.8290597e-01	2.5839999e-01	-5.6921506e-01
2.3242742e-01	1.5752958e-01	-9.4721764e-02	4.7212172e-01	-3.9726570e-01	-1.2619330e-01	-1.0577761e-01	2.8228366e-01	-6.5607682e-02	3.1159753e-01	1.8873055e-01	1.8348555e-01	-3.5385519e-01	-1.4051008e-01	-1.6401647e-01	-7.7335037e-02	1.0270878e-01	1.0932458e-01	-1.8434244e-01	-1.4947680e-01	-1.9136336e-01	2.7189848e-01	2.4843654e-01	-2.5025603e-01	-5.0761090e-03	4.8188302e-01	3.5073720e-02	1.4397322e-01	-1.2053944e-01	1.8829587e-01	2.3547380e-01	2.0191728e-01	-2.8261948e-01	6.2433232e-02	-1.6748065e-01	-3.0335048e-01	-2.4669103e-01	2.0247735e-01	-2.0981598e-01	2.6130313e-01	-2.3387374e-01	-2.2830944e-01	-1.0919488e-01	-1.6352528e-01	6.0306508e-02	-5.7044510e-02	-9.9029439e-03	-1.6026171e-01	1.9582893e-01	-2.2960727e-01	1.4033367e-01	-2.0826170e-01	-1.1667833e-01	-1.4200071e-01	2.1947064e-01	-1.6594985e-01	1.3797490e-01	-2.2278032e-01	-4.5273039e-02	1.4986534e-02	-3.1938577e-01	-1.0779500e-01	2.3386472e-01	2.1062675e-01	-1.9924173e-01	-1.5355267e-01	-1.1985901e-01	-1.2094884e-01	-2.9409464e-02	5.9299520e-04	-1.0989623e-01	2.5699788e-01	1.2460178e-01	-5.1419050e-02	-1.1388231e-01	1.8301900e-01	-3.9293724e-01	-2.1466726e-01	-4.0671423e-01	-7.7430069e-02	-5.9917938e-02	-1.7315951e-01	2.4725415e-01	-2.4331217e-01	-2.2480415e-01	7.4886106e-02	1.3155751e-01	-1.4525545e-01	-1.5838486e-01	5.6743249e-02	-4.2010579e-01	-5.2034467e-01	4.7536578e-02	-1.8452674e-02	7.1969308e-02	2.5031069e-01	-2.6491340e-02	4.1722912e-01	-7.1993679e-02	2.4634091e-02	3.9114039e-02	-7.6086640e-02	6.7319356e-02	1.7216523e-01	6.6335447e-02	-1.0669946e-01	-2.3084359e-01	7.5406879e-02	3.7745606e-02	2.4888815e-01	7.3189747e-01	4.0496185e-02	-3.3629376e-03	-2.2967272e-01	-7.5986780e-02	2.2897708e-01	1.5995803e-01	-3.4382904e-01	-1.2557161e-01	-1.9015111e-01	6.1809372e-02	-2.5343665e-01	1.7749527e-01	-2.2515993e-01	-1.9041605e-01	-3.3818585e-01	2.8651288e-01	5.2564546e-02	-3.4619239e-01	1.5874393e-01	-1.6183095e-01	-3.7753505e-01	6.1674333e-01	3.3897936e-01	-4.2718504e-02	7.8355409e-02	9.9461637e-02	1.7950699e-02	2.9739717e-01	-7.5402185e-02	7.7234693e-03	6.4527854e-02	2.8810181e-02	1.2185954e-01	-2.8774974e-01	-8.2688324e-02	-4.0195007e-02	-1.3173920e-01	-2.3359299e-02	-2.0628925e-01	-5.8362182e-02	-3.2310653e-01	-2.3058890e-01	1.3766907e-03	-1.7924750e-01	-5.7710928e-01	3.2548395e-01	1.7495145e-01	1.5194646e-01	-2.2344548e-01	2.6282042e-01	-1.6867511e-01	3.0875432e-01	-4.5780015e-01	3.1868692e-02	5.3526595e-02	6.0744636e-02	1.5670782e-01	2.0830153e-01	2.5778851e-01	1.5086509e-01	-1.2437653e-01	2.4558794e-01	-1.3420779e-01	3.8774958e-01	-1.1464725e-01	-2.3550472e-01	3.6148813e-02	-2.0385839e-01	1.4523580e-02	3.8936248e-01	-4.9504924e-01	1.1190979e-01	-2.8009087e-01	-1.9467257e-01	6.5693945e-02	7.3142692e-02	-3.0137771e-01	-9.3427375e-03	-2.8452989e-01	2.0764057e-01	1.0593737e-01	-2.8524259e-01	-4.7674367e-01	-3.9988548e-01	-1.8779716e-01	-7.2617471e-02	2.7129802e-01	1.1018963e-02	-1.5954195e-01	-3.9404613e-01	6.1211514e-01	1.3418321e-01	-1.7009726e-01	-6.4775854e-02	-1.9284849e-01	-1.5851407e-01	-2.1271569e-01	2.8629774e-01	2.4712375e-01	-5.6471746e-02	1.9352356e-01	1.6333701e-01	2.4916671e-01	-3.3214056e-01	-3.2179630e-01	-2.8048953e-01	-4.9624836e-01	-4.9481615e-01	1.3826954e-01	2.4942777e-01	2.1059173e-01	-5.8592856e-03	4.1442186e-01	-3.2205293e-01	-3.5650011e-02	2.7978394e-02	-1.7752441e-02	-1.0235038e-01	5.6896387e-03	6.0966309e-02	1.3610885e-01	-8.1093468e-02	-2.6708750e-02	3.2188362e-01	-3.9334089e-02	8.9391083e-02	-2.6265842e-01	-1.4358805e-01	1.0810730e-01	6.1892140e-01	5.5914238e-02	2.0868388e-01	-1.0986760e-01	-9.6453182e-02	5.7642534e-03	-1.9544062e-01	2.1310577e-01	1.4443427e-01	-2.9833952e-01	-1.0556107e-01	-1.8224037e-01	-8.0004297e-02	1.3875969e-01	6.3751645e-02	8.3304442e-02	-1.4262046e-01	-1.9237542e-01	-8.1498787e-02	4.7074497e-01	-3.3500177e-01	-1.1000895e-02	2.5899521e-01	8.0233984e-02	-1.4796413e-01	-2.8638822e-01	-2.2008373e-01	1.3371277e-01	-4.3813169e-01	-2.7787328e-02	-6.3289452e-01	-2.3983979e-01	-2.5366682e-01	4.6761593e-01	-3.7477855e-02	1.6822052e-01	-4.8274402e-02	-3.0422375e-01	-2.7661526e-01	7.6304905e-02	-3.9373428e-02	3.4630805e-01	1.4502446e-01	4.0629116e-01	-2.3082133e-01	3.6931896e-01	-1.6635284e-01	1.7878538e-01	-1.8704383e-01	1.1411475e-01	-1.0217825e-01	-1.5756734e-01	2.1719528e-02	-2.3092382e-01	-1.3653825e-01	2.0397194e-01	-1.6068578e-01	-3.0359311e-02	-2.6894534e-01	1.2239712e-01	-4.3833874e-02	-1.6313632e-01	1.9364458e-01	2.8546384e-02	-4.8479670e-01	-2.0300308e-01	-3.1584772e-01	2.6986766e-01	-4.8493456e-02	9.9513672e-02	3.6827245e-01	3.0768344e-01	1.7508171e-01	-3.3163944e-01	4.3806341e-01	-2.3445392e-01	-1.6530886e-01	2.3556001e-01	3.7140124e-02	-1.5873919e-01	-2.7005753e-01	1.3563415e-01	3.3381400e-01	-3.1029634e-02	-9.3243845e-02	4.3230882e-01	-3.3147413e-01	-1.1498404e-02	-3.1418952e-01	-8.3564572e-02	3.0617675e-02	-2.5576865e-02	-3.6819950e-01	4.2925045e-02	-8.7975568e-01	-2.1894397e-01	4.1286508e-03	-3.2037264e-01	-1.8566565e-01	2.6569158e-01	2.7468735e-01	-1.2232007e-01	-1.3979195e-01	-8.3682407e-03	6.9413884e-03	4.6174890e-01	-2.6923814e-01	2.7635387e-01	2.5258747e-01	9.6961372e-02	-7.4287760e-03	-2.9271442e-02	-1.4030594e-01	-1.8902072e-01	-1.7052639e-01	2.2858694e-01	-6.7394577e-02	4.4252747e-01	1.0240342e-01	-3.4855950e-01	-6.4141285e-01	7.1128589e-01	4.2881891e-01	-3.2129753e-01	-3.6560483e-02	-2.5180072e-01	-1.9559637e-01	-7.6771001e-03	3.1007203e-01	-1.0532518e-01	1.1707310e-01	-1.2628669e-01	-7.9895699e-01	-6.6728257e-02	7.6340750e-02	-3.8559434e-01	-3.8629067e-01	-1.0719848e-01	-1.5693378e-02	2.2880076e-01	3.3011600e-01	3.0435491e-01	-1.1989358e-01	3.4477958e-01	9.3421921e-02	-5.3371549e-02	1.7662437e-01	6.8275884e-02	2.9283091e-01	2.0647848e-01	1.1116720e-02	4.6857145e-02	9.9975571e-02	-2.5267273e-01	2.7054769e-01	2.1965440e-01	-2.4701016e-01	2.8532464e-02	-1.0766844e+00	1.7940597e-01	8.9518927e-02	4.5297224e-02	3.7877265e-01	1.7940144e-01	-2.1388987e-01	2.1824512e-01	1.1913419e-01	-1.9699644e-01	6.4266354e-02	4.9507195e-01	1.4850986e-01	1.7140633e-01	1.7837909e-01	4.0928027e-01	-2.4142693e-01	1.1217099e-01	2.0225134e-01	1.7915340e-01	2.5067580e-01	5.3553223e-03	-1.3595624e-01	6.8872638e-02	-1.4007117e-01	-3.0571777e-01	-2.2744994e-01	2.7217063e-01	-2.5527909e-01	1.8201125e-01	1.7564619e-01	-1.7869066e-01	8.5251635e-01	1.9650422e-01	-4.5023420e-01	-1.3022305e-01	-5.0173509e-01	-1.6776536e-01	-4.2390227e-01	-3.5972649e-01	7.9227313e-02	-5.4129343e-02	1.6845936e-01	-1.2563182e-01	3.5485387e-01	-1.5069400e-01	7.7262834e-02	1.6705301e-01	2.5352268e-02	6.6400647e-02	-2.3882081e-01	2.7548727e-01	1.2688227e-01	-7.4206740e-02	-1.8778269e-01	7.7887133e-02	-1.0522874e-01	-3.1986940e-01	2.4386158e-02	-2.1388632e-01	-1.3358635e-01	-1.1151965e-01	8.9760125e-02	-7.3996462e-02	2.4526039e-02	2.6364845e-01	-4.4136763e-01	-4.2087562e-02	-9.2038490e-02	-3.3771962e-01	-5.2416019e-02	2.1545127e-01	2.4519771e-01	2.4630454e-01	-2.6861265e-02	2.9748681e-01	3.0245999e-02	4.2532261e-02	-3.6719611e-01	6.7519799e-02	9.8740712e-02	-2.0243780e-01	-1.6008455e-01	-5.7323955e-02	2.7300507e-01	1.6188411e-01	2.8564394e-01	-6.0391732e-02	-3.0543777e-01	1.5180522e-01	-3.1180659e-02	1.5214965e-01	1.2379850e-02	-2.5169492e-01	-1.3110474e-01	5.9182756e-02	-2.0732595e-01	1.8035631e-01	-3.1833842e-02	-1.1341215e-01	-1.6908121e-01	-1.3897780e-01	-1.6218925e-01	-8.9960322e-02	-1.9715150e-01	1.3858435e-01	-2.4830726e-01	-1.1488165e-01	-1.8556866e-01	1.2202797e-01	1.6063325e-01	3.2656126e-02	-1.7447768e-01	-2.5611982e-01	-1.6896303e-01	8.2876235e-02	-1.9907774e-01	-2.7173457e-01	-8.9721106e-02	-3.9202535e-01	2.4525465e-01	5.8318779e-02	-3.0721396e-01	-1.9374374e-01	-2.7905303e-01	-1.2341007e-01	2.3902299e-01	-1.5629534e-01	2.8100163e-01	1.9434039e-01	-3.7006866e-03	-2.8924310e-01	-1.0878928e-01	1.2019075e-01	-1.1527668e-01	-3.5431676e-02	1.8411647e-01	-2.0437905e-01	-2.7045414e-01	7.1164936e-02	-1.9195421e-01	3.7245650e-02	-3.6715302e-01	-2.1518150e-01	1.4327857e-01	8.9062519e-02	-5.6182720e-02	3.0305150e-01	4.0875409e-02	6.3496351e-01	-3.0118746e-01	-5.4969388e-01	8.3115779e-02	-1.1481163e-01	-9.2437863e-02	-8.5676257e-03	1.2707680e-01	1.0715406e-01	-4.9290022e-01	1.3025571e-01	-4.1083184e-01	-1.3852789e-01	-6.5700272e-03	2.2111608e-01	3.5166785e-02	2.4049047e-03	2.6798072e-01	-8.0992617e-03	1.1403847e-01	1.2128489e-01	-1.3827375e-01	2.0797753e-01	1.9157782e-01	6.5269560e-01	-4.1175015e-02	9.5375359e-02	-5.8728941e-02	-1.0085833e-01	9.0485744e-02	3.0604506e-02	-2.5330904e-01	-9.8181749e-03	7.1232328e-03	4.0341604e-01	-9.6075125e-02	-9.0037649e-03	5.5203252e-02	1.7260250e-01	-2.5332430e-01	-1.6203041e-01	-3.7525970e-01	1.3695490e-01	-8.4168571e-01	-2.4411337e-01	-5.6185949e-01	-1.0387753e-02	1.6978559e-01	1.0012954e-01	1.4135620e-01	8.3761066e-02	2.0957980e-01	-2.4737100e-01	2.4305727e-01	1.6859531e-01	-3.4509882e-01	1.9449340e-01	3.9140396e-02	2.2314197e-01	2.0011997e-01	-1.8444592e-01	-1.2233239e-01	-9.9400558e-02	-1.1597726e-03	1.5208875e-01	-3.0156842e-01	5.6799282e-03	9.3964413e-02	1.6803138e-01	-2.3450813e-01	5.0277621e-01	8.3085470e-02	-2.0682651e-01	2.2794524e-01	-1.3529153e-01	1.7064197e-01	1.8395276e-01	9.1826379e-02	4.7650695e-02	-3.2013166e-01	-5.8009595e-02	-2.1161343e-01	-1.3891119e-01	2.7292520e-01	-3.0588467e-02	-5.0804123e-02	-1.3862579e-01	-1.7544319e-01	3.7197414e-01	2.5183532e-01	-6.2477071e-02	3.6299834e-01	3.7939674e-03	2.2935143e-01	1.8253772e-01	-8.7811738e-02	-1.3568860e-01	2.7013087e-01	-3.7604213e-01	2.4472496e-01	-3.8888791e-01	-5.2081770e-01	-2.0022194e-01	-5.9056796e-02	3.2350045e-02	3.3546352e-01	3.2066646e-01	7.6461679e-01	6.6948220e-02	-5.6928980e-01	-5.4238826e-01	-5.1586378e-01	-3.6867712e-02	1.0129899e-01	-7.6923132e-01	4.0921770e-02	6.7461833e-02	-7.4768080e-03	-2.0802380e-01	4.0877131e-01	-3.6765084e-01	-3.4354481e-01	5.8052424e-02	1.0017613e-01	1.9635049e-01	3.6835024e-01	1.7443293e-01	-2.1265194e-01	2.8569239e-01	-1.3490157e-01	-1.1709169e-01	-9.5164202e-02	-7.1927339e-02	-1.3331278e-02	-2.7350634e-01	-1.4338002e-01	-9.6194491e-02	-4.5468214e-01	1.8961026e-01	-2.3702869e-01	-2.6109777e-02	-7.7491331e-01	1.9588631e-01	-2.1253049e-01	8.6005762e-02	2.8443050e-01	-1.8735248e-01	2.8803894e-01	1.0064229e-01	-4.9262010e-02	4.4544861e-01	-3.3804762e-01	5.4597163e-01	-1.5156617e-02	3.4440666e-01	-8.1972741e-02	3.3922069e-02	-2.5581762e-01	2.3251945e-01	-2.4339716e-01	-1.3528219e-01	1.5228461e-01	-6.5471709e-02	-8.2625434e-02	-1.6154726e-01	2.9889745e-01	-1.4216065e-01	-3.2569805e-01	8.7814182e-02	1.3692395e-01	5.5777144e-02	4.9459881e-01	-4.1630140e-01	-7.8404993e-01	-3.8614142e-01	-1.9340314e-02	5.3812906e-02	-9.5456287e-02	-3.3648196e-01	-3.3235293e-02	-3.1865475e-01	-1.5403704e-01	1.4734469e-01	3.0148068e-01	-5.8837986e-01	3.9988570e-02	-3.4324834e-01	1.1742426e-01	3.1280056e-01	-1.1524189e-01	1.5664108e-01	-2.9723364e-01	-1.7466500e-01	-3.0974931e-01	-2.4445218e-01	-6.9848746e-02	-1.0704427e-01	-1.7882775e-01	-2.0477532e-01	2.2172411e-01	-2.5526074e-01	-1.1165318e-01	4.5527376e-02	5.7956725e-02	-2.8303766e-01	4.6955664e-02	1.9608687e-01	5.1177252e-02	6.9755130e-02	1.7230193e-01	7.7591702e-02	2.5930408e-01	2.7254876e-01	-2.3368777e-01	-2.6495343e-01	7.3623985e-02	-1.4026111e-01	-2.0016883e-01	1.0623240e-01	-2.9432634e-01	1.6911685e-01	-2.3921096e-01	3.4194779e-02	1.7717980e-01	3.5443574e-01	-2.0488602e-01	-4.1922709e-01	2.2973076e-01	-2.7938128e-01	1.5421616e-01	1.4230044e-01	1.0749354e-01	1.4169203e-01	2.1585345e-01	2.0552088e-02	5.0401574e-01	2.0332152e-01	3.2208729e-01	8.4504224e-02	-3.3687177e-01	2.1542722e-01	1.5114881e-01	6.1038949e-02	3.1895626e-02	-4.9581770e-02	-1.7062962e-01	-4.0349504e-01	2.1698968e-02	-3.5132911e-02	-1.9760747e-01	-1.1653704e-01	-7.0897661e-02	1.6473837e-01	-1.7305291e-01	1.4154735e-01	2.8655034e-01	4.7143322e-01	-3.7884697e-02	-1.7527565e-01	-1.3472788e-01	3.0834159e-02	-3.7346438e-03	1.7467375e-01	1.5115188e-01	6.3252829e-02	-4.2762229e-01	-1.3190170e-01	-5.8155960e-01	-1.8916753e-01	-8.1478193e-02	1.1045136e-01	2.5552881e-01	-1.7286173e-01	1.2373276e-01	1.8275414e-01	1.6856362e-01	-3.1178537e-01	2.5032678e-01	9.3208864e-02	1.5584901e-01	3.9330387e-01	8.4646896e-02	2.5323534e-01	-1.1007899e-01	7.5981550e-02	2.2624084e-01	-1.5731849e-01	2.6366505e-01	3.5598451e-01	-3.3534059e-01	8.1076853e-02	-3.2479078e-01	2.6073331e-01	6.9444850e-02	2.6474026e-01	4.5767146e-01	1.9580704e-01	-4.5101804e-01	9.0265147e-02	-3.2260960e-01	-1.3255672e-01	-1.0979211e-01	4.7549716e-01	-2.2219439e-01	-9.6472129e-02	-2.4348655e-01	1.0756159e-01	-1.9186160e-01	-1.8323866e-01	4.8709866e-02	1.2610102e-01	-1.8399417e-01	5.5448890e-01	1.0026202e-01	1.6234215e-01	-2.8780388e-02	7.6354556e-02	7.5756475e-02	2.6637301e-01	6.4282715e-02	-1.8384410e-01	2.6082724e-01	-1.1695071e-01	-2.3056316e-01	1.6923206e-01	2.0658728e-01	-2.9504427e-01	6.3791044e-02	-2.9466605e-01	2.9187405e-01	-4.0620295e-03	5.3543884e-01	1.2009898e-01	-9.2480972e-02	-3.7011436e-01	4.2002324e-02	-2.6691347e-01	1.9831471e-01	-4.7567278e-01	9.4802409e-02	1.4620131e-01	2.1322076e-01	-3.4214982e-01	3.9274755e-01	-4.6625838e-01	5.3608447e-02	-1.0832638e-01	1.7012791e-01	-3.7031215e-01	-2.0010390e-03	-5.0738771e-02	-1.5215565e-01	4.9823824e-02	1.3586117e-01	7.0197429e-03	-1.1999058e-02	-2.5860919e-03	1.2405589e-01	-3.5049480e-01	-2.0399536e-01	-1.4324597e-01	-2.1958319e-02	2.9365525e-01	-7.9123896e-01	5.4415658e-02	1.0901665e-03	3.9430910e-01	-2.6744857e-01	6.6455975e-02	-1.3057822e-01	-3.5119337e-01	6.2074456e-02	2.0194280e-01	3.4263197e-02	1.4235099e-01	3.6581285e-02	3.8630673e-01	-1.5860468e-02	-1.2634669e-01	1.8630758e-01	-1.3404816e-01	-2.8644350e-01	-1.8133695e-01	1.4472838e-01	1.4237018e-01	-3.4128264e-02	-2.5512484e-01	-1.5722561e-01	-1.3207361e-01	2.4619429e-01	1.3028876e-01	5.4948796e-02	2.9728906e-02	-5.9895214e-02	2.5066781e-01	8.2373154e-01	1.3285230e-01	-2.1784630e-01	-2.4676570e-01	-1.3938399e-01	2.8930470e-01	4.7383183e-01	7.6466411e-02	1.3560759e-01	-3.9751042e-02	2.2807819e-01	-3.0932352e-01	2.7490249e-01	-1.5074511e-01	2.1996172e-01	-3.1621528e-01	1.7312074e-02	-3.2421961e-01	5.9995294e-02	-9.3873583e-02	2.0457759e-01	-5.9132124e-03	-3.5070911e-01	2.2085357e-01	-1.1316462e-01	-2.6613903e-01	5.3461261e-02	1.7065689e-01	1.1730190e-01	2.2734283e-01	-1.9838773e-01	-2.8130105e-01	6.7607209e-02	1.7425232e-01	-2.2137313e-01	-1.0383985e-01	-2.0805252e-01	-4.5941994e-02	-2.3400180e-01	1.1494357e-01	9.0134598e-02	8.2625046e-02	5.9042659e-02	-3.4682178e-01	2.0711030e-01	-4.6570025e-02	1.1559254e-01	1.3544166e-01	1.5161592e-01	-2.3721813e-01	1.1230130e-01	-3.1551313e-01	-6.7097642e-02	8.9502625e-02	3.4603384e-01	2.7360272e-01	2.4727337e-01	-2.3623088e-01	-8.0364617e-03	1.7624296e-02	2.7687117e-01	1.5651974e-01	-2.4323788e-01	-1.8323565e-02	-8.0519594e-02	1.6180547e-01	6.0089839e-01	6.3258231e-02	1.1580876e-01	1.4262940e-01	4.8207369e-02	3.1497285e-01	-2.1650201e-01	-8.1785448e-02	-7.5146563e-02	-3.1502879e-01	-1.8369359e-01	2.6990995e-01	-2.7840875e-02	-1.6570584e-01	-1.2938347e-01	2.5558230e-01
-5.4374099e-02	1.4605880e-01	1.6809456e-01	-3.6830690e-02	-2.3325951e-01	-2.0497599e-01	3.0247174e-02	-2.1634197e-02	4.9237467e-02	-7.2890073e-02	4.3596562e-02	-2.4956314e-02	-1.9130090e-02	5.9430725e-03	9.9786237e-02	-5.0399895e-03	9.9740475e-02	-1.2676448e-01	-9.8160980e-03	-1.2807606e-01	1.4322361e-01	2.6583657e-01	-9.9026084e-02	9.7504765e-02	-2.7259493e-01	-6.1486326e-03	-7.6117486e-02	-9.8495893e-02	-1.5154080e-01	-1.7702565e-01	-1.6563110e-01	-2.9465893e-01	2.9124615e-01	-2.5717476e-01	-2.5581989e-01	5.1709574e-02	2.4970452e-01	2.8568202e-01	-1.7057523e-01	2.7319583e-01	-3.8134837e-01	-1.6455486e-02	-4.9536377e-01	-1.0856790e-01	2.0295161e-01	5.7536654e-02	3.0846708e-02	1.1428572e-01	2.5261730e-01	-2.1603297e-01	-2.0648239e-02	2.6664019e-01	8.6759359e-02	3.1203866e-01	9.0450004e-02	-2.9167536e-01	1.8940538e-02	-2.9065695e-01	-3.5645269e-02	-6.1663307e-02	-2.7003941e-01	-2.4936423e-01	-1.8224876e-01	-1.6167186e-01	-1.1981454e-01	-7.5237632e-02	-1.4106585e-01	3.3745393e-01	-4.9033117e-02	1.0309398e-01	1.6167173e-01	4.9590951e-01	8.0070309e-02	1.8946721e-01	-1.4656848e-01	1.5762380e-01	1.8208273e-01	3.4896749e-01	3.9812904e-02	5.5414543e-02	-9.3019813e-02	-3.1521142e-01	-3.5849234e-01	-1.5552957e-01	3.7455937e-01	2.5164932e-01	2.6233819e-01	1.5419692e-01	1.4405857e-01	-3.7954468e-01	-6.4026453e-02	2.2077261e-01	4.0357441e-02	3.6406115e-01	2.2135884e-02	-2.0802185e-01	6.7841604e-02	-1.2395636e-01	-2.5876641e-01	-9.5425896e-02	-2.8854154e-02	-2.9857701e-01	-3.9371416e-01	7.1548909e-02	3.0561718e-01	-4.1209215e-01	2.8094726e-02	-6.2524676e-01	-7.5776562e-02	-7.6517485e-02	1.3183676e-01	2.1575056e-02	-2.2666459e-01	5.9143335e-01	1.0347220e-01	9.6731707e-02	2.5342631e-01	2.2168408e-01	-4.7833726e-02	3.3190373e-02	1.4993972e-01	3.4925488e-01	2.6996744e-01	-1.8411332e-01	3.3431232e-01	1.1589224e-02	-5.7617057e-02	-1.2901109e-01	3.0798125e-01	2.2330934e-01	-1.4812988e-01	-1.4638677e-01	-1.9773303e-01	-2.2447602e-01	-4.8269680e-01	-5.3931240e-02	5.9189521e-02	-2.9242408e-01	2.8799233e-01	-8.8634503e-01	-1.0977537e-01	-2.7680254e-01	5.1488571e-02	2.8773829e-01	5.2654769e-02	5.8509880e-01	3.8852644e-01	-2.8123081e-01	-2.2041969e-01	6.1736643e-01	3.3089343e-01	-2.1719049e-01	2.1117087e-01	2.7495131e-01	2.9812941e-01	-5.6923054e-02	4.7508273e-01	8.2416423e-02	-2.7132997e-01	-2.3716241e-02	-1.8107142e-01	-1.2859188e-01	-1.7294349e-01	9.2034362e-02	-2.6204309e-01	1.9272970e-01	-8.6211286e-02	3.6349300e-01	7.3878899e-02	8.9253443e-01	3.8916972e-02	-4.1112918e-01	-3.1723812e-01	1.1397164e-01	8.5203759e-02	-6.1305992e-02	-2.8213584e-01	-1.5397182e-01	-3.1640545e-01	-1.1088667e-02	4.4112077e-01	7.2607063e-02	4.8811141e-01	1.6206419e-02	3.5843212e-02	-3.4786693e-03	-4.3475777e-02	5.3842044e-01	-1.1592286e-02	2.6399177e-01	-1.4039609e-01	2.5490096e-01	9.2427127e-02	2.3755093e-01	1.3804348e-01	-2.0835422e-01	1.7359108e-01	1.1221422e-01	-2.6069036e-01	6.6838458e-02	3.8267007e-01	-3.7211370e-01	3.7913528e-01	-5.1487416e-01	3.2105124e-01	1.1563757e-01	2.3383111e-01	1.6406817e-02	5.3153187e-02	5.5502415e-01	2.3135620e-01	-2.1629466e-01	1.2274704e-01	3.9377701e-01	-1.5653746e-01	2.4361517e-01	1.7468017e-01	-2.4213019e-01	-1.2059345e-01	-2.8714427e-01	3.3203202e-01	3.9875079e-02	1.8348654e-01	-1.2971461e-01	1.1832578e-01	-1.0200964e-01	2.9094490e-01	-1.8800944e-01	2.3506765e-01	-1.9533905e-01	-8.0100304e-01	1.5439565e-01	-2.8447980e-02	1.2124845e-01	4.5319283e-04	-4.0734366e-01	-9.6997909e-02	-7.6482423e-02	1.4635609e-01	-2.3889424e-01	9.7880410e-03	-7.4817991e-01	5.4106847e-03	-1.3395390e-02	3.1743534e-02	-2.9637808e-01	3.6736423e-01	1.3727807e-01	-1.3190983e-01	1.2454867e-01	-2.2914493e-01	5.2869838e-01	-5.6070679e-01	8.2485244e-02	2.8032017e-01	-4.1669706e-01	-5.3992069e-01	1.2608831e-01	-2.1331018e-01	3.1747341e-01	-5.3688723e-01	2.1630603e-01	6.0451335e-01	4.9606413e-01	2.2681691e-01	7.5993806e-01	5.8606941e-02	3.7826091e-01	-4.3642752e-02	-3.5621583e-02	-2.5119513e-01	-5.3412095e-02	1.9420850e-01	-8.6099738e-01	2.0395515e-02	4.5307908e-02	-3.5197267e-04	1.7857985e-01	3.5339296e-02	5.9481420e-02	2.0328847e-01	-5.0056028e-01	-7.4252385e-01	4.0073395e-01	1.6080862e-01	3.1871724e-01	1.9690800e-01	8.0688834e-02	1.7951925e-01	1.0542090e-01	1.2803164e-02	2.7192953e-01	3.6256075e-01	-2.1722353e-01	-4.6702099e-01	2.5456065e-01	1.1439677e-01	-3.8797042e-01	1.6801026e-02	-4.7105357e-01	2.1424784e-01	1.9456269e-01	-3.1814200e-01	1.5964530e-01	-1.8462904e-01	2.8343426e-02	3.9921066e-01	-9.8959051e-02	-2.7746651e-01	4.5383012e-01	-2.4022172e-01	8.8679262e-02	-4.2513317e-01	-4.6313507e-03	3.0244181e-01	5.0954525e-03	4.1864800e-01	-3.0695060e-01	-8.1232890e-02	-2.0565866e-01	-5.4453510e-01	2.3657654e-01	1.9021462e-01	2.8850359e-01	1.4143105e-01	-7.1777091e-03	-5.5808806e-01	-7.9406783e-02	-1.6951337e-02	-1.5552172e-01	1.6231585e-01	-4.2912322e-01	3.1371763e-01	-2.7817801e-01	1.1343239e-01	2.0301576e-01	1.6664004e-01	4.0390795e-01	1.6235904e-01	-1.4299463e-01	-3.3011571e-01	4.2941454e-01	-3.5426125e-01	-2.4232300e-01	-4.7654027e-01	1.7665736e-01	-1.3425821e-01	-2.3077019e-01	1.1374296e-01	-1.1809032e-01	2.0078005e-01	2.4969138e-01	-3.1600311e-01	-1.5789416e-01	-3.3171263e-01	6.0601275e-02	2.1181537e-02	9.1172643e-02	-1.7748819e-01	5.5814111e-01	7.3558435e-02	5.5917066e-01	-1.5681246e-01	-1.2891398e-01	-3.4281474e-01	-1.3101973e-02	1.7051360e-01	-4.3336470e-02	2.0267744e-02	-9.3629318e-01	-1.5620923e-01	2.1388996e-01	1.5098032e-01	3.3161703e-01	5.1102477e-01	-6.4903215e-02	2.0472237e-01	-2.1729709e-01	-5.7931614e-01	3.8070896e-01	-2.8471729e-01	3.4717265e-01	-1.8122041e-01	1.7834842e-01	1.6486321e-01	-2.3650162e-01	-2.7756676e-01	-1.1217838e-01	2.1069492e-01	-4.6138398e-02	-2.6773050e-01	-1.1578715e-01	3.3132067e-01	-5.4906589e-01	3.8602197e-01	-1.1483689e-01	2.9240942e-01	1.5567687e-01	2.6487249e-01	-2.2426789e-01	1.5952295e-01	5.7682359e-01	1.3156377e-02	-3.9468084e-02	-6.8946190e-02	1.2447726e-01	-9.3455791e-02	6.7365177e-02	-9.1043480e-02	2.4823374e-01	4.0516645e-01	-1.7182609e-01	-2.6134159e-02	-4.8689324e-02	-1.4232536e-01	2.8968033e-01	-2.1970496e-01	8.7002009e-02	2.0472033e-01	-4.4092003e-02	-3.0245012e-01	2.2297660e-02	-2.0591268e-01	-3.1336680e-01	2.1494500e-01	-2.7824950e-01	-1.4140601e-01	3.6437738e-01	-1.6156261e-01	-1.6731772e-01	-1.3396497e-01	-2.1532267e-01	-8.8712469e-02	4.6585836e-02	-2.8401110e-01	1.7462072e-01	-2.5083056e-01	2.1954110e-01	2.1168908e-01	5.2957650e-02	-6.0823853e-03	-2.9167658e-01	-2.4169497e-01	2.3303442e-01	5.2288838e-02	1.6657110e-01	2.3322392e-01	-4.7791633e-01	-3.1937283e-01	-2.0923260e-01	1.2515508e-01	3.6482474e-01	-3.0915645e-01	5.4806657e-03	-3.1031129e-01	-7.1893021e-02	-1.9240531e-01	1.6144700e-01	-2.3077711e-01	-2.2907519e-01	-9.3275957e-02	2.5369456e-01	-1.7904285e-01	-2.8443542e-01	-1.7325392e-01	2.6078394e-01	-9.3310274e-02	-2.2752176e-01	2.3299159e-01	-4.0040079e-01	1.4943799e-01	3.7546784e-02	1.7535713e-01	-2.2068630e-01	-5.5053741e-01	6.2647440e-02	-1.1844490e-01	-2.3185391e-02	2.5342435e-01	-1.6716406e-01	-9.5429495e-02	1.3110845e-01	7.9156514e-03	5.0856333e-02	2.3579548e-01	-1.1466180e-01	2.5016215e-02	-1.1317071e-01	2.1430007e-01	-1.6159751e-01	2.5420481e-01	1.5729320e-01	1.6734557e-01	-1.3784331e-01	-3.0964121e-01	-1.7500564e-01	-8.0642156e-02	5.8000541e-01	4.5208842e-01	1.9596928e-01	-6.8270892e-02	5.0329161e-01	-5.2126060e-04	1.3152030e-01	-5.8655322e-01	-1.2323193e-03	5.1219789e-03	-2.7614439e-01	3.1837580e-01	-5.4306269e-02	-2.4188185e-02	-3.3176579e-02	2.6138850e-02	1.3535855e-02	-1.4548312e-01	2.0167620e-01	-2.3896179e-01	2.0116700e-01	-3.0786407e-01	2.9118854e-01	4.6782881e-02	-1.6578990e-01	1.0957569e-01	-8.8092387e-01	3.9532552e-03	-5.3598389e-02	1.6094930e-01	-2.0554632e-01	6.7943178e-02	2.3577431e-01	2.4748892e-01	-3.0899441e-01	-2.5261372e-01	6.9518906e-01	-5.9557032e-02	-1.9722019e-01	-2.1080641e-01	2.3584902e-01	3.5056454e-01	5.3687248e-02	3.2033440e-02	-3.5019329e-01	1.3872830e-02	-3.7965953e-01	-2.9154280e-01	1.9507023e-02	-3.8946515e-01	7.1637660e-02	1.0697578e-01	1.6862890e-01	-9.4243266e-02	-2.7745572e-01	3.6612323e-01	-5.5779684e-01	2.4659599e-03	-4.0143746e-01	2.8806588e-01	-7.3735513e-02	3.6103511e-01	-3.5790164e-02	-3.6742422e-01	4.9903738e-01	1.1121055e-01	2.1552390e-01	1.5680286e-01	2.4368222e-01	-1.1424869e-01	-2.5579309e-01	-1.6788641e-01	-1.7916318e-02	3.2160115e-01	-1.3677107e-01	3.0662337e-01	-6.8776332e-02	-9.1175279e-03	4.0537272e-02	2.5524318e-01	-2.9084009e-01	1.3071120e-01	-2.6870149e-01	-1.3950978e-01	1.6501746e-01	-1.0905804e-01	3.7085421e-02	-1.7549270e-01	-1.1324966e-01	-1.7386347e-01	-1.4282866e-01	-9.3483590e-02	7.5907029e-02	-2.5148559e-01	-3.0784485e-01	1.8581951e-02	-2.4626619e-01	1.8084957e-01	-9.5150732e-02	-1.0340764e-03	-2.4365968e-01	-1.4820303e-01	1.2152418e-01	1.3830075e-01	6.4181082e-02	-2.5678394e-02	-1.5250361e-01	-9.2655756e-02	-1.8959694e-01	2.4767351e-01	1.4991913e-02	9.4724692e-02	1.9367284e-01	8.7839611e-02	-1.4036855e-02	-2.8000289e-01	1.9057733e-01	-5.1505893e-02	2.0681113e-01	-4.1203588e-02	-2.4929139e-01	2.5213861e-01	-1.5099952e-01	-1.2513152e-01	7.6300241e-02	2.4559349e-01	-9.2574172e-02	-2.5725037e-01	1.8292831e-02	-2.9839614e-01	-2.6846313e-01	-1.5853360e-01	-1.3575765e-01	2.6781568e-01	-2.7574009e-01	-2.9290891e-01	-1.7195626e-01	-9.6423283e-02	-9.2520862e-04	1.3474345e-01	1.2181897e-01	-3.2156029e-01	-1.5595040e-01	-2.4359751e-01	-1.5522496e-01	2.5099581e-01	9.8261118e-02	-6.6397136e-01	2.2781843e-01	4.4906586e-01	6.4793807e-01	7.5296544e-02	2.0291127e-01	6.2774224e-03	1.6595760e-01	1.3833205e-01	-1.1235579e-02	2.6632585e-02	2.7437949e-01	7.2512507e-02	-5.4385322e-01	-2.7844074e-01	-4.0611245e-02	2.6341578e-01	-7.7690154e-02	-1.0690682e-01	-1.3755904e-01	-8.7476209e-02	-2.8923941e-01	1.9100378e-01	1.6425292e-01	9.0187587e-02	2.7948883e-01	3.4637997e-01	2.8138700e-01	3.6357245e-01	-1.1731643e-01	-3.0746201e-01	-7.7385977e-02	7.3631577e-02	3.7864748e-01	-9.5867559e-02	5.9626084e-02	-5.7915640e-01	1.0085252e-02	3.3940923e-01	-9.3077540e-02	-1.1588681e-01	-1.0906821e-01	6.9415197e-02	-2.6873004e-01	2.2382528e-02	-8.3277810e-01	-8.6959735e-02	-2.4155614e-01	4.2416143e-01	1.2153295e-01	6.0234028e-01	-7.3681742e-02	-5.6004979e-02	-6.1654657e-01	-3.9534542e-01	5.9890944e-01	-1.0719719e-01	2.4843214e-01	-1.8359543e-01	-3.3998039e-01	-3.2760063e-01	-2.2390895e-01	-8.4619345e-03	2.9214667e-02	-8.4600665e-02	1.3143075e-01	-7.2738558e-01	-1.9255358e-01	4.6699518e-01	-3.6678639e-01	4.3723425e-01	-6.2611407e-01	3.6703733e-01	-1.3256873e-01	1.4838447e-01	-9.1683175e-03	2.0062904e-01	7.1514368e-01	2.1567273e-01	-8.1838243e-02	6.7489803e-02	4.3192726e-01	1.0616550e-01	-1.4920661e-01	1.8279551e-01	1.3837470e-01	9.1844961e-02	-1.1595301e-01	4.2588081e-02	-8.1352875e-02	-8.6050056e-02	8.7171160e-02	3.1516430e-01	8.0610611e-02	-3.1319872e-01	3.7387159e-02	-2.4382424e-01	2.2449572e-01	7.9484202e-02	3.2862715e-02	-8.1724606e-02	3.6542928e-01	3.5421824e-01	-2.1008605e-01	-2.3054017e-01	3.1756428e-01	1.5832229e-01	2.2496791e-01	-2.0377859e-01	-7.4873137e-01	2.0631390e-02	2.5659439e-01	1.3081954e-01	-2.3922618e-01	5.0827209e-03	1.1300181e-02	1.7939512e-01	-7.6560229e-02	-2.2530377e-01	1.7982352e-01	2.0120116e-01	8.0293715e-02	1.4585960e-01	-3.8889664e-01	-2.7986288e-01	-1.1518148e-01	1.7710266e-01	1.9628689e-01	-3.2132873e-01	5.1655114e-02	1.4163935e-01	-5.5087373e-02	-2.1722911e-01	-2.5099850e-01	-1.5781648e-01	-5.2859909e-03	3.8092144e-02	-2.1900736e-01	2.6072752e-01	8.8704251e-02	-1.9097596e-01	1.5798414e-01	1.2413599e-01	-1.8023139e-01	6.2508635e-02	-4.2590074e-02	7.4062295e-02	-8.7358199e-02	-1.6128646e-01	1.8269274e-01	-7.1192435e-03	-2.7974549e-01	-2.0315473e-01	-1.3649522e-01	5.9704397e-02	1.9792883e-01	-1.3225262e-01	1.4859082e-01	-2.4583252e-01	3.9651226e-02	7.5784713e-02	7.9440869e-02	4.2720396e-02	1.5853554e-01	1.7117263e-01	3.8677335e-03	-2.1151888e-01	3.4494754e-03	-7.4087068e-02	-1.7125221e-01	4.8946574e-02	-1.1479174e-01	-8.0194421e-02	-1.0809601e-01	-2.8258467e-01	-1.9885788e-03	2.9819110e-01	-2.1593678e-01	9.0996586e-02	1.0238460e-01	1.7800435e-01	-5.2966110e-02	-1.4136924e-01	2.4258259e-01	-3.4493950e-01	-2.6577720e-01	8.4685735e-02	-1.3803899e-01	-4.4816263e-02	1.4165029e-01	2.3576483e-01	-3.8808256e-02	1.0442369e-01	1.0684391e-01	-4.9258173e-02	2.5372294e-01	-6.1942011e-01	4.1923374e-01	-2.7301216e-01	-4.2892516e-01	-2.0052220e-01	-1.2753496e-02	2.4559373e-01	-8.4510088e-02	5.7257183e-02	-6.5920359e-01	2.3894586e-01	1.0915709e-01	3.6148110e-01	1.4384697e-01	3.2895726e-01	-1.7466561e-01	1.6004864e-02	-3.8667506e-01	4.4541545e-02	1.8221435e-01	-2.2614878e-01	2.8476873e-01	-5.7149697e-02	-5.1831585e-01	7.6688990e-02	-2.8995958e-01	-2.0611535e-01	-2.6800555e-01	3.4420487e-01	2.9208794e-01	-5.6016207e-01	-4.4672418e-02	2.1243072e-01	-9.1877028e-02	1.5596415e-01	-4.1758391e-01	-1.1463482e-01	-3.6329007e-01	2.1903288e-01	2.8433549e-01	2.0960282e-01	2.7792871e-01	3.9742649e-01	1.1658941e-01	-2.2119243e-02	4.7191823e-01	-8.3463900e-02	-4.5317002e-02	1.3079718e-01	8.0654122e-02	2.3106182e-02	-3.4503365e-01	2.6390016e-01	-7.6918684e-02	1.8824568e-01	2.1662217e-02	-1.8767242e-01	1.9167058e-01	-1.4563888e-01	-2.1305746e-01	6.1032508e-02	-3.6747467e-02	3.9358787e-02	-3.4524640e-01	-2.6205245e-01	-3.0154946e-01	1.2061634e-01	-1.3458757e-03	-1.0121286e-01	-1.5823705e-01	5.7764780e-03	-2.5119305e-01	2.3639874e-01	1.5048440e-01	2.5472578e-01	1.5609871e-01	2.1661879e-01	6.1589316e-02	-1.7021427e-01	2.8227264e-01	-1.0051191e-01	1.6791545e-01	-2.0640926e-01	1.4871600e-01	-2.2385605e-01	-2.9695234e-01	-1.7042497e-01	2.0084141e-02	-1.1622358e-01	1.5643774e-01	-3.3827305e-02	1.8565056e-01	-5.1250678e-01	2.5208122e-01	4.5443395e-01	6.4069080e-01	3.1811167e-02	6.3389909e-01	2.9240945e-02	5.3140223e-01	3.0375519e-01	1.2643068e-01	-3.2716018e-01	-2.2711942e-01	-3.0861735e-01	-5.5943513e-01	-9.3092836e-02	2.3369017e-01	2.5294214e-01	2.9748830e-01	-1.4241914e-01	-1.1131151e-01	-7.8779310e-02	2.5466478e-01	-2.6873296e-01	2.0679967e-01	3.3405435e-01	-3.0652564e-03	6.9565490e-02	1.9396651e-01	-6.4576097e-02	-3.1434000e-02	1.5831627e-01	7.2637089e-02	-3.3544220e-02	-2.7875635e-01	-9.2944369e-02	1.0136851e-01	-1.2174185e-02	6.6897029e-01	-3.2332931e-02	-4.8394650e-02	-2.3616299e-01	1.8938991e-01	-1.8032545e-01	9.0289637e-02	-1.1072809e-01	-7.8265667e-01	-2.2509795e-01	1.3583522e-01	5.1038706e-01	-4.6713841e-03	4.2261556e-02	-2.7152929e-01	3.2565323e-01	-3.8808909e-01	-4.6339521e-01	1.0101550e-01	3.4302005e-01	3.6590219e-01	-2.5337172e-01	-3.8522890e-01	1.2798868e-01	-1.1193807e-01	1.6431642e-01	3.0038068e-01	2.2357617e-01	2.6416615e-01	-2.2410707e-01	1.2560996e-01	-3.1031915e-03	-1.1351189e-01	1.5696800e-01	-4.9694714e-01	-1.6955902e-01	-2.7450946e-01	-5.5796639e-03	7.1972363e-02	-3.4155229e-01	3.1770653e-01	1.8141167e-01	1.2402522e-01	-3.6249879e-01	-1.2134542e-01	9.6099593e-02	-1.2892045e-01	1.9448698e-01	9.9405847e-02	3.8843024e-01	1.7482574e-01	2.0582849e-01	1.0110992e-01	-2.4126270e-01	2.0028724e-01
-2.4524984e-01	-3.9930230e-01	-3.9846721e-01	4.6068591e-01	2.9476944e-01	-2.0352949e-01	3.5971293e-01	-4.4127417e-01	-3.9362150e-01	1.5064093e-01	2.2301881e-01	-2.6170102e-01	2.8406760e-01	1.1517887e-01	-1.9618200e-01	2.7861932e-01	3.2003456e-01	1.1593854e-01	1.6899294e-01	1.4237745e-03	-2.5943834e-01	-5.2505434e-01	4.0777531e-01	-3.2526559e-01	1.5374963e-02	1.5062886e-01	-7.2451431e-01	5.1580191e-01	2.0300582e-01	-3.1896037e-01	-4.5173642e-01	2.6202515e-01
