9
input	10
dense	32
relu	0
dense	32
relu	0
dense	32
relu	0
dense	1
linear	0
7.999999979801942e-06
-1.2378075e-01	1.8124579e-02	4.5645434e-02	8.4471278e-02	-7.3829051e-03	-1.3332491e-01	-2.0517845e-02	7.6599475e-03	-4.1076533e-02	-5.6492407e-02	-1.0964515e-01	-1.9044131e-01	-8.2086017e-03	1.2818038e-02	6.7272350e-02	-2.0362283e-01	-4.4712134e-02	3.3627413e-02	-7.5445913e-02	1.5537072e-03	5.2249353e-02	4.1935626e-02	-4.5733988e-02	7.2497606e-02	3.7594978e-02	-1.8352700e-02	-1.5519356e-02	2.0923549e-02	-7.9661809e-02	3.0265002e-02	-8.7833096e-04	-1.1866455e-01
2.7228408e-02	-3.0185420e-02	5.2968774e-02	-1.5288081e-03	2.9735139e-02	-6.8840282e-03	4.2203765e-02	-3.6864348e-02	-3.5472944e-02	-8.5155688e-02	1.9982245e-02	-2.3186907e-02	3.9137956e-02	-2.0466384e-02	-5.7392079e-02	2.2799801e-02	-2.2199273e-03	3.9047733e-02	1.2450324e-02	5.7895653e-02	-1.8319326e-02	2.4629479e-02	-4.9057644e-02	4.3323368e-02	-7.5367175e-02	8.3205707e-02	-2.5076724e-03	1.0552558e-02	6.1378244e-04	-1.3494241e-02	-7.1824774e-02	5.8178991e-02
4.3060120e-02	-4.2875998e-02	-1.7662795e-02	-2.6247591e-02	2.4231893e-03	5.6036554e-02	-6.6023059e-02	2.6724279e-02	3.1658628e-03	-1.3755424e-02	-5.8610901e-02	-3.7026580e-02	-2.7885733e-02	4.7987100e-02	-7.9810079e-03	-4.5355849e-02	-1.1360594e-02	4.4722371e-03	5.6448873e-02	-1.0202340e-02	-2.1173876e-02	-1.7587107e-02	-2.3375034e-02	-6.0311105e-04	-3.7630416e-02	2.9817110e-02	3.9133254e-02	1.9904356e-02	-6.0521662e-02	-3.1224713e-02	-8.1844226e-02	2.3306755e-02
-3.2949395e-02
-1.5941910e-01	-1.4725322e-01	-4.2114049e-02	-1.6407305e-01	-3.6328691e-01	-2.8154269e-01	2.2908621e-01	1.1492279e-02	7.1910761e-02	3.9664266e-01	1.6696870e-01	4.1253334e-01	1.0489545e-01	-3.2038754e-01	7.3677283e-03	-3.3812845e-01	-8.3276302e-02	-3.2526221e-02	-8.0674728e-03	7.4217811e-02	-4.3953281e-02	-1.9482952e-01	-1.5517016e-01	4.1724876e-01	1.5251732e-01	-4.0898257e-01	2.5074580e-01	1.1070127e-01	-1.8445671e-02	1.1753047e-01	-2.3680834e-01	-3.6958647e-01	-7.7625021e-04	-2.1594851e-01	3.2417816e-01	6.3944840e-01	-1.7452778e-01	-5.2928999e-02	2.8421727e-01	-1.5717483e-01	1.1186218e-01	-1.4465457e-01	2.1450847e-01	-2.8873694e-01	8.2888529e-02	-2.1387111e-01	3.2965857e-01	7.8002885e-02	-1.1037427e+00	1.1762651e-01	-2.3748031e-01	-2.1224038e-01	1.2219971e-01	-3.0311653e-01	7.6355696e-02	-1.8963831e-02	1.8921287e-01	1.0805757e-01	2.1869807e-01	1.9949502e-01	-9.6586578e-02	-2.7701473e-01	4.9991047e-01	-1.4675891e-01	1.2578028e-01	2.7617689e-02	-2.2845845e-01	-2.0723477e-01	-2.7891675e-01	-4.2625546e-01	5.6010038e-02	4.1155553e-01	-1.1974085e-01	-3.9047125e-01	-2.3428062e-01	1.4931193e-01	-3.9751705e-02	1.3538752e-01	-5.0478503e-03	1.8310408e-01	-1.3477962e-01	1.0115117e-01	1.0691116e-01	3.5515189e-01	-6.6830620e-02	-4.2590120e-01	-5.3050153e-02	7.1635164e-02	1.0710048e-01	1.5097079e-01	-3.1715301e-01	3.2134452e-01	1.3929182e-01	-1.2604137e-01	-3.2998016e-01	8.1500024e-02	5.7879541e-02	1.8333744e-02	3.9158767e-01	2.7406910e-01	-8.5505813e-02	-6.6486588e-03	-2.9827908e-01	-1.7631292e-01	-1.7847916e-01	4.4880170e-02	1.0151722e-01	2.6014708e-02	2.2665651e-01	1.0858390e-01	1.8172523e-01	2.6356870e-01	8.4652051e-02	1.0669797e-01	6.7519560e-02	2.4815181e-01	-2.4984291e-01	5.3957365e-02	5.0043118e-01	2.6831740e-01	1.9405742e-01	1.9549382e-01	4.8620835e-01	-2.6248887e-01	-2.7540323e-01	-6.0282961e-02	-3.4911115e-02	-8.2891452e-04	-6.0621530e-01	-1.4330965e+00	-7.5000219e-02	-3.5964525e-01	-3.0262229e-01	1.0463880e-01	3.5908321e-01	2.6649755e-01	2.8076610e-02	2.9677909e-02	-5.1996198e-02	-4.5892859e-01	-1.7715749e-01	2.2627173e-02	-1.5982933e-01	6.6152871e-02	4.8670731e-02	6.0313630e-01	-3.8238212e-01	1.3363713e-01	-1.0848706e-01	3.6920092e-01	4.8997346e-02	-4.1567305e-01	2.1777301e-01	5.4595064e-02	2.3080698e-01	2.9768386e-01	9.1574691e-02	2.5196397e-01	1.9700043e-01	-7.0577711e-02	1.0967755e-01	-3.0945244e-01	7.0314988e-02	-1.9366922e-02	2.9858232e-01	3.8463026e-01	-3.1917590e-01	1.0355701e-01	5.3451989e-02	1.9322552e-01	-4.3010136e-01	3.0462539e-01	-1.3634594e-01	2.5056648e-01	1.4615488e-01	-3.5515970e-01	2.9797661e-01	4.3505821e-02	4.4226190e-01	-4.3832093e-02	8.6009555e-02	-6.8036780e-02	2.0490445e-03	1.8265678e-01	-9.4628386e-02	4.0001309e-01	-5.3448640e-02	-1.6399474e-01	-3.4649935e-02	-1.7885806e-01	1.4350624e-01	-3.3692402e-01	-2.0603526e-01	-3.4375131e-01	-1.6105752e-01	1.8963669e-01	4.5867646e-01	5.0771028e-02	4.4914004e-01	-4.7729839e-02	-1.0495669e-01	-1.2900073e-02	3.7047595e-01	2.5418180e-01	-6.7455685e-03	-5.6760401e-01	6.0811937e-02	5.9524555e-02	2.3507662e-02	2.8947148e-01	-2.1714270e-01	-3.8306855e-02	1.6908632e-01	1.8742253e-01	4.8680682e-02	-5.4078853e-01	4.0436047e-01	-6.1026726e-02	1.1399638e-01	-2.8956478e-02	-6.0743596e-02	-2.1342720e-01	-1.5843424e-01	2.6331747e-01	7.5228304e-02	3.0870476e-01	-1.0412491e-02	2.2182278e-01	7.6466978e-01	-5.1647437e-01	-1.4154650e-01	-3.3734849e-01	-3.5180524e-02	2.9900053e-01	6.9462314e-02	-2.8214362e-01	4.5955253e-01	-1.3425485e-02	-5.2317941e-01	1.5106268e-02	1.8020461e-01	2.6423958e-01	-1.0974370e-01	-2.9987463e-01	2.3145775e-01	-5.1954925e-01	4.8688591e-01	-3.9016963e-03	1.1022115e-01	2.9822566e-02	-3.1013444e-01	2.0895502e-01	1.1230418e-01	3.1815955e-01	2.0451626e-01	-2.7598944e-01	1.5364327e-01	6.5910265e-02	-1.3700962e-01	-1.7493472e-02	-6.1767790e-02	5.6055106e-02	-1.5720460e-01	-2.1470833e-01	-3.0862013e-01	1.5326926e-01	2.6437244e-01	-4.9628410e-02	-5.3594565e-01	8.0640865e-03	-2.7674291e-01	-1.5357663e-01	3.8503459e-01	-1.3810346e-01	9.7456135e-02	3.4252077e-01	-2.6553783e-01	-5.9528917e-02	4.0521574e-01	3.3992785e-01	9.4666570e-02	1.3571425e-01	3.0823323e-01	7.4482476e-03	-2.8672197e-01	-4.6462566e-02	-1.2085361e-01	1.4544815e-01	-6.8461850e-02	1.8626413e-01	-7.0966482e-02	6.9079851e-03	-1.5469091e-01	1.4062540e-01	6.1331581e-02	9.9156469e-02	-1.7075084e-01	2.8450206e-02	3.5081786e-01	-1.3411595e+00	1.5684793e-03	-1.3759248e-01	7.4971952e-02	-2.8546205e-01	1.3602088e-01	-5.6274194e-01	2.4735014e-01	-6.5257042e-03	-2.0254476e-01	2.9450604e-03	-6.5792635e-02	3.5326546e-01	-2.1726596e-01	9.4187841e-02	2.1366503e-03	1.7119938e-01	-8.6984590e-02	5.6456383e-03	6.4235753e-01	3.2218754e-02
1.2339386e-01	-1.4904638e-01	1.1950757e-01	-2.4323756e-01	9.0690643e-02	3.4213489e-01	-2.3481242e-01	2.2879049e-01	3.5390458e-01	-5.5200085e-02	-1.8068777e-01	7.9407483e-02	-1.4927855e-02	1.8182336e-01	-2.4396268e-01	1.3235773e-01	1.5426332e-01	2.9125841e-02	-2.3087542e-01	1.7113380e-01	-1.5195957e-02	3.9573234e-01	-2.1795459e-01	4.3103412e-01	3.1514046e-01	-1.1620007e-01	-1.1197806e-01	-2.0878389e-01	-1.6686422e-01	-3.1403303e-01	1.9222316e-01	6.0619481e-02	2.6370186e-01	2.5158301e-01	-1.7236626e-01	-3.0078638e-01	3.1477728e-01	8.6815834e-02	-2.5355747e-01	1.5776670e-02	9.7611435e-02	1.6664660e-01	1.9282725e-01	-1.9722149e-01	-1.3095841e-02	-1.2412626e-01	8.1221931e-02	1.6229761e-01	2.2623974e-01	-2.0509806e-01	2.3632945e-01	1.4008594e-01	-2.5714484e-01	-1.0083921e-01	-2.4785162e-03	3.3695987e-01	4.9635819e-01	-2.6918656e-01	1.1478341e-01	-3.1761207e-02	-1.8783848e-01	-4.0179244e-01	-3.3812381e-02	-2.2386087e-01	-3.3914536e-01	-2.8969148e-01	3.9297231e-03	4.6544376e-01	1.9923580e-04	1.5916462e-01	-3.7662154e-01	-1.3387191e-01	-2.6218787e-01	1.6097431e-01	1.8092564e-01	-2.7731594e-01	4.4514591e-01	-6.1373281e-01	1.7461951e-01	-1.1480029e-01	-1.6630419e-01	-1.3779472e-01	-2.1577574e-01	2.3305558e-01	-2.5343785e-01	-9.6273459e-03	2.4780573e-01	-2.9300117e-01	2.6419936e-02	3.8058828e-03	2.4247295e-01	1.4859781e-01	-1.5815718e-01	-2.2935617e-01	-2.2142829e-01	1.0909708e-01	-4.4323558e-01	-4.2864046e-01	2.1986875e-01	6.7919150e-02	3.1171376e-01	1.7408736e-01	-3.5122353e-01	-1.3227776e-01	-7.2112300e-02	-1.7362346e-01	-3.9251026e-02	8.8539675e-02	-1.1142414e-01	4.3426639e-01	-3.4258604e-01	-1.4964801e-01	-2.3118040e-01	1.8793449e-01	-9.9591352e-03	4.4752717e-01	-2.0555393e-01	3.0739984e-01	2.3364802e-01	4.7227409e-01	1.6219100e-01	-4.2021543e-02	1.6179152e-01	-3.1301793e-01	-2.0550175e-02	1.0051984e-01	-2.1923676e-01	-3.1566820e-01	-4.5968884e-01	2.3100948e-01	-1.0259155e-01	-8.5329926e-03	-1.8595742e-01	-4.2986074e-01	-1.0147147e-01	6.6802807e-02	2.4301206e-01	5.8624215e-02	-9.3469426e-02	2.8210629e-02	-4.2973947e-02	4.4923604e-01	6.9704697e-02	-9.7211689e-02	2.1389876e-01	9.4308168e-02	2.1624739e-01	1.3482684e-01	-5.2352965e-01	-4.7877955e-01	1.0993052e-01	-3.3438548e-01	1.0917050e-01	-1.2736696e-01	-1.0618573e-01	-1.8605955e-01	1.4989619e-01	4.6063060e-01	-2.2160800e-01	9.1679938e-02	-2.0670761e-01	-2.2038560e-01	-2.3826234e-01	4.6710038e-01	-2.9278001e-01	-2.8812182e-01	2.7172351e-01	1.2705651e-01	-3.2474038e-01	2.5892365e-01	-9.0893351e-02	-2.0809911e-01	2.0090075e-01	-1.3744570e-01	4.4732088e-01	-2.3973262e-01	3.1894428e-01	-1.3326742e-01	-2.3731384e-01	2.6990944e-01	-1.6845446e-02	-2.1734740e-01	-1.3501026e-02	-8.6551502e-02	-6.2841266e-01	-5.4200727e-02	-2.7586684e-01	1.8137671e-02	1.6287421e-01	1.1560763e-01	2.7171642e-01	1.7150094e-01	3.9920032e-02	1.7595674e-01	1.0321357e-01	-4.1609901e-01	2.0742062e-01	7.4651159e-02	-2.5830539e-02	1.6175644e-01	-1.3314539e-02	3.1095678e-02	-1.6538931e-01	-3.2429915e-02	1.2138455e-02	-2.8636107e-01	-3.0359685e-01	1.0661477e-02	-1.7722164e-01	-5.2523028e-02	-1.8277349e-01	1.1704399e-01	5.6359732e-01	3.3388889e-01	-1.6416997e-01	3.3641529e-01	1.7252253e-01	1.9355027e-01	-2.9195130e-01	-1.0189837e-01	8.3535135e-02	-2.2973852e-01	1.4789957e-01	-2.1406363e-01	1.0687697e-02	2.8123465e-01	-5.5589002e-01	1.0498706e-03	-8.1601106e-02	-1.8916655e-01	2.1634924e-01	5.1158760e-02	-1.9172797e-01	1.7762497e-01	2.3219196e-01	5.3018262e-04	3.8676676e-01	1.0286902e-01	-1.3463259e-01	1.6009180e-01	2.3701340e-01	1.1579250e-01	1.1662013e-01	4.2390272e-02	-4.7932795e-01	-1.6918217e-01	2.3598635e-01	-4.2447191e-01	1.9760807e-01	2.6772017e-02	1.3559246e-02	-1.5775180e-01	1.4032196e-01	3.6163965e-01	4.3835124e-01	3.1321308e-01	1.8630284e-01	1.9856247e-01	-3.6976027e-01	3.2997981e-01	-1.5183376e-01	4.3794829e-03	2.0013136e-01	1.7547461e-01	-8.0499515e-02	2.8986144e-01	3.1974036e-02	2.5708240e-01	-1.5818645e-01	-4.7331917e-01	3.7330934e-01	2.0793377e-01	6.7397855e-02	7.1967147e-02	6.8591617e-02	3.0920702e-01	-3.7733313e-01	-4.2779781e-02	-1.5832016e-02	-2.1492004e-01	-2.9529899e-01	1.5960795e-01	2.5254726e-01	2.5470126e-01	8.2877971e-02	-1.3859040e-01	-1.6519444e-01	4.7530818e-01	1.8846386e-03	6.6008203e-02	1.7635724e-01	-2.6757228e-01	-1.9098092e-02	1.6330965e-02	-2.3288211e-01	1.3494818e-01	3.8774453e-02	2.6547283e-01	2.1985361e-01	3.0234153e-03	-1.2682913e-01	5.9224576e-02	-2.7216157e-01	9.9998973e-02	-7.5009950e-02	-1.2846218e-02	-7.8772388e-02	3.0913296e-01	-3.8921781e-02	1.9676284e-01	-4.3976262e-02	-3.0868301e-01	2.7252239e-01	-4.2648859e-02	-1.9199112e-01	-8.0670238e-02	-1.9996072e-01	-3.2136846e-01	7.6001100e-02	3.9637202e-01	2.4994187e-01	2.5704402e-01	2.6011157e-01	-5.7950819e-01	1.5393735e-01	-4.1916355e-02	1.9489995e-01	-1.7907698e-01	2.2169482e-03	6.4375259e-02	-7.9454683e-02	-3.0985171e-02	1.5980422e-01	-3.4313294e-01	-3.0117670e-01	-2.1055476e-01	-2.9642951e-01	9.5988244e-02	2.8697714e-02	-2.0114206e-01	5.2211708e-01	2.6525775e-01	8.7842144e-02	8.2024343e-02	1.0364522e-01	1.5145890e-01	5.5342220e-02	1.5481412e-01	4.9757857e-02	-4.2820245e-02	1.1560962e-01	5.4546863e-02	-1.8796402e-01	-1.9922024e-01	-2.2470605e-01	5.6427203e-02	1.1863851e-03	-3.6905997e-02	3.5139456e-01	-1.7605327e-01	-1.7368656e-01	4.4829190e-01	2.6386860e-01	1.0651761e-01	-1.7125972e-01	-1.5836675e-03	1.0870893e-01	-1.3011644e-02	-9.2459105e-02	-1.1507940e-02	2.0799939e-01	2.8126433e-01	-3.9953882e-01	-9.7489499e-02	1.7998615e-01	1.1407974e-01	9.6608013e-02	2.2657810e-01	3.2991853e-01	5.0332528e-01	-3.0733010e-01	4.7065876e-03	4.0976398e-02	2.7800739e-01	-1.9940729e-01	2.3772427e-01	1.5185001e-01	-5.8491373e-01	-1.4207493e-01	1.7050402e-01	-2.0744875e-02	-5.9150182e-02	1.9412591e-01	3.0339465e-01	1.0063758e-01	2.6913375e-01	-1.9693027e-01	-1.2459656e-01	-3.2407984e-01	-1.0328911e-01	7.5102448e-02	1.8585326e-01	-1.7950010e-01	-9.5320605e-02	6.3132130e-02	3.9135733e-01	-5.9600439e-02	-2.1861263e-01	4.6945608e-01	-2.5660655e-01	2.7483374e-01	-5.3104259e-02	1.3197936e-01	-2.2265860e-01	2.3369527e-01	7.4945159e-02	3.3251143e-01	1.2151778e-01	8.6289510e-02	6.1156934e-01	1.3397712e-01	6.7872830e-02	1.1943822e-01	8.8789023e-02	-8.4098846e-02	-9.3184516e-02	-1.7871739e-01	2.6798624e-01	2.9980743e-02	-7.7050284e-02	4.0964437e-01	-4.8404294e-03	2.2063795e-01	8.7671734e-02	1.3804376e-01	-1.4236249e-01	-4.0980321e-01	-1.2170302e-01	-1.0961935e-01	-1.5551095e-01	-2.8591049e-01	-2.7339482e-01	7.3554486e-02	-1.7420629e-02	5.6796763e-02	-1.3533127e-01	-1.4558482e-01	6.4377531e-02	-3.1558374e-01	-1.9506830e-01	1.5518484e-01	-2.6324669e-01	1.3440481e-01	1.0418846e-01	8.4684841e-02	1.8085862e-02	1.1736270e-02	6.2197141e-02	-5.3658388e-03	-3.5780343e-01	1.2780626e-01	-5.7981707e-02	-2.1805418e-01	3.2141119e-01	-1.2746921e-01	-1.6338490e-01	-2.7717754e-01	4.6694730e-03	5.8535472e-02	2.9996315e-01	-1.9058624e-02	-1.4970967e-01	1.6136131e-01	-1.7964537e-01	-1.1137342e-01	2.2348101e-01	-1.2540612e-01	-9.9289693e-02	2.2691347e-01	7.5997844e-02	-1.4139858e-01	6.5012950e-01	-4.3365404e-02	-2.3607175e-01	-2.8924271e-01	-2.0196980e-02	7.3141351e-02	2.4059223e-01	1.9357613e-01	2.8587240e-01	-1.6820255e-01	1.8898097e-01	2.0694388e-01	-6.9923952e-02	2.2952370e-02	-8.2952537e-02	-2.7427924e-01	-1.3677233e-01	-1.1055955e-01	-4.4847327e-01	2.8906541e-02	-2.7387080e-01	3.4189962e-03	-9.0339184e-01	-2.5994465e-01	2.4479307e-01	-4.2076087e-01	2.4409235e-01	-5.2769754e-02	3.8169163e-01	-9.0705685e-02	5.5593610e-02	-2.9823688e-01	-2.3239933e-01	-4.6605828e-01	3.1205192e-01	1.4732680e-01	-8.7205872e-02	1.2972172e-01	2.3702569e-02	8.0725841e-02	-1.3783580e-01	-1.4279151e-01	3.5701893e-02	2.9645640e-01	9.9561691e-02	-1.5210707e-01	-4.2881933e-03	-1.9841208e-01	2.4461633e-02	3.8176966e-01	-5.4392666e-01	1.7271492e-01	-2.4967720e-01	1.5907092e-01	-1.7169057e-01	7.6175995e-02	1.9428185e-01	2.9493392e-01	-6.3769877e-02	1.7826617e-01	-1.3353927e-01	6.6896472e-03	3.4886456e-01	-5.7487363e-01	-1.8646406e-01	4.7776073e-01	-1.8425047e-01	-1.7388305e-01	-5.7840839e-02	-1.4746994e-01	-5.2873003e-01	3.9178279e-01	1.2798533e-01	-4.8181501e-01	7.7760763e-02	-3.9721450e-01	2.5536364e-01	-1.0362976e-01	4.8252698e-02	2.1108679e-01	1.9123760e-01	-1.0576180e-01	-4.5769125e-01	1.4197050e-01	-1.3579389e-01	-3.4490296e-01	3.9008522e-01	3.0394828e-01	-1.0153470e-01	-6.7047536e-01	1.4701763e-02	2.3180863e-01	-2.5853226e-01	-1.1503310e-01	-1.0264149e-01	-7.5125307e-02	2.1508109e-02	1.5995818e-01	-2.5736237e-01	2.7202317e-01	1.6724047e-01	1.5806434e-01	-2.7935687e-01	-2.4249187e-01	-2.3857479e-01	1.8570744e-01	3.3633351e-01	-5.7270821e-02	-2.4489430e-01	-1.1192461e-02	-1.2770207e-01	-9.0566874e-02	-3.3158615e-01	2.8302428e-01	-6.5238304e-03	1.5603060e-01	3.1201321e-01	-3.1733248e-01	2.0447342e-01	-4.2854491e-01	-6.6925556e-04	1.6016728e-01	-3.6281962e-02	3.7173873e-01	5.7381213e-01	3.6020806e-01	-6.6756135e-01	1.4474949e-01	-1.2752183e-01	-5.6566011e-02	3.1845459e-01	3.5963944e-01	8.6965367e-02	8.6015075e-02	-2.5633955e-01	-1.3112472e-01	1.9528602e-01	-1.7011389e-01	4.7730256e-02	-5.0738627e-01	-3.3080682e-01	5.2555668e-01	3.6727399e-02	-2.0069871e-02	-3.3486864e-01	1.2079568e-01	2.3942038e-01	-3.9014551e-01	-2.5730473e-01	-9.5784374e-02	-1.7173730e-01	-3.5682279e-01	2.9602969e-02	-2.4237806e-01	8.1049137e-02	2.5196648e-01	-3.7595636e-01	3.5506271e-02	-1.2317263e-01	-5.3518975e-01	4.3178621e-01	1.9548047e-01	-1.9461514e-01	2.6730779e-01	3.9617553e-02	-4.4256166e-02	-5.1006787e-02	2.7567415e-02	-1.6214052e-01	-3.5610384e-01	6.1764877e-02	-1.7843308e-01	-1.2484141e-01	1.4664669e-01	1.7273507e-01	8.2528882e-02	-3.0071628e-01	1.6423750e-01	3.4787676e-01	-1.1029102e-01	-6.4786769e-02	-3.9315522e-01	3.4604511e-01	3.6295164e-01	-2.2764827e-01	1.2085957e-01	-2.6634741e-01	-2.1513124e-01	4.8886460e-01	-1.9315191e-01	-3.5551763e-01	1.5788238e-01	-2.8411803e-01	2.5528502e-01	-4.6127075e-01	-1.6061682e-02	5.3294681e-02	-7.2671992e-01	-1.0321254e-01	1.7285627e-01	1.2110013e-01	-4.0424764e-02	2.6952785e-01	-9.2203997e-02	4.2785402e-02	-3.9572060e-01	-2.4408861e-03	-2.2515924e-01	2.8264219e-01	1.0280630e-01	2.8184536e-01	2.7446562e-01	3.6173058e-01	-7.0989683e-02	-1.9041118e-01	5.7312739e-01	-1.5678046e-02	2.9721296e-01	1.0667599e-01	7.8899048e-02	-4.9106672e-01	2.4721679e-01	9.1007978e-02	2.7014482e-01	3.9279675e-01	-2.3594957e-02	-4.8892269e-01	-1.5181762e-01	-1.4587390e-01	-3.5101764e-02	3.3438495e-01	-3.5911134e-01	1.7422929e-02	2.9083964e-01	-1.8075883e-01	2.6561773e-01	-3.9917493e-01	-1.6613190e-01	-2.8048438e-01	-1.4904222e-01	6.8389680e-03	-5.2747285e-01	1.4420885e-01	-8.1496581e-02	2.0339748e-01	-2.1701415e-01	-1.7803116e-01	1.3284337e-02	-3.3250874e-01	2.9660445e-01	4.1675627e-02	-1.8810497e-01	-2.0284994e-01	-1.4954692e-01	3.0879630e-03	-2.1048455e-01	1.3406540e-01	-3.6708283e-01	2.2719222e-01	7.3872370e-01	1.4696936e-01	3.2752033e-02	-2.2775277e-01	-1.2369556e-01	1.5897365e-01	-4.0534562e-01	-2.1581337e-02	-2.4424247e-01	1.0905872e-01	6.6915923e-01	-9.9199735e-02	-2.4188554e-01	-5.4863101e-01	2.0429811e-01	-5.1909751e-01	-2.5357613e-03	4.8287358e-02	-3.1927925e-01	-1.7506272e-01	-7.1349299e-05	3.6930047e-02	1.0227468e-01	-2.7818814e-01	-3.3954014e-03	-4.1069743e-01	2.8676757e-01	-4.1841197e-01	-3.4483367e-01	3.3551610e-01	7.9234235e-02	-9.8327421e-02	-2.4587100e-02	-2.4920042e-01	-2.8876886e-01	2.7027610e-01	-1.3423398e-01	-2.6265088e-01	-4.3287326e-02	-2.1541701e-01	-3.0872211e-01	1.1290246e-01	1.0510453e-01	7.4220538e-02	1.7984977e-01	-1.0162362e-01	1.0619513e-01	5.5218298e-02	-2.5305119e-01	-1.6503914e-01	-2.1792151e-01	-2.1712129e-01	2.7776283e-01	1.9141623e-01	3.3651218e-02	4.5275401e-02	2.4646752e-01	-3.4032485e-01	1.1059414e-02	2.8966546e-01	-1.4185880e-01	3.1774428e-01	-2.9475497e-02	7.6079585e-02	3.0072588e-01	-3.3571351e-01	1.3117145e-01	1.1448777e-01	7.4360453e-02	5.1262334e-02	-3.0435094e-01	-1.5465097e-01	2.8955081e-01	2.9108825e-01	-6.4026959e-02	-8.4410146e-02	6.3629709e-02	-1.8278366e-01	-1.2219045e-01	-2.2582522e-01	-6.6022649e-02	-4.0248501e-01	-2.6738831e-01	6.8945020e-02	9.9677173e-03	3.2002017e-01	-2.1103917e-01	-4.7126520e-01	1.2174807e-01	4.8322833e-01	-7.3900513e-02	-2.5113475e-01	-8.7292194e-03	-9.8438483e-01	4.5817250e-01	2.8126305e-01	1.6028219e-01	2.1516299e-01	3.2261482e-01	-3.9456204e-01	1.8170406e-01	-1.3054092e-01	-1.1501025e-01	-1.0487577e-01	1.9788910e-01	7.8333095e-03	-3.4794560e-01	1.7341046e-01	1.4590226e-01	-7.7730879e-02	-1.3823374e-01	2.1494803e-01	2.1138349e-01	4.3517914e-02	1.4076850e-01	4.5988190e-01	-6.7728508e-01	-8.5726134e-02	-4.0801864e-02	2.3733397e-01	5.4715768e-02	2.0862389e-01	-4.1166764e-02	-3.2481712e-01	9.4099127e-02	-7.2371818e-02	1.0066341e-01	-2.8678590e-01	2.1193163e-01	-1.5976152e-01	-4.5689315e-01	6.6854209e-02	1.3921173e-01	7.1664411e-03	2.1002577e-01	-2.7584037e-01	-6.3623846e-01	-4.8787270e-02	-1.2056918e-01	2.7013320e-01	1.7670187e-03	-2.9216459e-02	1.5807709e-01	-7.5368784e-02	4.6256357e-01	4.5183772e-01	-7.2901569e-02	1.9805434e-01	3.0265030e-01	-5.1970813e-02	-1.3829327e-01	-1.1387552e-01	-9.1222085e-02	5.0262541e-02	-1.1755262e-01	4.1678000e-02	-3.0479661e-01	-1.7170083e-02	1.7675911e-01	-4.5552265e-02	-4.7254041e-03	1.6836323e-01	-5.3066462e-02	-8.5185900e-02	3.6388916e-01	2.0558359e-01	-4.5200938e-01	1.8151484e-01	-5.4356897e-01	-2.4122761e-01	-3.9525494e-01	1.3770795e-01	-2.9352289e-01	3.6087465e-01	-1.7424937e-01	3.0420485e-03	2.8504217e-01	4.8582408e-01	1.9900282e-01	-7.6607816e-02	-1.0529421e-01	-1.6811875e-01	2.4823338e-01	-2.6102674e-01	8.6230807e-02	2.3987577e-03	-1.1081780e-01	2.9012311e-02	3.4358129e-01	-1.8118750e-01	1.9866048e-01	2.3924972e-01	-4.2565625e-02	3.2022816e-01	3.3643112e-02	-5.4802710e-01	3.6055493e-01	8.6377189e-02	2.1954568e-01	-2.5127500e-01	-3.8493019e-01	-3.0163124e-01	2.1922955e-01	-2.6461941e-03	1.0436346e-01	-4.4247702e-01	-6.1634618e-01	-1.6407494e-02	4.4365495e-01	-1.6388591e-01	-1.0627760e-01	-2.3248588e-01	-1.0571301e+00	-4.1807553e-01	-1.3778514e-01	1.6573557e-01	-1.0530023e-01	-1.0441578e-01	2.9550612e-01	-9.1584601e-02	-1.4792291e-02	-2.4177836e-01	-1.6665545e-01	-1.6630942e-01	-3.6558092e-01	4.9857143e-02	-4.2849757e-02	-1.2803182e-01	1.6043132e-02	-2.6388633e-01	-1.8429089e-01	8.0575906e-02	-4.8614234e-01	1.6525511e-01	-2.8947284e-02	-2.2275247e-01	-8.9783192e-02	-8.7494664e-02	2.4606262e-01	3.2365423e-02	-2.4177109e-01	2.7758626e-02	-1.3077477e-01	-5.8171641e-02	1.0712373e-01	-1.2270592e-01	-2.0442401e-01	-3.1189442e-01	1.8357591e-01	3.2899716e-01	-3.3476192e-01	-2.9954171e-01	-1.3193168e-01	3.3312652e-01	-4.0243331e-01	4.5318335e-02	-2.1752408e-01	-1.0978332e-01	5.1124480e-02	1.7639260e-01	2.0441917e-01	-2.4962178e-03	-4.2521115e-02	-4.2510242e-03	3.0555055e-01	2.1329013e-01	3.8124415e-01	2.8561514e-02	-1.7540526e-01	-2.2679257e-01	-8.4534436e-02	-4.0017521e-01	-1.7942363e-01	-4.5381117e-01	1.0399703e-01	5.5426333e-02	-2.5070512e-01	6.6035993e-02	1.9966939e-01	4.1394565e-01	-1.5303493e-01	2.5713673e-01	-1.2383562e-01	6.8304174e-02
1.7719360e-01	-6.1607417e-02	-1.5852609e-01	-1.0780591e-01	-1.5309906e-01	-4.8471597e-01	5.4121488e-01	-1.6852441e-01	-1.1609350e-01	2.1450984e-01	2.2190829e-01	3.0599052e-02	5.7188416e-01	-3.6402240e-01	2.4183229e-01	-5.8642799e-01	1.0525331e-01	1.3690090e-01	-7.2158717e-02	-4.2560661e-01	-2.4366671e-01	1.7999074e-01	-5.9874874e-02	-3.9375475e-01	2.0809968e-01	1.9305396e-01	1.7428784e-01	3.4216303e-01	1.4300551e-01	-5.8221406e-01	2.5944141e-01	-2.1800901e-01	-3.7969470e-01	3.8737684e-02	-3.3645220e-02	-3.6410341e-01	-3.6033586e-01	2.8717029e-01	1.6241898e-01	2.4921574e-01	-8.2243204e-02	2.3082584e-01	3.1529849e-03	-2.4856918e-01	2.4887490e-01	-8.4226854e-02	-2.6335739e-02	-1.4733812e-01	-4.4198954e-03	2.4910137e-01	4.1105289e-02	1.2609181e-01	-2.7852890e-01	-6.1281461e-02	2.6465762e-02	-3.0281216e-01	-1.5933865e-01	-8.7372467e-02	1.2310473e-01	1.0165150e-01	4.5172680e-02	7.6989782e-01	2.6818269e-01	-5.9515327e-02	-1.7944157e-01	1.5576937e-02	-3.3405814e-01	-2.7950585e-01	2.0477937e-03	-2.4728796e-01	-9.2252284e-02	3.1629470e-01	-1.0079192e-01	3.0550143e-01	-2.9698756e-01	-1.7771725e-02	2.5790405e-01	5.0161397e-03	-1.3876878e-01	-2.5927305e-01	8.6456062e-03	-9.3864128e-02	-1.2066181e-02	-4.1256151e-01	1.9456305e-01	-2.4963589e-01	2.3448770e-01	-2.0553115e-01	1.8780740e-02	-3.6054552e-01	-4.7468014e-02	-1.7627478e-01	1.0718637e-01	2.2317207e-01	2.9482871e-01	-1.1050809e-01	1.4093959e-01	9.7131461e-02	7.6169349e-02	-4.7202047e-02	-5.3098001e-02	2.1543062e-01	-9.7616717e-02	-4.0384021e-01	3.6944672e-02	6.2233567e-02	3.1585267e-01	-3.0706915e-01	3.5524228e-01	8.6528175e-03	-5.5586454e-02	-5.0492588e-02	1.3111685e-01	1.2581077e-01	-1.6753869e-01	-1.2620476e-01	4.5468155e-02	3.1206888e-01	2.6640540e-01	-2.1419291e-01	2.2474037e-01	-2.2365767e-01	1.6107546e-01	-1.5987271e-01	2.5389230e-01	6.3275802e-01	-3.8515460e-02	-4.1592187e-01	-2.0853080e-02	-1.5065740e-01	-1.0793098e-01	1.0455203e-02	-1.6860327e-01	-6.3224360e-02	4.7906435e-01	-2.8654844e-02	-3.0573311e-03	1.3651387e-01	3.3408040e-01	-2.3876728e-01	2.0921618e-01	-4.3764088e-01	1.5655669e-03	-3.7112802e-01	-3.0284924e-03	-2.5486878e-01	3.6384740e-03	-4.5453018e-01	2.3880838e-01	3.2379439e-01	2.2296688e-01	-1.2642381e-01	2.4799801e-01	1.7550988e-01	-6.4282954e-01	3.3748765e-02	1.3488550e-01	-5.9480041e-01	2.3286818e-01	-1.8382782e-01	2.2894447e-01	9.3752950e-02	-1.9865829e-01	2.7728662e-01	3.8310236e-01	-1.1371454e-01	2.2577062e-01	-1.4160261e-01	-2.5456953e-01	3.7576216e-01	2.9373172e-01	1.8551734e-01	3.6780655e-01	-2.0776524e-01	3.2156415e-02	2.1955971e-01	-3.7018381e-02	3.5522375e-01	-3.5686821e-01	-2.8784519e-01	1.2703778e-01	-9.1955654e-02	1.1006054e-01	6.7937531e-02	-4.7390688e-02	-1.4497301e-01	1.7793092e-01	8.2637958e-02	1.2341381e-01	-5.5502873e-02	3.6675220e-03	-5.0136048e-01	-3.2346654e-01	1.5113017e-01	1.5050785e-01	-2.7691644e-01	-2.0454431e-01	-3.8205598e-02	2.0875700e-01	-1.8342200e-01	-1.7406692e-01	-2.6468903e-01	-9.9932559e-02	-1.2214281e-01	-1.3675088e-01	-1.8169802e-01	1.3444112e-02	-2.0733520e-01	-6.1438426e-02	-1.2822938e-02	9.2139922e-02	-2.9768789e-01	-1.3216995e-02	3.5024658e-02	-9.9867426e-02	2.2117162e-01	-1.0546060e-01	4.8453234e-02	-3.4878483e-01	1.1622742e-01	2.1916533e-01	-1.2037843e-02	2.3144294e-02	-1.5756217e-01	-2.9690409e-01	-5.3619470e-02	2.2825831e-01	-1.6459170e-01	1.8330199e-01	2.1514525e-01	-4.5253986e-01	5.0975841e-01	2.8737566e-01	1.3328110e-01	-4.2658761e-01	2.4509171e-01	2.1477184e-01	-8.7729022e-02	1.9625242e-01	-2.3494579e-01	3.3734858e-01	-1.3145468e-01	-4.1002713e-02	2.3678100e-01	-4.3928698e-01	5.1832471e-02	-1.1716091e-01	-1.4413457e-01	3.2002360e-01	-4.5104861e-01	-6.4527434e-01	1.3761094e-02	6.6713087e-02	-1.2764871e-01	5.9528049e-02	-6.8968460e-02	2.1343063e-01	4.0704575e-01	-1.3341337e-01	1.1343125e-01	-4.5309180e-01	-3.0371922e-01	2.5361046e-01	-5.9549350e-01	-4.7677193e-02	1.8114427e-01	1.6076462e-01	4.9692304e-03	4.6963426e-01	-3.9873788e-01	-8.0473743e-02	-4.5829442e-01	-3.7986243e-01	-6.4234936e-01	-5.4354888e-01	6.3950881e-02	-3.3542985e-01	1.3313884e-01	5.8764094e-01	2.1445565e-01	-1.4724872e-01	-4.0413281e-01	6.9868669e-02	5.3421968e-01	-3.5125700e-01	-4.7053283e-01	-4.0381841e-02	-7.6503670e-01	2.0008294e-01	1.6731958e-01	-2.1212509e-02	3.1915557e-01	1.2700506e-01	1.1245105e-01	-1.3593777e-01	2.2696674e-02	-1.4401340e-01	-2.1039915e-01	3.2713115e-01	8.0642164e-02	-8.6117595e-02	-1.6474186e-01	1.7514433e-01	-2.2199880e-02	-2.7046654e-01	3.0129068e-02	9.6624583e-02	-7.4939340e-02	-3.4211218e-01	1.6051595e-01	1.7142269e-01	-1.5209098e-01	1.0852247e-01	-4.8995163e-02	1.6007453e-01	1.7395937e-01	2.1853939e-01	3.5952508e-01	-2.6960912e-01	8.2853526e-02	2.8720055e-02	-4.4068003e-01	-3.6891904e-02	3.8084503e-02	3.2749748e-01	-4.2778355e-01	-2.6940960e-01	2.9915619e-01	2.9207587e-01	3.4757372e-02	-4.9323046e-01	8.7215923e-02	-6.6781215e-02	-1.8006036e-01	-3.8707172e-03	4.1416010e-01	1.1084186e-01	-1.9704430e-01	-8.6779721e-02	-2.7045932e-01	-3.0847207e-02	3.1944564e-01	-2.4889524e-01	1.3928835e-01	3.4033342e-03	2.6757932e-01	2.4634437e-01	-1.5368256e-01	1.6678049e-01	-3.0343872e-01	-1.4985052e-01	-1.0494617e-01	5.9745435e-02	-2.7192011e-01	2.8619432e-01	-1.3975691e-02	-1.2594959e-01	1.9664517e-01	-2.9643846e-01	-6.4947451e-03	-2.9646356e-02	1.7872907e-01	2.3300996e-02	-1.0606438e-01	1.5491731e-01	-3.0054414e-01	-6.3525788e-03	-1.8603343e-01	1.8498950e-01	1.2058912e-01	-1.8620118e-02	-1.2988080e-01	-2.9458473e-02	-4.5278376e-01	1.2770322e-01	1.4166206e-01	1.2431441e-01	-1.9046260e-01	2.8492922e-01	-1.4694086e-01	-7.2175287e-02	1.5458941e-01	-1.8955208e-01	2.1055675e-01	1.9858330e-02	1.0993028e-01	1.9001994e-01	-8.6405553e-02	-4.2087552e-01	-3.8439572e-02	3.5678601e-01	-9.0233479e-03	-1.9705851e-01	-5.6960497e-02	2.9112232e-01	1.9487283e-01	2.9745138e-01	-4.1203466e-01	-5.2324492e-02	-3.2212219e-01	1.3769330e-01	-3.8120240e-02	-4.4126812e-01	-2.2886567e-01	-2.6471737e-01	5.1989224e-02	1.8045577e-01	-3.1443289e-01	1.4535227e-01	-8.4601456e-01	-1.1068083e-01	-3.0756101e-02	3.8724986e-01	-3.1680712e-01	1.1043976e-01	4.5852801e-03	4.0608052e-02	2.2201127e-01	9.8226666e-02	-5.7578850e-01	-1.9282077e-01	1.8031529e-01	-8.3670348e-02	-1.4276002e-01	4.2213720e-01	-1.8925948e-01	-4.5097873e-01	1.9334997e-01	-2.2875199e-01	2.6342386e-01	-1.2430923e-01	-5.1384014e-01	9.2250519e-02	1.2440506e-01	3.3713274e-02	3.9005673e-01	-4.1609813e-02	1.3947266e-01	-3.8514194e-01	3.4195673e-01	-1.7528132e-01	-1.1312254e-01	-4.2563075e-01	-1.3630331e-01	-2.5764820e-01	-2.7416345e-01	6.6879846e-02	9.7771078e-02	-2.1649963e-01	8.4867969e-02	-2.8523326e-01	9.9293061e-02	-3.8117352e-01	-2.3760171e-01	4.4334468e-01	1.2843840e-01	-5.9134703e-02	3.8935554e-01	1.8022016e-01	-1.4094231e-01	1.4053558e-01	5.6447694e-03	-1.2699299e-01	1.2174883e-02	1.4201787e-01	1.0764299e-01	1.7729622e-01	-8.3338805e-02	-2.0442323e-01	3.3358514e-01	4.8276782e-01	2.6542248e-02	-1.2712674e-01	-1.3475676e-01	-3.3457243e-01	2.2809666e-01	5.6729913e-02	-5.4619783e-01	-3.3861056e-01	-9.8869294e-02	3.4854177e-01	-2.1285444e-01	4.5131553e-02	2.1135497e-01	-4.8702648e-01	-2.7054638e-01	3.4410492e-01	-4.7044230e-01	1.5188436e-01	7.4116439e-02	4.6671405e-01	-1.3405482e-01	3.7405959e-01	-3.5777459e-01	9.6256353e-02	2.5546557e-01	-4.0707674e-02	-2.2908048e-01	-2.1696767e-01	-4.0557650e-01	1.2750813e-01	1.8485413e-01	4.1340005e-01	-2.9128072e-01	-3.0929467e-01	-6.0671484e-01	1.0512331e-02	-2.2304548e-01	1.9028032e-01	-3.3106121e-01	1.2140840e-01	-6.1395612e-02	1.8713163e-01	2.0840671e-02	-4.8260620e-01	4.6039444e-01	6.9736525e-02	-1.5612592e-01	-1.5006085e-01	1.5433481e-01	-3.2418767e-01	1.2634088e-01	-2.7158761e-01	2.8399122e-01	1.2109245e-01	1.4602944e-01	-3.2010922e-01	1.4111049e-02	1.2788759e-01	2.9990923e-01	-4.8815036e-01	1.8229312e-01	1.8705954e-01	-4.0901861e-01	1.3296032e-01	2.1480627e-01	-1.8773672e-01	-2.3952766e-01	-3.8097212e-01	4.1160811e-02	-3.7919131e-01	-4.4565561e-01	-2.0949174e-01	1.5729880e-01	-2.2806753e-01	-2.3250072e-01	3.0198294e-01	6.9012851e-02	-2.6381147e-01	-2.6193550e-01	-4.9184376e-01	-1.9001155e-01	3.1156307e-01	1.1939913e-01	-2.3504408e-01	2.7776349e-01	-7.1421385e-02	3.5447648e-01	2.3108485e-01	-3.9539424e-01	8.3809979e-02	1.5340592e-01	-4.0305519e-01	-6.4631701e-02	5.5181168e-02	2.1646869e-01	-1.0229659e-01	8.6747609e-02	2.3571895e-01	1.6188236e-01	1.5157694e-01	-2.7028143e-01	-2.2536229e-01	-2.8859046e-01	2.1353289e-01	2.1681811e-01	-1.5089853e-01	-3.3836162e-01	5.0493342e-01	-6.7877658e-02	-5.6452924e-01	1.3105586e-01	-2.4893853e-01	6.0275394e-02	4.7622949e-01	1.6169147e-01	-4.3457374e-01	-3.3685401e-01	-2.4072515e-02	5.0369080e-02	1.2356412e-01	-1.2154638e-01	-2.5194468e-02	1.0742251e-01	-4.1192070e-01	3.3837035e-01	-1.1314825e-01	-3.0141121e-01	-3.0487804e-02	1.9650540e-01	-1.6397287e-01	-2.4914274e-01	-8.3810788e-01	-9.0046436e-02	-2.3328066e-01	-3.5931937e-02	-6.4383015e-02	8.5540757e-02	3.0092603e-01	4.2604470e-01	-1.1515015e-01	5.3258795e-01	1.1132150e-01	7.7985384e-02	-4.8223886e-01	2.4034661e-01	-2.2444765e-01	-2.7670220e-01	-1.0165575e-01	2.0627755e-01	-3.2296145e-01	2.0029645e-01	-1.4668550e-01	1.3539410e-01	2.5356991e-02	3.5329711e-02	-1.6057125e-01	3.2283849e-01	1.7246108e-01	-3.9222726e-01	-4.5367688e-01	1.3415101e-01	5.8761898e-02	-1.7625473e-01	-5.0673556e-01	-8.9712992e-02	-5.1024562e-01	1.5394996e-01	1.9537719e-01	-1.6154717e-01	2.2671777e-01	-2.5557196e-01	-2.4924734e-01	-4.4570890e-01	-7.4134603e-02	-1.9908983e-01	-1.8270262e-01	4.5368195e-02	-1.8627143e-01	7.9375930e-02	-1.4732370e-01	2.1168558e-01	-2.2476557e-01	1.6019918e-01	-1.1014315e-01	4.6078715e-02	-8.8395417e-02	-2.3475122e-01	-2.8991851e-01	-4.6787886e-03	2.2326142e-01	-2.5323117e-01	-1.9796138e-01	-2.6625964e-01	2.8126159e-01	1.0533898e-01	3.2662807e-03	-1.6269970e-01	-6.0668763e-02	-9.2408396e-02	-1.8420362e-01	-2.8214380e-01	-7.3521130e-02	1.8215007e-01	-6.5638281e-02	4.1530403e-01	1.6099146e-01	2.3597956e-01	-1.3739318e-01	-2.9626951e-02	-2.9645926e-01	3.6813796e-02	-3.6529028e-01	2.1916325e-01	7.3657230e-02	2.0309792e-01	-2.4486998e-01	4.5905015e-01	-1.2415365e-01	3.0309185e-01	8.0843203e-02	2.8943107e-01	-2.9211250e-01	-1.4207452e-03	-3.8830394e-01	-1.6912051e-01	2.2198185e-01	1.0395189e-01	2.1072488e-01	-1.6428472e-01	-5.3970349e-01	8.4186167e-01	-4.0841796e-02	-2.4589588e-01	-1.9301730e-01	1.2500346e-01	1.0653390e-01	5.3046517e-02	-3.2056361e-01	-4.2449984e-01	3.0505937e-01	-3.6172208e-01	-2.2696275e-01	2.7917618e-01	2.5833309e-01	1.9683263e-01	5.8478396e-02	1.7106166e-01	-1.5999350e-01	-4.9696501e-02	-4.4328734e-01	-2.1611589e-01	-1.0010459e-01	-3.9442232e-01	-5.6711453e-01	2.5493985e-01	5.8512944e-01	-5.9854221e-01	-1.1392041e-01	-2.0285839e-01	2.0345806e-01	1.9973493e-01	1.5984233e-01	-2.7523831e-01	2.3691943e-01	-3.3871809e-01	-2.4113825e-01	-1.5255161e-01	-1.2943067e-01	-1.4033163e-01	2.8146577e-01	1.9843422e-01	-8.0528200e-02	3.6708754e-01	3.9598793e-01	1.3223828e-01	-2.4849248e-01	2.7506357e-02	-2.6812851e-01	1.2922306e-01	-7.9931408e-02	-2.7379870e-01	3.0236786e-02	-2.0012927e-01	5.2633867e-02	1.7376488e-01	-1.2418812e-01	2.1618479e-01	-5.2655775e-02	-3.4594664e-01	1.7274874e-01	-1.0003150e-01	-3.6197031e-01	-2.7059197e-01	7.5904615e-02	8.6444758e-02	-1.5083405e-01	-8.1918485e-02	-2.2031458e-01	1.8603896e-01	6.0424116e-02	3.2266286e-01	-1.6255137e-01	-4.2624956e-01	2.7810782e-01	-1.2214613e-01	5.5762749e-02	3.1316298e-01	2.9127800e-01	7.4790649e-02	1.1248752e-01	-1.6355251e-01	7.4136198e-02	1.2922058e-01	3.4358466e-01	2.8689148e-02	5.2957769e-02	1.5187910e-02	-1.0956519e-01	-1.9858766e-02	5.2122301e-01	-4.3513262e-01	1.7333019e-01	-2.7658582e-01	-1.0635465e-03	2.8003143e-02	2.4996173e-01	7.1624391e-02	-5.7486728e-02	-2.6477799e-01	6.9093086e-02	1.7302185e-01	-9.9203043e-02	4.4986278e-02	-1.8851884e-01	-3.7210524e-01	5.1068658e-01	1.3581105e-01	-2.9989809e-01	1.7190233e-01	3.7227792e-01	6.0711503e-02	3.6623022e-01	-1.5172960e-01	2.3990141e-01	-5.0322782e-02	1.4571510e-01	3.5264349e-01	-8.0838412e-02	-5.1220101e-01	1.2353214e-01	3.3731726e-01	2.3104292e-01	8.4558971e-02	-1.6141243e-01	-5.7800602e-02	-2.8209391e-01	2.7543876e-01	2.6334512e-01	-2.0900275e-01	-1.8432502e-01	-5.0393486e-01	-3.6578000e-01	-2.7884924e-01	1.6051920e-02	-3.3206558e-01	7.4109010e-02	-8.0879480e-02	-1.7793047e-01	2.0363763e-01	3.5501081e-01	-8.4009454e-02	-3.0270395e-01	1.8999040e-01	-2.0293936e-01	2.7967408e-01	2.2070473e-01	2.3756135e-01	2.8119442e-01	-2.3913445e-01	-9.7842820e-02	4.7203469e-01	3.3932140e-03	-1.3734746e-01	1.0255064e-01	4.6779272e-01	3.6211789e-03	-1.3003826e-01	6.0921036e-02	2.8339285e-01	-1.3138640e-01	-6.0996950e-01	3.4915555e-01	1.4199702e-01	6.9111601e-02	-9.6643813e-02	3.9205510e-02	-2.7609584e-01	2.4908164e-01	3.3227432e-01	4.1018283e-01	1.4767087e-01	-3.4790403e-01	-2.1812490e-01	5.5570179e-01	-5.9696376e-02	4.6268171e-01	-3.8121608e-01	1.3703349e-01	-1.3599189e-01	-3.4118809e-02	1.7670909e-01	5.7826731e-02	-2.6305908e-01	3.0177549e-01	3.5276017e-01	1.5703848e-01	-1.5868729e-01	-3.5887718e-01	-1.1511538e-02	5.2725755e-02	2.6712338e-02	5.7446651e-02	3.0438086e-01	1.5876225e-01	-1.6235095e-01	-2.7802637e-01	2.5815275e-01	-9.6326515e-02	-2.7981228e-01	9.4464242e-02	-1.8156072e-01	-1.5102246e-01	1.2226678e-01	2.2716753e-01	7.8237846e-02	-1.9734643e-01	-2.4127963e-01	-2.8207710e-01	1.3860215e-01	-1.5722384e-01	-2.7816549e-01	-1.4395627e-01	9.1421921e-03	2.3826806e-01	-1.8825695e-01	-5.3918291e-02	-2.9217902e-01	-2.0882063e-01	2.3567409e-03	-1.7513640e-02	-1.7444845e-01	-1.9515479e-01	-7.1510710e-02	5.9477609e-02	2.4713583e-02	-1.7766844e-01	1.2798620e-02	-2.1085176e-01	-7.1122721e-02	-4.1626775e-01	4.3930314e-02	4.4747791e-01	-2.8990695e-01	-1.9407590e-01	2.9948903e-02	1.2439299e-01	1.0692244e-01	3.9224589e-01	-1.5191548e-01	3.9130339e-01	-2.5123483e-01	-1.2157229e-01	4.3517280e-01	2.1372582e-01	-4.9040717e-01	-3.9479374e-03	-4.5127399e-02	-2.2145947e-02	-3.4327060e-02	4.8706330e-02	1.1132166e-01	-1.6896357e-01	-5.4885082e-02	-1.9953701e-01	9.7354859e-02	-1.2146656e-01	1.9678453e-01	-2.9086979e-02	1.5335089e-01	8.1147559e-02	3.8608834e-01	-7.5098246e-01	1.6950561e-01	-4.6415725e-01	-4.7727001e-01	5.9834635e-01	-1.8339562e-01	-2.4964365e-01	1.4016281e-01	5.9173942e-01	-9.9863142e-02	5.7648814e-01	-4.7813952e-01	-1.4322989e-01	1.4837930e-01	-2.3121700e-01	-2.2591890e-01	2.9218149e-01	-3.3322599e-02	2.1923982e-01	3.7903689e-02	-4.0148646e-01	1.6668983e-01	-2.5933534e-01	1.7925905e-01	4.5544901e-01	-1.1548407e-01	-5.5440509e-01	1.1418748e-01	2.1909390e-01	-1.4594847e-01	5.9863437e-02	-5.3702234e-03	1.3868453e-01	-6.5182084e-01	-1.7933242e-01	2.3606153e-01	-6.4214253e-01	4.4378403e-01	3.1681356e-01	-2.7780893e-01	-3.9175442e-01	2.2325248e-01	-1.7797026e-01	2.4405427e-01	9.2196882e-02	-2.7898515e-02	-3.0531174e-02	6.2975295e-02	1.3830687e-01	5.2363418e-02	-2.4416892e-01	8.4194310e-02	-7.7404216e-02	-1.2153361e-01	-1.1558733e-01	-1.8390846e-01	2.8343001e-02	-3.9249489e-01	2.4599527e-01	-5.2391392e-01	-1.1853845e-01	-2.6664668e-01
5.3980982e-01	2.8337640e-01	-3.6684906e-01	3.4873480e-01	2.4422115e-01	3.8709784e-01	1.9405060e-02	-4.1859323e-01	9.8713332e-01	1.9316440e-02	-3.6152661e-01	-3.2138652e-01	3.6367917e-01	-4.2225534e-01	2.6677176e-01	3.8317677e-01	3.0312929e-01	-3.2650208e-01	-5.7900608e-01	4.1712528e-01	-2.6179224e-01	3.3241475e-01	3.8483498e-01	-4.1865835e-01	1.4633653e-01	3.1114936e-01	-2.4570437e-01	2.5376782e-01	3.3462706e-01	-2.2548833e-01	-5.9607804e-01	-7.3931080e-01
