9
input	9
dense	32
relu	0
dense	32
relu	0
dense	32
relu	0
dense	1
linear	0
7.999999979801942e-06
-4.1311596e-02	7.1644601e-03	-5.1838201e-02	-1.9678008e-02	1.0155514e-02	-4.0013883e-03	1.8393114e-03	2.7554184e-02	9.7052967e-03	-3.0340794e-02	-8.0876760e-02	2.7969662e-02	3.4253240e-02	4.8326332e-02	8.7174192e-02	-4.2352412e-02	2.6696347e-02	-2.3143632e-02	-8.5989051e-02	-1.2675497e-01	-1.1869971e-01	-2.3059206e-02	1.1782343e-02	-9.5197611e-02	6.5791309e-02	-2.4277011e-02	-6.5289021e-02	4.8424553e-02	-7.7078544e-02	-1.0297591e-01	-2.5474166e-03	-7.0024341e-02
5.0935633e-02	-1.6558891e-02	-6.6272974e-02	-1.2766829e-01	-4.6052214e-02	7.7749856e-02	4.4196080e-02	-1.9976912e-02	-4.8125456e-03	3.4574542e-02	-3.9229680e-02	-9.3464280e-04	-3.7063342e-02	-2.4556324e-02	-2.2714373e-02	-9.4932765e-02	1.5335457e-02	-2.2160124e-02	-3.4814395e-02	-7.7111400e-03	4.1262202e-02	-1.7216559e-02	-2.2432215e-03	-1.5064945e-02	1.4651866e-02	7.9668604e-02	-2.1582348e-02	3.2627046e-02	-6.9751255e-02	1.8683188e-02	6.7118856e-07	1.9502075e-03
-3.9969157e-02	-1.0088545e-02	-7.7055283e-02	2.9168921e-03	1.2508344e-02	1.9498293e-03	-5.8032408e-02	-1.0627775e-01	-3.0779401e-02	7.8450860e-03	-4.0824525e-02	3.6971122e-02	-3.3029199e-02	-2.8348198e-02	-1.7063274e-03	9.2393700e-03	-7.1974032e-02	7.6794297e-02	4.6803299e-02	-1.0278394e-01	-2.8037927e-03	-1.0390921e-01	-5.3039556e-03	-5.1889740e-02	-1.1023972e-02	-4.2066418e-02	-3.8525380e-02	-5.4276124e-02	6.4176828e-02	3.3584726e-03	-8.5895717e-02	5.6272955e-03
-1.2221197e-02
1.5677166e-01	-1.5721540e-01	9.0023890e-02	-3.1926632e-01	-1.1632637e-01	2.1004692e-01	2.3207171e-02	6.0573131e-01	-2.8974882e-01	5.4263097e-01	-2.0532763e-01	1.5614739e-01	-1.2405843e-01	2.1801541e-02	-3.7610543e-01	-5.7612777e-02	3.1695411e-01	1.7714104e-01	2.2869651e-01	1.6477114e-01	-2.0853727e-01	-4.4199090e-02	1.6992868e-01	-3.7141688e-02	1.3834207e-01	8.1114936e-01	-5.6152802e-02	3.8264638e-01	5.7885692e-02	3.6377433e-01	-3.2444754e-01	-3.8802439e-01	-5.1487982e-02	-1.1436786e-02	1.7102452e-01	-4.9200463e-01	2.6482907e-01	-5.4428220e-02	-3.1950939e-02	-4.9355143e-01	-2.9374355e-02	-1.3646334e-01	-6.8434723e-02	-4.3160887e-03	4.9800164e-01	-1.4809828e-01	2.0740733e-01	-2.4391036e-01	1.2956138e-01	-2.0291735e-01	5.1486433e-01	-1.3384108e-01	1.6170126e-01	-3.3308944e-01	-4.9898800e-01	3.9688267e-02	1.0710165e-01	7.8378767e-02	-2.0075484e-01	-9.0562418e-02	7.7532325e-03	-3.5304239e-01	-5.0528884e-01	-1.1182225e-01	-3.3308512e-01	-2.6647297e-01	2.8070176e-01	3.3556092e-01	-1.0220978e-01	5.9369866e-02	-4.4742388e-01	6.9234324e-01	1.6322531e-02	3.9746714e-01	-3.1303215e-01	4.5749792e-01	-1.5589949e-01	-3.7155271e-01	-9.6045143e-04	-1.0535455e+00	2.3545316e-01	-2.0364609e-01	-2.3062280e-01	3.6192793e-01	1.6220656e-01	-1.4455171e-01	4.1391593e-01	1.1461513e-01	-1.9109018e-02	-1.9232951e-01	-3.7172586e-01	-3.3463204e-01	-3.8752034e-01	1.3142759e-01	2.1753591e-01	-9.7167164e-02	1.8140438e-01	3.2266626e-01	5.4229289e-01	-1.8797097e-01	4.8859686e-01	2.3027855e-01	1.3384713e-01	-2.2503044e-01	-4.5987073e-01	-1.1947204e-02	-6.0223214e-02	1.8040453e-01	5.3641718e-02	6.8131924e-02	7.8547120e-02	2.4538285e-01	-2.8234422e-01	1.0421519e-01	-1.0909241e-02	1.2378358e-01	5.4610884e-01	1.8991804e-01	3.5723288e-02	-1.6121089e-01	1.7658716e-01	-4.6492472e-02	-2.6693630e-01	1.4165508e-03	-1.1123275e+00	-9.3417205e-02	2.3462978e-01	3.2022724e-01	1.2888472e-01	1.9878188e-01	-3.4209779e-01	-4.9656808e-01	-6.4944220e-03	3.5489406e-02	-1.7800486e-01	-1.3586277e-01	-2.5520208e-01	1.2385769e-01	1.9654773e-01	3.2461876e-01	-6.8582304e-02	5.4336097e-02	6.4657122e-01	-8.3507121e-01	-4.5614436e-01	3.1588981e-01	4.1800275e-01	-1.1804886e-01	-4.0887266e-01	2.1069922e-01	-1.6169585e-02	-4.1598331e-02	1.0809152e-02	-1.1548298e-01	3.9987651e-01	-1.5905739e-01	-5.9495948e-02	1.7253886e-01	-3.0653143e-01	3.2941237e-02	-4.1368866e-01	-1.2120898e+00	1.1438569e-01	-2.6593173e-01	-1.0598591e-01	1.2947693e-01	2.4584486e-01	2.9385826e-01	2.7063053e-02	-6.6127419e-02	3.1313616e-01	-4.5342973e-01	1.1794827e-01	2.8788316e-01	3.1585664e-01	4.2688545e-02	7.8344559e-03	1.1684654e-01	9.4725989e-02	-4.8830611e-01	2.3260862e-01	1.5908487e-01	-4.1467834e-01	2.8428501e-02	1.2986682e-01	1.9494392e-01	2.6918019e-04	5.5220312e-01	2.9110800e-02	-8.2149683e-03	-7.2446749e-02	2.6902223e-01	2.3053728e-01	-3.0295983e-01	1.7543294e-01	3.7647471e-02	-1.0729392e+00	-1.0256085e+00	7.7972358e-01	-1.5232663e-01	4.3761097e-02	-2.0674634e-01	-1.3721281e-01	-4.4498754e-01	-1.5925866e-02	-1.3409764e-01	1.1570540e-01	1.2303532e-01	-2.0986697e-01	-5.4722827e-02	1.9993998e-01	-4.1459599e-01	3.6797279e-01	-1.5193403e-01	5.8144891e-01	-1.2970741e-01	-1.9049239e-01	1.3921854e-01	9.4425648e-02	7.7559285e-02	3.9674640e-01	-2.2319500e-01	-3.3574957e-02	7.7593595e-01	-8.9968294e-01	1.6302496e-01	1.7257079e-01	3.2607722e-01	6.4633816e-02	6.8613759e-04	-5.0178790e-01	-1.1980524e-02	3.1520247e-01	-1.0494084e-01	-4.4680744e-01	2.6746249e-02	-3.1090251e-01	-3.4424058e-01	-1.8644853e-02	1.1288952e-02	-1.2936032e-01	2.7927181e-01	-2.4263170e-01	1.8317989e-01	6.3314271e-01	-1.9929148e-01	1.3606888e-01	-3.3248848e-01	-4.2507041e-01	4.4981230e-02	1.2595749e-01	1.7168600e-02	4.8434752e-01	-1.0591775e-01	7.3812224e-02	-2.0059234e-01	-2.2325753e-01	-5.1012588e-01	6.4067639e-02	-1.4197721e-01	4.6048394e-01	-5.2313199e-03	3.6291432e-01	-1.4664361e-01	1.3713539e-01	1.3132803e-01	-4.1961964e-02	-1.1464121e-01	3.5504431e-01	4.2745575e-01	5.2705681e-01	-2.5616953e-01	1.5487650e-01	7.2419137e-02	5.4797623e-02	-6.0556638e-01	-1.1101091e-02	-6.2920414e-02	1.2386352e-01	1.4771815e-01	8.5895501e-02	2.1163315e-01	1.8746501e-01	8.9728355e-02	-5.5732810e-01	-1.0580277e-01	-5.6727713e-01	-4.8985595e-01
1.3993917e-01	-1.7364831e-01	-1.9206466e-01	-3.5499111e-01	-9.9791670e-03	1.0783433e-01	1.6003338e-01	2.8555092e-01	-2.7805841e-01	1.6774308e-02	-5.7067793e-02	-5.9319627e-01	-2.0481789e-01	3.3788312e-02	-1.5225801e-01	8.5414918e-03	2.7800673e-01	1.0625646e-01	2.5012591e-01	3.8138140e-02	2.8957814e-01	-3.8369954e-02	-4.1800609e-01	3.0499870e-01	-1.2712507e-01	-2.5088927e-01	-4.5334153e-02	-4.6029884e-01	-2.6395562e-01	-9.5442913e-02	2.0994085e-01	-1.3103729e-01	-2.2509240e-01	-3.2751328e-01	2.8282687e-01	-9.0835907e-02	2.1309888e-01	-1.7682564e-01	-2.1457148e-01	-2.4004893e-01	-2.5908631e-01	1.3035376e-01	-1.7660271e-01	-3.1098655e-01	5.6226980e-02	5.7176035e-02	-2.6569486e-01	1.0497300e-01	-2.3016420e-01	-3.1146181e-01	-2.7834913e-01	-7.9453895e-03	-3.1554360e-02	-1.1105476e-01	-2.4135122e-02	-6.7385942e-02	1.1752740e-01	-5.2959770e-02	-2.0385402e-01	1.6952683e-01	-1.3457355e-01	-1.5837821e-01	-3.8036589e-02	1.2839442e-01	1.0470266e-01	-1.3361320e-01	2.8621617e-01	6.5953545e-02	-8.5733876e-02	7.6507933e-02	2.2530691e-01	-4.9343586e-01	-1.7476936e-01	1.0972495e-01	1.5347150e-01	-3.5639527e-01	-1.7763248e-01	-3.5323976e-03	-1.4204468e-01	5.5777170e-03	-2.2604963e-01	2.4282826e-02	1.2434007e-01	2.4834067e-01	6.2581018e-02	-2.4048036e-01	-2.6050672e-01	1.2475992e-01	1.3349894e-01	8.7928928e-02	3.8793626e-01	2.3703654e-01	6.0261205e-02	-2.9006192e-02	-2.6897749e-01	-1.9800181e-02	-3.4220433e-01	-1.3413814e-01	-6.4387836e-02	3.5614017e-01	-3.2986978e-01	-8.7055989e-02	1.6516495e-01	-1.0322361e-01	5.3239606e-02	5.4706093e-02	-3.2083407e-02	-5.8139186e-02	-5.1348090e-01	1.5838476e-01	2.3357134e-01	-3.0371007e-01	1.2152541e-01	3.9291108e-01	-6.0781144e-02	1.0056337e-01	-2.2424625e-01	4.3096304e-01	1.2900315e-01	3.9001964e-02	2.1549526e-01	-1.8142715e-01	1.6980405e-01	-2.6622114e-01	-7.9033244e-01	-2.4197318e-01	4.7122259e-02	5.2775409e-02	-3.3615643e-01	1.5061207e-01	2.4143251e-02	-4.3351665e-01	4.3753389e-02	2.6155313e-02	3.2134570e-02	-2.9196420e-01	5.7726186e-02	-2.5037038e-01	9.6786864e-02	2.0792684e-02	3.7949514e-02	-8.0692142e-02	2.4360834e-01	-1.7062958e-01	-1.6465507e-01	8.4431455e-02	1.8437091e-01	-1.8437421e-03	8.0088541e-02	-3.9752796e-02	6.1097616e-01	-2.7968595e-03	-7.7714115e-02	1.9022594e-01	1.9310546e-01	3.3575751e-02	2.1104090e-01	8.7586135e-02	5.8977246e-01	-1.2210864e-01	-2.7690819e-02	-5.3442333e-02	-2.2863978e-01	-4.0700573e-01	3.5543185e-01	-3.6631846e-01	-4.2410681e-01	-7.8386295e-04	-3.4366012e-02	7.1280546e-02	1.2210394e-01	2.6896539e-01	1.6539952e-01	-7.9618537e-01	-3.7308291e-01	2.6590961e-01	4.7743094e-01	-3.8169032e-01	-1.0866085e-01	7.6499917e-02	-2.1259297e-01	-4.1640794e-01	-6.2142020e-01	-1.6622745e-01	-1.9971316e-01	-3.1903088e-01	-1.7130128e-01	-4.0404397e-01	-9.3610652e-02	4.8890136e-02	-1.6142225e-01	-3.1059238e-01	4.0783909e-01	1.8921031e-02	8.4446967e-02	2.0642465e-01	1.2677260e-01	2.0586644e-01	-1.0428556e-01	-3.3189484e-01	-6.0640454e-01	-2.4516517e-01	2.1226583e-01	-3.2288587e-01	2.1387167e-01	-3.8975319e-01	-3.5138059e-02	1.2926577e-01	-3.6156151e-01	1.8233132e-01	-8.2910948e-02	-2.6916784e-01	-7.1551047e-02	-2.1204349e-02	1.6456620e-01	-1.2288085e-01	1.5691845e-01	2.2339549e-02	3.0957758e-03	-1.7697039e-01	1.1911754e-02	-2.5984243e-01	-9.1869807e-01	1.7277890e-01	3.5408467e-02	4.3519359e-04	4.0965992e-01	-1.2173048e-01	-2.2546118e-01	1.5507087e-01	2.4322130e-01	2.6205435e-02	-4.9365631e-01	-2.8813021e-02	-1.7049161e-01	-7.3391241e-01	1.9102991e-01	-1.1897137e-01	-1.3483465e-01	1.8324263e-01	-4.9792108e-01	-4.7370112e-03	-1.1446875e-01	3.2090276e-02	1.8555209e-02	-2.4385853e-01	2.1201015e-01	-1.0324024e-01	2.5635210e-01	-1.0687860e-01	1.0073050e-01	6.5313829e-03	6.5199673e-02	1.6872537e-01	-2.0152162e-01	2.2872189e-02	-9.4602443e-02	3.6609304e-01	-5.8263298e-02	-1.0502670e+00	1.7848779e-01	-1.8024828e-01	-1.1424733e-01	1.0563911e-01	-4.8098764e-01	-7.1945906e-01	1.1998057e-01	-5.1758093e-01	-3.7426060e-01	-4.6345431e-02	-1.6742331e-01	-2.1037887e-01	-1.7835456e-01	-1.1282072e-01	-6.9407904e-01	-9.8964304e-02	2.4356051e-01	-2.2377148e-01	6.5020037e-01	3.5848454e-01	-8.3184665e-01	-1.3259387e-01	1.9649848e-01	2.1016634e-01	4.3382615e-01	-5.4267031e-01	5.2373427e-01	-1.6933690e-01	-5.3869490e-02	4.2435315e-02	-2.1325883e-01	-1.0454869e-01	1.9613534e-01	2.1813985e-02	7.6800048e-02	4.9025264e-02	-2.7755019e-01	3.9208466e-01	3.4307405e-01	2.4441047e-01	-2.6270827e-02	-1.3347593e-01	-4.4403076e-01	-1.5450311e-01	4.7049224e-01	8.2741559e-02	-4.6307527e-02	-1.7328523e-01	-2.5904986e-01	7.7563561e-02	-6.0094172e-01	-1.6095771e-01	-5.8185492e-02	1.8611471e-01	2.1205373e-01	-2.6978335e-01	1.4837068e-01	1.7821778e-01	-6.8585664e-01	1.7286363e-01	2.5799522e-01	1.5421258e-01	2.7927303e-01	-7.4277157e-01	-2.1909477e-01	-1.1857178e-01	-6.9099545e-01	5.5070456e-02	4.3929815e-01	-2.5902507e-01	-2.8634569e-01	-7.5520873e-02	1.9665365e-01	3.8592014e-01	2.3461701e-01	-1.4868757e-01	-1.5635839e-01	-5.3430492e-01	-1.2310679e-01	-1.2615344e-01	-1.2569119e-01	-3.7831850e-03	-1.8703477e-01	2.7074325e-01	-1.7427564e-01	4.7736371e-01	1.2698854e-02	2.8348106e-01	-3.7370765e-01	3.6934432e-01	3.1270224e-01	1.1952324e-01	4.4427538e-01	-4.4257277e-01	1.0529116e-02	-7.7105232e-02	-1.1206742e-01	-1.7307068e-01	7.3562421e-02	2.2641544e-01	1.6853154e-01	3.5580719e-01	5.4983553e-02	-1.9415189e-01	-1.4617127e-01	1.3606402e-01	-2.2904165e-01	1.8366688e-01	7.8893162e-02	1.9952871e-01	-2.1155261e-01	2.6861215e-01	1.3459112e-01	3.2931307e-01	-3.1817797e-01	-1.0899179e-01	1.8439163e-01	-2.7525356e-01	-5.6065726e-03	-2.7901158e-01	-2.5209165e-01	-1.7429996e-01	8.0007896e-02	-2.7229029e-01	-1.6662766e-01	2.4872904e-01	-7.1139544e-02	-4.5098305e-01	7.9842865e-02	-3.6906216e-01	6.7915460e-03	3.3364737e-01	3.6381954e-01	-1.3356902e-01	7.1947552e-02	4.6990305e-01	-4.7087494e-02	-1.7565961e-01	2.7991590e-01	-1.2807152e-01	-2.2432332e-01	-7.2318427e-02	-1.7595660e-02	8.9604907e-02	-8.7815732e-02	2.9508168e-02	-8.5742220e-02	1.7919976e-01	1.0461130e-01	3.5955176e-01	2.4405530e-02	4.5564216e-01	-9.8761305e-02	6.3994937e-02	2.7159828e-01	-6.3613079e-02	-2.3152389e-01	-1.6471437e-01	-8.7908484e-02	1.2764028e-01	2.2244209e-02	-2.3215169e-01	-1.1657704e-02	-1.2499665e-01	-1.0520907e-03	-1.9694585e-01	-1.0355993e-01	-2.1197659e-01	1.2016458e-01	-9.2594996e-02	-2.2653493e-01	1.9602083e-01	-1.9666566e-01	-2.0467164e-01	-2.2888854e-01	2.2182231e-01	-3.1549400e-01	1.3329992e-01	-1.4014864e-01	-2.4963589e-01	-1.1778917e-01	2.5649130e-01	-2.9711443e-01	9.1709986e-02	2.8334481e-01	1.4510150e-01	-1.3880065e-01	-2.7787027e-01	-1.0524365e-01	-1.6620390e-01	-4.3967366e-01	2.0529595e-01	4.0805865e-02	2.3461188e-01	-3.7900358e-01	1.3780001e-01	7.2433746e-01	-1.5667768e-02	2.4071213e-02	4.1440651e-02	3.7634816e-02	1.1153039e-01	2.6657039e-01	-6.3571401e-02	-2.1790592e-01	1.0775490e-01	2.4146169e-01	5.3668790e-02	8.8348836e-02	4.2384064e-01	4.6374163e-01	-1.0744861e-01	-2.9719761e-01	-1.1319020e-01	-6.0774845e-01	-9.6564464e-02	2.4108772e-01	-3.2843634e-01	7.8574061e-01	1.3467994e-01	4.3722510e-01	2.8688848e-01	-2.1585847e-01	-5.8937997e-02	7.6727986e-02	2.1111430e-01	1.6918547e-01	-1.0535526e-01	4.1573707e-02	-1.4844932e-01	5.6858651e-02	1.4243534e-01	-3.8832474e-01	3.7412938e-01	1.5957394e-01	5.1520687e-01	-2.2733523e-01	4.0948910e-01	-2.5301969e-01	7.9125606e-02	6.4342715e-02	2.9011902e-01	-2.2092527e-02	-2.5264481e-01	1.3282579e-01	9.1748998e-02	1.8029447e-01	-2.9490420e-01	2.4593514e-01	-2.4316473e-01	2.1140581e-01	1.4545435e-01	1.5136407e-01	-3.9200085e-01	-1.9167224e-01	7.4936457e-02	-1.4411169e-01	-2.1381025e-01	3.1062931e-01	-1.0614762e-01	-3.3381918e-01	-2.5007159e-01	-5.4890867e-02	4.4298825e-01	-1.6136447e-01	-1.0004229e-02	3.3766234e-01	3.7660354e-01	3.9752385e-01	2.0918736e-01	1.1763556e-01	1.9568019e-01	3.9359957e-02	-1.3170657e-01	8.3857989e-03	-5.0711934e-02	3.6627728e-02	-1.1136595e-01	1.5697098e-01	2.5870061e-01	-2.4425204e-01	1.7853943e-01	-3.4918332e-01	-8.7564766e-02	5.9716336e-02	7.1427613e-02	1.8166517e-01	-1.5987067e-01	-2.1153066e-01	8.8262759e-02	-6.4585321e-02	-2.5503507e-01	-6.0667880e-02	1.3015340e-01	-2.7177307e-01	1.4905709e-01	-1.8226995e-01	7.3644266e-02	-1.1517110e-01	-2.7604941e-01	-2.8828699e-02	7.7030130e-02	-2.8631020e-01	-1.3320778e-01	-9.9712767e-02	-7.4056901e-02	-1.7193848e-01	1.3259649e-02	4.6582717e-02	-2.2600031e-01	-2.6742604e-01	-1.5206079e-01	-2.1976453e-01	-2.8766492e-01	1.1528794e-01	1.0989181e-01	3.7343633e-01	3.6991072e-01	1.8872227e-01	2.3917218e-01	-1.4618430e-01	2.7960283e-01	2.3883618e-01	-9.5730893e-02	-7.8932148e-01	-1.7092989e-01	-9.7963065e-02	-6.7592603e-01	-3.6097652e-01	1.6854599e-01	3.4580508e-01	1.4285193e-01	-6.9839612e-02	4.7456995e-01	1.7395079e-01	-2.3224291e-01	2.4026713e-01	1.4288147e-01	-1.1921698e-01	-9.4760016e-02	2.1515700e-01	2.6120213e-01	-1.9121449e-02	1.2645774e-01	-8.7446123e-02	-1.8224156e-02	-4.8635134e-01	-2.0740025e-01	-4.1826871e-01	3.4676835e-01	1.8538134e-01	-7.1392286e-01	-1.9485556e-01	-1.3319004e-01	-1.5644675e-01	-1.6928151e-01	-5.3037493e-03	5.7856530e-02	-3.0044067e-01	1.0959585e-01	1.6597487e-01	-2.6752540e-01	1.4524445e-01	-8.5596986e-02	1.9714074e-01	2.8809053e-01	2.4000263e-01	-4.1819789e-02	1.7046714e-01	-3.3361727e-01	5.5926591e-01	5.0586302e-02	4.0411344e-01	1.4490564e-01	-2.4818195e-01	-9.2775347e-03	2.4464966e-01	4.0079153e-01	4.8532224e-01	2.8389600e-01	-8.1129655e-02	8.0223493e-02	-4.0243253e-02	1.0145013e-01	-1.2417541e-01	2.1496302e-01	-2.7077984e-02	1.9116265e-01	-5.0380760e-01	7.1175054e-02	2.2696060e-01	-4.7924349e-01	2.6481166e-01	2.3484167e-01	-3.0639079e-01	-5.4568794e-02	-3.7876794e-01	-2.2042759e-02	2.2872688e-01	2.2344399e-02	-7.8725610e-03	-9.6692272e-02	-2.7127352e-01	3.0166107e-01	-2.5127164e-01	-2.0590676e-01	-1.5149389e-01	-4.6690911e-01	-4.9938312e-01	-1.0090085e-01	-3.3542773e-01	-2.8059203e-02	-1.8832405e-01	1.8582797e-01	1.0657821e-02	-1.0457036e-01	-7.9037316e-02	-2.2726377e-02	1.6354363e-01	-2.8926727e-01	4.2735082e-01	-8.9733392e-02	4.0872097e-02	7.5740135e-01	9.3877818e-03	-2.5023097e-01	4.5370808e-01	4.9290121e-02	-1.2146114e-01	-1.2963493e-01	2.0914288e-01	2.0925906e-01	1.7867951e-01	-8.6215101e-02	-1.6004486e-01	-1.3262728e-01	-4.6115341e-03	-4.1007876e-02	5.2339407e-03	4.4174328e-01	6.1510514e-02	2.2559622e-01	3.0034903e-01	-6.1874633e-04	-7.0995547e-02	-3.6891002e-02	6.0232729e-02	1.4106061e-01	-1.1583792e-01	3.4178650e-01	1.3684976e-01	2.7922738e-01	-2.2361562e-01	3.8186514e-01	-1.0931072e-01	-4.3606669e-01	1.0057554e-03	-8.9666806e-02	-5.5439375e-02	-1.2233208e-01	-4.7262095e-02	5.8097262e-02	2.7082887e-01	-2.3782372e-02	-1.2365761e-01	2.1333838e-01	5.1883452e-02	5.1730435e-02	-1.8769769e-01	-2.1554975e-02	-1.9457126e-01	-5.0318408e-01	-2.3069914e-01	1.0710553e-01	3.0007613e-01	-2.2202024e-01	9.9931248e-03	-2.0800123e-01	3.7044099e-01	3.7220031e-01	-2.4994083e-01	1.3068691e-01	-1.4730264e-01	-6.7979544e-02	-7.4743265e-01	-1.0201705e-01	3.0989063e-01	-3.2354301e-01	-1.5593161e-01	7.1684487e-02	-3.0242336e-01	-2.2971056e-01	-1.4873174e-01	6.3174631e-04	2.1922113e-01	1.6541502e-01	2.7011588e-01	2.4211635e-01	-1.4618106e-02	3.8986415e-01	1.6432017e-01	-1.5859647e-01	4.0335971e-01	1.1316212e-01	-1.6812892e-01	1.4468423e-01	-7.3752785e-01	2.6677039e-01	3.4505704e-01	4.6335796e-01	1.5370791e-01	-4.2371553e-01	5.4279622e-02	-5.4534860e-02	1.0562847e-01	3.7103519e-02	2.5841042e-01	-2.4379046e-01	1.3163690e-02	4.6003938e-01	-7.2598532e-02	1.3298604e-01	1.5879229e-01	-1.5585561e-01	2.9504469e-02	-2.8758466e-01	7.1920879e-02	-2.0845090e-01	2.7223957e-01	-1.1682151e-01	-1.0361172e-01	-1.1602608e-01	-1.8912461e-01	1.3089785e-01	-1.8189465e-01	2.2611670e-01	-6.5312020e-02	-1.3230462e-01	6.1370552e-01	-2.0213534e-01	-7.4884787e-02	-4.3422482e-03	-7.5722456e-02	-2.7588537e-01	7.1337834e-02	1.9152360e-01	-2.0351709e-01	3.3058658e-01	5.9060699e-01	-2.4749848e-01	-1.3160835e-01	-5.7335883e-01	-5.7896744e-02	-1.8685950e-02	-5.3567909e-02	-2.0607097e-01	-3.3854681e-01	-4.0937936e-01	2.5405121e-01	-2.9372686e-01	2.5794786e-01	-8.0104277e-02	4.0529507e-01	3.1938586e-01	-3.3013949e-01	-2.2593141e-01	-4.2231061e-02	-1.2160679e-01	1.3212785e-01	2.2477716e-01	4.9001247e-01	3.0330002e-02	5.6686985e-01	2.2841752e-01	3.4348229e-01	-4.7498688e-01	1.0607666e-01	-4.0450752e-01	-3.9778450e-01	1.3418244e-01	-1.6207223e-01	-3.7056440e-01	-4.7490720e-02	-1.2859936e-01	-2.7650008e-02	-4.6605411e-01	1.8892935e-01	2.2325543e-01	-1.3425472e-01	4.3901853e-02	-1.3931215e-01	5.9803836e-03	2.4096572e-01	5.3546157e-02	-2.0367019e-01	1.4275894e-01	3.5269126e-01	4.6662512e-01	-1.5840761e-02	8.5823961e-02	-2.5886866e-01	1.5572615e-01	5.2521139e-01	-3.4255132e-02	-4.1803929e-01	8.2993709e-02	1.0162214e-01	-5.2672155e-02	8.6667500e-02	2.0829482e-01	-6.1038744e-02	2.7083200e-01	-7.7061898e-01	1.5785030e-01	-1.0847881e-01	-6.8918461e-01	-2.5936207e-01	-2.3726375e-01	-2.5529431e-02	8.6313203e-02	6.7160605e-03	2.2221896e-01	2.5747144e-01	-3.2469690e-02	1.3932966e-01	2.4478444e-01	-3.3281496e-01	6.4605579e-02	3.1553921e-01	-2.0274283e-01	-1.1467136e-02	-5.5612683e-01	-6.0113888e-02	2.3258978e-01	-2.0501964e-01	-2.8259605e-01	2.5439280e-01	1.4759602e-01	2.0988280e-01	-6.1230218e-01	2.0337528e-01	-2.5571096e-01	-4.2930875e-02	-1.0884381e-01	3.2269233e-01	-1.2708314e-01	-1.0546974e-01	-6.3695274e-02	2.5359863e-02	1.4404036e-01	3.0912235e-01	2.1888041e-01	-4.5709172e-01	-3.3789299e-02	-6.3821360e-02	-1.4159802e-01	1.3551231e-01	-2.3828258e-01	6.0808742e-01	-1.5838175e-01	2.3016715e-01	8.7659381e-02	-4.6927840e-02	1.9052230e-01	3.5534900e-01	-3.0411508e-02	7.6309651e-01	9.9437281e-02	2.7450001e-01	-1.1777817e-01	-2.1880535e-02	3.0142069e-01	1.5738305e-01	-3.7777346e-01	2.7655259e-01	1.9128315e-01	8.2423277e-02	-2.1871297e-01	1.8006562e-01	5.1536385e-02	6.6028528e-02	-2.7042773e-02	-5.7928807e-01	5.1888566e-02	1.3424876e-01	-6.0779721e-01	-1.1548083e-01	-4.6289116e-02	-1.9604664e-01	-1.8783513e-02	-4.6299982e-01	3.1459403e-01	-3.5737923e-01	-3.3357215e-01	1.7558318e-01	-2.1130763e-01	-9.2627041e-02	2.9196000e-01	-3.2901904e-01	1.4921845e-01	7.2103262e-02	2.2549815e-01	-5.4775510e-02	-4.6641099e-01	-2.9951671e-01	-2.6683521e-01	-4.8591563e-01	2.5466418e-01	2.0875858e-01	-9.4191603e-02	-1.8649666e-01	-2.6646927e-01	2.3429586e-01	9.4633706e-02	-1.7797818e-02	-3.8213542e-01	-4.8668388e-01	3.7278123e-02	2.2273046e-01	-3.5331982e-01	2.4365115e-01	1.8980724e-01	-3.1672430e-01	-1.7322676e-01	-7.4160218e-02	2.2185899e-01	-3.6485219e-01	4.8453003e-01	-1.3302900e-01	-9.0826146e-02	4.6017908e-02	-2.7364252e-02	-1.0774358e-01	-2.1747895e-01	-3.3400659e-02	-2.8713736e-01	-4.7033262e-02	-1.2328111e-01	2.7926937e-01	7.8216180e-02	8.2507771e-01	3.0165844e-02	1.2488266e-01	1.8461084e-01	-1.5591477e-01	1.8938385e-01	5.4147907e-02	1.8657412e-01	3.8358045e-01	1.4895159e-01	-1.2641525e-01	-1.3281950e-01	-2.1800745e-01	2.5524724e-01	5.0356585e-01	-1.4974606e-01	3.6947307e-01	-7.3664472e-02	-2.2302309e-02	3.1627104e-01	3.9662090e-01	3.5465874e-02	5.6728047e-01	-1.5812926e-01
-4.0436134e-01	1.3550098e-01	2.7617055e-01	-1.3958545e-01	-1.2313449e-01	-2.3151658e-01	-5.3572226e-02	6.8654321e-02	1.2304269e-01	1.0849421e-01	2.4745497e-01	-2.6437941e-01	-7.3043108e-02	-2.9595825e-01	-1.5150343e-01	1.9979867e-01	1.4229928e-03	-2.5153771e-01	-3.7575597e-01	-5.9125334e-02	-2.8744423e-01	-8.7189771e-02	-2.6612282e-01	2.9952446e-01	-1.4604180e-01	-3.2266355e-01	-1.4324214e-01	-4.4536996e-01	1.2290195e-01	4.9530203e-03	-7.9917103e-02	-1.0029451e-01	-5.0489068e-01	-1.1204816e-01	-2.6841536e-01	-2.3676734e-01	5.5520661e-02	-2.0509481e-01	4.4745457e-01	-1.5911987e-01	6.7783749e-01	-3.5247850e-01	1.9439566e-01	3.7591055e-01	3.4250683e-01	-5.7425179e-02	3.0540550e-02	-7.9261464e-01	-4.7170690e-01	-1.6256757e-01	-2.3196748e-01	-9.7736157e-02	-2.8107339e-01	2.2897112e-01	9.7095877e-02	-1.6160870e-01	5.8753878e-02	2.1687672e-01	1.5372975e-01	3.0136332e-02	-6.5333791e-02	-3.8730696e-01	1.9170491e-01	-5.4734994e-02	-4.8595181e-01	-1.7762032e-01	-2.2682919e-01	-7.5057440e-02	3.4340647e-01	-3.7305298e-01	-1.2947643e-01	-3.8730774e-02	3.8677636e-01	-3.1139955e-01	-1.3047854e-02	-3.0753765e-01	-5.6808617e-02	9.2356257e-02	3.5148904e-01	-6.8818584e-02	-1.3738187e-01	2.6438081e-01	-1.9397263e-01	-1.5508819e-01	6.3711770e-02	1.7098321e-01	6.9059238e-02	-4.0424931e-01	1.1246965e-02	2.9571626e-01	2.4034117e-01	4.5599797e-01	1.3092114e-01	-2.7374467e-01	1.9243272e-01	-1.9710755e-02	-1.4403512e-01	6.0744580e-02	-3.8842699e-01	-1.3799316e-01	2.8908533e-01	-3.0534703e-01	1.6165435e-01	1.8525746e-01	4.1467199e-01	-2.9203466e-01	2.1909957e-01	-1.6837630e-01	-5.5633459e-02	-1.7464083e-02	2.5122622e-01	-5.1734316e-01	-4.0248337e-01	-2.7725920e-01	-5.4116505e-01	1.1866971e-01	1.4105923e-01	2.3315921e-02	-1.6479103e-01	-3.1992964e-02	9.8682277e-02	9.9303827e-02	2.2577506e-01	6.6505335e-02	3.1138164e-01	-3.2159096e-01	-1.0173910e-01	1.5243775e-01	-2.6889369e-01	2.0604260e-01	-2.1246949e-02	3.4634632e-01	-4.6983290e-02	-5.2293029e-02	-3.6887062e-01	-3.3878186e-01	-8.2814284e-02	-2.4528375e-01	-4.7203687e-01	-3.6081684e-01	-3.8165903e-01	1.4497569e-01	1.9610330e-01	-2.6335821e-01	-2.2920235e-01	-1.0060916e-01	4.6090654e-01	-2.1907376e-01	-8.8367961e-02	3.7829259e-01	-4.8186906e-02	-4.7559161e-02	-2.2225843e-01	-6.4984745e-01	1.1742210e-01	5.0583132e-02	-3.0843693e-01	1.6579853e-01	4.1195009e-02	1.1318003e-01	-6.3668334e-01	3.1785977e-01	1.4382789e-01	-1.8739767e-01	-2.1451889e-01	-1.2847981e-02	1.3429178e-01	1.8375836e-01	3.3806819e-01	-4.5924932e-01	4.7298017e-01	-7.4239388e-02	2.5115132e-01	4.9660001e-02	4.4701129e-01	-3.1805042e-02	-2.3447429e-01	-4.0495362e-02	-2.2236389e-01	-1.1981689e-01	-3.8169149e-01	8.5318007e-02	-2.8145042e-01	-1.8509589e-01	3.4178808e-01	1.7076823e-01	1.2949036e-01	-2.0781457e-01	3.0714810e-01	-5.7180840e-01	1.6288851e-01	6.7262113e-02	3.6782867e-01	-6.9943674e-02	-4.1103959e-01	-1.6988817e-01	-6.5699123e-02	-5.8367785e-02	1.3228448e-01	-1.3718259e-01	7.7398628e-01	1.2643057e-01	-4.9963463e-02	-4.5117363e-01	-3.1518838e-01	-8.6980900e-03	-5.0871700e-01	-5.6502539e-01	-9.5456637e-02	-1.9488005e-01	-3.6527979e-01	-4.2313164e-01	7.2805218e-02	-2.5579762e-01	2.5390011e-01	3.9647746e-01	-1.4956661e-01	2.4146515e-01	2.3083208e-02	5.0835413e-01	3.9184365e-01	2.3235637e-01	-1.9213408e-01	3.5223547e-02	4.1640627e-01	2.4473947e-01	-1.8113740e-01	4.9165428e-01	2.9316041e-01	-5.7810193e-01	-2.5823531e-01	3.5127178e-01	7.8091347e-01	-7.7559000e-01	4.0108681e-02	2.1730290e-01	3.1428341e-02	-1.9506119e-01	4.2862818e-01	3.4432697e-01	1.3771032e-01	1.5123290e-01	5.2476799e-01	6.6302203e-02	-2.8735390e-02	-2.7236524e-01	1.6388521e-01	6.0019717e-02	2.8851420e-01	2.2053739e-01	-6.8672784e-02	1.3496800e-01	6.1239928e-01	-5.3320283e-01	2.2518663e-01	1.3581523e-01	-2.2170971e-01	2.1108423e-01	-7.9889402e-02	1.7780526e-02	-5.4846533e-02	-5.7063073e-01	3.1217754e-01	4.3602636e-01	-8.2963511e-02	-2.8363144e-01	3.4066066e-01	-2.3715140e-01	-3.7781858e-01	9.6888073e-02	-5.2504462e-01	-4.6124592e-02	-3.5938185e-01	1.4829373e-01	6.2623352e-01	-8.0717593e-02	-3.7024762e-02	-7.5573564e-02	-6.2050477e-02	2.8585276e-01	-4.6044582e-01	1.2689987e-01	5.3837478e-02	4.3760580e-01	2.5908875e-01	-5.1593238e-01	2.1473390e-01	-1.3627863e-01	3.3645134e-02	4.3912198e-02	-1.2670806e-01	-9.9201649e-02	1.6409187e-01	-3.4497225e-01	-1.0489143e-01	-7.0301421e-02	6.9117445e-01	1.6822496e-01	-5.0351717e-02	-1.2678756e-01	-1.3794921e-01	-1.1275239e-01	3.7864268e-01	-5.3418094e-01	-2.7086353e-01	-8.4323004e-02	-6.7859307e-02	-3.6797369e-01	1.7202021e-01	-4.3386760e-01	3.2374105e-01	1.9195689e-01	-3.3565453e-01	2.2756678e-01	8.2570910e-03	1.7708091e-01	9.6377611e-02	2.2687687e-01	-2.0123646e-01	7.6034265e-03	-6.2123612e-02	2.6159418e-01	1.7629299e-01	1.5083069e-01	7.7255197e-02	-9.9586256e-02	1.2781730e-01	-3.2400838e-01	-2.1704945e-01	-2.9726723e-01	-6.7693792e-02	-3.0812901e-01	2.3163724e-01	1.6431957e-01	8.7009110e-02	5.0249722e-02	8.9623764e-02	-1.8335773e-01	3.7451953e-02	-1.6143480e-01	-2.4997722e-01	-1.5220074e-01	-1.6635434e-01	-1.2052748e-01	-2.7049747e-01	-1.2208795e-01	1.1777177e-01	8.0539390e-02	-5.1820710e-02	1.2660588e-01	-1.3624929e-01	-6.0590044e-02	1.4866886e-01	-1.5231888e-01	-1.9833000e-01	-7.5511128e-01	2.4829093e-01	-1.7213884e-01	-4.0257865e-01	-1.8819197e-01	1.8028180e-01	3.0752623e-01	6.3276350e-02	2.1064688e-01	4.2294145e-02	-5.6665745e-02	-1.2110233e-01	-2.3690844e-01	-2.1546863e-02	2.7213386e-01	2.2630206e-01	-7.9611254e-01	-2.8318845e-02	-7.4554898e-02	-5.0729018e-02	-1.5568320e-01	-7.5512387e-02	-1.0269847e-01	7.7481954e-03	-1.7262414e-01	1.2033194e-01	-3.1663430e-01	2.6180508e-02	2.7561912e-01	1.3725397e-01	7.1178065e-03	-9.7404003e-02	-2.5946403e-01	1.2228774e-01	-3.9659527e-01	3.1429040e-01	1.7829691e-01	1.2084085e-01	-3.4487766e-01	4.7102806e-01	-1.4885557e-01	3.3704752e-01	1.7505369e-01	-6.1218834e-01	-5.0021791e-01	3.2505207e-02	3.0138046e-02	4.6473473e-02	9.5548034e-03	2.6382085e-02	9.2429079e-02	-3.3981657e-01	-3.6362499e-01	3.4325451e-01	-3.7649137e-01	5.9342152e-01	3.7347611e-02	2.1543756e-01	-5.8211919e-02	-1.5321301e-01	-4.4800353e-01	1.7065385e-01	1.4391986e-01	2.4413633e-01	-3.7272623e-01	-3.0560318e-01	-2.0245509e-01	2.1629216e-02	-3.0313912e-01	3.5816473e-01	4.3603245e-02	3.9234790e-01	2.1280034e-01	2.5098777e-01	1.4449543e-01	-1.0472557e-01	-5.5365485e-01	-3.8190535e-01	-4.9471196e-02	-5.6341127e-02	2.1115944e-01	-3.4108275e-01	1.8826516e-01	2.7912512e-01	-1.4935387e-03	1.8172316e-01	2.4291456e-01	3.6724001e-02	-3.1164622e-01	1.9425543e-01	-3.1654593e-01	1.7169851e-01	-1.7494097e-01	2.2617278e-01	-2.9363714e-02	3.1684485e-01	-7.2487448e-03	7.5553723e-02	7.3493563e-02	2.8634271e-01	-1.5145518e-01	-3.7874618e-01	3.7394983e-01	-1.8674164e-01	-1.9530451e-01	-3.1485876e-01	-4.0646050e-02	-3.7081859e-01	-3.5980040e-01	2.0468032e-01	5.2727364e-02	-3.0494919e-01	1.3129638e-01	1.3164853e-01	-9.5254451e-02	-2.1527153e-01	2.4200010e-01	-1.5619439e-01	-2.1853955e-01	-8.8401064e-02	2.6014784e-01	2.0059325e-01	-2.6682112e-03	-2.2065358e-01	5.2647296e-02	2.1512493e-02	2.2049807e-01	5.3413224e-01	-7.9276450e-02	1.4037852e-01	4.4427642e-01	1.9286981e-01	-7.9954416e-02	-2.4204880e-01	2.4691640e-01	-2.8786886e-01	8.4054217e-02	-2.1875088e-01	7.8579327e-03	-3.2541925e-01	3.2309231e-01	-1.8833065e-01	2.0569912e-01	4.4715378e-01	4.6618417e-02	4.0183738e-01	1.2846440e-02	-1.0364620e-01	3.2292831e-01	-1.2731044e-01	-1.7094305e-02	1.6253583e-01	2.4105723e-01	1.5985595e-01	1.7834848e-01	-1.1022971e-01	-9.5152430e-02	-7.3353104e-02	7.3626474e-02	1.4810057e-01	1.7315982e-01	-3.1645745e-01	-2.2176296e-01	1.4825314e-01	2.2064900e-01	-1.8242283e-01	-3.0613491e-01	-2.0448297e-01	-3.3406243e-01	-1.1662739e-01	-1.2644976e-01	-1.3264459e-01	-2.8362760e-01	1.9323729e-01	1.7312080e-01	-4.0885959e-02	-1.8893462e-01	-2.2960284e-01	-1.0136089e-01	-1.3893239e-01	-1.1357877e-01	-3.1603724e-01	1.3209039e-01	8.5553393e-02	-4.5492139e-02	8.2059647e-05	-2.1514434e-01	-2.4871586e-01	9.5071919e-02	-2.6284015e-01	1.5636048e-01	2.8666207e-01	-4.7544581e-01	-1.3667281e-01	1.2465990e-01	3.6262241e-01	-2.6037210e-01	-4.9117896e-01	1.8844262e-01	6.2227074e-02	-2.5161269e-01	4.4179466e-02	7.5345680e-02	-8.1220621e-01	2.3652314e-01	-1.5131126e-01	1.2383416e-01	-6.2472177e-01	-2.5662413e-01	4.7492239e-01	-2.4700934e-01	5.4674167e-02	3.0585298e-01	1.7954992e-01	2.7399865e-01	-1.3309896e-01	-1.5327990e-01	-5.6292772e-01	3.8542521e-01	1.1709189e-01	-3.8720825e-01	-2.4086474e-01	-2.0786990e-01	-9.5576830e-02	-1.4903653e-01	-1.4722444e-01	3.9736101e-01	6.7674652e-02	3.6707291e-01	-7.4843101e-02	-9.0280697e-02	-2.2964199e-01	1.1135948e-01	-2.1793614e-01	1.0342211e-02	-5.1875931e-01	5.1022928e-02	-3.1163573e-01	2.4597584e-01	2.7684578e-01	2.5043949e-01	2.8204033e-01	-1.7610027e-01	1.3946784e-01	-1.1942917e-02	-2.4042487e-01	2.3504068e-01	-1.7638396e-01	2.6994786e-01	1.8087694e-02	-4.5338519e-02	3.0073237e-01	-2.2827624e-01	1.8333928e-01	-2.2610173e-01	7.0702016e-02	2.0323561e-01	-1.3005106e-01	-4.8221238e-02	1.5010206e-01	-2.2593553e-01	-2.9182404e-01	-4.2095113e-01	-4.5759952e-01	2.2861597e-01	-2.7761063e-02	2.3038867e-01	-1.2400842e-01	4.5762059e-01	9.3005657e-02	4.2585764e-02	1.9397588e-02	8.9856563e-03	-8.8603072e-02	-2.3412135e-01	-3.7972873e-01	2.8968633e-03	2.4682826e-01	1.8100031e-01	1.0287260e-01	-1.6328702e-02	5.3388065e-01	-3.6881626e-01	-7.9359305e-01	2.0390740e-01	2.6746216e-01	1.4741789e-01	4.6857141e-02	-4.4281974e-01	-2.0432042e-01	4.4188061e-01	-2.9423684e-01	4.0968618e-01	-5.9300548e-01	1.6025501e-01	-1.6303827e-01	3.2509542e-01	7.0284270e-02	-1.0019557e-01	3.0485415e-01	-3.6342192e-01	5.7143293e-02	-2.3296157e-01	-1.7451687e-01	-2.6476115e-01	4.1193534e-02	-7.6948717e-02	3.4355429e-01	3.0813557e-01	2.7385661e-01	-6.9842440e-01	-2.3112386e-01	2.9052627e-01	-5.1171863e-01	4.8529819e-01	-2.6857260e-01	8.9842416e-02	3.4659913e-01	-1.3567539e-01	-3.1655544e-01	2.4744377e-01	3.0999577e-01	-4.3007296e-02	-6.0544801e-01	2.5014603e-01	3.3884582e-01	-3.7746802e-01	-2.3914967e-01	3.5866711e-01	3.0199352e-01	-1.0859655e-01	3.8670279e-02	2.0952024e-01	-1.4583182e-01	1.4570312e-01	-3.4530379e-02	2.0317854e-01	-3.4286654e-01	-1.7888209e-01	-1.0852408e-01	2.0594040e-01	-1.8502711e-01	3.3644083e-01	-5.1466145e-02	-3.8493997e-01	6.2925762e-01	-1.5670808e-01	-4.0896988e-01	3.3801961e-01	-9.1667101e-02	8.2855292e-02	1.9807617e-01	1.2924255e-01	8.8252500e-02	1.5345848e-01	1.8757138e-01	-1.1423240e-01	-1.6337322e-01	2.3877238e-01	-8.4321491e-02	-8.8373947e-01	-1.7848287e-02	2.9085088e-01	-1.9683775e-01	-2.5753411e-02	6.0437787e-02	-2.3425679e-01	-1.8477431e-01	-2.0787847e-01	2.4244070e-01	-1.7479762e-01	2.9315472e-01	-2.0957834e-01	1.6029285e-01	2.7436996e-01	1.8582010e-01	3.7488836e-01	-2.4817361e-01	-1.7902702e-01	3.8710140e-02	-6.3279176e-01	-4.6367563e-02	-5.0313041e-02	-7.7452004e-02	5.0006741e-01	-6.0415104e-02	8.5653076e-03	1.1117065e-01	2.1275768e-01	-2.1064991e-01	-2.5921324e-01	3.4232000e-01	-3.0259386e-02	-1.7865571e-01	9.4887391e-02	1.3292211e-01	5.2831465e-01	-4.5126744e-02	-1.4307555e-02	4.2831299e-01	-8.7409481e-02	-8.3555793e-03	-7.0397519e-02	-1.3734272e-01	3.4496811e-01	-3.4193489e-01	-2.5088903e-01	3.9179379e-01	4.5415223e-02	5.4029714e-02	2.9171243e-01	2.9752363e-02	-1.3346745e-01	-8.4286809e-02	2.8962669e-01	2.5012001e-01	-3.2476878e-01	-1.4319278e-01	-2.0609573e-02	-1.2122919e-01	1.4445844e-01	2.7445838e-01	2.2737461e-01	-5.9220415e-01	1.7103876e-01	-3.5464627e-01	-1.1429581e-01	3.3148193e-01	-5.4842418e-01	-1.2598227e-01	-2.9559115e-01	-1.0508513e-01	-1.1112776e-01	6.2602542e-02	-2.6537257e-01	3.4087032e-01	3.0179846e-01	-4.5725557e-01	7.2849661e-02	-3.5570148e-01	1.3715848e-01	5.9232425e-02	5.6452709e-01	9.1070190e-02	-2.0206848e-02	2.4178767e-01	-2.2711854e-01	4.0785274e-01	5.4144975e-02	-2.6683089e-01	5.7245996e-02	3.6421990e-01	-1.6415995e-01	-3.0825919e-01	2.8629985e-01	9.7098902e-02	-1.7408527e-01	-1.2490962e-02	-1.9357227e-02	8.4664427e-02	2.1445177e-02	2.7130017e-02	1.8773468e-01	-6.4244896e-02	-2.8809840e-02	1.9237772e-01	-3.3654991e-01	4.0343663e-01	2.2362116e-01	-5.1718962e-01	-7.6112278e-02	-3.4016258e-01	6.7730923e-03	-1.0331903e-01	1.1299253e-01	2.7296817e-02	2.6728595e-03	-3.6752871e-01	1.8485902e-01	8.4371164e-02	-1.9649759e-01	-7.9024270e-02	4.5461890e-01	-8.6351037e-02	-3.8737136e-01	-7.6253563e-01	1.8602172e-01	-2.6437181e-01	-2.1894738e-02	6.9611233e-01	1.0110141e-01	3.0561560e-01	-3.3944753e-01	7.8652263e-02	2.5756302e-01	-3.6412030e-01	-3.1050989e-01	-1.1615799e-01	1.4427504e-02	-2.6205525e-01	2.5594506e-01	-4.8341859e-02	-4.9054718e-01	-3.1268886e-01	-2.0789646e-02	-1.2357808e-01	3.6185268e-01	2.0304810e-01	5.8032706e-04	-2.8847596e-01	-2.6764593e-01	-2.7444275e-02	-2.7424306e-02	-4.1608650e-02	7.3081329e-02	-2.7582803e-01	-2.1174605e-01	-1.6030913e-02	-1.0794812e-01	1.3741703e-01	-2.1508026e-01	-1.4369553e-01	-1.3345730e-01	-2.9304659e-01	1.8741728e-01	9.2845835e-02	2.7253053e-01	1.2699988e-01	-1.9594692e-01	9.3140833e-02	-3.3335416e-03	9.0517476e-02	-6.2617153e-02	1.7973489e-01	2.0072071e-01	-1.1076579e-01	-2.0128736e-01	9.6301123e-02	-2.1276779e-01	-5.0953586e-02	-2.0936319e-01	-6.4460248e-01	9.4294399e-02	-2.0008173e-02	3.6221492e-01	-1.1637194e-01	9.9217333e-02	2.5489938e-01	-2.4238074e-01	-4.6473026e-01	1.0043488e-02	3.8407792e-03	-3.5576031e-01	1.4067629e-01	-1.3729078e-01	3.3532599e-01	-1.5648662e-01	-7.7121332e-02	3.6514639e-03	-5.0857627e-01	-4.8889661e-01	5.9013915e-01	-6.3351274e-01	-2.4893643e-01	4.8758394e-01	2.1667415e-01	-2.2746038e-01	3.2127827e-01	-8.3882093e-01	-1.4907908e-01	3.6465984e-02	-2.7765808e-01	-5.4874575e-01	1.9091450e-01	-4.7646970e-02	1.5111342e-01	2.3440306e-01	-6.6769540e-02	1.9817913e-01	-1.2017930e-01	3.3984867e-01	-4.2275068e-01	1.1343651e-01	-1.6907083e-02	2.0077439e-01	-2.2711167e-01	1.9881330e-01	-2.9948270e-01	1.5729091e-01	-2.7496600e-01	-2.0465763e-01	2.3209363e-01	-4.6399914e-02	4.2907140e-01	-2.3105143e-01	1.4885491e-01	1.6991770e-01	-3.0830868e-02	2.2048315e-01	3.1322691e-01	6.5231718e-02	1.2764035e-01	-1.0925226e-02	1.7129372e-01	-2.9895052e-01	2.6532799e-01	-9.3914248e-02	1.5076485e-02	7.6474220e-02	6.5621547e-02	-3.1636234e-02	-2.1221885e-01	-2.2851434e-01	2.7503002e-01	-2.1715289e-01	-2.3483616e-01	-3.1006867e-01	-2.7652031e-01	1.4857095e-01	1.3744934e-01	2.8269237e-01	2.3560825e-01	-3.9940536e-02	-1.6880915e-01	-4.1540197e-01	-4.8924409e-02	-2.6936311e-02	3.0509732e-03	-1.3440175e-01	-4.5706955e-01	-3.6955485e-01	-1.8381178e-01	1.3103987e-01	-4.5774648e-01	-1.4451979e-01	1.7621534e-02	-9.2285341e-03	-4.5074010e-01	-8.9687377e-02	-2.8332430e-01	5.1090125e-02	2.8005221e-01	-4.2130983e-01	2.6872784e-01	8.8819414e-03	4.5361948e-01	-5.9817082e-01	3.2921773e-01	1.8226971e-01	1.4186542e-01	-9.9877544e-02	2.2316150e-01	-1.9114664e-01	-5.2988835e-02	1.4429715e-01	-8.0375910e-02	2.3283347e-02	-4.4290406e-01	-1.6307589e-02	-3.9618209e-01	-2.4071781e-01	4.1381598e-02	3.3639380e-01	2.8369272e-01	-4.8780912e-01	4.1512161e-01	-9.9865034e-02	2.7098531e-01	1.2166657e-01
-3.5352817e-01	1.2569885e-01	-2.3516525e-01	2.2799712e-01	-1.9360922e-01	4.0746424e-01	9.2930967e-01	-6.9930381e-01	-5.7135201e-01	7.1495539e-01	9.7744152e-02	1.7970118e-01	5.3839093e-01	3.2475704e-01	-1.3892959e-01	-4.0006891e-01	3.5658157e-01	-5.7856041e-01	-4.7893751e-01	4.6618399e-01	3.4842926e-01	-3.7678304e-01	-2.7078497e-01	-4.6494004e-01	4.5110539e-01	1.6345002e-01	8.5546148e-01	-7.5511098e-02	-6.6252631e-01	-2.8390190e-01	-2.0250949e-01	6.1399156e-01
