9
input	25
dense	32
relu	0
dense	32
relu	0
dense	32
relu	0
dense	1
linear	0
7.999999979801942e-06
1.3640154e-02	-4.8097230e-02	-3.2086235e-02	-1.8096002e-02	-2.2995256e-02	0.0000000e+00	3.4625228e-03	-8.1519336e-03	3.7858894e-03	1.2052383e-02	-1.3307895e-02	-8.5800640e-02	-2.3993142e-02	-2.2400722e-02	-9.7379694e-03	-3.7168100e-02	-4.8966464e-02	-1.7579779e-02	8.1754951e-03	-2.8046547e-02	-2.1920929e-02	-3.0383594e-02	-3.9137665e-02	2.5983745e-02	3.9726302e-02	-3.9586730e-02	-7.3953760e-03	1.5438281e-02	-4.3309829e-03	5.0293719e-03	0.0000000e+00	-2.7826786e-02
-6.0739284e-03	-2.3450686e-02	-4.4645771e-02	-1.5025997e-02	-1.4724193e-02	-3.9064825e-02	0.0000000e+00	-1.4753603e-02	1.7881609e-03	-1.3449281e-02	-2.4711788e-02	0.0000000e+00	-2.9479058e-02	-2.4547329e-02	-2.8633207e-02	-2.0652896e-02	-1.2130245e-02	-1.6141180e-02	-1.8522389e-02	-3.3372831e-02	-1.7523061e-02	-8.8954456e-03	-4.4166478e-03	-6.0334221e-02	-1.3423136e-02	-2.9835025e-02	-2.0705907e-02	-1.3515965e-02	-5.8799084e-02	-2.8844267e-02	-1.0169222e-03	-2.6708055e-02
-3.7976757e-02	4.9868952e-03	-2.6594076e-02	-2.0912925e-02	2.3342588e-03	-2.1594215e-02	-2.6846530e-02	-1.4607552e-02	-2.2021985e-02	-3.1024629e-02	-2.7336696e-02	-2.0477988e-02	-2.2332832e-02	1.7485062e-02	5.6942301e-03	-3.1120587e-02	-1.5346140e-02	-3.2190289e-02	-2.8711451e-02	3.8391242e-03	-8.4944041e-03	-3.1541292e-02	2.0667822e-03	9.4352635e-03	-9.9370936e-03	7.0110750e-03	5.9870677e-03	-2.7253076e-02	-2.5104620e-02	-3.0336335e-02	-8.4259305e-03	-3.5398647e-02
-5.3612781e-03
-1.8097298e-01	2.5332937e-01	3.9200902e-02	1.4900005e-01	9.3172342e-02	2.3392884e-01	1.8850288e-01	1.5205334e-01	-8.4013358e-02	-2.1922743e-01	7.8734979e-02	2.2830921e-01	-2.7809000e-01	-1.1972953e-01	5.1335908e-02	-1.8851054e-01	-1.7419189e-01	1.8114527e-01	-2.3952952e-01	-1.4933270e-01	-1.5222445e-01	-2.5285983e-01	1.9892828e-01	1.0560533e-01	8.2935899e-02	-2.7560672e-01	1.2211318e-01	-8.9199103e-02	-2.0337468e-02	-5.6444060e-02	-6.1309386e-02	-1.8748510e-01	8.0519095e-02	-2.6134908e-01	-1.1314201e-01	6.8950899e-02	1.6538785e-01	-2.3157561e-01	-5.6741942e-02	1.7538901e-01	-2.3459050e-01	-2.1104230e-01	2.0119242e-01	-7.8737743e-02	2.2749598e-01	1.8680429e-01	1.2979608e-03	-1.0095661e-01	-1.3154089e-01	3.1946504e-01	-2.5348440e-01	1.2756755e-02	-1.2375130e-01	-2.2683334e-01	2.2681755e-01	-4.3465206e-03	4.1041214e-02	-1.5422319e-02	-1.0058213e-01	-1.1491247e-01	-2.3283437e-01	-9.3476422e-02	2.0524639e-01	1.4092065e-01	4.6205044e-02	2.5396234e-01	-2.4743998e-01	1.0020312e-01	-2.8530890e-01	1.1803958e-02	1.2607329e-01	-2.1653557e-01	6.3737579e-02	-9.2609838e-02	5.8136877e-02	-2.7173301e-02	5.1648665e-02	2.0423752e-01	-1.0103350e-01	1.1691174e-01	2.2931966e-01	1.1554246e-01	-2.3226434e-01	1.6203137e-03	2.4244660e-01	-2.7889514e-01	-3.5727117e-02	1.6833033e-01	-8.3151516e-03	2.9108047e-01	-1.6097601e-01	1.2861577e-02	2.0974596e-01	3.1168601e-01	-2.0146760e-01	-1.2403909e-01	1.5812568e-01	2.1831700e-01	-2.1682948e-01	5.7369702e-02	-5.7447407e-02	1.1993270e-01	9.5964797e-02	-3.6635436e-03	4.2062301e-02	-3.1022653e-01	-2.3267817e-02	1.8031028e-01	2.2193071e-01	1.4650321e-01	1.6121504e-01	5.3200096e-02	-1.1653315e-01	-1.3559861e-01	-4.0667281e-02	6.9151640e-02	-2.5290725e-01	-3.7154369e-02	-6.8346053e-02	6.5878890e-02	-1.1020883e-01	-1.8124845e-02	-2.6164636e-01	3.6309484e-02	-9.2546359e-02	-1.9376458e-01	2.7698907e-01	1.8006709e-01	-2.7315333e-01	1.0653886e-01	2.5776508e-01	5.1011264e-02	1.8752575e-02	-9.8540008e-02	2.4426356e-01	-2.7571419e-01	3.7336141e-02	2.1744242e-01	-2.2063375e-02	1.0862979e-01	-1.3561346e-01	-2.9645544e-01	3.3238351e-02	1.4851728e-01	2.2551242e-01	-1.0937899e-02	2.8406075e-01	-2.8983161e-01	1.7001987e-02	9.0864420e-02	1.7234187e-01	-1.3706869e-02	1.4961152e-01	2.8991172e-01	-1.3442774e-01	-1.9435003e-01	2.8620750e-02	-1.8820800e-01	1.0439122e-01	-1.2625857e-01	-1.1287807e-02	-2.1525006e-01	-2.5012890e-01	-5.4931186e-02	-1.6575092e-01	3.2230470e-01	-1.9030771e-01	-1.3247973e-01	9.8115662e-03	1.5971425e-01	-1.5963942e-01	4.4380005e-02	-1.0180993e-01	1.1033343e-01	8.6254887e-03	5.8446888e-02	1.2876257e-02	7.2573903e-03	7.2590940e-02	-7.7545688e-02	3.2740552e-02	-2.7504125e-01	-1.3634743e-01	3.1358384e-02	-2.3182261e-01	-1.5690213e-01	6.0950726e-02	-2.2209781e-01	-1.6382502e-01	-1.9392137e-01	-1.8520617e-01	-2.8711265e-01	1.0719042e-01	1.9955391e-01	1.2028532e-01	-1.4484374e-01	2.6769888e-01	1.5710115e-01	6.8709217e-02	8.5933030e-02	-2.8282851e-01	1.4148580e-01	-3.1132653e-01	-1.1358263e-01	-2.2526313e-02	9.3910068e-02	-2.9063353e-01	1.7914963e-01	1.5038635e-01	1.7549921e-02	1.2456077e-01	-2.4158050e-01	8.1288062e-02	1.0400905e-02	9.0018295e-02	-7.4953690e-02	2.3522353e-01	-3.0277818e-01	-4.1468149e-01	7.8639083e-02	-3.3066133e-01	8.7859230e-03	-2.5743562e-01	3.4639928e-01	-1.4340973e-01	-7.9587899e-02	9.9990694e-03	-7.7083088e-02	1.2410164e-01	1.8258077e-01	3.1924531e-01	-1.9363714e-03	2.2243731e-02	1.0117251e-01	-1.3339184e-01	1.7994986e-01	1.9535097e-01	-1.9821601e-01	2.7303860e-01	-1.2949653e-01	-3.0874917e-01	2.4546224e-01	2.8558239e-01	-1.1938304e-01	-4.6011288e-02	-1.8260172e-01	2.5145188e-01	-1.9859917e-01	4.7119532e-02	2.9535109e-01	7.8905381e-02	-3.0073117e-02	-1.5078327e-01	-1.4145818e-01	-2.2132499e-02	-1.8648379e-01	-2.6776147e-01	2.1055576e-01	-8.2391322e-02	-1.8741721e-01	-1.0773194e-01	2.6532882e-01	-3.4824155e-02	-1.9145718e-01	-6.3279003e-02	-1.4835678e-01	-3.5920942e-03	8.3752446e-02	8.6722123e-03	7.0424311e-02	6.8593524e-02	-1.5760562e-01	1.1934660e-01	1.0603234e-02	1.0055087e-01	2.6980528e-01	-3.2262823e-01	-8.0228545e-02	-4.8558451e-02	-3.3650104e-02	-2.1807204e-01	-2.1036968e-01	-5.3981304e-02	-8.9166850e-02	-2.6943940e-01	7.5746767e-02	7.3171742e-02	3.3059910e-01	3.0217293e-01	-6.6305354e-02	-1.3716945e-01	-1.1322154e-01	3.5488084e-03	-4.4494648e-02	-2.1975757e-01	1.5790769e-01	-2.1588193e-01	2.2261098e-01	-1.9638690e-01	2.8933582e-01	2.2832778e-01	1.3043512e-01	-1.9804446e-01	1.8941930e-01	2.6406032e-01	-2.5648099e-01	-2.6956236e-01	1.5008176e-02	-1.8724287e-02	1.4822398e-01	2.3150800e-02	-2.0032207e-02	-1.0770191e-01	-2.4041823e-01	2.0007697e-01	-1.1313549e-02	1.6290683e-01	4.2720991e-03	2.0121913e-01	-1.2996395e-01	1.9839475e-01	-1.2274062e-01	8.7169357e-02	2.0223016e-01	-9.7287446e-03	2.6889488e-01	-1.2925790e-01	-2.3554347e-01	-1.4021356e-01	7.6655291e-02	1.1761550e-01	-2.9412696e-01	-2.7348211e-01	3.0654174e-01	4.9630187e-02	-1.9046659e-02	4.5628610e-04	1.6535607e-01	4.8066135e-02	1.0718487e-01	1.1676744e-01	3.4126499e-01	-2.4528997e-01	2.5328535e-01	1.2758136e-01	9.3549863e-03	-1.8962245e-01	7.7617981e-02	-6.9382936e-02	-2.7041705e-02	-1.1008311e-01	-2.3746440e-01	-1.5776947e-01	-2.4364087e-01	2.5535849e-01	2.2093597e-01	-4.0068153e-02	2.5293946e-01	5.8062761e-03	3.6288742e-02	-2.7834094e-01	-1.2413018e-01	2.3495859e-01	-1.9171472e-01	3.3030510e-01	2.4711596e-02	2.8320533e-01	2.7719155e-01	-9.6478708e-02	-2.0328246e-01	2.1483494e-01	2.3609464e-01	2.4536076e-01	-1.2630139e-01	1.6454892e-01	7.5152352e-02	1.8908228e-01	-2.8010860e-01	-1.3548033e-01	-1.0166509e-01	-4.8886128e-02	1.7612386e-01	-1.0574914e-01	-2.8634077e-01	-1.5926249e-02	3.4514722e-01	2.2788663e-01	-2.7615470e-01	-2.6162004e-01	1.9557936e-01	3.1274501e-02	1.6527271e-01	1.5309520e-01	8.7892853e-02	1.5523864e-01	1.9237219e-01	3.0840021e-01	5.9287371e-03	-2.0038737e-01	3.1073990e-01	5.9378049e-03	2.6013901e-02	4.6222281e-02	-1.4705355e-01	1.7296362e-01	-2.0411582e-01	-1.4377290e-01	-1.4823368e-01	-1.8766907e-01	2.8520840e-01	2.2332370e-01	4.1287910e-02	1.6661350e-01	-2.5983176e-01	1.0406617e-01	6.5434188e-02	2.5342315e-01	-7.1932711e-02	-2.8459799e-01	1.1674395e-01	-1.6991514e-01	-2.4460693e-01	-1.9637999e-01	7.6460220e-02	-7.9294898e-02	-3.8593791e-02	-1.8970925e-01	2.1828920e-02	2.3118885e-01	-2.9852083e-03	-2.1819481e-01	1.5930492e-01	1.3691032e-01	-2.7439043e-01	-2.5390700e-01	-1.4356701e-01	2.8873020e-01	2.0154272e-01	3.0797043e-01	3.0127207e-03	2.7312094e-01	-2.9161498e-01	-2.6562756e-01	2.9779872e-01	-1.8263073e-01	2.0568629e-01	-1.3687585e-01	-1.6298318e-01	1.3305248e-01	1.9463108e-01	-2.8526184e-01	-1.0666677e-02	-1.8569981e-01	-1.6223106e-01	-3.1423917e-01	3.1094063e-02	1.3616961e-01	-2.7092066e-01	-2.2637036e-01	1.1484037e-01	1.1743967e-01	1.5750815e-01	2.2932662e-01	7.1023241e-02	1.5207136e-01	-1.0130043e-01	1.5984417e-01	-3.2267505e-01	-3.7503457e-01	1.7840745e-01	-1.2344281e-01	-5.8961075e-02	8.5326962e-02	-1.8989858e-01	4.6217225e-02	1.1543468e-02	-3.8120516e-02	2.3198988e-01	-2.4331228e-01	-1.4337423e-01	-8.6553961e-02	-1.5761267e-01	-1.9193380e-01	2.3060812e-01	-1.7050053e-01	-1.6463180e-01	2.4433564e-01	-9.4637044e-02	-2.6662868e-01	-9.9942744e-02	-2.3746774e-01	1.5001103e-01	-2.1780143e-04	1.9190180e-01	-1.6895305e-02	1.4731579e-01	-2.0980217e-02	1.9042091e-02	-1.1255761e-01	4.4751551e-02	-8.3213247e-02	-2.5216347e-01	2.1174349e-01	-3.2009247e-01	1.1201873e-01	-6.8969116e-02	2.1032053e-01	-1.8314287e-01	1.8237077e-01	8.3214059e-02	1.8388416e-01	-2.7111992e-01	2.1837331e-01	-1.5271273e-01	1.6687943e-01	-1.4766172e-01	1.5667093e-01	-2.1226774e-01	2.4239856e-03	2.4134637e-01	-1.0240245e-01	6.2339898e-02	1.3226260e-01	-5.4830257e-02	2.9342979e-01	2.8608018e-01	3.1652585e-01	-2.6720786e-01	1.4906573e-01	2.9205117e-01	-2.6519200e-01	-1.4199814e-01	1.9443640e-01	-2.1391030e-01	3.5770771e-01	-7.7862337e-02	1.9632269e-01	-2.6822862e-01	7.7141210e-02	1.1767056e-03	3.4536663e-01	-7.2481267e-02	-2.7253011e-01	-2.2133760e-01	-1.3467467e-01	-2.7417472e-01	-1.0993970e-01	-4.5843096e-03	2.7946317e-01	3.0417290e-02	-2.1449396e-01	7.3781326e-02	1.7335308e-01	5.2706558e-02	8.3569847e-02	-2.0334823e-01	-1.9370176e-01	-5.7477511e-02	9.1713205e-02	-1.1638463e-01	2.0392939e-01	-1.9221933e-01	-6.2264796e-02	2.1402344e-01	1.2808940e-01	1.6030377e-01	4.5436703e-02	-7.9876773e-02	-1.8114983e-01	1.4515384e-02	1.2376091e-02	-2.0346324e-01	-1.3263321e-01	-1.9892722e-01	7.1024515e-02	-3.0953759e-01	3.1387013e-01	-2.9185688e-01	-8.9576758e-02	-5.1162697e-02	-2.8741071e-01	7.8271754e-02	-1.3323568e-01	2.9841691e-01	1.1856552e-01	-8.7264702e-02	1.2548722e-02	1.6487823e-01	-2.9936683e-01	-5.1100412e-04	-9.0627968e-02	2.2113270e-01	2.5981569e-01	2.6030871e-01	-1.0449806e-03	6.6714950e-02	-1.4243755e-01	2.6199797e-01	1.2045736e-02	-2.5385019e-01	3.6713108e-02	5.4030333e-02	2.4015957e-01	3.0644327e-01	1.3665305e-01	2.4239270e-01	-6.7106239e-03	-1.8868043e-01	2.2031108e-01	1.3323499e-01	5.1254802e-03	-2.0348285e-01	1.8066446e-01	-3.1782570e-01	6.7460641e-02	7.6242790e-02	2.3088782e-01	-9.1109455e-02	1.2260024e-01	-2.2205925e-01	3.7092041e-02	-1.5470272e-01	7.1110129e-02	2.0862778e-01	-1.5073468e-01	-1.6575861e-01	-3.0861676e-01	-8.2950473e-02	-2.6861894e-01	4.8383739e-02	2.4945718e-01	1.8206283e-02	-2.3564339e-01	2.9456165e-02	-1.6334756e-01	3.1560960e-01	2.7145573e-01	2.4443643e-01	1.0573583e-01	-1.1782680e-02	1.7453523e-01	-1.7895047e-01	-1.0675147e-01	-2.7882573e-01	1.0443617e-01	2.9988965e-01	-1.3233647e-01	-2.3160155e-01	7.1854673e-02	-6.4088799e-02	-1.1719422e-01	-5.2289721e-02	3.1523412e-01	2.5649697e-02	1.4471278e-01	2.5940654e-01	1.7785256e-01	1.7737940e-01	-4.2260271e-02	2.1524458e-01	6.4086638e-02	2.3694727e-01	3.4619808e-02	-6.4983584e-02	2.0318110e-01	-1.9915825e-01	1.5335047e-01	7.6883711e-02	-1.2310750e-01	-7.9150433e-03	-1.5222003e-01	-1.0164172e-02	-1.3020433e-01	-2.1884082e-01	-3.0955973e-01	-1.8140900e-01	-1.1076917e-01	-2.4692565e-01	-1.2408316e-01	-2.0118539e-01	1.4926693e-02	-2.7833170e-01	-2.7406521e-02	2.2404096e-01	-2.7861342e-01	8.9325070e-02	1.1730208e-01	-2.4931066e-01	7.9534009e-02	2.6598361e-01	-2.0395653e-01	6.0202021e-02	9.1469258e-02	-2.7958554e-01	-1.4905202e-01	-6.1386939e-02	-2.7356878e-01	1.9375592e-01	-2.1955492e-02	1.9161971e-01	-2.0414385e-01	-1.8685576e-01	3.0622301e-01	-5.0247669e-02	-1.0649769e-01	-1.2392204e-01	-2.5344184e-01	1.5652688e-01	-1.2481922e-01	8.3276033e-02	-2.3217310e-01	2.2583205e-01	-6.4956479e-02	1.0977758e-01	-7.6598369e-02	2.6857129e-01	-1.7225009e-01	2.6255706e-01	1.0056776e-01	-7.4149631e-02	-4.1903913e-02	3.4802228e-02	-2.5992268e-01	2.1264440e-01	-2.5770503e-01	-3.0824721e-01	-1.7460285e-01	-2.5283030e-01	-2.1593450e-01	8.3119012e-02	2.7266395e-01	2.1630779e-01	1.9834110e-01	2.4007800e-01	-1.0659961e-02	-9.9435478e-02	-3.6150828e-02	-2.9860887e-01	8.1050061e-02	-2.7093953e-02	-9.1164745e-02	3.1019451e-02	2.1041881e-01	-1.5658198e-01	-7.0362031e-02	1.4600329e-01	2.5624067e-01	3.4584720e-02	-3.4350071e-02	5.4170896e-04	-5.3980857e-02	1.4646983e-01	-5.0628483e-03	4.5257896e-02	2.5878152e-01	-2.9251468e-01	-2.3588479e-01	-1.2998323e-01	-1.9347343e-01	1.6155064e-02	1.3427478e-01	-2.8881907e-02	2.5656781e-01	2.5564358e-01	2.8406015e-01	2.8781205e-02	-2.4073154e-02	1.3798535e-01	-1.4513656e-01	-3.2267067e-01	3.9299428e-03	1.7512903e-01	1.0658991e-01	-1.3204934e-01	2.9426488e-01	5.4633465e-02	2.8576318e-02	-2.2389145e-01	-1.7332196e-01	-1.0824861e-01	-1.9629171e-01	2.3368630e-01	1.2229777e-01	5.9695911e-02	1.9240884e-01	2.3746139e-01	-6.5004170e-02	1.8785527e-01	-1.0872643e-01	-2.1167675e-01	-1.2026498e-01	1.6394494e-01	2.4507625e-01	2.7509001e-01	-2.9455334e-01	1.4647821e-01	-2.0284602e-01	2.2374459e-02	1.4573842e-01	-1.8679421e-01
1.2594746e-01	-2.1619782e-01	-1.4041387e-01	1.6416165e-01	-6.0720269e-02	2.4881622e-01	-1.2266603e-01	2.9253715e-01	-6.8033226e-02	-1.1405012e-01	3.8478646e-02	-2.6640236e-01	-2.2418801e-01	-2.1676144e-01	-2.8170252e-01	1.2588707e-01	1.1519925e-01	-1.6196582e-01	9.5109567e-02	-1.4173840e-01	7.6742649e-02	-1.6977006e-01	-1.9575061e-01	-1.6661079e-01	-2.6041657e-01	-6.5478593e-02	-2.4786906e-01	5.1910635e-02	-5.5106252e-02	-1.3198145e-01	-1.6837510e-01	-6.3430563e-02	-1.4976145e-01	-1.2953104e-02	-1.5437794e-01	8.4583461e-02	2.3366062e-01	-8.0208629e-02	1.9340721e-01	-2.0353703e-01	-3.0771035e-01	4.6864245e-02	-5.2215457e-02	2.6960647e-01	-1.3588513e-01	7.9866029e-02	-2.2532046e-02	-6.9634266e-02	1.3593261e-01	1.9112341e-01	-2.7662113e-01	1.5374196e-01	-2.1767397e-01	-2.7016488e-01	-3.0395705e-01	-3.1523934e-01	9.2709407e-02	2.8906485e-01	-2.6033813e-02	1.7045373e-01	-2.3498762e-01	-7.9392560e-02	2.2943345e-01	-3.0902410e-01	-6.0902208e-02	-1.8305525e-02	-2.9045492e-01	-2.3887220e-01	-2.4698649e-01	-2.2368589e-01	2.6282001e-01	-2.5782257e-01	2.2865845e-01	2.7391610e-01	-2.8149000e-01	-2.1426351e-01	8.3590358e-02	-1.4763562e-01	1.1539587e-01	-1.8720588e-01	-2.6210120e-01	2.6372587e-02	1.2692750e-02	-2.2429529e-01	-4.5589343e-02	1.3374509e-01	1.1650739e-02	-2.9402101e-01	2.3891652e-01	1.2933394e-01	-3.5955578e-02	-2.0429651e-01	-8.4429331e-02	2.9570451e-01	3.0518541e-01	-2.6333191e-02	-9.3183452e-03	8.4098659e-02	8.0397511e-03	-1.7893811e-01	8.6501203e-02	-2.8568235e-01	2.3672639e-01	-1.8166009e-01	1.2480797e-01	2.3038697e-01	-1.7985767e-01	2.5473833e-01	4.9554743e-02	-3.8532016e-03	1.8270580e-01	-1.2508164e-01	1.5490571e-01	-1.9985755e-01	-2.2310998e-01	-9.9412687e-02	-3.1975171e-01	-1.3454379e-01	7.3085383e-02	2.9398912e-01	-2.6342434e-01	-1.9876251e-01	2.5177005e-01	1.1830880e-01	-2.1175206e-02	6.4096646e-03	-2.7001119e-01	-2.3640905e-01	-9.7398058e-02	-4.3211818e-02	2.4761979e-01	-2.9015836e-01	1.3498318e-01	1.2750849e-01	-1.2586887e-01	1.5357405e-01	-2.2108620e-01	1.8914457e-01	1.1778963e-01	-1.7446029e-01	-1.5490977e-01	2.6957902e-01	2.2299743e-01	-2.3054756e-01	-6.4534515e-02	-1.2360869e-01	4.0733788e-02	8.0786876e-02	8.2245052e-02	1.8028967e-01	-1.4269865e-01	6.0275067e-02	-1.6767539e-01	-1.1968942e-01	-1.9308089e-01	-1.4067489e-01	2.3459612e-01	-2.6706576e-01	-7.6032639e-02	-2.1852417e-01	-2.0380510e-01	-7.3152564e-02	9.6705370e-02	-3.0055416e-01	-4.6240654e-02	8.5090458e-02	1.9534859e-03	1.1377492e-01	1.2467778e-01	-7.0315056e-02	5.2280229e-02	6.7162745e-02	-1.3671789e-01	8.6730607e-02	-2.8576565e-01	2.0662519e-01	2.3606248e-01	1.2276326e-01	-7.5162691e-03	-6.4860560e-02	1.2709196e-01	-2.5553697e-01	-1.0984140e-01	-1.4134081e-01	8.6230300e-02	-3.2993969e-02	-1.5222102e-01	-7.5420827e-02	-2.7480760e-01	2.2945876e-01	2.5548360e-01	2.0660186e-01	-1.3425571e-01	-2.8405714e-01	7.8181773e-02	2.2804597e-01	4.4907063e-02	4.4205487e-03	1.0065505e-01	9.6486807e-03	1.4008945e-01	2.1693352e-01	-2.6151073e-01	2.8890058e-01	1.1168402e-01	-2.2322986e-01	-4.4512749e-03	-2.0554417e-01	-2.3363134e-01	2.4403274e-02	1.5536672e-01	1.8908674e-01	-5.0568372e-02	-2.4988154e-01	-1.9195360e-01	2.2688538e-02	-9.1198415e-02	1.1053222e-01	-1.1606552e-01	-1.9479582e-01	-2.4264368e-01	-1.5585874e-01	3.1969756e-02	-2.1026462e-01	1.8332033e-01	5.9230179e-02	-2.7512959e-01	2.6191005e-01	2.0304848e-01	2.8861314e-02	-6.3331924e-02	-2.5659189e-01	7.8455947e-02	-4.7142327e-02	2.3449988e-03	1.9523165e-01	-5.7007130e-02	2.3545558e-02	1.0161602e-01	-1.8597823e-01	-3.0512020e-01	2.0508447e-01	-2.8306237e-01	-5.9944939e-02	-1.7555851e-01	-5.6535387e-03	-1.9436081e-01	-6.5417871e-02	1.7591651e-01	-2.4488246e-01	3.0130088e-02	-2.7330011e-01	2.8101620e-01	1.0989229e-01	-1.6332874e-01	-3.0340773e-01	-2.1134576e-01	6.2503599e-02	2.0414646e-01	-2.1017876e-01	-8.9661308e-02	1.8330306e-01	-7.7005036e-02	-8.6652875e-02	-1.4615013e-01	-1.9561167e-01	1.7418163e-01	1.0006704e-01	1.3975844e-01	1.8384874e-01	4.2608522e-02	1.8662652e-01	2.8451064e-01	-3.3137301e-01	-2.5589925e-01	1.3079625e-01	-8.3263867e-02	1.6947659e-02	-1.0645828e-01	-3.2286823e-01	-1.1548823e-01	7.1698516e-03	-1.7003936e-01	1.5822473e-01	-1.5994610e-01	1.5691830e-01	-1.6130275e-01	-1.6472307e-01	-5.4568719e-02	1.1129258e-01	-2.2475320e-01	6.5489724e-02	-2.6471564e-01	-2.9085773e-01	-1.6699268e-01	-2.5385410e-01	-3.3077110e-02	2.9683438e-01	-3.7386667e-02	4.7657561e-02	1.6691278e-01	-1.0639006e-01	1.0986662e-01	-2.4783328e-01	1.3764831e-01	1.3395350e-01	-2.3866361e-01	-3.7817415e-02	-6.5203466e-02	-9.8930508e-02	2.8466487e-01	2.1784041e-02	2.7376452e-01	-2.3636393e-02	6.3831948e-02	-2.7839482e-01	-3.3685586e-01	-6.2354758e-02	9.5948279e-03	-2.7164343e-01	-3.1202844e-01	-2.5354588e-01	-2.2350644e-01	-3.0970263e-01	2.2855381e-02	1.4462513e-01	2.3714975e-01	-1.9863388e-02	-2.3098752e-01	2.8168520e-01	1.7148299e-02	2.0776798e-01	2.1860216e-02	-1.3301992e-01	-2.2167446e-01	2.4264233e-01	1.0411987e-03	-8.4127314e-02	2.2546381e-01	2.1072721e-01	-1.8872267e-02	2.0879106e-01	9.2012912e-02	1.2314852e-01	-2.6468006e-01	5.1821891e-02	-8.9889087e-02	1.3010471e-01	-7.1209818e-02	-1.7046273e-01	-1.2089822e-01	-1.5619814e-01	-1.4708795e-01	2.5698960e-02	-1.4866798e-01	-1.5897542e-01	-2.7256054e-01	-1.1687085e-01	-1.3974418e-01	1.1686540e-01	-2.6533800e-01	2.0218208e-01	4.5924395e-02	-2.2896194e-01	-2.7173555e-01	-1.8571967e-01	-2.4126485e-01	-7.8841910e-02	-5.4775029e-02	2.6729909e-01	9.3869120e-02	7.5032115e-03	1.1696962e-01	-1.0504693e-02	-9.3551219e-02	-7.1865261e-02	1.2240925e-01	2.8111920e-01	-2.8111655e-01	-5.5340141e-02	8.3604455e-03	1.7261556e-01	-2.5674096e-01	-1.2569639e-01	8.5199617e-02	4.7431342e-02	-1.8942539e-01	-4.3765415e-02	1.4727077e-01	-2.7213594e-01	6.5675773e-02	-1.4408763e-01	-2.2691518e-01	-9.3055166e-02	-7.1563423e-02	-2.5994167e-02	2.2102262e-01	-1.3031782e-01	1.0845322e-01	1.2254597e-01	-6.3049980e-02	1.4786564e-01	-2.6982772e-01	-2.0598599e-01	6.6405378e-02	1.5171053e-01	1.7369556e-01	1.2450758e-01	-7.3837437e-02	7.2801739e-02	-9.7068295e-02	-2.5102374e-01	-3.4254062e-01	-2.3439677e-01	-2.4906561e-01	6.9566928e-02	-1.2734491e-01	1.9143091e-01	1.5785788e-01	2.2235779e-01	-1.4488836e-01	2.6781902e-01	-2.8427011e-01	6.7970522e-02	-2.8085241e-01	-2.5657275e-01	2.7028862e-01	2.5080785e-01	2.4226253e-01	-8.9694664e-02	3.3826329e-02	-2.0446412e-01	-9.5097914e-02	2.0146522e-01	-1.9734441e-01	3.0026603e-02	1.8286064e-01	-2.1604061e-02	-4.4891655e-02	1.8961698e-02	2.0134476e-01	9.9506557e-02	-1.7786537e-01	-7.0026584e-02	-1.8198477e-01	2.5109169e-01	1.1555743e-01	-1.6044989e-01	8.4100775e-02	5.2669503e-02	1.8548237e-01	-1.0233959e-01	6.5073997e-02	-3.0497429e-01	-1.2761593e-01	1.7545751e-01	-7.3437862e-02	1.4222652e-01	-6.4276852e-02	2.2129847e-01	2.5077087e-01	1.6801634e-01	-1.5855795e-01	-4.0094391e-02	2.7796483e-01	-1.3605016e-01	-2.0274639e-01	1.9413885e-01	-1.2715799e-01	1.1352953e-01	1.4767657e-01	-2.5662747e-01	-9.2417207e-03	2.8063150e-02	-2.7065247e-01	-2.7403280e-01	-1.8246191e-02	3.9306622e-02	-2.0704085e-01	-2.2767331e-01	-1.6485766e-01	6.0821768e-02	6.3901417e-02	1.8118118e-01	8.4870890e-02	1.4958960e-01	-1.3117467e-01	-5.7129096e-02	-9.6591160e-02	-2.7518407e-01	1.2908851e-01	5.1756687e-02	2.1354629e-01	-2.4083072e-01	-8.6237386e-02	1.2331881e-01	-1.2690362e-01	1.5508203e-01	-1.5307584e-01	1.7407638e-01	-6.3714802e-02	2.1537954e-01	1.5974653e-01	-3.2697283e-02	-2.4009705e-01	-2.8322718e-01	2.4618465e-02	6.1060052e-02	1.3900201e-01	-2.7608609e-01	-2.1125466e-01	9.7923629e-02	8.0676533e-02	-2.4379654e-01	1.1908435e-01	1.9214830e-01	1.4325091e-01	-1.0811964e-01	4.4790622e-02	-1.7166859e-01	4.9801953e-02	-2.2942571e-01	-2.9311925e-01	-2.7160730e-02	2.9084864e-01	9.2954397e-02	-1.5110961e-01	-3.6199517e-03	1.2227396e-01	-1.6257004e-01	-6.5373488e-02	2.3789978e-01	4.8636746e-02	1.8227679e-01	-1.8468842e-02	-7.3189467e-02	-2.4829485e-01	-2.1704848e-01	2.8865319e-01	-1.2476344e-01	1.6027434e-01	2.3471940e-01	1.3487759e-01	-1.3300824e-01	1.2571428e-02	2.2399189e-01	1.9699001e-01	-6.8972744e-03	-4.2944372e-02	8.0240369e-02	-1.4023967e-02	-2.4944561e-02	-6.6583686e-02	-1.2291444e-02	1.9472344e-01	-2.6263702e-01	6.2024828e-02	-6.2678680e-02	-3.8491752e-02	-5.1140539e-02	3.6080029e-02	-1.9116884e-01	1.1445998e-01	-1.7880508e-01	8.1138700e-02	-6.2063612e-02	9.9498205e-02	2.7914259e-01	-2.6840284e-01	2.4361351e-01	-1.2948798e-01	-3.1412044e-01	-1.8436793e-02	1.1831198e-01	2.7144074e-02	-2.0544197e-01	-2.0879464e-01	-3.1116310e-01	2.5901839e-01	-1.4894603e-01	-1.8257239e-01	-2.9740909e-01	1.6693836e-01	2.6286137e-01	-2.9155633e-01	-5.9633277e-02	-8.6566739e-02	-2.0546915e-01	2.9915833e-01	-1.9352926e-02	-1.6094139e-01	-1.5185001e-01	1.7309670e-01	9.0262182e-02	-2.0344466e-01	-2.8697485e-01	3.1382505e-02	2.2287048e-01	-1.3270462e-01	-2.0188354e-01	-2.0946325e-01	-2.7763522e-01	-9.5610708e-02	-3.3668837e-01	-2.4032345e-01	6.8238817e-02	-1.4429671e-01	-2.7342236e-01	6.5017290e-02	-1.9564749e-01	9.3101047e-02	-2.7156106e-01	-2.2658102e-01	-1.7378204e-01	-1.7972587e-01	7.9915434e-02	-1.4377600e-02	-1.3579331e-01	-1.2683108e-01	-2.6388723e-01	-7.8708097e-02	1.2828240e-02	1.4371401e-01	-2.0473613e-01	6.7027800e-02	-2.5021108e-02	1.2843712e-01	-1.7169611e-01	3.1595603e-02	8.6711705e-02	2.6001412e-01	1.7783776e-01	3.4759589e-02	-1.1148623e-01	-2.8849894e-01	-3.0852336e-01	1.1789856e-01	-4.5035150e-02	1.0189801e-01	-9.2666194e-02	2.3467304e-01	3.0630960e-03	-5.8827430e-02	-9.8657168e-02	-1.9848925e-01	-2.6151240e-01	-2.0474941e-02	-1.4567856e-01	-1.8640530e-01	-1.6673556e-02	-2.0692839e-01	-5.5092447e-03	5.1349070e-02	-2.2871258e-02	-8.1467599e-02	7.6780450e-03	1.7441401e-01	1.1805775e-01	4.1776620e-02	1.6104659e-01	1.8675186e-01	9.8884553e-02	-2.9600209e-01	1.6128840e-01	-1.1840406e-01	-1.6001983e-02	1.6274633e-01	-1.9528359e-01	-7.4979655e-02	-2.0941199e-01	-1.8845105e-01	-2.4774010e-01	-2.8816167e-01	1.4157853e-01	-3.0145147e-01	-3.0481797e-01	2.9428390e-01	-2.7506730e-01	-3.8829785e-02	1.3121304e-01	2.8967279e-01	-2.1073021e-01	-7.9196960e-02	-1.9083466e-01	-2.2043526e-01	1.5932000e-01	1.9764635e-01	4.4843554e-04	-9.1638960e-02	-3.0257496e-01	2.9952064e-01	-2.6565319e-01	5.7834923e-02	-2.9443666e-01	-2.0955776e-01	-2.2939622e-01	2.5403658e-01	1.6101184e-01	-3.1840771e-02	-1.5129413e-01	2.2770411e-01	1.2023872e-01	4.2050481e-02	-4.1763637e-02	-1.9594433e-02	2.0529470e-01	-2.0811161e-01	2.6319486e-01	1.2902635e-01	-2.0242319e-01	-2.0275365e-01	-3.6869656e-02	-3.0947942e-01	-2.3372379e-01	-3.6670174e-02	2.1303111e-01	2.6188207e-01	1.1630849e-01	2.5752974e-01	7.3833734e-02	-1.1340652e-01	1.8267849e-01	-1.4544940e-01	-9.2068762e-02	5.1572792e-02	1.7575720e-01	1.6262187e-01	-2.7317971e-01	-9.5066667e-02	-6.3320465e-02	2.2398755e-01	2.8096172e-01	2.6558071e-01	-2.5552052e-01	1.8909132e-01	-2.4359051e-02	-1.1638162e-02	-1.5676856e-01	2.4588212e-02	2.0096627e-01	-2.7059001e-01	-9.2974305e-04	-2.4624383e-01	6.6243060e-02	-8.5729025e-02	1.2934323e-01	2.4937721e-01	1.6183962e-01	4.1562028e-02	1.3301899e-01	-9.6830584e-02	3.8912538e-02	2.9186526e-02	1.7558102e-02	-1.8706499e-01	1.2149373e-01	2.2560409e-01	1.0127482e-01	1.7421319e-01	-1.4361088e-01	-2.6070520e-01	-6.8170421e-02	2.7631631e-01	1.1852346e-01	8.3922140e-02	1.1915272e-01	1.9582155e-01	2.2734876e-01	-3.1266877e-01	-2.6110798e-01	-9.0344548e-02	-2.3205788e-01	-1.6623691e-01	2.9127368e-01	-3.0407456e-01	-2.7798423e-01	2.2544943e-01	1.9727734e-01	-3.0382615e-01	9.9905588e-02	2.1391608e-01	1.8270940e-01	-6.8166241e-02	-2.8017813e-01	3.4869939e-02	1.7157824e-01	-2.4301757e-01	1.9394340e-01	-9.4410941e-02	1.5864491e-01	-1.3544232e-01	-7.2061755e-02	3.6360580e-02	-1.1694514e-02	1.3348526e-01	-2.3498005e-01	4.5750566e-02	1.7000937e-01	7.9593807e-02	3.4899980e-02	1.0032562e-02	-5.1976599e-02	3.0729869e-02	2.6255953e-01	-2.1068048e-01	2.1793696e-01	1.1781172e-01	-2.6432392e-01	-2.7978569e-01	-8.8318877e-02	-2.4190341e-01	6.8077527e-02	-2.9948974e-01	-1.8218237e-01	-2.9534355e-01	1.9063903e-01	-2.1610568e-01	1.2318654e-01	1.1755041e-01	5.0320037e-02	1.3382682e-01	-5.5190854e-02	1.7964646e-01	7.0338324e-02	-3.3462029e-02	1.3073732e-01	-2.9274103e-01	7.4336931e-02	-1.1418384e-01	-2.5557333e-01	1.2236518e-01	1.9930390e-01	1.5371008e-01	-2.1671705e-01	-3.0644873e-01	3.1500965e-02	1.5088385e-01	8.9546412e-02	8.3543797e-04	-7.1367033e-02	5.0964292e-02	-1.4641847e-01	-1.6048318e-02	-1.1940159e-01	-2.2811670e-02	1.0907769e-01	3.0552915e-01	-1.4482051e-02	2.6815015e-01	-1.2276126e-01	-1.6422395e-01	-1.9290586e-01	-2.5980508e-01	-4.3733608e-02	-3.0034742e-01	1.1676142e-01	-1.7185614e-01	-1.1290662e-01	-2.7920252e-01	-9.1548391e-02	-2.9728404e-01	-3.6496967e-02	1.4411464e-01	-1.9723928e-01	-2.2838244e-01	-1.1374801e-02	-1.1784560e-01	-2.4856374e-01	2.9277006e-01	3.0189869e-01	-2.4535590e-01	-1.7586444e-01	2.0518857e-01	1.4272216e-01	-1.9951287e-01	-2.5553331e-01	-2.2692101e-01	-2.5290805e-01	2.0899704e-01	-1.2471206e-01	1.6562696e-01	-2.6137817e-01	1.6036046e-01	6.3231133e-02	-1.2841611e-01	-3.0297968e-01	-1.6293980e-01	1.5652665e-01	-1.6912779e-01	-4.6581030e-05	-2.3841032e-01	5.9459619e-02	5.4555107e-02	2.5352687e-01	-2.1205437e-01	-1.4841976e-02	1.0883824e-02	4.2037345e-02	-1.1174532e-01	7.4448407e-02	-2.8868714e-01	5.8612823e-03	-7.4701734e-02	2.4252330e-01	1.7228825e-02	1.2165192e-01	-1.3877039e-01	2.0588125e-01	-2.9847674e-02	3.9936140e-02	1.4459799e-01	1.6551529e-01	1.1330649e-01	-4.5223176e-03	-1.2930714e-01	2.0443937e-01	-3.7510198e-02	2.2802442e-01	-2.0400777e-01	1.8128364e-01	-2.5028524e-01	-2.2652699e-02	-1.9655053e-02	1.0869260e-01	-9.4207339e-02	1.2880130e-01	-2.5106949e-01	-2.8137868e-02	2.0547247e-01	-3.9631571e-03	-1.7998257e-01	3.1920183e-02	2.0157228e-01	-2.9079574e-01	-2.7903238e-01	4.8273686e-02	-2.8437051e-01	-1.4712468e-02	1.6185907e-01	6.3737243e-02	2.5948885e-01	2.7892795e-01	2.3263142e-01	7.7991709e-02	1.2681930e-02	-7.7032872e-02	-2.5966786e-02	-5.1731709e-02	-2.5544164e-01	-7.7086695e-02	-1.3496003e-01	-3.2087708e-01	-1.1868000e-01	1.6076839e-02	2.4765715e-02	-3.0531267e-02	-1.4691171e-01	9.4203800e-02	-3.2576323e-03	1.0512185e-02	-2.4579178e-01	-1.2718026e-01	-1.5050035e-02	6.1352041e-02	-1.2350641e-02	-1.4622957e-02	2.0079838e-01	-1.9250979e-01	1.2090106e-01	-1.7698884e-01	1.0029151e-01	2.4285759e-01	-2.3060136e-01	1.7219846e-01	3.1898610e-02	1.0544926e-01	-1.1575624e-01	-1.2374145e-01	-6.0620066e-02	-1.9315572e-01	2.7410731e-01	8.7469351e-03	1.6372548e-01	-2.0710872e-01	2.5867024e-01	-2.7944088e-01	3.4485221e-01	1.9058309e-01	1.5965070e-01	-1.3992140e-01	2.2600934e-01	-2.3934801e-01	-1.7673366e-01	2.7514371e-01	2.0918767e-01	1.1508313e-01	2.4109770e-01	1.2402266e-02	2.1617399e-01	6.4591348e-02	-9.0008989e-02	-3.6195401e-02	2.4638782e-01	3.1271696e-01	-8.1577010e-02	2.2248212e-01	1.0409211e-01	3.2222103e-02	1.6193479e-01	2.8251404e-01	1.6932964e-02	-2.3029287e-01	-2.7321258e-01	1.3023549e-01	1.7268445e-01	-1.8134230e-01	5.2470826e-02	-2.3790795e-01	-1.2025054e-01	-9.0828843e-02	1.5407406e-01	-2.9998310e-02	2.5708339e-01	-2.3609935e-01
1.1906236e-02	2.9494467e-01	2.5168321e-01	2.8684625e-01	2.2817537e-01	2.8942591e-01	-2.9301476e-01	-2.2576889e-01	-4.8949186e-02	6.5100968e-02	4.4907488e-02	1.7994851e-02	9.6524686e-02	-2.5433713e-01	-1.6567516e-01	-2.7160165e-01	-2.8627729e-01	1.7025468e-01	-5.3554773e-02	-2.2504164e-01	1.3772279e-02	4.7238678e-02	-6.1403051e-02	-2.4492265e-01	3.7888497e-02	-2.9768708e-01	-5.8010414e-02	2.5621030e-01	-1.4569080e-01	3.5189986e-03	3.1042602e-02	-6.4445667e-02	2.2943248e-01	-1.7682111e-01	-1.7896710e-02	8.2461476e-02	-2.7494940e-01	-1.2942487e-01	-3.8033128e-03	1.3993785e-01	-2.6147643e-01	-1.6610734e-01	-5.5100884e-02	-3.0311257e-02	2.4069642e-01	2.4990855e-01	-2.4195621e-02	-3.3762249e-01	1.5973528e-01	2.5013751e-01	2.9290766e-03	1.7861639e-01	-1.3769248e-01	2.5326977e-02	1.6907621e-02	-3.7585922e-02	-2.2692297e-01	-4.5071740e-02	3.2331783e-02	-2.1522015e-01	-2.4395354e-01	-7.9540581e-02	-2.1858050e-03	1.2373919e-01	-3.0113372e-01	-2.0396745e-01	3.6865473e-02	-2.7097204e-01	1.4080351e-02	-1.4581241e-01	1.4596426e-01	-3.6274225e-02	1.0997735e-01	-1.9574833e-01	1.0827106e-02	2.8748003e-01	-1.0229185e-01	-6.6422127e-02	-1.0595065e-02	2.8079200e-01	-3.0640248e-02	-9.4245978e-02	-2.8021967e-01	-2.1794301e-01	1.6139342e-01	2.8348842e-01	8.4076129e-02	-2.2580855e-01	1.2772551e-01	-1.1623003e-01	1.3217103e-01	9.7326279e-02	2.6225835e-01	-1.8067934e-01	-1.4049076e-01	-1.2444123e-01	2.9549685e-01	3.1150496e-01	1.0520595e-01	2.1266738e-01	-2.6634729e-01	-2.7641845e-01	-9.4471902e-02	2.1757457e-01	1.8476674e-01	1.4294054e-01	-3.6149444e-03	7.1838766e-02	2.7622324e-01	-3.1260967e-01	-1.8273851e-01	9.6361183e-02	1.0185476e-01	2.8566590e-01	3.0814818e-01	1.4984488e-02	1.5137821e-01	2.4700817e-01	2.6761648e-01	5.2432239e-02	2.0581946e-01	3.4886679e-01	2.8233203e-01	-2.3392169e-01	2.8705883e-01	-3.6177048e-01	1.5268140e-02	-2.5236851e-01	1.7337674e-01	8.4893376e-02	-3.2216836e-02	-1.3122857e-01	-1.6507249e-01	6.2312070e-02	2.6037595e-01	2.4421342e-01	2.6099592e-01	-1.1796728e-02	2.0357645e-01	2.9209116e-01	-1.0602356e-01	1.7935668e-01	-1.1328625e-01	-1.8644547e-01	5.7984412e-02	2.2485000e-01	-2.5088352e-01	-1.0782380e-01	-7.0158049e-02	3.8700148e-02	1.6727069e-01	2.0543565e-01	-3.4362320e-02	1.0138307e-01	-1.3211135e-02	-2.7846211e-01	-2.1127917e-01	-2.0208988e-01	3.7196311e-01	6.5833129e-02	1.7608938e-01	1.1174464e-01	-2.4966283e-01	1.2864685e-01	1.2911604e-01	1.5298447e-01	2.1985099e-01	-3.7601590e-04	9.2972629e-03	2.7049437e-01	-1.9048305e-01	2.8591433e-01	-3.1328204e-01	9.5427468e-02	2.5191727e-01	1.4490412e-01	-2.1680532e-01	-1.1174603e-01	9.3486644e-02	2.4703524e-01	-1.5642745e-02	-1.8858434e-01	7.3106706e-02	-4.1298553e-02	-1.5715615e-01	2.9472610e-01	-1.2911223e-01	-2.8619000e-01	-1.8899669e-01	1.7744866e-01	9.7193509e-02	-3.0720150e-01	-3.6227077e-02	-1.4059222e-01	-1.9159335e-01	1.8557861e-01	1.9602761e-01	8.4659941e-02	2.8576532e-01	-2.6184362e-01	2.9785326e-01	1.3991624e-02	4.5427468e-02	2.2688690e-01	-9.5710874e-02	-2.1106055e-01	-3.1786215e-01	8.7385155e-02	2.6349545e-01	1.5093364e-01	-1.2603393e-01	1.9325569e-01	-8.3199270e-02	-2.0890760e-01	1.2460688e-01	-2.9665574e-01	2.7861574e-01	2.6795173e-01	3.9364696e-02	-2.6299936e-01	-5.5785310e-02	1.4660209e-01	-2.2883846e-01	-2.0590782e-01	-1.9310950e-01	2.4637032e-01	-1.8379274e-01	-1.3684668e-01	-1.6569336e-01	2.9802230e-01	2.5412142e-03	2.2796318e-01	1.6522254e-01	-1.8408462e-01	-2.9467183e-01	1.4025751e-01	2.9020777e-01	-1.8530615e-01	-2.7728865e-01	-2.6671207e-01	1.6228434e-01	2.2411051e-01	-1.9011676e-01	-3.0001691e-01	2.4519083e-01	2.5035968e-01	-6.1191525e-02	-6.7310601e-02	2.1343086e-02	1.9925560e-01	3.5143208e-02	-2.0874019e-01	2.1667539e-01	1.8853649e-01	-3.6545292e-01	8.3149664e-02	1.9349530e-01	5.6763347e-03	-2.4704802e-01	1.7690212e-01	-2.5316161e-01	9.5233120e-02	2.7165189e-01	9.0145171e-02	-1.3571227e-01	1.7237113e-01	-1.2760663e-01	-2.6517230e-01	-3.5317857e-02	-3.1229928e-01	7.7329464e-02	-2.7348608e-01	-2.9256508e-01	9.1511473e-02	-2.1473742e-01	-2.9508129e-02	-3.6073688e-02	2.2421375e-01	1.7969440e-01	9.2621952e-02	8.4307015e-02	9.5734663e-02	-6.2632158e-02	2.1374002e-01	-6.8025142e-02	1.0733452e-01	2.2224504e-01	-2.8260472e-01	1.2900040e-01	-6.0717642e-02	2.2714445e-01	1.1788538e-01	-1.1370683e-01	-7.9636410e-02	2.1409065e-02	1.6846284e-01	-2.8404430e-01	-5.8882064e-03	-2.5348485e-01	-1.5163213e-02	9.7523276e-03	5.8194481e-02	2.0411460e-02	-1.1559505e-01	2.2313559e-01	1.4685649e-01	-6.8119764e-03	-2.4117942e-01	-4.2280603e-02	-7.6268345e-02	2.0720731e-01	-1.2503549e-01	-2.8221390e-01	-1.6366205e-01	2.5290626e-01	-2.5598577e-01	-1.1522298e-01	2.7228764e-01	7.8332322e-03	-1.7603803e-01	-2.8363076e-01	2.5587291e-01	4.1918457e-03	7.8810081e-03	5.8584455e-02	-1.7212635e-01	-9.5481053e-02	9.7389132e-02	-2.7440336e-01	-1.9071063e-01	-6.4959109e-02	1.7302451e-01	-1.7418621e-01	-2.1762216e-02	1.5308280e-01	-1.5916845e-01	-1.6953640e-01	-4.8767135e-02	-5.3887498e-03	1.0664270e-01	-2.1061127e-01	1.0950467e-01	8.0880135e-02	-2.8346395e-01	-7.8232437e-02	1.3779239e-02	-2.4643956e-01	-9.3923301e-02	1.1742912e-01	-1.7646667e-01	-1.8326238e-01	1.0695148e-02	-1.6575009e-01	1.5793675e-01	1.2449890e-01	-2.2365849e-01	-2.2828613e-01	7.5886317e-02	7.3641509e-02	-8.9820594e-02	1.6324697e-01	2.4262872e-01	3.5723083e-02	1.6049770e-01	-2.6858792e-01	-2.5064799e-01	-1.6532585e-01	2.5017589e-01	-2.8966048e-01	-2.0330279e-01	2.4388102e-01	7.7491984e-02	2.8672846e-02	-9.6965447e-02	-3.7694577e-02	2.0628746e-01	1.3789937e-01	1.2476785e-01	-1.0877503e-01	-1.9227254e-01	-1.0984953e-01	-3.1792191e-01	9.4343923e-02	-4.4917025e-02	8.5389405e-02	7.5540654e-02	-1.1148028e-01	-3.0314842e-01	2.2987309e-01	2.3622675e-01	9.4992250e-02	-2.3506558e-01	3.0112546e-02	-2.3853807e-01	-8.1381820e-02	-1.5350609e-01	2.6215568e-01	-1.2649049e-01	1.6553080e-01	-1.7319217e-02	-2.0612271e-01	2.6163101e-02	8.9144014e-02	1.2530224e-01	-4.3665178e-02	2.0517817e-01	-2.7059540e-01	-2.1091148e-01	2.5667089e-01	2.8340390e-01	1.8205613e-01	-3.4542501e-02	5.4938130e-02	-2.5502187e-01	5.4220542e-02	-1.4481983e-01	-9.6877038e-02	-2.3797671e-01	-2.1344282e-01	-1.5687343e-01	-2.7895185e-01	2.1750949e-02	-1.5853362e-01	1.3347146e-01	-9.6483238e-02	-1.3415265e-02	1.9808108e-01	-1.7035525e-01	-1.1491971e-01	-1.1419474e-01	1.2603492e-01	-2.8672963e-01	6.6067778e-02	3.0064952e-01	-8.8963710e-02	1.3704626e-01	-2.4920348e-02	-7.7945113e-02	2.1761024e-01	5.5553999e-02	1.9665182e-01	-1.9817720e-01	1.4825977e-01	-2.0504498e-01	1.6445021e-01	-5.7531841e-02	-1.3887581e-01	6.8466030e-02	6.1555184e-02	-2.2639875e-01	-7.9977974e-02	-1.2949224e-01	2.4999605e-01	-1.2939979e-01	2.6414159e-01	-2.1967432e-01	-1.1177345e-01	-6.1374396e-02	9.4026951e-03	9.6857548e-05	1.1379124e-01	2.7433884e-01	2.8017816e-01	-1.8972228e-01	2.3318930e-01	-1.9789492e-01	-1.6360022e-01	-1.6613632e-01	1.6993610e-02	-1.1030845e-01	1.6506921e-01	2.1990424e-01	-2.1914802e-01	-1.3706699e-01	-1.0138290e-02	1.5000580e-01	-1.0961694e-01	3.6404461e-02	1.0839668e-01	-6.0298279e-02	-2.0344228e-01	-1.2721211e-01	-1.0431857e-01	-1.6832224e-01	-2.8933325e-01	-2.5378057e-01	-3.7973970e-02	-3.7037313e-02	1.8612413e-02	1.2450978e-01	-3.2301265e-01	8.4409654e-02	1.5331770e-01	4.0925320e-02	2.3687327e-02	-2.7411032e-01	4.9573731e-02	-6.7975193e-02	-2.6474428e-01	1.8193585e-01	1.7503309e-01	3.7478894e-02	-3.3926263e-02	1.4797443e-01	-8.1753790e-02	1.5006258e-01	-2.7994359e-01	-2.0524532e-02	-2.0423500e-01	-2.1121779e-01	1.1347542e-01	-1.1666848e-01	-7.8309298e-02	2.8455192e-01	-6.7103937e-02	-2.7148381e-02	7.0059374e-02	1.4433973e-01	1.1397135e-01	-1.3894898e-01	-2.5216557e-02	-1.6931081e-01	1.5094993e-01	-2.5240839e-01	-2.0218709e-01	-2.9795530e-01	1.3442747e-01	-1.7440830e-01	1.1829988e-01	2.1160720e-02	1.4394020e-01	1.1827488e-01	7.7251308e-02	-1.0000190e-01	2.0136738e-01	-9.3197756e-02	-2.0438932e-01	-1.5558122e-01	-2.0890009e-01	-1.2915654e-01	1.2443560e-01	1.1752433e-01	-2.0534211e-01	-2.6861700e-01	-2.9600778e-01	7.8003849e-03	-2.4264230e-01	2.5285465e-01	-1.4766182e-01	3.0081686e-01	-2.1974605e-01	1.3268262e-01	-2.1859518e-01	-9.5788240e-02	-8.4231831e-02	2.7956119e-01	1.5039283e-01	6.6940218e-02	-1.0812329e-01	-8.4472477e-02	-2.0006579e-01	-2.0009436e-01	1.1440468e-01	-3.0677530e-01	-2.2278202e-01	-1.5391247e-01	-1.3305521e-01	-2.7489868e-01	1.5209213e-01	1.1462642e-01	-1.1101249e-01	-1.3365439e-01	-2.2188474e-01	1.5981844e-01	7.9500213e-02	-6.2021501e-02	6.0847670e-02	2.8887460e-01	3.0228773e-01	2.8315384e-02	-2.2168785e-01	1.1447255e-01	-1.7984276e-01	-1.4863066e-01	1.3181037e-01	-5.9332535e-02	-2.6502842e-01	4.8309565e-03	1.7157578e-01	2.0015582e-01	-1.3662729e-02	2.3270597e-01	-4.4050135e-02	1.6795641e-01	9.6130595e-02	-1.7209241e-01	-1.0848648e-02	5.5811584e-02	-3.0399910e-01	-2.2687016e-01	-1.4629655e-01	-2.6751480e-01	1.4097482e-01	-2.3202497e-01	1.5146378e-01	2.5224355e-01	5.1848084e-02	-1.8791829e-01	3.0764433e-02	-4.0647856e-04	-2.7514270e-01	6.5936893e-02	2.0429432e-01	1.2722732e-01	-1.1421050e-01	3.0282247e-01	-2.9715729e-01	1.7297661e-01	-8.9239702e-02	-1.2220070e-01	-1.4661878e-01	2.9753748e-01	6.6978154e-03	-9.9715814e-02	2.1413255e-01	2.0328996e-01	-6.8547614e-02	1.9116224e-01	2.4445742e-02	-2.2453655e-01	-6.4192578e-02	-1.0488439e-01	8.7437011e-02	4.5711763e-02	2.1616063e-01	2.1861820e-02	9.4576158e-02	2.2743225e-01	5.4926824e-02	2.5789529e-01	2.2432503e-01	-2.5833252e-01	-1.4935037e-01	-1.9608155e-01	2.6884216e-01	1.8396616e-01	7.5876623e-02	2.9404595e-01	2.5892925e-01	2.4234948e-01	1.3888624e-01	3.6550760e-03	-1.3405432e-01	-2.7888700e-01	-2.8765696e-01	6.0374808e-02	2.8009900e-01	2.5694728e-01	-8.6712027e-03	2.8889218e-01	-5.2831840e-02	-2.2994635e-01	-2.1063848e-01	3.5930514e-02	1.1578155e-01	2.4723539e-01	-2.2441307e-01	1.6928633e-01	3.0687633e-01	1.0680986e-01	-3.4531910e-02	-2.5164723e-01	-1.3956219e-01	2.6417585e-02	1.7598635e-01	-1.1726361e-01	1.0734579e-01	7.2652683e-02	-3.0718982e-02	-1.0627724e-01	-1.5456498e-01	1.6352285e-01	3.0220598e-01	-1.7439079e-01	1.2585302e-01	-1.2784676e-01	8.5402653e-02	6.7764372e-02	1.2894256e-01	-5.2142717e-02	1.6716963e-01	1.6854437e-02	-1.1945309e-01	1.7110401e-01	-1.9302731e-02	-2.3857075e-01	-2.5561747e-01	-2.2179095e-01	1.1772097e-01	-2.8360653e-01	1.9690733e-01	7.1664616e-02	5.6628093e-02	-1.9511773e-01	1.4736654e-01	-2.0425846e-01	-9.3349956e-02	-1.2867023e-01	3.0337095e-01	2.8288960e-01	7.4280709e-02	-2.9203832e-01	-6.3515931e-02	-5.8032822e-02	2.0765249e-01	1.0918128e-01	-9.3075246e-02	6.3710056e-02	-2.3564702e-02	1.8389243e-01	-2.1574289e-01	-2.0801891e-01	-5.6804307e-02	1.8399470e-01	-2.1175060e-01	1.4266449e-01	-2.2725637e-01	2.1786684e-01	2.7076125e-01	-2.6159352e-01	2.1398532e-01	3.6694852e-03	-8.7401614e-02	7.4901921e-03	1.5128171e-01	2.1016908e-01	2.9193652e-01	-2.9570345e-02	-3.2898962e-02	1.7043240e-01	2.5828499e-01	-2.3223257e-01	2.9440007e-01	2.7816778e-01	9.6053131e-02	-1.4975025e-01	8.4336355e-02	2.4956235e-01	-7.4081667e-02	6.7061044e-02	-2.1928827e-01	1.3975523e-02	-1.1402445e-01	1.2579276e-01	1.2052172e-01	9.4261177e-02	8.9055412e-02	1.5425049e-01	-2.3422109e-01	2.8433281e-01	-1.1924923e-01	6.3063473e-02	-1.4931527e-01	-1.3975556e-01	2.2222862e-01	1.3939819e-01	-2.2017823e-01	2.8881910e-01	1.0949651e-01	-1.1291403e-01	2.0854713e-01	2.4553880e-01	-1.5725125e-01	-2.0872713e-03	7.5261325e-02	-4.0358350e-02	-2.9395798e-01	1.3864863e-01	2.2092757e-01	-1.8395415e-01	-2.1327522e-02	-1.5502802e-01	-5.7730968e-03	1.6734891e-01	2.2638538e-01	9.7397165e-03	-1.8312994e-01	-6.7073114e-02	-1.1437112e-01	1.8413754e-01	-1.2612393e-01	-2.2889487e-01	-2.1121246e-01	-1.8934494e-01	3.0475831e-02	2.9568040e-01	8.3923057e-02	1.1331473e-01	-3.0164129e-01	-2.5109189e-02	9.6873492e-02	-2.5547227e-01	-2.3834343e-01	1.9269991e-01	2.3818171e-01	-5.0528046e-02	2.8260657e-01	-2.7066737e-01	-3.4022909e-02	2.2675443e-01	5.4468475e-02	8.3158940e-02	-1.6065717e-01	-3.2071215e-03	1.4605641e-01	1.1577495e-01	-1.3084261e-01	9.8207787e-02	-1.8015759e-01	-1.2639557e-01	-1.5054849e-01	-1.7258504e-01	7.2795734e-02	-4.9348865e-02	1.9004662e-01	-1.3984913e-01	-1.2125343e-01	1.8703832e-01	3.0218652e-01	2.0203264e-01	8.6488254e-02	-7.3463470e-02	-9.2103682e-02	3.2763571e-02	-1.3745886e-01	-2.1521695e-01	2.9110017e-01	2.3773433e-01	2.2332522e-01	-2.9477936e-01	2.8838012e-01	8.5820168e-02	-1.1960270e-01	-2.3277271e-01	2.5215325e-01	1.3240854e-01	-2.6980236e-01	1.8656586e-01	1.9674045e-01	-2.5537592e-01	1.2514293e-01	-5.2794714e-02	-2.8373209e-01	2.8716531e-01	-1.7912109e-01	1.0479695e-01	-2.4006112e-01	3.4399310e-01	-2.9226902e-01	-1.2851039e-01	-1.3898195e-01	1.0629382e-01	1.3388577e-01	1.6072801e-01	9.4341606e-02	2.4513867e-01	-8.4986359e-02	1.6913427e-01	2.2186974e-01	-3.8844079e-02	1.5162733e-01	-2.3486322e-01	-2.2372101e-01	1.3896257e-01	1.6533610e-01	6.7559391e-02	2.2528514e-01	3.6888164e-02	1.4731929e-01	-2.9423314e-01	-2.8045353e-01	-1.4854074e-01	-1.7974749e-01	-5.3051949e-02	-1.0196000e-01	9.1117740e-02	2.0539834e-01	-2.5688019e-01	2.3113638e-02	-1.6824782e-01	2.9669285e-02	1.6976467e-01	-2.6688862e-01	-2.8548703e-01	1.5891629e-01	-2.7912569e-01	2.0051321e-01	-3.0049661e-02	-3.8248032e-02	8.4449567e-02	-1.5115394e-01	2.4971387e-01	2.6476553e-01	1.3178456e-01	6.1154429e-02	9.9477887e-02	-1.4449106e-01	-3.9680213e-02	8.8211752e-02	-2.2479150e-01	2.3644635e-01	8.9070998e-02	2.1779232e-02	1.4889634e-01	3.0661011e-01	1.5394872e-01	6.8803452e-02	-2.1849287e-01	-2.6171505e-01	-1.7008460e-01	-1.7823589e-01	-2.3394021e-01	1.4814769e-01	1.6268143e-01	2.0061962e-01	-2.4207099e-01	-2.0432174e-01	-1.6720514e-01	6.5238863e-02	2.5444284e-01	4.0577024e-02	-9.5911538e-03	1.4071950e-01	2.6109597e-02	6.5747738e-02	3.3381749e-02	1.9699624e-01	-2.0272213e-01	-9.3334965e-02	1.7109278e-01	2.7727538e-01	1.6774036e-01	-2.6675260e-01	-5.3646274e-02	2.5724080e-01	3.2296948e-02	-9.6563973e-02	-2.4249943e-01	1.4013103e-01	-9.1439977e-02	-1.8204144e-01	-1.8544292e-01	6.3330412e-02	2.4395941e-01	-2.8118509e-01	7.7348955e-02	6.0496736e-02	-1.5076283e-01	7.1311546e-03	-4.1417915e-02	-3.0529666e-01	-1.2455532e-01	5.0032049e-02	-7.3260367e-02	-3.1551987e-02	5.4623485e-03	-5.5131346e-02	1.9910476e-01	1.4798608e-01	-5.3861290e-02	-1.3536841e-02	-3.8843423e-02	7.5435042e-03	2.2834511e-03	1.3676345e-02	-2.1386962e-01	1.6605049e-02	1.3211083e-01	2.8553197e-01	2.5560126e-01	-7.9686522e-02	2.6744935e-01	-2.4669258e-01	-2.5862262e-01	-2.0134777e-02	2.6531219e-02	-2.8485876e-01	6.8338811e-03	1.9423458e-01	-1.4508255e-01	-2.7186680e-01	-2.9964370e-01	9.2458487e-02	2.1682324e-01	3.3272147e-02	-2.8089067e-01	-2.0899349e-01	-5.6674000e-02	-1.7705595e-01	-6.8767697e-02	-9.6917674e-03	-2.0495330e-01	6.3203834e-02	2.7111199e-01	-2.3851182e-01	-1.5761445e-01	-1.4393309e-01	2.3961292e-01	-3.2718450e-01	-1.4523377e-01	4.7837529e-02	-6.2026206e-02	-1.7037161e-01	-2.4179389e-01	-2.0160609e-01	1.5861474e-01	-1.3120838e-01	-2.4523313e-01	2.1392086e-01	2.2399823e-01	-4.0180609e-02	1.8555608e-01	-4.0194327e-01	2.3260888e-01
8.0334865e-02	2.7130648e-01	6.8463042e-02	1.7224850e-02	-1.0559102e-01	1.0683931e-01	3.6578384e-01	-1.2780471e-01	5.6059357e-02	1.7754211e-01	-2.4862733e-01	1.0141725e-01	1.3193135e-01	1.1940578e-01	-2.1840619e-02	-2.2834903e-01	1.0347670e-01	3.8635778e-01	3.2923701e-01	-1.9731691e-01	-2.8996962e-01	1.3615477e-01	4.6551563e-02	-3.7523061e-02	2.7125480e-03	2.7883109e-01	2.2591817e-01	6.2167622e-02	3.8694192e-02	3.6586493e-02	3.4543258e-01	3.0291867e-01
