9
input	24
dense	32
relu	0
dense	32
relu	0
dense	32
relu	0
dense	1
linear	0
7.999999979801942e-06
3.2587364e-02	-6.0580462e-02	-4.3288823e-02	-1.0282507e-02	-4.8930541e-02	-3.1604562e-02	-6.0637068e-02	3.1040665e-03	8.3779357e-02	-1.5722110e-03	7.7608558e-03	-4.7229793e-02	-2.1291291e-02	-8.1875995e-03	-1.4956490e-02	-5.0412979e-02	-2.2257503e-02	-1.1169552e-01	-2.5002984e-02	-4.6279632e-02	-2.5905250e-02	-1.1729428e-01	-6.0258221e-02	-1.3661213e-01	-5.1309418e-02	-2.8243247e-02	-4.8104592e-02	-4.5399472e-02	-1.8005617e-02	4.7610137e-03	-1.1481074e-01	5.6560696e-03
-3.7227910e-02	-5.6341747e-03	-3.7273318e-02	-1.0445741e-02	-1.8286163e-02	-3.7907616e-03	-3.6371179e-02	-2.5299575e-02	-2.7227990e-02	-1.4419718e-02	-5.8627389e-03	-5.3214893e-02	-2.9020149e-02	-1.2235199e-02	1.2008688e-02	-1.3839140e-02	-2.7007956e-02	-1.9364247e-02	-3.8811743e-02	-4.1233610e-02	-3.8818710e-02	-4.9254492e-02	-1.2669201e-02	-1.3968762e-02	-2.4456967e-02	-3.8727019e-02	-1.0600185e-02	-1.1909480e-02	-4.7049500e-02	-1.3419275e-02	-4.5763250e-02	-2.1939535e-02
-2.0039726e-02	-5.1161237e-03	3.0119759e-03	-1.4926776e-02	-3.6481521e-03	-1.3011619e-02	-4.1145686e-02	-4.7961451e-02	-2.1301312e-02	-2.1462569e-02	6.9973348e-03	-1.4251956e-02	-1.0932072e-02	-2.2735588e-02	-1.7623700e-02	1.9760875e-02	1.6646780e-03	-1.3340970e-02	-6.1670253e-03	1.4848902e-03	-1.9887531e-02	8.2415119e-03	1.3452101e-02	-1.4888667e-02	-2.4229812e-02	-1.8164339e-02	2.8176107e-03	-2.7653176e-02	-2.1166760e-02	-7.2097182e-03	7.2375122e-03	-3.5009256e-03
-1.3305439e-03
8.6777054e-02	-5.1858731e-02	2.5285068e-01	-1.5176217e-01	-2.8295553e-01	5.6990109e-02	-2.6099083e-01	-3.1966698e-01	-1.8051322e-01	7.3986478e-02	1.6362169e-01	-1.9020578e-01	-1.4760433e-02	-3.1480661e-01	-9.5614910e-02	2.7746049e-01	3.5029102e-02	-1.5350074e-01	-1.5835243e-01	2.7409336e-02	1.6373132e-01	-1.7242092e-01	1.0644151e-01	-1.0720225e-01	1.9864738e-01	2.7476442e-01	9.2348494e-02	2.0441240e-01	1.3581016e-02	-4.5101870e-02	-1.6579132e-01	2.2329856e-01	-2.6535594e-01	-1.7565547e-01	3.5571720e-02	-4.5799315e-02	-1.9471976e-01	5.5515930e-02	4.9180817e-03	3.4725815e-01	-2.2750014e-02	-1.7196885e-01	-2.1104179e-01	1.0177260e-01	-2.2707257e-02	-3.8000915e-02	2.0390896e-01	-4.9566809e-02	-1.4313309e-01	-2.9110387e-01	3.0200392e-01	-2.3783588e-01	-2.1416983e-01	-1.4089960e-01	1.7361164e-01	7.3980957e-02	2.7030680e-01	-6.9338091e-02	3.0651799e-01	2.3486912e-01	4.3221436e-02	1.3286611e-01	1.4374037e-01	2.2234342e-01	-2.6531702e-02	1.6641045e-01	1.7293145e-01	1.2963660e-03	9.8344564e-02	-2.6704192e-01	-1.0967857e-01	-2.6565555e-01	-2.6937112e-01	1.8038556e-01	1.2315812e-01	-5.5673700e-02	1.5651761e-01	9.8343894e-02	-4.8600461e-02	7.4817277e-02	3.7839707e-02	-4.4362694e-02	-3.2077473e-01	-9.8114781e-02	3.3497039e-02	1.0507303e-01	3.2524839e-01	-2.4222913e-01	2.7904203e-02	2.0874323e-01	-1.7220938e-01	1.5506056e-01	4.1463438e-02	1.1808807e-02	-1.2121426e-01	6.9683537e-02	2.4323688e-01	2.3991077e-01	-1.6966756e-01	1.4727493e-01	-3.2056850e-01	1.5538725e-01	2.6817152e-01	-9.0059929e-02	-7.4752867e-02	-7.1979135e-02	6.6443004e-02	-1.0650575e-01	-5.6029288e-03	1.1686008e-01	1.7296939e-01	3.3569574e-01	-7.4235521e-02	1.2954018e-01	-2.7467722e-01	4.8983688e-03	-2.5733301e-01	1.0189068e-01	-6.3082427e-02	2.3961973e-01	-2.0583749e-01	2.2735314e-01	-2.1788178e-01	1.5614532e-01	2.3689854e-01	1.4102679e-01	-1.8407378e-01	3.1810907e-01	-3.0586314e-01	5.1058725e-02	4.5843761e-02	1.5888631e-01	-3.0141929e-01	1.9066320e-01	1.9564593e-01	-7.0603400e-02	2.7662504e-02	-8.3302848e-02	2.9318926e-01	-2.0558423e-01	-1.5361796e-01	-1.9635995e-01	-5.6775534e-03	-1.9497292e-01	-2.7264518e-01	2.2665173e-01	-2.3619175e-01	-2.7657112e-01	-3.0725962e-01	-6.6831298e-02	2.3116652e-02	-8.8744909e-02	-1.7463380e-01	3.5980761e-02	1.8689927e-01	1.9178212e-02	3.2385489e-01	5.8642287e-02	2.7248836e-01	-2.3974179e-01	1.7385536e-01	1.8222678e-01	2.3664366e-01	-1.4805888e-01	2.0803601e-01	-1.4316054e-01	2.3221165e-01	1.9983436e-01	-5.1979359e-02	-7.4960425e-02	-3.7174538e-02	-1.7792857e-01	1.8305212e-01	3.8632525e-03	1.3529846e-01	3.1765327e-01	-1.4651094e-02	-3.1162018e-01	1.4362712e-01	1.1944064e-02	1.8245673e-01	2.3623870e-01	-3.0541384e-01	9.1113843e-02	1.9678479e-01	-5.0232202e-02	-2.7937636e-01	-1.0507058e-01	-2.6656392e-01	-7.6292269e-02	-2.0044556e-01	-2.5012755e-01	-3.1538066e-02	1.0454134e-01	-5.9422821e-02	1.5351784e-03	-1.8444256e-01	2.8930888e-01	7.5295359e-02	-7.8983329e-02	-9.0700099e-03	-2.1405984e-01	9.7403914e-02	1.9912902e-02	-3.4670946e-01	1.9719981e-01	-1.4572437e-01	-4.2662397e-02	5.1156472e-02	1.4078322e-01	-2.2784890e-01	2.5876948e-01	1.4967644e-01	-3.3475199e-01	1.7790025e-01	-3.6484290e-02	-2.3321678e-01	-1.3373812e-01	2.3266135e-01	1.0050469e-01	1.9629762e-01	7.5083472e-02	-2.6933243e-02	-1.5933113e-01	-2.2989300e-01	-2.0704634e-01	1.9122317e-01	-5.6362767e-02	-2.0861036e-01	-1.0793009e-02	6.4534321e-02	2.6422989e-01	-1.3623042e-01	4.9965478e-02	-2.3912378e-01	-2.0664591e-01	1.5734670e-01	-1.6995104e-01	1.4604768e-01	-6.9624588e-02	-1.7375101e-01	-7.2679885e-02	1.3839601e-01	-1.8576959e-01	7.4851766e-02	-2.3681204e-01	8.1870332e-02	1.7941408e-01	2.2602378e-01	-1.4631589e-01	4.5802794e-02	-2.0380661e-01	8.5131608e-02	-3.3138704e-01	8.9979000e-02	-1.1395991e-02	1.8317099e-01	-3.3697590e-01	2.3592836e-01	8.2418822e-02	-1.9421047e-01	-2.4496026e-01	-8.4114494e-03	-6.8405420e-02	3.1041676e-01	-1.5014095e-02	2.1492663e-01	2.5059938e-01	1.9434281e-01	8.4897205e-02	1.8077099e-01	-2.2277132e-01	-2.3265769e-01	1.9515122e-01	-1.3617399e-01	2.2128049e-01	-4.0042043e-02	-1.5013908e-01	-2.5672317e-01	1.6507366e-01	1.6226484e-01	-2.6479459e-01	-1.0644560e-01	-2.1776417e-01	-1.5821163e-01	-2.6313826e-01	2.7055373e-02	-1.7771690e-01	-4.6962321e-02	-3.1306375e-02	-2.1661478e-01	5.2639030e-02	7.2532713e-02	-2.7992502e-01	-1.1415858e-01	2.0381999e-01	-3.4522429e-02	8.1886567e-02	1.7877340e-01	3.4646973e-02	-3.8674576e-03	-9.7520851e-02	-3.1674895e-02	1.0359558e-01	-7.8506447e-02	-6.0546894e-02	-6.3555792e-02	1.4747840e-03	2.2232741e-01	-3.0072642e-02	-1.1376948e-01	6.1135262e-02	2.5392988e-01	6.7038819e-02	9.6913397e-02	-1.7220555e-01	1.0197058e-01	-3.2432225e-01	-1.1152735e-01	3.4713462e-02	-1.5037173e-01	-2.8367320e-01	2.5459689e-01	2.8613058e-01	2.1820320e-01	-3.2054212e-02	-5.8357701e-02	2.1745068e-01	-3.5675600e-01	1.6720010e-01	-1.7427912e-01	1.0906325e-01	-2.8491816e-01	-2.0644058e-01	-2.0213901e-01	6.7783482e-02	3.1846955e-01	-2.7251583e-01	-2.1215190e-01	-1.3899866e-01	-4.0168524e-02	2.4035873e-01	-2.7220586e-01	4.8088107e-02	6.4274907e-02	2.5770470e-01	-1.5948363e-01	3.2927355e-01	1.7596509e-01	-3.1513706e-02	8.9328296e-02	-8.3351871e-03	2.5414634e-01	-3.5877682e-02	-1.4477232e-01	-6.0284849e-02	1.4333984e-01	1.9660909e-02	-5.0400544e-02	2.5841388e-01	-2.1309730e-01	7.1627684e-02	7.1659461e-02	9.2249751e-02	1.3847478e-01	-1.1874989e-01	3.0732048e-01	4.9900141e-02	2.7722219e-01	1.5190856e-01	2.3714536e-01	3.2565948e-01	-3.3730999e-02	-1.1092667e-01	-2.2700278e-01	-1.1289444e-01	9.1970608e-02	-1.3825603e-01	1.5215021e-01	-1.8060859e-01	2.3667628e-01	-1.0406907e-02	-3.7548821e-02	1.2062108e-01	2.0715639e-01	-1.0001261e-01	-6.0030125e-02	-2.6812300e-01	-1.4685200e-01	2.3444673e-01	2.6846063e-01	-1.4652644e-01	2.9000435e-02	2.1691675e-01	-3.8111690e-02	-3.0721217e-01	-3.0212530e-01	1.4721540e-01	-1.5782215e-01	1.2901334e-01	1.4436769e-01	-1.6187666e-02	-1.1449307e-01	1.0861822e-01	-6.7882374e-02	-2.8346902e-01	1.3245630e-01	3.9886326e-02	-1.0139259e-01	2.6194063e-01	1.9648597e-01	-3.0293608e-01	5.8615159e-02	1.3333404e-01	-6.8651609e-02	-3.0760482e-01	2.4848744e-01	1.9692393e-01	6.8347924e-04	2.8739998e-01	-2.9828534e-03	-1.9623036e-03	-1.7196059e-01	6.6081509e-02	-2.3221286e-01	2.6874980e-01	1.6910042e-01	-2.7007338e-01	-1.7111087e-02	2.0724966e-01	-1.7929402e-01	7.1720943e-02	-1.4618808e-01	1.3931793e-01	-7.4089982e-02	2.2582376e-01	-7.1160987e-02	3.0098253e-01	2.1684119e-01	-2.7449992e-01	5.1623836e-02	1.1107879e-01	3.1600377e-01	3.3154759e-01	-1.4762643e-01	2.2633579e-01	-1.8339223e-01	2.2616112e-01	-1.7270802e-01	-9.1164060e-02	1.5625978e-01	1.8425386e-01	-2.9169205e-01	-1.0621786e-01	-2.7129868e-01	1.2261703e-01	-1.3432063e-01	6.1089486e-02	-2.0929371e-01	-1.1122141e-01	2.2342381e-01	2.3344395e-01	-2.8919092e-01	-2.7097549e-02	-3.1382704e-01	-2.1502693e-01	2.3744568e-02	1.1728011e-01	-1.7809546e-01	-2.2438800e-01	-1.1980150e-01	-1.3018018e-03	1.5373167e-01	-8.7514129e-03	1.4540894e-01	-7.3730186e-02	1.8816350e-01	-2.2154625e-01	2.0830123e-01	1.1418935e-02	-2.0126863e-01	1.6355275e-01	4.6920914e-02	3.1295156e-01	1.8933813e-01	-2.2497973e-01	2.0165575e-01	-1.3266256e-01	1.4916177e-01	2.2412814e-01	-1.2697817e-01	2.9082134e-01	2.2079494e-02	-4.7826217e-03	1.6084191e-01	-1.5795052e-01	-5.3769264e-02	-1.2959029e-02	3.1741118e-01	-1.7369860e-01	-2.8403965e-01	-1.8167715e-01	3.1258166e-01	-7.3560409e-02	2.8172585e-01	-3.0099002e-01	-3.0619111e-02	-1.3789822e-01	8.9339271e-02	3.1861642e-01	-3.2232043e-01	-1.5035559e-01	2.8521714e-01	1.9267319e-01	-2.7137533e-01	2.6406357e-01	1.4047267e-01	-1.5392849e-01	-1.5901169e-01	2.1766534e-01	3.2582454e-02	-4.3325942e-02	-1.4308573e-01	2.3490940e-01	-8.1540778e-02	1.0793099e-01	-2.5030531e-02	-3.5080016e-02	2.3427391e-01	2.0124120e-01	-1.7766365e-01	1.1340515e-01	-1.4354908e-01	9.7732648e-02	1.6919510e-01	5.0475437e-02	-2.2910988e-01	2.6299429e-01	8.4719770e-02	3.1795841e-01	-2.4953650e-01	1.5732993e-01	-3.4694646e-02	-1.5906079e-01	-6.5808609e-02	-2.0818554e-01	-1.0520460e-01	3.4268808e-01	-1.3981564e-01	1.1622604e-01	1.9274448e-01	-7.7205226e-03	2.4207175e-01	2.1332167e-01	1.8593985e-01	2.0949459e-01	-1.7170952e-01	6.2128375e-03	-3.2343611e-01	2.6488402e-01	-1.9581197e-01	-1.5373059e-01	-9.0935886e-02	1.1008631e-01	2.7662089e-01	-8.0316365e-02	-1.5390201e-01	1.1391754e-01	-2.4303633e-01	2.1594052e-01	-2.3087604e-02	-1.2263138e-01	-9.7250924e-02	2.2928624e-01	-5.4114848e-02	-1.2697516e-01	2.6422560e-01	1.8479697e-01	-1.2487675e-01	-1.3677478e-01	-2.9695281e-01	-1.5522449e-01	2.0263050e-01	2.2423221e-01	-7.4955501e-02	-1.0239567e-01	-8.8363431e-02	1.6181552e-01	2.4852378e-02	-1.1242674e-01	1.4650103e-01	-1.5919249e-01	2.5554454e-01	1.6289651e-01	5.8009729e-02	-5.1287103e-02	-1.7598978e-01	9.6923463e-02	8.0714829e-02	4.8798431e-02	-1.0608816e-01	1.4769991e-01	2.7502010e-02	-1.9532880e-01	2.1099643e-01	-2.2980452e-01	2.0827508e-01	1.7400081e-01	-8.0161326e-02	-3.1191695e-02	-2.9350942e-01	1.9633992e-01	-1.0461176e-01	2.8302804e-01	-1.4186579e-01	1.5144868e-01	-2.2494955e-01	5.3508271e-02	2.3186344e-01	-2.1062069e-01	6.6621028e-02	-7.5852290e-02	-6.9341660e-02	-4.1302117e-03	2.0839465e-01	-1.2442338e-01	-2.0174985e-01	-1.4347416e-01	1.6658396e-01	-8.0416836e-02	-1.0939255e-01	-1.5729859e-01	1.7510296e-01	6.9213379e-03	2.0040378e-01	3.3360046e-01	4.3293983e-02	2.9463583e-01	-2.6916111e-01	6.7045428e-03	1.3839405e-02	3.0968869e-01	-1.5001643e-01	-4.3872140e-02	-2.1140389e-01	-7.6939322e-02	-6.7837790e-02	-1.2575614e-01	-1.9891222e-01	9.2218556e-02	-1.5557677e-01	1.6801417e-01	-2.0263137e-01	-1.4722416e-01	-5.9456579e-02	5.6339215e-02	-2.6180875e-01	1.6957854e-01	2.3444119e-01	2.8093153e-01	-2.8926128e-01	1.5985110e-01	3.1480861e-01	2.2836132e-01	2.2170259e-01	9.9203885e-02	-1.0997996e-01	-3.5656482e-02	-3.1720117e-02	1.4779960e-01	-1.5274076e-01	1.3267084e-02	1.5315498e-01	3.1571123e-01	2.4620213e-01	-1.2238150e-01	-4.4582140e-02	7.6456152e-02	8.2246274e-02	-2.3471844e-01	4.3866042e-02	2.8540942e-01	1.7026307e-01	1.4629912e-01	8.9802027e-02	-4.3562330e-02	2.1508425e-01	2.5687006e-01	-7.7078246e-02	2.1710726e-02	-9.2596434e-02	-2.7400017e-01	-3.1415465e-01	-2.6216990e-01	1.2678322e-01	-2.0317233e-01	1.4813088e-01	1.5526617e-02	2.9091847e-01	-4.6237189e-02	-1.8966976e-01	2.8299838e-01	-7.0189320e-02	3.1655616e-01	2.1836676e-02	1.9229983e-01	2.0758328e-01	-2.8677306e-01	-6.0318001e-02	1.7511989e-01	-1.5630193e-01	-1.9825794e-01	-7.9970591e-02	4.4287801e-02	-4.3372974e-02	-1.1784745e-02	1.5081435e-01	-2.8631470e-01	1.4038534e-01	-7.6617852e-02	1.8305695e-02	-1.2543321e-01	-8.8089928e-02	-1.7308705e-01	-1.4071248e-01	-2.6807509e-02	-1.1073764e-01	3.5610825e-02	2.6045245e-01	-2.4122140e-01	-1.9903411e-01	-1.2096407e-01	-1.4692163e-02	1.0963276e-01	2.0509870e-01	-2.7315918e-01	-3.3598833e-02	1.8728633e-01	2.1221271e-01	9.6165076e-02	-6.6137642e-02	2.3580876e-01	1.3355899e-01	-4.1728094e-02	-1.0256891e-01	6.6726029e-02	9.4983637e-02	1.4292148e-01	1.5713546e-01	-1.4794497e-01	-2.4981785e-01	2.0768769e-01	3.0033308e-01	-2.8114778e-01	-2.0640779e-01	1.4827840e-01	-6.4230137e-02	6.0582813e-02	-7.3702872e-02	2.2250880e-01	-2.4761209e-02	8.0766426e-03	-2.4287546e-01	-3.6138408e-02	-1.2851052e-01	-1.5631507e-01	9.1734335e-02	8.7954359e-06
1.0163936e-01	1.0450879e-01	-2.0801263e-01	1.9232833e-01	-1.6687143e-01	-8.4400527e-02	1.5831303e-02	3.1832643e-02	1.1137269e-02	-1.0142834e-01	-1.2107039e-01	1.3812096e-01	1.1130948e-01	-2.8053346e-01	1.4445885e-01	2.8040743e-01	-1.2515572e-01	2.8412005e-01	-2.6685303e-01	-3.5216782e-02	2.5957584e-01	-1.1774050e-01	2.9138845e-01	-2.1090977e-01	-1.0354584e-01	2.4507076e-01	-7.7342942e-02	8.6363748e-02	1.5528423e-02	-1.5028249e-02	2.2968228e-01	1.5566362e-01	-5.2200139e-02	-1.2282216e-01	3.9102163e-02	1.0359487e-01	-6.8208680e-02	1.6817535e-01	-1.4628454e-01	1.0135619e-02	-1.8910743e-01	9.8805107e-02	4.4745682e-03	-9.6634505e-03	-1.4201164e-01	1.5327464e-01	-2.6657879e-01	-4.9307201e-02	7.5019799e-02	-1.2553351e-01	-1.5376630e-02	2.2917144e-01	1.9159076e-01	-1.4805701e-01	-1.1389468e-01	-8.4707245e-02	2.2703665e-01	1.6993439e-01	1.1146145e-01	-2.7801165e-01	-1.7850605e-01	5.8417194e-02	-5.2374773e-02	-2.3384123e-01	1.9461712e-02	-1.2599760e-01	-2.1033389e-02	1.2202242e-01	1.0584179e-01	-2.8769132e-01	-2.3666970e-01	-2.5371957e-01	8.1658764e-03	5.7688458e-03	-2.0892338e-01	1.7349669e-01	1.7425050e-01	1.4271970e-01	3.3462709e-01	2.2652914e-01	3.0326618e-02	1.8361498e-01	3.7399102e-02	-2.4142735e-01	-1.3236277e-01	2.2585458e-01	-2.6651180e-01	1.2632933e-01	-2.7604041e-01	-7.2589837e-02	2.5051031e-01	-1.8504860e-01	-1.5534461e-02	1.6175637e-01	6.5499857e-02	-1.6286032e-01	1.3703701e-01	1.9348466e-01	2.0187624e-01	-1.2050122e-01	5.5402432e-02	3.4340683e-02	-2.1470110e-01	5.9542514e-02	-2.1235086e-01	-1.7592180e-01	-6.2329873e-02	-1.9016346e-01	-1.7894924e-02	2.7265969e-01	8.5512273e-02	1.7433441e-01	-1.3145147e-01	-4.7414001e-02	1.5035635e-02	-2.7835783e-01	2.2469628e-01	1.6707173e-01	-3.6528964e-02	1.2329391e-02	1.6970567e-01	1.0841274e-01	1.0451895e-01	-3.0109847e-02	2.7573902e-02	9.6957318e-02	6.4518787e-02	-3.0314732e-02	1.1373166e-02	4.9823031e-02	1.7334497e-01	-1.1288571e-01	1.9868615e-01	2.7938666e-02	-3.5413560e-02	-2.0942137e-01	-3.0395013e-01	-1.0039903e-02	8.8175207e-02	-1.3124497e-01	1.3529437e-02	1.1519060e-01	-2.0246838e-01	-1.9136553e-01	-1.0942827e-01	-1.1637133e-01	-2.7878565e-01	-2.5778025e-01	2.2722027e-01	-3.4115221e-02	1.1086853e-01	1.5455006e-01	2.6635018e-01	-1.3868678e-02	8.0698311e-02	-1.1256956e-01	-2.4962495e-01	-1.5615702e-01	-1.3185890e-01	1.5009500e-01	-2.1653244e-01	-4.0477302e-02	-9.4246477e-02	-1.4151277e-01	2.6420718e-01	1.1539583e-01	-1.3577981e-02	1.2643485e-01	-3.6669180e-02	-1.8142715e-01	2.1079636e-01	-1.0292776e-01	3.1185782e-01	5.0235741e-02	2.3543610e-01	-1.4643292e-01	8.0696456e-02	-5.7251777e-02	-2.4685393e-01	1.9524698e-01	-1.3113096e-01	-1.2980506e-01	1.4364447e-01	1.3991709e-01	3.0937287e-01	-2.0349956e-01	-3.2863088e-02	-1.1997440e-01	1.0710061e-01	-1.0813238e-01	-9.8864280e-02	-9.5430017e-02	-2.8725299e-01	-3.0423450e-01	2.5026542e-01	2.6494625e-01	3.3573650e-02	8.4099658e-02	8.0507308e-02	-2.4302390e-01	-1.3844976e-01	-1.1377695e-01	-1.3872589e-01	-4.6820186e-02	2.0899634e-01	-4.7001839e-02	-4.2759776e-02	2.6641619e-01	2.2958452e-01	-2.7969366e-01	3.1320199e-02	1.3411105e-01	-5.5925228e-02	-3.4884825e-02	-5.7762839e-02	-2.6689348e-01	6.8256281e-02	-1.7194088e-01	-1.8126319e-01	-1.1594643e-01	-2.1664819e-02	1.9218434e-01	1.8980290e-01	1.6297798e-01	1.1118341e-02	-4.5169398e-02	-3.3396777e-02	2.7887315e-01	-5.9253644e-02	2.8772351e-01	-2.4127175e-01	-2.1070057e-01	-9.7181343e-02	1.9481057e-01	1.4734052e-01	1.8131690e-01	1.8962538e-01	9.7700069e-03	-8.9860104e-02	-1.3913245e-01	1.2473293e-01	-2.6176998e-01	2.0066075e-01	-1.6929135e-01	-4.9430508e-02	1.6805241e-01	-1.4342315e-01	-6.9533259e-02	-7.4480232e-03	-5.3447537e-02	-1.0736298e-01	-3.7897807e-02	-2.6151472e-01	-1.7067157e-01	2.3833738e-01	-1.4385498e-01	-2.3891157e-01	-1.9791023e-01	-2.9547074e-01	2.5240898e-01	1.6435926e-01	-2.9324943e-01	-2.4047945e-01	1.8291503e-01	6.0676884e-02	2.8307606e-02	-1.8344942e-03	-1.6601579e-01	2.4003518e-01	2.0715073e-01	1.7956336e-01	-8.7312251e-02	2.5398219e-02	1.9909503e-01	-1.0639506e-01	-1.1229976e-01	4.5175876e-02	2.4167165e-01	1.8358204e-01	-6.9455327e-03	1.8564282e-01	2.4430048e-01	-7.8932390e-02	-7.6165065e-02	1.2627478e-01	1.1138268e-01	-2.1536689e-01	-1.1701582e-01	-2.3509666e-01	1.6255547e-01	1.9172826e-01	-3.8127948e-02	2.6066512e-01	-2.0154445e-01	-2.6180527e-01	1.5038922e-01	2.7810144e-01	-1.9936813e-01	-1.6845021e-01	2.5190955e-01	-1.0226894e-01	9.2533700e-02	-3.1176069e-01	1.6554530e-01	-1.0776815e-01	-3.8230367e-02	-1.9303888e-01	4.3312494e-02	1.5352552e-01	2.4589480e-01	-1.8431728e-01	-1.6720736e-01	-7.6641284e-02	3.0528245e-02	-6.5941900e-02	5.0073307e-02	-2.4638617e-01	-2.2813500e-01	-1.0814368e-01	-1.7630807e-01	-2.0291932e-01	2.0951381e-02	-2.0814723e-01	2.8136343e-01	1.1416539e-01	-1.6843988e-01	1.9561654e-01	-2.2900361e-01	-1.2398710e-01	-9.4650723e-02	1.9206566e-01	-5.0749280e-02	-2.4844606e-01	-1.6098978e-02	2.3179542e-01	-1.7604184e-01	-1.3727042e-01	-3.0204745e-02	2.8045857e-01	1.3342229e-01	2.9969904e-01	-2.4447718e-01	-1.1212918e-01	-1.1374083e-02	3.0153230e-01	-2.8910901e-02	-1.3944747e-01	-2.5958267e-01	-5.7294402e-02	-1.4543082e-01	-2.4087383e-01	-1.3935402e-01	-2.6630878e-01	1.2529211e-01	7.6061733e-02	1.9327442e-01	2.0980611e-02	-2.2368872e-01	1.6786684e-01	-9.4967984e-02	-2.7559903e-01	1.9241948e-01	-1.4727984e-01	2.1436428e-01	1.9488823e-01	2.2368649e-01	-1.1824561e-01	-2.9438093e-01	2.3397200e-01	2.6141161e-02	1.1433142e-01	-2.9713184e-01	-1.1065343e-01	-1.4098921e-01	9.7039782e-02	-2.9455170e-01	7.3450059e-02	1.2766796e-02	-1.8511176e-02	-1.7896143e-01	-4.1935291e-02	3.6949001e-02	-2.0717303e-01	1.0714128e-01	-3.1043091e-01	2.5864393e-01	-1.9676185e-01	-4.0112000e-02	-1.7248461e-01	2.4686442e-01	1.5114377e-01	-2.9579031e-01	1.5214308e-01	1.2152149e-02	-3.2671221e-02	-2.6904419e-01	1.8491769e-01	1.6553489e-02	-2.4557072e-01	6.7670979e-02	-4.6551045e-02	-1.8037027e-01	-2.7940813e-01	-2.5429842e-01	2.4895373e-01	3.7395142e-02	-2.9440796e-01	-1.7089936e-01	-1.7394096e-02	9.6715555e-02	8.9782543e-02	-1.8219337e-01	1.4907460e-01	-9.6640304e-02	1.6168953e-01	1.8831110e-01	-1.4096500e-02	5.5552818e-02	8.5066356e-02	-1.0506310e-01	-2.4596304e-02	-1.9543849e-01	-2.2015551e-01	-1.0286835e-01	-7.9112127e-02	8.2813367e-02	-1.9654326e-01	-1.0904000e-01	-1.5985762e-01	4.7022816e-02	-2.8392756e-01	1.2373370e-01	2.3738641e-02	-6.9617018e-02	-1.8508554e-01	-1.8990485e-01	2.8512019e-01	2.4524443e-02	1.8278991e-01	-1.7397696e-01	-1.8705703e-02	7.4621007e-02	3.5689343e-02	-1.0451562e-01	8.2984932e-02	4.0284280e-02	1.2759103e-01	-1.0710211e-01	1.4480250e-01	-6.0860787e-02	1.7907405e-01	2.0704462e-01	-2.1039301e-01	-1.2474351e-01	-2.0474030e-01	-7.1834356e-02	-2.6953542e-01	-1.5205434e-01	-1.4515467e-01	3.5829350e-02	3.3710918e-01	1.5271430e-01	7.7547118e-02	-4.1987047e-02	1.4657114e-02	-2.0582506e-01	1.7974238e-01	2.2060242e-01	2.4695961e-02	-2.0584984e-01	6.4939775e-02	6.7979954e-02	2.8630751e-01	1.1524118e-01	5.9810918e-02	2.3322603e-01	2.1946928e-02	4.7879573e-02	1.4740208e-01	2.5700140e-01	-2.4024165e-01	1.4817083e-01	8.7846756e-02	-1.8067029e-01	8.7584712e-02	-8.7296106e-03	2.2776149e-01	-5.9807096e-02	1.0678227e-01	7.9518415e-02	-4.7259774e-02	-8.3812967e-02	-9.8257698e-02	2.3114237e-01	1.5891537e-01	-1.5441696e-01	4.6773497e-03	3.9344013e-02	1.6906139e-01	-4.8781611e-02	1.4479356e-01	7.1474217e-02	-7.3614873e-02	7.8919806e-02	3.2427926e-02	1.6077852e-01	2.7232215e-01	1.7224626e-01	1.2188154e-01	-1.6334572e-01	7.6959625e-02	-1.2073684e-01	-1.6923358e-01	2.5832534e-01	5.3645326e-03	1.9019298e-01	2.3379889e-01	-6.7560524e-02	3.2750629e-02	-2.2686583e-01	-4.7404055e-02	1.6783480e-02	1.7482898e-01	-1.3539505e-01	1.0480257e-01	-8.6415038e-02	-6.5985285e-02	1.1389261e-01	-3.0929223e-01	1.1758232e-02	-1.0748717e-01	-4.2935520e-02	2.9108328e-01	-1.1043690e-01	-2.3044410e-01	-2.8710350e-01	-1.0893147e-01	-2.4925849e-01	1.8081594e-01	-4.6809155e-02	-7.7701695e-02	-1.6404981e-02	1.2000639e-01	2.0185667e-01	-2.1760713e-01	2.0269808e-01	7.7222675e-02	-3.0424392e-01	6.4469036e-03	-1.2680854e-01	-2.5469989e-01	8.2865059e-02	-2.6731360e-01	3.6784068e-02	-2.9238203e-01	-1.9581360e-01	-2.3728681e-01	2.5262851e-01	8.1781641e-02	1.5460159e-01	1.9155325e-01	-1.1857244e-01	1.4183477e-01	-1.2057698e-01	-2.7258495e-02	-3.5419952e-02	-1.3025606e-01	-1.8557480e-01	1.3851468e-01	2.6124677e-01	2.0392370e-01	2.1495950e-01	9.7233541e-02	-3.3166924e-01	-6.6846617e-02	1.9371974e-01	-2.6427722e-01	-2.5053692e-01	1.6841695e-01	1.2441068e-01	-2.6652619e-01	-2.0776993e-01	8.6121380e-02	2.8703350e-01	2.2693636e-02	2.6849398e-01	1.6019711e-01	-2.4701880e-01	2.5374681e-01	1.8670604e-01	-7.9289205e-02	2.0957860e-01	-5.8486897e-02	-7.4035831e-02	3.7460236e-03	2.0539954e-02	1.8565658e-01	1.4553650e-02	-1.1277834e-01	-1.8797961e-01	3.0076554e-01	-1.9698597e-01	-2.0281917e-01	2.8383890e-01	6.5745622e-02	-2.6397476e-01	-3.8742326e-02	-1.7085512e-01	2.2535031e-01	2.2850147e-01	-9.0983674e-02	-2.4165556e-01	1.4739892e-01	-2.3129809e-01	4.4479899e-02	2.1319400e-01	-3.3620709e-01	7.3763475e-02	-2.2579040e-01	-1.4128812e-01	1.6745198e-01	-2.3533469e-01	6.8436794e-02	-9.5109001e-02	1.1200231e-01	-4.3987773e-02	-5.6142090e-03	-1.5451765e-01	5.8473255e-02	2.5016648e-01	-2.7192944e-01	-7.1098819e-02	-1.3304628e-01	-4.3461185e-02	2.7530932e-01	-1.1512376e-01	-2.1403776e-01	2.1125993e-01	1.1794326e-01	-2.6266626e-01	1.7029880e-01	2.2839183e-01	-2.3788106e-01	6.4640660e-03	-1.1410678e-01	2.6797589e-02	4.2987920e-02	-1.5684745e-01	-9.0274729e-02	-2.3278670e-01	-1.5075316e-01	-1.8481287e-01	-1.4597212e-01	2.0705408e-01	1.6393410e-01	-1.4212993e-01	-1.7702313e-01	6.8450883e-02	-1.5260513e-01	-1.6983677e-01	6.2597148e-02	-1.1607667e-01	2.8861058e-01	6.9274865e-02	3.2570224e-02	2.6449490e-01	5.1872950e-02	1.5006337e-02	7.1675584e-02	-7.6739690e-03	2.3553927e-01	9.3187779e-02	-9.3613669e-02	-1.2556539e-01	-7.0070609e-02	1.5494390e-01	-2.5100639e-01	-5.5113763e-02	1.0040531e-01	-2.4509615e-01	1.2227385e-01	-6.9636978e-02	1.0081823e-02	-1.0717818e-01	-2.0810673e-01	-2.4581702e-01	8.0337048e-02	1.6832569e-01	-1.3818134e-01	-1.7250337e-01	1.1669698e-01	-1.8779559e-01	1.2007982e-01	1.4470011e-01	6.5936863e-02	-2.7371714e-01	-4.4908375e-02	1.3863511e-01	4.9395859e-03	1.2513161e-01	-2.6287621e-01	7.8429068e-03	-1.1387791e-01	1.7990316e-01	6.0032222e-02	2.2610167e-01	-1.0763773e-01	-6.4520605e-02	1.1144511e-01	-3.2151821e-01	8.7752445e-03	-1.9343504e-01	-2.8534648e-01	-5.4706529e-02	-2.0351414e-01	4.4108864e-02	-2.2607112e-01	-8.0104694e-02	-4.3186631e-02	-1.7866259e-02	4.5684207e-02	-1.4976113e-01	-1.7487614e-01	-1.9467911e-01	-1.9480579e-01	9.7159468e-02	-9.0437986e-02	1.3633229e-02	1.6380759e-01	1.8224161e-02	8.6088642e-02	-4.4262994e-02	-1.7904643e-02	1.1535040e-01	7.2825211e-03	1.5350299e-01	-2.4400957e-01	2.3088044e-01	-3.4782238e-02	2.0259653e-01	2.0079267e-01	1.6541749e-01	1.3701865e-01	-8.2032740e-02	-9.9570431e-02	1.1689572e-01	-5.4972088e-03	6.9583960e-02	-2.1856822e-01	2.4463087e-01	-1.5231277e-01	7.0968442e-02	1.3627858e-01	-7.6873610e-03	4.2015746e-02	-1.9301181e-01	-1.2919343e-01	2.7486643e-01	5.1853679e-02	1.8326361e-01	2.5528765e-01	-7.4743897e-02	2.1439597e-01	1.9350265e-01	-6.1734214e-02	6.7880400e-02	3.1155052e-03	-1.6988160e-01	-1.6137560e-01	7.8673258e-02	1.2307841e-01	-2.6251382e-01	-1.2154660e-01	-2.5239721e-01	-1.6405743e-01	-4.9544066e-02	-1.5089670e-01	2.6471040e-01	-1.5235899e-01	-2.2948134e-01	-2.8176019e-01	8.0268390e-02	1.0768279e-01	1.8209516e-01	1.7597300e-01	2.7818182e-01	-8.4497496e-02	-1.5669368e-01	-1.8633954e-01	2.4218833e-01	-2.4889473e-02	6.5099604e-02	-8.7388717e-02	-1.9894670e-01	-1.0516826e-01	1.2229831e-01	1.1730946e-01	-1.3933474e-02	3.9359104e-02	7.0293754e-02	-2.2192061e-01	1.0983898e-01	7.7425063e-02	-1.5271984e-01	-3.1721893e-01	2.3660728e-01	-1.7616346e-01	-1.7905922e-01	-1.6011132e-01	-2.5346184e-02	-1.3303877e-01	-2.7053198e-01	2.4661669e-01	-3.1213912e-01	8.8204630e-02	-2.2137460e-01	-5.5142891e-02	1.7829502e-01	-1.0728635e-01	2.2643900e-01	2.2874735e-01	-4.4541549e-02	9.2433095e-02	2.4140435e-01	-3.7925132e-02	-1.1294518e-01	2.5397394e-02	2.0254265e-01	-2.0855090e-01	2.1989334e-02	1.6938755e-01	3.6892463e-02	2.0536438e-01	-1.5050472e-01	-2.2165106e-01	2.4453048e-01	3.8426988e-02	2.6022232e-01	-1.5358117e-01	-1.2103402e-01	-1.8608285e-01	-2.6862400e-02	-6.8611942e-02	1.0532115e-01	3.5363771e-02	-2.5726354e-02	-2.5211403e-01	-1.5485646e-01	-6.0377065e-02	1.1191684e-01	3.2456854e-01	1.7705108e-01	-6.6655084e-02	1.6823848e-01	-2.9275972e-02	-9.0736248e-02	3.8676698e-02	-1.7911068e-01	2.9135281e-01	-1.7921999e-01	1.2698346e-01	-3.0470899e-01	2.9073970e-02	4.5761399e-02	-9.7156644e-02	2.6251349e-01	1.4443514e-01	-2.9081208e-01	1.5975986e-01	6.7141071e-02	-2.3843724e-01	-3.0198460e-02	-2.9596146e-02	-1.8127367e-01	1.1291112e-01	1.3657245e-01	1.5003550e-01	-2.3499176e-01	-2.5804666e-01	5.7090104e-02	-7.1967937e-02	-5.8917414e-02	-2.1264219e-01	2.1335445e-01	-1.5942378e-01	2.4047704e-01	1.3501605e-01	2.7806741e-01	9.4036490e-02	-2.0523928e-01	-2.3163064e-01	4.5237720e-02	9.7739294e-02	-8.2410965e-03	1.3408698e-01	-2.2132483e-01	-2.5574574e-01	1.9821736e-01	6.5956406e-02	2.4228795e-01	1.9782801e-01	4.3790076e-02	1.4069073e-01	-1.2892753e-01	-1.6257331e-01	1.2910306e-01	2.3271126e-01	4.4104606e-02	2.5659132e-01	2.5622335e-01	2.4558580e-01	9.7627968e-02	-3.1953275e-01	-1.3431914e-01	-2.0549804e-02	1.4815348e-01	2.1028876e-01	-2.7942863e-01	5.2914977e-02	4.8474487e-02	9.5498137e-02	2.3197404e-01	-2.5105605e-01	-4.6524018e-02	2.4727277e-01	-3.0633470e-01	-2.2281477e-01	-2.5441557e-01	4.7154378e-02	-2.5640345e-01	1.6980164e-01	2.4943770e-01	-8.7397508e-02	1.9083381e-01	1.1896917e-02	-2.6395509e-01	-1.7263237e-01	1.8751566e-01	-7.0281282e-02	1.4847478e-01	2.4724308e-01	-1.6637307e-01	-2.8344437e-01	-2.3496523e-01	1.5171188e-01	-2.6720065e-01	-1.3210790e-01	1.3046649e-01	2.6361027e-01	-2.4095611e-01	-2.8063732e-01	1.8634515e-01	1.1606137e-01	-1.1354122e-01	2.9349428e-01	-9.8679952e-02	-2.1572943e-01	-1.2019428e-01	1.1944678e-02	-5.7119124e-02	1.6474390e-01	1.4275348e-01	-1.3222777e-02	1.5741251e-01	-7.0892431e-02	9.5693998e-02	2.4282080e-01	-6.0481364e-03	1.0614072e-01	5.2337218e-02	-3.0347252e-01	2.0772375e-01	6.3009351e-02	-3.1700847e-01	1.5086471e-01	1.4291805e-01	-1.0789412e-01	2.5090823e-01	8.5651547e-02	-3.2377597e-02	2.1964923e-01	2.6313803e-01	-5.0060388e-02	4.1250680e-02	2.0445837e-01	8.2585618e-02	2.2241016e-01	-2.3611495e-01	1.0871417e-01	-1.2875538e-01	2.1365942e-01	-1.5314783e-01	-2.1880247e-01	-3.5890598e-02	-1.9818615e-02	-2.0632374e-01	1.5787168e-01	1.0157616e-01	1.6958132e-01	-2.4783795e-01	-2.3023783e-01	-1.7990065e-01	2.2016048e-01	1.3955668e-01	6.1148614e-02	-2.7988550e-01	-1.2232099e-01	-1.0491000e-01	-2.5586158e-02	-8.2135707e-02	1.3538539e-01	1.4621623e-01	-2.0666151e-01	1.6232902e-01	1.5197396e-01	2.8676325e-01	-1.0213601e-01	-1.3533916e-01	7.6708585e-02	2.1038504e-01	1.3933316e-01	-7.5323001e-02	2.2754077e-02	-2.7285707e-01
-4.3846574e-02	2.2459830e-01	-9.5650494e-02	-2.2098607e-01	7.6916985e-02	7.2856613e-02	-2.3674366e-01	1.6777441e-01	1.2002230e-01	1.5265554e-01	9.1407515e-02	2.6634568e-01	1.9841434e-01	-3.0324861e-01	-2.5816315e-01	1.9016716e-01	-1.1360154e-01	-1.2705275e-01	2.2114563e-01	-2.4055654e-01	8.5894570e-02	-2.2824004e-01	-2.0561922e-01	-3.0840069e-01	-9.6081480e-02	-2.8085226e-01	-2.3114449e-01	-2.0369901e-01	1.1516605e-01	-2.3595297e-01	-7.5141512e-02	2.3721942e-01	-1.6866343e-01	-1.3702372e-01	1.0243804e-01	-2.6045099e-01	2.6171995e-02	1.5889803e-02	-3.0043021e-01	1.6587792e-01	1.4101057e-01	-7.8814186e-02	2.7968764e-01	1.1897884e-01	9.8030530e-02	-1.2496637e-01	1.6186204e-02	1.0805998e-01	-7.6487675e-02	9.9491186e-02	-1.3700667e-01	-1.7149471e-02	-2.2155523e-01	1.4972971e-01	1.2789889e-01	-3.1259149e-02	1.2115332e-01	1.8214318e-01	-5.9385363e-02	1.0183633e-01	-1.7206949e-01	-1.9921286e-01	-8.1220321e-02	1.2190710e-01	1.2638478e-01	3.5489064e-02	2.0412570e-01	1.3965518e-02	2.3752077e-01	-1.5197040e-02	-2.4785350e-01	2.0040593e-03	-5.3254545e-02	8.1612006e-02	-8.8962510e-02	-4.5464024e-02	-1.2376176e-01	-3.7734333e-02	2.6116464e-01	-9.8982289e-02	-1.3985485e-01	1.2640747e-01	-1.4480457e-01	9.4852537e-02	6.6372321e-04	-6.0092933e-02	-1.4941828e-01	-2.0652850e-01	-1.0525379e-01	-2.2333522e-01	-2.6371861e-01	2.9528400e-01	2.1928684e-01	-2.0317514e-01	2.3243232e-01	9.4453722e-02	-7.7589169e-02	-8.0808945e-02	-1.0024498e-01	1.9975396e-02	1.0486231e-01	-4.3225694e-02	-1.2643990e-01	2.7451369e-01	2.9899767e-01	1.7318235e-01	-9.8639235e-02	-2.7180681e-01	2.0055184e-01	-6.9127575e-02	-1.9967738e-01	9.9997871e-02	1.7360581e-01	-1.7649458e-01	1.8513590e-01	-5.1730353e-02	-1.4865488e-01	-8.2580633e-02	1.7828558e-01	1.4516681e-01	-1.7376837e-01	1.6840322e-01	-1.1288413e-01	-1.1747755e-01	9.1129288e-02	-3.0326751e-01	-4.7897574e-02	-1.6486630e-02	-6.6451065e-02	8.7987199e-02	2.3259203e-01	1.1242588e-01	1.7412917e-01	-2.4951763e-01	8.2330585e-02	-3.0864006e-01	2.2078544e-01	-1.3787325e-01	-2.3431052e-01	4.9274854e-02	1.8330735e-01	1.8858439e-01	-2.9203367e-01	-2.0809710e-02	7.9312613e-03	-1.2913276e-01	2.1192764e-01	-2.6947233e-01	6.4623989e-02	-2.8172633e-01	1.4405924e-01	1.3321140e-01	2.0736006e-01	-2.3446050e-01	-1.9224736e-01	-1.0046613e-01	-2.5572652e-01	9.1175316e-03	1.1428953e-02	-1.0410260e-01	-1.3593769e-01	-1.0453895e-01	2.7689803e-01	-2.0768251e-01	-2.7500936e-01	9.6826248e-02	-4.2469982e-02	2.2176655e-01	-3.0470587e-02	2.6402151e-02	1.1657950e-01	-1.7789739e-01	-5.7596173e-03	-2.7116883e-01	-7.7075087e-02	9.8749762e-04	5.9638643e-03	-1.7268571e-01	-1.1118609e-01	1.8276079e-01	9.2382640e-02	-4.0895164e-02	-1.2577501e-01	1.7103477e-01	1.5682241e-01	-1.1006926e-01	-2.3055872e-01	-8.1037857e-02	1.4180940e-01	-2.7120560e-01	1.0117068e-01	-1.9828567e-01	-8.5889854e-02	-1.9931211e-01	-3.6508866e-02	-1.9344324e-01	-1.2409887e-01	6.4250045e-02	2.5184289e-01	-8.6452678e-02	1.3405227e-02	-2.5718272e-01	-1.3217603e-01	-2.2645096e-01	1.8706600e-01	-2.5787625e-01	-7.8471646e-02	1.3100808e-02	1.9403253e-02	2.0331477e-01	-1.5972534e-01	9.4496824e-02	8.1342340e-02	-1.6224453e-01	4.1285187e-02	1.1849117e-01	-2.4424018e-01	-5.5614617e-02	8.9936316e-02	1.7986140e-01	-1.7064014e-01	2.4101588e-01	-3.0987343e-01	-3.3277863e-01	-2.9241216e-01	-2.8012046e-01	-1.8880486e-01	2.9588571e-01	3.5844326e-02	6.5975592e-02	-1.2536052e-01	4.6654999e-02	1.3256371e-01	-1.7265907e-01	-1.6524199e-01	3.1698596e-02	2.0732178e-01	-2.0784433e-01	2.4475318e-01	2.4092369e-01	-3.0104452e-01	2.1465145e-01	1.3426474e-01	1.0512182e-01	9.5234990e-02	1.5655756e-02	1.0129568e-01	2.6550595e-02	2.3848012e-01	-5.7839032e-02	-2.4230526e-01	-3.0434716e-01	-2.8767992e-02	2.5010771e-01	-2.7682063e-01	1.1180409e-01	-2.3351780e-01	2.2695708e-01	-1.5634316e-01	1.1317801e-01	1.1726695e-01	-1.4681408e-01	-9.0634972e-02	1.2935559e-01	-1.3177609e-01	1.5069353e-02	-1.0452519e-02	1.2188463e-01	2.8482589e-01	-2.7680910e-01	-9.9133238e-02	-2.7835339e-01	1.0737162e-01	2.3368613e-01	2.1985628e-01	1.8461478e-01	6.8862498e-02	1.3615176e-01	3.0951950e-01	-2.5591975e-02	6.8367168e-02	2.6939946e-01	-2.7932626e-01	-2.5998744e-01	2.0425411e-01	2.5661010e-01	1.8069313e-01	-3.3558954e-02	-2.2738287e-01	-2.8601173e-02	2.6825601e-01	-9.4515078e-02	-5.0679613e-02	-1.4225723e-01	2.9620805e-01	1.0074437e-01	-8.1455134e-02	-1.9841829e-01	-2.8533947e-01	1.3333073e-01	-2.7472985e-01	5.5549205e-03	-8.3714448e-02	-7.3606423e-03	-3.0932328e-01	3.0778024e-01	-6.7885399e-02	-1.4505531e-01	1.3069880e-01	1.7561984e-01	2.0624680e-02	8.1448764e-02	-9.9890932e-02	-2.7534810e-01	-2.5751534e-01	9.4008148e-02	2.6562452e-01	2.4738093e-01	1.6151664e-01	-1.5737800e-01	-5.6377497e-02	2.4880949e-01	-1.7667581e-01	-4.1215062e-01	2.7449960e-01	2.5063613e-02	1.4586867e-01	2.5117818e-01	-2.3612790e-01	-2.0328245e-01	-1.0702251e-02	2.5879797e-01	2.0895393e-01	1.2995550e-01	-1.7040238e-02	-1.8556342e-01	2.4919537e-01	-6.7839645e-02	-1.8702500e-01	-6.9278777e-02	-2.1257836e-01	-3.4837678e-02	-4.3880381e-02	2.1107016e-02	1.8372358e-01	-2.4893001e-01	1.0149363e-01	1.7803220e-01	-1.7547409e-01	2.5552401e-01	5.9285291e-02	-5.8172785e-02	1.7340201e-01	-2.2697650e-02	-4.1799091e-02	-1.4147370e-01	-5.7109324e-03	-2.7699158e-01	-1.4618266e-01	-9.8206252e-03	1.3335802e-02	5.2039165e-02	2.1689127e-01	-2.1196249e-01	-2.9013228e-01	9.6706539e-02	-2.0772494e-01	2.5154400e-01	1.3543366e-01	-2.3487335e-01	1.7607577e-01	2.3420709e-01	2.1378171e-01	2.5765505e-01	-1.2877420e-01	-2.1050432e-01	-2.1382564e-01	2.4346775e-01	2.6232666e-01	-9.6710406e-02	2.2465934e-01	-2.4348149e-01	1.3617237e-01	-2.9645473e-01	-2.8910765e-01	-2.8418252e-01	-4.6983130e-02	8.3485946e-02	-2.0055380e-01	1.4327499e-01	9.8129055e-03	-2.7410245e-01	1.3099265e-01	-1.3715021e-01	1.4204417e-01	1.7109429e-02	5.1660389e-02	-1.2557180e-01	-2.1319392e-01	2.5609490e-01	-1.4556180e-01	6.9242530e-02	-2.1282823e-01	-2.6543295e-01	-1.7636292e-01	-4.6876013e-02	2.5725141e-01	2.2960844e-02	-1.6852795e-01	-2.9107240e-01	-2.6135230e-01	-6.7848399e-02	2.2160095e-01	7.7758245e-02	1.8333445e-01	3.1965774e-02	4.0386165e-03	-3.5775136e-02	1.0318907e-01	-9.3367241e-02	-2.3537028e-01	-1.5069495e-01	1.7988566e-01	6.8257459e-02	-2.6929408e-01	-2.7882597e-01	-1.3815412e-01	-1.7318471e-01	-4.7224581e-02	-2.7827311e-01	4.9692653e-02	-3.5523935e-03	-3.0923983e-01	2.7435219e-01	1.4237322e-01	1.4141452e-01	-1.6168773e-01	-3.0758083e-02	-2.3214671e-01	9.2755668e-02	-1.6948494e-01	9.1696858e-02	2.7018833e-01	-2.5319591e-01	8.4290169e-02	-1.4880222e-01	-1.4455736e-01	2.7885416e-01	1.3253652e-01	-1.0208482e-01	-2.5377670e-01	2.2066260e-02	1.2076115e-01	-3.1900147e-01	-1.7157507e-01	-1.9383402e-01	6.0551823e-03	2.1803607e-01	2.1067351e-02	-8.9569241e-02	-4.0799540e-02	-2.2683015e-01	-3.0283958e-01	-3.0055606e-01	2.3555346e-01	2.9714990e-01	3.0024567e-01	-1.7626141e-01	1.3963960e-01	-7.3786981e-02	2.6628196e-02	1.4622600e-01	-1.4483431e-01	7.3273689e-02	-2.1446130e-01	-2.2519028e-03	-8.3712809e-02	2.7769795e-01	-9.5845006e-02	-2.1902005e-01	5.0697189e-02	1.1684690e-02	1.2963818e-01	-3.2599533e-01	-2.3414401e-02	-3.6396362e-02	-3.9480202e-02	-1.7423300e-02	-1.4294878e-01	1.6707569e-01	5.0486002e-02	9.7778790e-02	-3.9694494e-01	-9.6308604e-02	-2.7477030e-02	-8.7372474e-02	2.9026562e-01	-2.6585111e-01	1.2194632e-01	-2.0115137e-01	-2.3131117e-01	-1.4054687e-01	-6.4585753e-02	2.9660738e-03	-3.1132141e-01	2.4672660e-01	-6.9903180e-02	-1.2303593e-01	1.4409724e-01	-3.3382960e-02	-3.3929038e-01	-2.2022204e-01	-1.9301344e-01	1.7405131e-01	-5.3725451e-02	-2.6380897e-01	-1.6515088e-01	-3.1288892e-02	-1.5500188e-01	1.5198971e-02	3.6330856e-03	9.4411194e-02	1.8131422e-01	2.6530129e-01	-2.6626380e-03	-2.5305220e-01	2.6531363e-01	9.9458560e-02	1.7245898e-01	-5.6617197e-02	2.7452515e-02	-2.5777904e-02	-4.9256746e-02	-1.9470575e-01	-4.7234211e-02	-1.7764004e-01	3.0022773e-01	-3.1261164e-01	5.1725343e-02	1.4371204e-01	-2.1446362e-01	8.1440121e-02	-4.5435939e-02	-6.9231384e-02	-2.9311430e-01	-1.4023313e-01	1.0408172e-01	-7.9345532e-02	-1.6704306e-01	1.1500018e-01	-6.9182083e-02	4.7505591e-03	8.1762046e-02	2.3826388e-01	4.2572286e-02	-2.3404812e-02	9.5310822e-02	1.6117781e-01	-1.0391685e-01	1.4704445e-01	1.7925496e-01	-2.2554791e-01	4.9999304e-02	2.8713989e-01	4.6534769e-02	-1.4654745e-01	2.4966825e-02	1.7039256e-01	-5.8852922e-02	1.4953092e-01	1.3708696e-03	-1.7082017e-02	-3.4784503e-02	-1.4407162e-01	1.6421007e-01	2.6139578e-01	-4.9017150e-02	1.6158938e-01	1.3365957e-01	-2.2390430e-01	2.9151204e-01	-1.2546065e-01	-3.8672958e-02	2.8958833e-01	-1.0892956e-01	-5.8663376e-02	2.0602259e-01	2.8252789e-01	9.4329575e-03	-2.6704123e-02	-6.2124941e-02	2.1215311e-01	1.9572325e-01	-2.0631213e-01	-4.3964561e-02	1.9645236e-01	1.7801994e-01	-1.1077555e-01	-1.5600167e-01	-3.0428121e-02	-2.2051919e-02	2.6813418e-02	5.5429947e-02	2.6434630e-01	2.2284275e-02	-2.0177257e-01	2.1356621e-01	-2.8933275e-01	2.5574988e-01	-1.4348662e-01	-5.8887344e-02	8.7455586e-02	2.7114666e-01	2.2456782e-01	1.2973049e-01	-8.6312711e-02	2.2213989e-01	-2.2065192e-02	-2.5153291e-01	1.4186136e-01	6.1369631e-02	2.5804129e-01	1.4234446e-01	-3.6725521e-03	-4.6970297e-02	4.3515015e-02	-1.4003003e-01	1.7684200e-01	5.2192174e-02	2.4591877e-01	-1.0493413e-01	-1.9897129e-01	1.8369558e-01	2.8045801e-02	2.8583077e-01	1.3971336e-01	5.7207998e-02	-1.3149084e-01	2.2609952e-01	2.5947310e-02	1.0206582e-01	-3.1163579e-01	-2.3559722e-01	1.6266228e-01	9.0856723e-02	6.2676467e-02	-1.7302549e-01	-6.8310648e-02	-7.5790189e-02	-2.7661812e-01	-2.5268513e-01	2.4309723e-01	-5.3638402e-02	2.6707986e-01	9.1845848e-02	1.1835043e-01	1.5748475e-01	2.3556125e-01	-3.7620068e-02	7.9854719e-02	1.8964501e-01	-2.5400853e-02	2.2760488e-01	-1.5752387e-01	-3.1713793e-01	-2.3779491e-02	-3.5873219e-02	-1.2696859e-02	-6.8538718e-02	-3.9086174e-02	1.8825969e-02	-2.8541082e-01	1.2179395e-01	1.9504234e-01	7.2766095e-03	-6.3395903e-02	1.4563320e-02	7.6589286e-02	8.8606052e-02	-8.9748554e-02	1.3469951e-01	-3.1305324e-02	-2.7720314e-01	-3.9772987e-02	-4.9895603e-02	1.8687296e-01	6.4039223e-02	7.6805577e-02	-8.7074544e-03	2.7431630e-02	-1.2247513e-01	2.8243586e-01	-2.7405083e-01	-2.8181654e-01	2.5570667e-01	-1.8829240e-01	-1.2006994e-01	1.2232357e-01	2.7541572e-01	1.5975320e-03	2.2278322e-01	-3.0558285e-01	9.8202802e-02	-2.1435817e-01	2.8886005e-01	-1.4935052e-01	1.0369050e-01	-8.7939397e-02	-9.5604032e-02	8.1622139e-02	-1.7369376e-01	6.7371435e-02	-1.1315542e-01	-2.1277875e-01	1.6943727e-01	2.6264873e-01	-8.0192415e-03	1.9729020e-01	-2.1325159e-01	7.2246931e-02	1.5191825e-01	2.6595578e-01	2.4642481e-01	5.3565722e-02	5.2567489e-02	-1.5607952e-01	-2.8897064e-02	-5.4085467e-02	-1.3330652e-01	2.2826856e-01	1.0899579e-01	1.8826497e-01	-6.1291497e-02	1.2560430e-01	-2.1270645e-01	2.2606327e-01	-2.0503496e-01	-5.2274454e-02	-2.1320416e-01	8.3971368e-03	5.6494966e-02	-1.3238776e-01	-7.2420195e-02	-6.0994647e-02	3.2542175e-01	1.1684243e-01	-1.2193050e-01	-2.6075667e-01	7.7773899e-02	-1.9262175e-01	-2.3205455e-01	-2.3024455e-01	-1.6070671e-02	2.8991777e-02	1.1746680e-01	-6.5749146e-02	1.4569591e-01	2.7890959e-01	-6.7674205e-02	2.3125345e-01	-7.6695018e-02	2.4388649e-02	7.2313569e-02	1.9309820e-01	-4.7581997e-02	-7.1160220e-02	2.3731658e-01	1.6072550e-01	-1.2156323e-01	6.3927747e-02	-1.4669014e-02	2.6540658e-01	-2.7432474e-01	-2.1395741e-01	-2.9125071e-01	1.2935919e-01	2.1599735e-01	1.3732930e-01	9.1537736e-02	1.2360828e-01	-1.0684823e-01	-5.9444152e-02	4.0590744e-02	3.8006868e-02	1.6327056e-01	-2.5079265e-01	-1.4917807e-01	-1.8313926e-01	2.4597326e-01	4.4767793e-02	-6.0799960e-02	-9.9784732e-02	-8.1261724e-02	1.0344871e-01	1.3218363e-01	-1.5426518e-01	-3.5572488e-02	4.8694532e-02	-2.1616648e-01	1.4069605e-01	1.2770292e-01	-3.0560622e-01	-2.3777796e-01	2.2556137e-01	2.8797537e-02	-2.6035807e-01	-1.0686230e-01	-2.9203230e-01	-2.8548738e-01	-2.1120957e-01	2.4075499e-01	-1.6018733e-01	-2.5614330e-01	6.2512428e-02	-1.6678452e-02	-3.0460790e-01	1.9123031e-01	-1.3471407e-01	1.7390534e-01	2.2882159e-01	-9.1547430e-02	-1.6335618e-01	-1.0839771e-01	-2.9253533e-02	-2.4550946e-01	-2.7632460e-01	1.8199295e-01	1.8062186e-01	-2.5150201e-01	1.3222785e-01	-1.8442042e-01	-1.5087345e-01	-1.7410718e-01	3.2937786e-01	9.5696531e-02	2.6443815e-01	4.6019688e-02	1.9496100e-01	2.4608570e-01	2.6664227e-01	-3.1072520e-02	9.5186472e-02	-2.0198956e-01	-1.0907176e-01	-1.7692372e-01	-2.0351970e-01	1.4450623e-01	8.9180999e-02	-3.6305708e-01	1.2374298e-01	2.9022029e-01	-1.8138997e-02	-2.3235393e-01	-3.0601022e-01	-1.8423672e-01	-5.8938884e-03	-2.2641331e-02	-3.3685418e-03	-1.7249584e-01	-1.0346601e-01	7.9361893e-02	2.6692683e-01	-1.4222771e-01	-1.2987667e-01	2.5865343e-01	2.2616288e-02	1.0946969e-01	7.7788375e-02	1.9919293e-01	-2.1300462e-01	1.6073184e-01	-2.5319406e-01	2.1396862e-01	2.7343485e-01	-2.1237920e-01	-2.1180709e-01	-2.5715289e-01	-2.8469515e-01	1.3737600e-01	-3.1890053e-01	-1.7249596e-01	2.1297733e-01	2.6448613e-01	5.9231367e-02	-2.2772403e-01	2.2194257e-01	-3.3291855e-01	-2.3589095e-01	3.5766847e-02	2.7988553e-01	-2.9904991e-01	-2.1625888e-01	1.8875293e-01	1.3750124e-01	8.8468514e-02	-5.2848358e-02	1.1512445e-01	-2.2221792e-01	-5.9968665e-02	2.7212471e-02	2.6310900e-01	-1.9550610e-01	-1.5705813e-01	8.0253862e-02	2.1965501e-01	-1.8733895e-01	1.9292876e-01	-1.7351916e-01	1.8072097e-01	-5.8770940e-02	9.9688573e-03	-1.7345259e-01	1.6690483e-02	-1.2888783e-01	-1.0434031e-02	1.0347515e-02	-2.7300918e-01	-2.9994944e-01	-5.7279781e-02	2.0811540e-01	-2.5040808e-01	-7.5524166e-02	1.5468367e-02	-1.1436853e-01	-1.1753065e-01	5.8404751e-02	-3.0305156e-01	1.4404009e-02	1.5071858e-01	-2.6884577e-01	1.3378930e-01	2.0053148e-02	-2.6953700e-01	-2.2847485e-02	-1.0883389e-01	-2.2753923e-01	2.2262873e-01	-6.0846511e-02	-2.7752966e-02	-2.3693395e-01	2.8232852e-01	-1.8989155e-02	-2.9265705e-01	1.4005178e-01	5.1605735e-02	2.8482056e-01	4.0073156e-02	3.4927610e-02	2.7414024e-02	1.8557146e-01	-2.9101880e-02	-1.0332710e-01	-4.4567580e-03	-2.7167234e-01	-2.6568154e-01	1.6651034e-01	-5.6110293e-02	-3.0247164e-01	-9.3471430e-02	-2.3342061e-01	2.3642509e-01	-1.5899934e-01	1.1139677e-01	-2.3744805e-01	-2.3848653e-01	1.1226700e-01	3.2924789e-01	3.1491312e-01	3.0011308e-01	-1.3217989e-01	-1.3850154e-01	-1.7340526e-01	8.3655473e-03	2.7244762e-01	3.9433993e-02	-1.1721968e-01	5.8166318e-02	3.2641569e-01	4.3736417e-03	1.6810745e-01	-1.2234714e-01	7.0659012e-02	-1.9394845e-01	1.7456393e-01	2.3408228e-01	2.6098320e-01	-3.0183816e-01	2.4775659e-01	-2.4732307e-01	1.6854899e-01	-7.2268881e-02	2.9148218e-01	1.9390532e-01	1.0514104e-02	-1.7872377e-01	2.5271696e-01	-2.1855224e-02	-1.5333024e-01	-1.3115031e-01	7.9054952e-02	2.1952972e-01	7.8305580e-02	-2.9326230e-01	-2.4662080e-01	-1.0714135e-01	-2.8177338e-02	-2.2661667e-01	1.4333159e-01	1.9127776e-01	1.9581710e-01	2.7498838e-01	2.3904105e-01	3.1202736e-01	2.6275671e-01	-3.0440953e-02	-5.8782943e-02	-8.4694266e-02	4.6708629e-02	-6.8078585e-02	-4.0729776e-02	1.1336825e-01	-2.2272106e-02	2.2896720e-01	2.6150247e-01
-3.5635078e-01	-3.5327223e-01	-1.2529249e-01	-5.2110464e-03	6.5431604e-03	2.6492950e-01	-2.2508460e-01	-1.2507971e-01	3.8503870e-02	1.2173984e-01	-2.6281232e-01	3.2060629e-01	-2.5578135e-01	-3.5464844e-01	3.9145190e-01	-7.9605982e-02	2.5261652e-01	-9.5019028e-02	1.7490983e-01	-1.7829949e-01	-1.0720875e-01	1.8897125e-01	1.7552657e-01	3.2668275e-01	-1.1473697e-01	-2.5337389e-01	3.1757351e-02	-2.6333928e-01	-5.8709268e-02	1.6855946e-01	1.3190551e-01	-3.6514324e-01
