9
input	21
dense	32
relu	0
dense	32
relu	0
dense	32
relu	0
dense	1
linear	0
7.999999979801942e-06
-8.3382145e-02	-2.9734472e-02	-3.6937293e-02	-3.9387378e-03	-7.2744027e-02	0.0000000e+00	-2.4189351e-02	-6.2913395e-02	-1.5574010e-02	-4.5536943e-02	2.0383619e-02	-5.0427169e-02	-9.7197607e-02	-5.8272935e-02	-5.7882331e-02	-4.3455958e-02	-4.9716219e-02	-6.2079821e-02	5.5328730e-02	-3.1807117e-02	-2.5432771e-02	-2.2227766e-02	-3.3620756e-02	-2.1459724e-04	0.0000000e+00	0.0000000e+00	-1.3682745e-02	-1.8514590e-02	-6.2402864e-03	0.0000000e+00	-4.4311315e-02	0.0000000e+00
-3.3521090e-02	-4.6650097e-02	-1.3957250e-02	-2.2093328e-02	-3.0121102e-03	-7.7793165e-03	-2.0655109e-02	-6.6987544e-02	-2.8526666e-02	-6.1310092e-03	-2.5501212e-02	-1.4539506e-02	-7.5263269e-03	-6.9269568e-02	-4.0680889e-02	-4.9446020e-03	-1.4521840e-02	-1.2931759e-02	-1.9338218e-04	-1.4172849e-02	-9.1613858e-04	-4.3713585e-02	-1.6233338e-02	-3.9512962e-02	-2.1989794e-02	-1.8153543e-02	-2.4545519e-03	3.6614295e-03	-3.7542112e-02	-1.4865625e-02	-5.7865832e-02	-1.8037714e-02
-6.1447263e-02	1.0713058e-02	2.3701027e-02	-1.0120249e-03	-4.0413290e-02	-1.5427753e-02	-5.9538390e-02	1.7462526e-03	-3.0162683e-02	7.6023238e-03	-3.7102569e-02	2.2718497e-04	3.7386405e-04	-4.5441519e-02	-1.1194847e-02	-4.9828440e-02	-2.0715497e-02	6.3594920e-03	-2.6515970e-02	-1.3873499e-02	-3.8450018e-02	7.2766393e-03	-3.1019608e-02	-1.4664009e-02	-2.2186657e-02	-6.7125693e-02	-1.2604496e-02	-1.6616471e-03	-1.3063251e-02	-1.7848888e-02	2.6917229e-03	-2.6600907e-02
1.2214071e-03
-4.9651265e-03	4.8412804e-02	3.3737823e-01	2.6257329e-02	-1.0338897e-01	-6.1687313e-02	-2.4977550e-01	-2.0383637e-01	2.2154145e-02	-1.7579296e-01	1.1119627e-01	-1.3070270e-01	-1.6741584e-01	-1.3143504e-01	-9.1679171e-02	2.5287455e-01	2.4285880e-01	-3.4031350e-02	-3.7301328e-02	2.8389612e-01	7.5062752e-02	-2.0272890e-02	-1.8536748e-02	2.5795111e-01	8.9542210e-02	-2.8305003e-01	8.2131274e-02	-9.8733045e-03	1.6028386e-01	1.6854613e-01	-1.8500975e-01	1.6566458e-01	2.6007071e-02	-2.0742002e-01	5.1534165e-02	1.4569812e-01	-1.4191540e-01	-1.3604067e-01	-2.4529450e-02	2.4038863e-01	-3.3554278e-02	-1.2380709e-01	1.9112332e-02	8.6111814e-02	-2.6882195e-01	1.5393768e-01	-1.9951551e-01	2.8519902e-01	-4.4809166e-02	1.7492975e-01	-7.0861615e-02	4.3571986e-02	1.2244479e-02	1.4674832e-01	-1.8326937e-01	-1.1965135e-01	-4.6032332e-03	-2.5852871e-01	-1.1067648e-01	-3.1738847e-02	-4.3109354e-02	1.2406175e-01	-3.7153315e-02	3.2016116e-01	-2.7703550e-01	1.6752143e-01	-2.6737615e-01	4.5874428e-02	-7.6548137e-02	-1.2853453e-01	-1.6903566e-01	2.2798146e-01	1.0534560e-01	2.7665549e-03	-2.9595247e-01	4.5793816e-02	-9.0255691e-03	-1.8723042e-01	3.1458840e-01	-2.0204447e-01	-1.7102042e-01	1.1816118e-01	2.0164828e-01	-2.0779970e-01	-2.1688569e-01	-2.0677394e-01	-2.9157791e-01	2.1640965e-01	-4.1766576e-02	1.0042647e-01	-2.0470093e-01	7.6427080e-02	-2.6835713e-01	2.0553151e-01	1.0677643e-01	-2.9480544e-01	-3.8811039e-02	4.6152264e-02	-4.3765236e-02	-5.7037573e-02	-6.0575157e-02	4.1648682e-02	2.4021201e-01	-2.4108392e-01	-2.5884252e-02	-9.6287146e-02	2.1851644e-01	1.7549172e-01	7.0269197e-02	-2.9541552e-01	3.0687860e-01	-1.6666545e-01	-2.6256850e-01	9.9239051e-03	-1.0163672e-01	2.3431686e-01	-2.8770652e-01	2.2174653e-01	-2.8375506e-02	3.3247849e-01	-2.4228038e-01	2.7135405e-01	-1.1339693e-01	-3.4525752e-02	3.1186369e-01	1.1698359e-01	-1.4904195e-01	1.5292266e-01	-3.3094872e-02	-1.8127738e-01	-3.3368900e-02	2.5420505e-01	2.2948883e-02	9.7472169e-02	2.4304706e-01	5.8627240e-02	-2.4143384e-01	7.5402521e-02	2.4038288e-03	-3.1590351e-01	7.1788892e-02	1.9063632e-01	1.7278035e-01	9.8833807e-02	-9.1081090e-02	2.9718062e-01	2.8277716e-02	2.3040000e-01	-1.6029131e-01	-1.4293152e-01	-2.9978690e-01	-5.6669552e-02	-1.2033802e-01	-1.3103710e-01	-2.7605021e-01	-3.0106014e-01	1.6002570e-01	1.0890318e-01	-2.7398437e-01	1.6780352e-02	-1.9497497e-01	5.5492673e-02	-9.8247126e-02	-8.8202365e-02	3.8328279e-02	-5.0025146e-02	-2.2697355e-01	2.3153350e-01	-1.4075990e-01	3.1487957e-01	1.3573821e-01	1.2270952e-01	-5.1165190e-02	-2.4904707e-01	-2.2377545e-01	-9.8753318e-02	9.0148017e-02	-1.6213235e-03	-3.0402154e-02	7.3531181e-02	3.4776479e-01	2.1540968e-01	-5.9444204e-02	1.5619174e-01	2.8167427e-01	1.8251830e-01	2.9632112e-01	2.2792067e-01	-2.6843619e-01	-3.1005475e-01	-2.4914624e-01	1.4192395e-01	1.5031439e-01	2.0029441e-01	2.7598754e-01	-1.0373163e-01	-1.1549044e-01	2.3070173e-01	1.7247845e-01	3.3774337e-01	1.0148799e-01	-2.5708574e-01	1.0523495e-01	-9.2206858e-03	-1.5374817e-01	2.7571034e-01	2.3929273e-01	2.1627088e-01	1.8546680e-01	5.3535294e-02	3.1132632e-01	2.8861359e-01	6.8268418e-02	-3.0044448e-01	-7.6654747e-02	7.6650880e-02	-2.5272083e-01	-2.1143265e-01	2.6158500e-01	-1.5037748e-01	-2.8515210e-02	-6.0989372e-02	-3.5973031e-02	-1.0216863e-01	1.7229138e-02	3.8480960e-02	-7.0104830e-02	-1.7195430e-01	2.2956869e-02	5.8861535e-02	9.1292880e-02	-1.5554263e-01	-1.4788851e-01	-1.2324634e-01	-2.6410782e-01	9.6088998e-02	-3.2091312e-02	1.9869348e-02	1.3965341e-01	-8.4518142e-02	-1.2763339e-01	1.2949210e-01	1.9059994e-03	1.7513774e-01	2.2051653e-01	-2.1662465e-01	-1.3882700e-01	2.2766791e-01	-1.2924793e-01	6.7068756e-02	-3.5675853e-02	-3.6658119e-02	-2.2963899e-01	-1.1570067e-01	-2.7391121e-01	9.2676885e-02	-2.3604763e-01	-2.6917741e-01	-5.0093748e-02	2.8214732e-01	-2.9809988e-01	-6.3373804e-02	3.0521953e-01	-2.7125051e-02	7.5912431e-02	-2.7058351e-01	-1.9937037e-01	2.0227636e-01	2.7711523e-01	-1.4779438e-01	1.2243547e-01	-3.1656850e-02	-9.9928178e-02	-1.5861782e-01	1.1373043e-01	-2.0776080e-01	-6.9428220e-02	1.3796796e-01	1.7324647e-01	-1.6049181e-01	2.4969530e-01	1.8818696e-01	-3.4889482e-02	4.7246177e-02	1.6319408e-01	-9.2414282e-02	-2.4618231e-01	-1.4982039e-01	6.5914102e-02	1.3398060e-01	-4.2163052e-02	-1.2352402e-01	-2.3194093e-01	9.2302971e-03	2.1885537e-01	-1.5635379e-02	-1.3655594e-01	2.1936725e-01	2.0263194e-01	1.5995410e-01	-2.0450197e-01	4.1382436e-02	3.0275792e-01	-9.2066891e-02	-7.3263071e-02	9.7789139e-02	-5.1537942e-02	-1.1460654e-01	-1.9946842e-01	4.1048951e-02	2.3342566e-01	2.7459288e-01	6.6668011e-02	5.0914317e-02	-5.8720261e-02	-2.0732558e-01	-1.6475435e-02	-2.3310511e-01	-1.0554301e-01	2.0663689e-01	3.1754580e-01	-2.5073421e-01	-2.0231234e-01	-6.6360928e-02	-3.1381290e-02	-1.3985586e-01	3.2156274e-01	-1.1812032e-01	7.5480074e-02	4.9365055e-02	-2.0164773e-01	6.4898372e-02	-1.7166945e-01	2.9883962e-02	-1.7181277e-01	2.8962679e-02	-1.8651892e-01	-2.7454814e-01	-3.4673864e-01	-1.7248105e-01	-3.3059001e-01	2.6117142e-02	-2.1613374e-01	-2.0340359e-01	2.8897536e-01	-1.2402014e-01	1.3187763e-01	-1.6088083e-01	3.6910540e-01	2.3490477e-01	-6.9527254e-02	-2.4043477e-01	1.0066751e-01	2.1967006e-01	-1.7739095e-01	-4.1996758e-02	-6.6134550e-02	-5.0574001e-02	1.5526570e-01	2.4146616e-01	1.3017151e-01	-1.6075197e-01	3.2278277e-02	-1.9980407e-01	-2.5892189e-01	1.9755986e-01	2.7078307e-01	-2.3301771e-01	-1.7822729e-01	-1.7980531e-01	-1.3908255e-01	-1.0054638e-01	2.6419550e-01	-1.0002333e-01	-1.6240187e-01	1.1474962e-01	-1.0058188e-01	4.5195617e-02	2.5706252e-01	1.9855754e-01	3.0349606e-01	-1.7273822e-01	1.8631977e-01	-1.2323337e-02	-3.0454567e-01	1.5595841e-01	1.9568449e-01	-2.4678783e-01	1.8416800e-01	-2.3321304e-01	1.2757496e-03	-2.8372613e-01	-3.8591053e-02	-7.9012781e-02	-7.6709896e-02	1.0016508e-01	3.9765835e-02	7.2949544e-02	6.5600023e-02	3.1466353e-01	-2.5419667e-01	1.4543389e-01	-2.5705276e-02	2.0443198e-01	-3.2405603e-01	5.5656109e-02	-2.2864492e-01	2.9889843e-01	-2.0363901e-02	2.5155911e-01	-1.9106360e-01	-8.1025735e-02	4.5425523e-02	1.9467686e-01	-2.8154343e-01	6.4530037e-02	-1.7720819e-01	3.0542293e-03	-1.8772799e-01	1.2622499e-01	-1.8031988e-02	2.7063930e-01	-1.4893777e-02	-8.5467480e-02	-2.5251728e-01	-2.0569073e-01	1.3089657e-01	9.2110708e-02	8.5023411e-02	-1.0920294e-01	2.1957855e-01	-1.1747309e-01	7.9886392e-02	6.0893696e-02	9.5517531e-02	2.1524972e-01	1.0892716e-01	-4.0966392e-02	-7.1115680e-02	8.7609187e-02	-2.3305690e-01	-2.1840687e-01	-9.3828335e-02	1.3744609e-01	2.4331845e-01	2.5610906e-01	-2.1031144e-01	3.3532107e-01	-3.6780124e-03	-1.5363482e-01	-2.2562425e-01	-4.8534136e-02	2.7267691e-01	4.7291398e-02	-1.5140085e-01	-9.8164275e-02	-3.1844008e-01	-3.4663081e-02	3.2193026e-01	5.9880998e-02	1.4040196e-01	1.0604874e-02	-1.9056039e-01	-1.4642561e-03	-3.2871515e-01	-4.8814517e-02	1.9759510e-01	-7.3776431e-02	-9.5326439e-02	2.7533162e-01	2.0541969e-01	-8.6166449e-02	2.4462283e-01	-2.3836349e-01	-1.5911305e-01	2.4896098e-02	-1.3009620e-01	1.1734004e-01	-3.1004429e-01	1.2825784e-01	2.1522821e-01	-5.4316066e-02	8.0554485e-03	1.6584243e-01	-2.1381977e-01	-1.9838899e-01	2.5246480e-01	2.9394847e-01	-2.9887265e-01	7.2450042e-02	-1.1820820e-01	-4.3562245e-02	-8.9897282e-02	7.6887779e-02	-1.1357930e-01	-2.6502055e-01	-8.9515701e-02	1.4088246e-01	-1.5158910e-01	-6.3874513e-02	-4.7044765e-02	-4.4889193e-02	-5.6365719e-03	2.3491414e-01	2.0860603e-01	1.1623001e-01	-1.9540708e-01	1.1272982e-01	-2.9646340e-01	-2.1571815e-01	-1.1269172e-01	-2.6873785e-01	-2.3027359e-01	-3.0909777e-02	2.3447105e-01	1.1355877e-03	-8.8058040e-02	1.9578376e-01	9.1241300e-03	-2.5436032e-01	-9.6934840e-02	-6.0049057e-02	2.7685681e-01	4.9291193e-02	-5.4744810e-02	6.5596521e-02	1.7037019e-01	2.5136498e-01	1.9327828e-01	-3.2167909e-01	2.7318075e-01	1.8800423e-01	8.2484424e-02	5.6718260e-02	3.6136299e-02	3.0179772e-01	-1.8521066e-01	2.6743183e-01	-1.8159926e-02	8.6564928e-02	5.8920383e-02	-3.1783459e-01	-2.2696632e-01	6.0855657e-02	2.2653392e-01	4.2643189e-02	1.1207411e-01	2.5874290e-01	1.6319796e-01	-2.2467968e-01	1.2017871e-01	1.4195186e-01	-6.4585521e-03	2.7468657e-01	-4.1435391e-02	1.6672687e-01	-1.6208866e-01	1.4920576e-01	1.4171213e-01	-5.2167479e-02	2.3486826e-01	-2.2824934e-01	-5.5274479e-02	5.8037214e-02	1.2754667e-01	7.8601226e-02	2.5834134e-01	2.4275756e-02	1.4804868e-01	-2.4390486e-01	1.7478184e-01	2.2535905e-01	-3.0484459e-01	1.1338284e-01	9.0169525e-03	9.8364040e-02	-1.5403078e-01	1.6710477e-01	-2.7562669e-01	1.4628224e-01	-1.8594509e-01	-1.3812381e-01	-1.0992257e-01	2.5061947e-01	-7.3760636e-02	1.1375028e-02	-1.1242452e-02	-1.7263483e-02	3.1899503e-01	-6.5000035e-02	6.4886674e-02	2.4474427e-01	6.4394616e-02	2.6735759e-01	-2.5260213e-01	3.2785735e-01	2.0269825e-01	2.1700519e-01	-2.8449661e-01	1.5000037e-02	1.6277847e-01	1.7645674e-02	2.7030030e-01	-3.1808008e-02	-1.5408753e-01	-6.5709010e-02	4.1931618e-02	1.0446779e-01	-3.1560260e-01	-2.1377876e-01	7.6381028e-02	-1.2534203e-01	1.9355890e-01	2.6990053e-01	-1.9262981e-01	-1.3975918e-02	-1.7094482e-01	7.2822988e-02	1.6067141e-01	1.0947630e-01	-5.8499068e-02	-3.3641028e-01	8.3810031e-02	-3.1541005e-01	-2.1901067e-01	9.7891450e-02	1.4275134e-01	2.3011884e-01	3.0727455e-01	1.6939059e-01	-3.3646047e-01	3.0548090e-01	-3.3306235e-01	2.5054336e-01	-6.9411911e-02	-2.7391520e-01	2.8354219e-01	1.8606289e-01	-1.7331392e-01	1.0257924e-01	2.4100944e-01	3.2590997e-01	3.5894191e-01	2.8445438e-01	9.5137753e-02	-4.4833854e-02	-2.4218919e-02	2.0315336e-02	2.8880397e-02	-5.1188525e-02	5.5772741e-03	3.0014798e-01	8.6471140e-02	3.2621026e-02	-1.8858019e-01	-1.5923268e-01	3.0906954e-01	-1.8990941e-01	1.7411551e-01	-2.6300162e-02	2.5689873e-01	-2.9683065e-01	7.6838106e-02	1.7393509e-01	2.0878980e-01	2.0017347e-01	-2.8672650e-01	3.2807079e-01	1.4107370e-01	-5.3434670e-02	1.7261514e-01	1.3538408e-01
-1.0287137e-01	-2.0778145e-01	-2.3618467e-01	2.3399262e-02	-5.2361794e-02	2.8530613e-01	1.8996090e-01	2.5798306e-01	-2.2132470e-01	9.1120116e-02	2.0736206e-01	1.6201934e-01	-2.2226970e-01	1.4838640e-01	6.0947984e-02	-1.0972743e-01	3.2381070e-01	1.7412725e-01	-1.6196172e-01	-3.1044406e-01	-3.8689848e-02	-1.1625525e-01	3.6900394e-02	-5.5837739e-02	-1.6251208e-01	1.5086535e-01	1.2154594e-01	-1.3967550e-01	-9.2507809e-02	2.1576110e-01	3.2043613e-02	2.5862524e-01	2.4220599e-01	1.5781251e-01	2.4356663e-01	6.6860996e-02	-1.1119979e-01	1.8647048e-01	-4.2415871e-03	-7.4817240e-02	5.8198690e-02	2.2401264e-01	-3.2802096e-01	-4.1230448e-02	2.1942306e-01	1.3435459e-01	-2.8176966e-01	-2.5832251e-01	6.2400252e-03	-2.0743681e-02	7.1176775e-02	-3.1057185e-01	3.9098725e-02	-2.2252987e-01	-3.0140451e-01	3.8483717e-02	1.6078356e-01	3.6792964e-02	-2.2584532e-01	1.9508046e-01	-1.8357965e-01	5.5632353e-02	1.5374750e-01	1.2848225e-01	2.7315459e-01	5.9455171e-02	-3.3060182e-02	-1.5867740e-01	-2.8787637e-01	-2.0912677e-02	-2.7855471e-01	-2.9329564e-02	2.6592186e-01	-1.1813890e-01	-1.6209025e-02	1.2251315e-01	3.2596953e-02	2.9220399e-01	4.6781339e-02	-3.0533975e-02	1.6108987e-01	-1.3927560e-01	-3.2111272e-02	-1.1719999e-01	1.7022178e-01	1.6823635e-01	1.1539838e-01	-2.9535440e-01	2.6219860e-01	-1.4625721e-01	2.0480956e-01	1.3661930e-01	2.3032197e-01	2.0990428e-01	-1.0068893e-01	-6.8420723e-02	-2.7873456e-01	1.5008451e-02	1.2373701e-03	2.1273008e-01	1.2828670e-01	-1.7890587e-01	-4.9795642e-02	1.4167649e-01	-5.7455190e-02	5.8966838e-03	-2.5777915e-01	-2.4682528e-01	-4.2986948e-02	-2.1895875e-01	1.7016608e-01	1.2528872e-01	-2.7004337e-01	1.3223206e-01	-2.7912498e-01	-1.4246544e-01	-8.9292534e-02	2.8115782e-01	4.2006250e-02	2.3049270e-01	-8.1018060e-02	1.8769512e-01	-1.4928612e-01	1.8137258e-01	-2.4442645e-03	2.5073341e-01	-1.4815465e-01	-1.4166291e-01	1.3032314e-01	6.7173161e-02	-2.7722895e-01	-1.3018824e-01	-3.2845113e-02	3.3997416e-02	-1.5094584e-01	2.2594233e-01	-2.9292369e-01	-1.0360932e-01	-7.7564217e-02	1.1115457e-01	1.0081474e-01	4.1599661e-02	1.8947875e-01	2.2736804e-01	-1.3228385e-01	-1.1807927e-01	-6.1890174e-02	-1.3726526e-01	2.2832577e-01	-1.0376407e-01	2.7328657e-02	1.1597354e-01	-2.7554727e-01	-2.0503384e-01	3.9218571e-02	2.3900835e-01	-1.7288390e-01	8.9628816e-02	-5.9646852e-02	1.4140809e-01	1.5813865e-01	1.8928966e-01	1.5079729e-01	2.7383167e-01	1.8492128e-01	2.8955659e-01	-7.4678242e-02	1.7980704e-01	1.0872005e-01	1.1032080e-01	1.7987743e-01	-1.6274305e-01	4.9884070e-02	1.4619553e-01	8.2555488e-02	3.2794710e-02	2.4725552e-01	1.2719460e-01	-2.7614072e-01	-1.7828880e-01	1.4684294e-01	-9.4198346e-02	-1.2108370e-01	1.9046637e-01	2.2877559e-01	1.8954313e-01	-3.8556069e-02	-2.8271636e-01	8.9826070e-02	1.3680086e-01	-1.6759062e-01	-2.8394386e-01	2.5327459e-01	-3.1220925e-01	2.3874860e-01	1.0049693e-01	1.5681343e-01	-5.3596288e-02	-7.7953853e-02	-7.3564495e-03	-1.3243555e-01	-2.0909822e-01	-8.0621488e-02	3.1351421e-02	-2.7277914e-01	1.7261252e-01	-1.8952031e-01	-1.1456542e-01	2.2709273e-01	1.7106102e-01	-1.4673157e-01	2.1858105e-01	-1.8289380e-01	-1.1956625e-01	2.5305381e-01	4.0673178e-02	2.6644120e-01	-4.4552088e-03	-6.2579952e-02	1.3700797e-01	2.6675904e-02	5.2241117e-02	-2.3144791e-01	2.9092279e-01	1.9332790e-01	2.8000680e-01	2.6496677e-02	1.5866125e-01	-4.2859220e-04	-1.6771321e-01	4.1793432e-02	2.0335306e-01	-1.4088981e-01	-1.4814320e-01	8.7011978e-03	1.0775848e-01	-4.9408674e-02	7.4287266e-02	-3.3684917e-02	9.4646113e-03	-6.5931730e-02	-1.4888409e-01	9.6936129e-02	1.0013875e-01	2.6227745e-01	1.3918060e-01	5.1476866e-02	-2.5478813e-01	-1.3782294e-01	2.4424806e-01	-1.0448066e-01	2.2764513e-02	-3.9949805e-02	1.9808039e-01	1.2863223e-01	-2.6460099e-01	-2.2430576e-01	2.6283747e-01	2.0062093e-02	-2.1722706e-01	-1.3782731e-01	6.9144517e-02	2.3713911e-01	-1.4590381e-01	-2.5326008e-01	-2.0168805e-01	1.2424003e-01	-1.2013222e-01	1.4793169e-01	-1.9539516e-01	1.4261791e-01	2.7223569e-01	-2.1738251e-01	9.3288019e-02	-1.4692737e-01	1.7823505e-01	-2.6425573e-01	4.7088000e-03	-1.0740647e-01	-1.3732274e-01	-1.4006472e-01	-2.3218256e-01	-3.4198474e-02	-1.3251597e-01	1.5958017e-01	2.5039890e-01	-4.9209647e-02	-2.8590590e-01	2.2036566e-01	-2.1532935e-01	1.5281770e-01	1.5720820e-01	-9.6091991e-03	-1.6110557e-01	6.9462001e-02	2.5113106e-01	-8.9888856e-02	-5.7185169e-02	1.7440799e-01	-3.7013649e-03	1.9017421e-01	-1.4925081e-01	2.2905545e-01	1.9283256e-01	9.8902024e-03	9.9436656e-02	-1.9302946e-01	1.3074769e-01	-7.4035175e-02	-2.1566030e-01	1.3467030e-01	-1.8592805e-01	2.6273933e-01	7.8974694e-02	-6.7989156e-02	-2.0138098e-01	1.5870379e-01	1.8205079e-01	-4.7555637e-02	-7.3129773e-02	3.9838426e-02	8.8532647e-04	-1.4005072e-01	1.1515085e-01	-8.5726194e-04	-1.3078687e-01	1.0238481e-01	2.2381294e-01	-6.3632756e-02	-1.0902098e-01	-1.4254324e-01	-1.4818941e-01	-2.8973684e-01	7.8685544e-02	7.0211150e-02	-2.7618396e-01	-2.6747674e-02	7.3269032e-02	4.8910398e-02	-1.8163843e-01	3.2484573e-01	-1.1896259e-01	-2.2640947e-01	1.9085744e-01	-2.4410866e-01	-2.7755815e-01	-2.2219811e-01	-9.9742793e-02	-3.8562905e-02	7.8909010e-02	-1.5955101e-01	-2.8317815e-01	-2.9300043e-01	1.2996730e-01	4.8830188e-03	-6.0265753e-02	2.5804067e-01	-1.2522350e-01	9.7383268e-02	-1.2041336e-01	-9.0846643e-02	-2.3423827e-01	4.3579251e-02	-1.5463124e-01	1.6154188e-01	3.0095145e-02	-8.8940449e-02	-1.4151092e-01	2.0668627e-01	2.5281120e-02	-1.6485363e-01	2.6973417e-01	3.4861356e-01	1.4634019e-01	-3.8187023e-02	1.5860878e-01	-2.1620217e-01	-1.6805814e-01	5.3250948e-03	1.7952035e-01	-2.9957569e-01	-2.3997785e-01	1.0822849e-01	-2.5420126e-01	2.7626181e-01	-2.6689732e-02	-1.5090750e-01	-1.8178070e-01	6.4425036e-02	5.2222371e-02	-3.7880170e-01	-1.5018521e-01	-1.9380443e-01	-1.9338365e-01	-1.9259733e-01	-2.2075818e-01	2.0586482e-01	2.5112351e-02	-1.4854190e-01	2.6634982e-01	-2.3294477e-01	2.2126612e-01	1.3184671e-01	-5.5638842e-02	2.1957250e-01	1.6771716e-01	-3.1564534e-02	9.1918893e-03	-3.9999664e-02	-1.2143689e-01	9.2287049e-02	-6.2261831e-02	-2.4375176e-02	-2.5104904e-01	1.4055592e-01	9.7769499e-04	-2.7441910e-01	-2.2364363e-01	6.0340524e-02	1.3926646e-01	-1.6118839e-01	-1.7842640e-01	-1.6220628e-01	1.8597406e-01	2.0658240e-01	7.8866154e-02	1.5532300e-01	1.3492920e-01	-1.5600948e-01	-7.7795848e-02	1.2015753e-02	-1.7255045e-01	2.1916730e-02	-2.3301019e-01	2.2121841e-01	8.0169149e-02	2.8744337e-01	-2.5916237e-01	-1.5239382e-01	-9.5959038e-02	-6.2223494e-02	1.7199716e-01	2.8735572e-02	1.6715384e-01	-2.2095035e-01	1.1104351e-01	1.1726135e-01	1.5558872e-01	1.9892000e-01	6.5176092e-02	-8.0184653e-02	-1.5924332e-01	1.8156029e-01	-1.4741966e-01	-5.3432483e-02	1.6824186e-01	9.2304274e-02	-2.7144309e-02	1.6533139e-01	-1.1164507e-01	3.0884558e-02	-1.9398272e-01	1.1025126e-01	1.7108162e-01	2.1209089e-01	-1.4474881e-02	-3.1710532e-01	-1.3392208e-02	-1.6502988e-01	-7.6264523e-02	6.3793562e-02	-1.8753214e-01	-1.3803691e-01	-2.1541217e-01	1.7028943e-01	1.9911195e-01	1.2124671e-01	2.5736919e-01	-7.2367445e-02	1.9441053e-01	-1.6301717e-01	-2.5480589e-01	-1.8527694e-02	-2.2917181e-02	-2.9949450e-01	1.7731351e-01	-8.8801384e-03	1.1877015e-01	-2.3417491e-01	4.4903547e-02	2.2064428e-01	2.9090574e-01	3.0828685e-02	-8.1349954e-02	-2.5502589e-01	1.0575709e-01	7.7786118e-02	-9.5434852e-02	-3.3007592e-02	-2.4736340e-01	2.2679082e-01	-2.6508510e-02	1.9711259e-01	-2.7277958e-02	-2.4637620e-01	-2.9095402e-01	1.0235208e-01	3.8970325e-02	3.5572112e-02	8.5547358e-02	-2.8857434e-01	2.5476769e-01	2.4941629e-01	-1.2050293e-01	1.9740209e-01	1.3170815e-01	2.5204599e-01	1.6334385e-01	2.2427788e-01	-2.5129798e-01	-2.5230682e-01	8.9236364e-02	3.1643343e-01	7.7558756e-02	2.4074094e-01	-1.6212924e-01	1.8951897e-01	2.3699250e-02	3.0125363e-02	-1.9631214e-01	-2.8517097e-01	2.5322106e-01	2.7527899e-01	-9.4413437e-02	1.5514421e-01	-1.5223816e-01	8.7339252e-02	1.1011699e-01	-1.3836642e-01	-1.8667926e-01	-2.5679678e-02	-1.4933425e-01	3.8456146e-02	-1.7684805e-01	-1.8380274e-01	1.7571832e-01	-1.2173942e-01	2.0710689e-01	-2.7923527e-01	-1.4924088e-01	3.4800656e-02	2.5620475e-02	-2.6190186e-01	-2.2075468e-01	1.1164946e-01	-1.3989066e-01	-1.0784952e-01	8.5098878e-02	2.5302866e-01	5.5154543e-03	-2.6496372e-01	-4.6554198e-03	-1.2842120e-01	2.5826740e-01	5.3694516e-02	-1.3474424e-01	-1.0008822e-01	-1.1443520e-01	-2.9780847e-01	2.6585034e-01	-1.6862638e-01	-5.4005951e-02	4.5659751e-02	6.1992109e-03	2.6235325e-02	2.1416515e-02	1.6918735e-01	1.1159644e-01	-1.5064634e-01	1.8522280e-01	-1.9731140e-01	2.0187259e-02	4.4516955e-02	-2.4130741e-01	-8.8979200e-02	3.0580845e-01	6.4157449e-02	2.6710063e-01	-2.0101327e-01	-1.6679402e-02	2.4606359e-01	1.3894016e-01	-2.8937805e-01	-2.5967997e-01	-2.9389295e-01	-1.4782955e-03	-2.9736197e-02	2.9667923e-01	-5.7452638e-02	2.6395452e-01	-2.5984618e-01	-2.3362747e-01	-4.1422881e-02	6.5423690e-02	-9.1879301e-02	2.6988664e-01	-8.6301044e-02	1.1195382e-01	1.9109538e-01	-2.4110997e-01	7.3979370e-02	-4.4743195e-02	9.9809682e-03	1.5746549e-01	1.2705411e-01	1.6126800e-01	-1.6586663e-01	5.6235474e-02	-1.6866584e-01	-8.2013361e-02	-1.9107534e-01	-6.4930238e-02	1.5212461e-01	-1.1652774e-01	-2.5767979e-01	1.0780644e-01	-1.2765802e-01	1.6428913e-01	-1.7387243e-01	-3.3866999e-01	2.4217194e-01	2.5211090e-01	9.8124623e-02	-2.0060936e-01	-1.8665311e-01	-1.0706529e-01	1.5776932e-01	4.5524865e-02	-4.7268972e-02	-5.0021380e-02	-1.7941982e-01	-8.0832414e-02	-6.3830681e-02	-3.0346587e-01	2.1539390e-01	7.5955778e-02	6.0444567e-02	3.2475719e-01	1.1674702e-01	-2.3509391e-01	2.2325185e-01	-1.6402567e-02	1.8577741e-01	-2.8333715e-01	-1.7954025e-01	-5.5641856e-04	2.3846427e-01	2.2491337e-01	-1.7898303e-02	-8.8084958e-02	-2.3250854e-01	-2.3107667e-01	1.3476649e-01	-2.4011548e-01	2.3197314e-01	-8.1463069e-02	-2.3116012e-01	1.9683098e-04	-5.6401215e-02	-2.6403415e-01	-1.9892058e-01	8.5570425e-02	-6.2097333e-02	-1.8392602e-01	5.1170491e-02	4.1296005e-02	-1.6057633e-01	-2.6191917e-01	6.7094810e-02	-1.9639826e-01	2.5245714e-01	-1.4158297e-01	-1.2116688e-01	2.7231401e-01	-1.0776158e-01	1.5075806e-01	1.3195920e-01	3.6885470e-02	4.7498811e-02	5.4716505e-02	3.1841114e-02	1.8602541e-02	-3.2284148e-02	-1.7616253e-01	1.2040002e-01	1.6316010e-01	2.1495798e-01	1.7947638e-01	2.8535682e-01	4.9117070e-02	1.0743020e-01	-8.3022937e-02	2.0566116e-01	-5.8216572e-02	-6.0874667e-02	-1.8618220e-01	-2.9807621e-01	-4.4236243e-02	3.4995545e-02	1.0991609e-01	-2.0724364e-01	-9.3457788e-02	-1.3371514e-01	2.7317658e-01	-2.7680549e-01	3.8998447e-02	-1.2192436e-01	5.8426440e-02	-2.9706424e-01	2.4637438e-01	1.1716264e-01	-2.1680661e-01	6.5166503e-02	2.6946962e-03	2.7863482e-01	-3.4818023e-02	-1.4249648e-01	-3.0529287e-01	-1.1232600e-01	2.8641638e-01	4.1832175e-02	-2.8467068e-02	2.0772472e-01	1.6918439e-01	-1.3407865e-02	1.9613746e-01	-1.5718690e-01	-2.1877037e-02	1.6985651e-02	9.0518445e-02	2.0974351e-01	-2.3106369e-01	-3.8391713e-02	-1.1542664e-01	1.9470418e-02	1.2663504e-01	1.5534227e-01	1.7248826e-01	-1.1324482e-01	1.0154775e-01	-1.5028918e-01	2.4550194e-01	-3.4254754e-01	-1.6158752e-02	-1.4324282e-01	-3.3465895e-01	2.2805680e-01	2.0588547e-01	-2.4121007e-01	3.6731639e-03	-1.3792326e-01	-3.3172578e-02	1.5241972e-01	2.6298714e-01	-2.9953429e-01	7.8465462e-02	-1.2694600e-01	-1.9953288e-01	-1.1586943e-01	-1.2672715e-01	6.2463377e-02	2.0755564e-01	9.5233088e-03	-7.6137319e-02	1.8138984e-01	6.0775436e-02	-2.8404582e-01	-2.2345376e-01	-1.8811274e-01	1.4782706e-01	9.0384133e-02	2.7937478e-01	2.0915221e-01	2.1909149e-01	-1.9772306e-01	1.5708008e-01	-9.8641068e-02	1.8582952e-01	1.7718112e-01	1.9857778e-01	-1.8298855e-01	-6.9552131e-02	-1.2448531e-01	1.9150904e-01	-4.8982926e-02	1.6963881e-01	-2.3262461e-01	1.9867381e-01	-3.2548270e-01	3.3309162e-02	-1.3444689e-01	-7.3871680e-02	1.9445899e-01	-2.0728058e-01	1.6355233e-01	7.0518464e-02	-2.3096217e-01	-1.6701452e-01	-1.2850236e-04	-2.2124270e-01	-2.7020344e-01	1.0600209e-01	4.6649206e-02	-1.6972467e-02	8.2382776e-02	-2.3901547e-01	9.5244676e-02	-2.9854846e-01	9.0138659e-02	-2.7096096e-01	-5.7190061e-03	2.4154803e-01	-5.6447271e-02	3.0535212e-01	1.6500995e-01	6.3357711e-02	1.8907768e-01	-2.2126529e-01	1.8535239e-01	-2.6721302e-01	1.2886849e-01	1.9561413e-01	2.7262083e-01	1.8660969e-01	-9.1869859e-03	1.2157896e-01	-2.8247988e-01	6.8364531e-02	-1.7357172e-01	8.5009508e-02	6.1942693e-02	2.0367917e-01	9.0289705e-02	-4.1644257e-02	1.5437192e-01	-3.3941947e-02	2.1610221e-01	2.6340321e-02	1.1786893e-02	3.7924338e-02	-2.5595358e-01	8.0587342e-02	1.4202233e-01	-2.2392824e-01	1.7665279e-01	-8.4142581e-02	-1.7152552e-01	1.7678288e-01	-1.8126038e-01	-5.2761082e-02	-1.5776998e-01	-1.8803385e-01	-2.5799501e-01	4.9306512e-02	2.1929279e-01	9.7186380e-04	9.5433313e-03	8.5208602e-02	-3.6320116e-02	2.9194537e-01	-7.2841898e-02	1.9557661e-01	-9.2366084e-02	2.4363984e-01	1.4894341e-01	2.2340357e-01	-1.7826341e-01	2.9921457e-01	2.9164124e-01	1.6882521e-01	2.2847266e-01	-2.3793818e-01	-1.8482460e-02	-2.6929414e-01	-7.7179961e-02	5.8781214e-02	-1.1558744e-01	2.4165491e-02	-2.7389550e-01	-8.6484402e-02	-1.2770402e-01	-7.5234219e-02	-2.9650626e-01	-1.4199485e-01	-1.0197630e-02	-2.0406848e-01	-2.0662324e-01	1.3091987e-01	-2.9986444e-01	-1.3596749e-01	2.5662005e-01	1.8026748e-01	1.8755688e-01	-2.3920906e-01	1.1846340e-01	-2.0171516e-01	3.8839534e-03	-2.8752074e-02	-1.8235967e-01	-2.5520539e-01	-2.1166241e-01	2.1438286e-01	-1.4688839e-01	2.6487347e-01	-4.2210184e-02	-8.5501894e-03	1.7390533e-01	-2.8818423e-01	-2.5290859e-01	-2.7623662e-01	-2.2576618e-01	-1.4700253e-01	1.8938610e-01	2.2665130e-01	-1.1617312e-01	-1.8586105e-01	2.5188661e-01	-7.4102938e-02	-3.7864398e-02	6.1557703e-02	1.6718899e-01	2.7247870e-01	-7.2146803e-02	-1.6636182e-01	1.0326757e-01	6.0874790e-02	1.8749030e-01	-7.1591459e-02	1.4393248e-01	-2.8013694e-01	-1.8425214e-01	-9.0559669e-02	1.1742289e-01	1.6289623e-01	7.9095185e-02	-2.3530494e-02	-2.4831268e-01	-2.3624865e-02	1.9378991e-01	-1.0630224e-01	6.4039826e-02	1.3923138e-01	-1.0093266e-01	2.5598142e-01	1.0290823e-01	9.2451096e-02	1.5856203e-01	9.1435313e-03	1.4093488e-01	1.0194016e-01	-1.5393874e-01	-1.2923776e-01	-1.4166561e-01	2.2559378e-01	2.3496288e-01	3.1728268e-02	-2.5195271e-01	2.2644284e-01	2.2448262e-02	-1.0523170e-01	2.3707700e-01	-9.7317018e-02	-9.5729299e-02	-2.2840934e-01	-2.2829238e-01	-1.1575834e-01	1.3107772e-01	-1.5315261e-01	4.5803141e-02	9.3696222e-02	1.9780067e-01	-2.4232864e-02	-1.4881074e-01	-2.0566207e-01	1.8180376e-01	8.3967626e-02	-6.7729275e-03	-1.3926099e-01	-6.5402746e-02	1.4155364e-01	2.0697640e-01	1.6484693e-01	-8.4265821e-02	-2.4636711e-01	-2.0824784e-01	-3.0136570e-01	6.8647444e-02	1.5339154e-01	-9.5523402e-02	8.1573397e-02	-1.3211588e-04	2.3404086e-01	-2.7300143e-01	1.2361860e-01	2.0312914e-01	-3.1117779e-01	1.0202887e-01	2.4361648e-01	2.4071500e-02	-3.0684522e-01	-3.4308761e-01	2.6514089e-01	-2.3688817e-01	-4.3488055e-02	-5.6240056e-02	-2.5611082e-01	2.6833919e-01	8.1500441e-02	1.3502537e-01	-2.0137870e-01	-2.5352287e-01	-2.7686384e-01	1.3816606e-01	2.6553628e-01
-3.1725577e-01	2.4648231e-01	-1.3872939e-01	1.5183976e-01	-2.1239078e-01	1.2013214e-01	-2.2898060e-01	5.1856022e-03	1.5200955e-01	-1.3262620e-02	-4.7860090e-03	5.9446368e-02	-2.5978857e-01	1.6166008e-01	-1.0737257e-01	-1.4523600e-01	8.4952153e-02	-2.8468820e-01	-1.2686050e-01	1.8642849e-01	-1.2604254e-01	-3.2147819e-01	1.4268568e-01	2.9592272e-02	1.0953361e-01	2.2951081e-01	-1.1701937e-01	2.4368171e-01	-3.1224909e-01	1.1234349e-01	7.7208569e-03	-1.0891452e-01	9.3977995e-02	5.5236395e-02	-8.2615107e-02	2.8004286e-01	-7.9434991e-02	5.4309913e-03	-1.7553326e-02	7.3782615e-02	7.2644241e-02	2.3602302e-01	2.1938382e-01	2.5504106e-01	2.9806659e-01	2.3800626e-01	-6.8636611e-02	-5.0079316e-02	2.4167049e-01	-1.6663007e-01	-1.2163955e-01	-1.0604644e-02	-2.0553079e-01	-4.1150455e-03	-5.3247470e-02	1.3333733e-01	4.7016054e-02	2.0478523e-01	-2.5200218e-01	-1.8860708e-01	4.8369844e-02	-8.8798977e-02	1.4117356e-01	7.2434418e-02	-3.9222542e-02	-1.2133055e-02	-2.4954937e-01	1.6393045e-01	-2.3012230e-01	1.7390950e-01	2.4303389e-01	-2.6459616e-01	1.0496768e-01	3.2849450e-02	-1.2174241e-01	2.9232815e-01	-5.5997595e-03	-1.8283452e-01	-2.1001188e-01	-1.8527335e-01	-7.8329235e-02	8.6431019e-02	2.8786922e-01	2.3937045e-01	2.1519838e-01	7.4287549e-02	1.9892544e-01	-3.2049665e-01	-1.5042388e-01	-8.6892769e-02	1.6563261e-01	-2.9528713e-01	-1.0143518e-02	-3.2526895e-01	-3.7122115e-01	-1.3816325e-01	1.2756559e-01	2.4695006e-01	1.5906590e-01	1.6022065e-01	-2.2320369e-01	2.1012428e-01	2.8550047e-01	1.8800583e-01	1.8222001e-01	-8.3327629e-02	1.1598775e-01	2.3484494e-01	1.0336164e-01	6.1614458e-02	-1.1400474e-02	-1.8313436e-02	3.1549922e-01	-1.9696225e-01	-8.6652979e-02	-2.4785629e-01	1.4515659e-01	2.3246627e-01	-2.9042041e-01	1.6685930e-01	-6.1366964e-02	6.3667059e-02	-1.8999511e-01	8.7246746e-02	-2.7301213e-01	-3.0804977e-02	1.3843556e-01	-1.7360306e-01	6.1181784e-02	2.3314926e-01	-2.0165765e-01	-2.1611257e-01	9.8898664e-02	-8.7991506e-02	-1.2828344e-01	-2.0353670e-01	1.6491860e-01	-2.0383044e-01	2.7428007e-02	-3.0082235e-01	-1.4500780e-01	-2.4991505e-01	-2.0757619e-01	-3.1144112e-02	2.4796274e-01	-3.1536329e-01	6.1585844e-02	-2.8337708e-01	2.0523703e-01	1.9087444e-01	2.6561284e-01	-2.6504326e-01	2.0796588e-01	-1.8285030e-01	-7.6986149e-02	1.3384543e-01	2.1581528e-01	-2.5919864e-01	-1.4163963e-01	5.4043204e-02	-2.3613203e-02	8.1928270e-03	-3.0025256e-01	2.1326801e-01	-9.1096483e-02	1.6162474e-01	2.8594664e-01	2.2800602e-01	1.9443080e-02	-1.5053733e-01	1.9598226e-01	2.0098805e-01	6.8726473e-02	2.6439753e-01	-1.5483534e-01	2.3308773e-01	1.9873624e-01	1.2006760e-01	2.6887071e-01	1.3753016e-01	1.1031684e-01	-1.9881596e-01	8.2248695e-02	1.1933131e-01	2.8173357e-01	1.2436846e-01	-2.8798792e-01	-2.3487084e-02	7.8477412e-02	-2.9042172e-01	-1.5134662e-01	-1.6691577e-02	-1.7819570e-01	-2.8830081e-02	-2.8203142e-01	-2.6163495e-01	4.4732157e-02	6.9211081e-02	-7.5558856e-02	-4.8582077e-02	1.3800780e-01	1.3788342e-01	2.9960677e-01	2.5518611e-01	-1.4093572e-01	-2.2055994e-01	2.2985427e-02	2.0729318e-01	2.4574333e-01	9.8878823e-02	9.9663407e-02	2.0095445e-01	-2.5544211e-01	-2.5257805e-01	-2.6130226e-02	8.7670512e-02	3.6419947e-03	2.3164913e-01	-3.0469474e-01	-2.4075045e-01	3.2504383e-02	-8.9525104e-02	-3.1469727e-01	5.2138571e-02	1.9317500e-01	1.7266357e-01	-1.6857100e-01	-1.4004831e-01	1.8274261e-01	1.6063535e-01	1.0087870e-01	2.1613580e-01	-1.5626810e-02	2.2323954e-01	-8.0694705e-02	-6.5208852e-02	1.5074811e-04	1.3363202e-02	-1.8291409e-01	2.5085634e-01	-2.1303493e-01	-7.5460367e-02	1.3281581e-01	-8.4168397e-02	-4.2664696e-02	1.9381632e-01	2.7925298e-01	1.1348727e-01	-1.9453758e-01	1.2743597e-01	-9.0642892e-02	4.5236304e-02	-1.6606931e-01	-1.9050263e-01	-8.4259547e-02	-2.1972662e-01	4.1688219e-02	-1.6149569e-01	4.6442091e-02	9.2836171e-02	1.6337697e-01	-2.0436753e-01	-9.8585494e-02	1.1216439e-01	1.1565247e-01	1.4364181e-01	9.2419922e-02	1.2206882e-01	-2.4323481e-01	-2.0982975e-01	-2.3010015e-01	-6.6601261e-02	1.4878733e-01	2.4801275e-01	1.0718429e-01	-2.6020545e-01	-1.4151378e-01	1.7017180e-01	1.8060893e-02	-1.6977905e-01	-8.6228251e-02	-2.1950363e-01	-2.5521821e-01	-1.0554491e-01	1.9220632e-01	1.7425904e-01	1.5750504e-01	8.0966890e-02	2.4966989e-01	-8.0919854e-02	-1.9045885e-01	-1.5906772e-01	-1.0545451e-01	-2.2360712e-01	1.4807229e-01	2.6147726e-01	1.7397183e-01	4.6981107e-02	-1.3510269e-01	8.2780011e-02	-2.0885292e-01	-1.2157431e-01	1.7119631e-01	-4.0881142e-02	-1.3775940e-01	8.0161877e-02	8.1611656e-02	-1.2395131e-01	9.3946703e-02	-1.0722061e-01	6.5957084e-03	1.3629206e-01	2.7228233e-01	-2.3411988e-01	1.1454384e-01	1.6106652e-01	-1.1048712e-01	1.6014896e-01	2.2842021e-01	3.2998212e-02	2.2993255e-01	1.9892484e-01	-3.0562091e-01	4.4354819e-02	-1.4882072e-02	-2.6829517e-01	2.6583279e-02	2.4785833e-01	3.2809321e-02	2.8828081e-01	1.2462519e-01	1.6150579e-01	1.1872865e-01	9.9403187e-05	2.1525498e-01	-2.5926515e-01	3.3347975e-02	-2.5267795e-01	1.5242231e-01	-2.0641983e-01	-1.9611754e-01	2.7662188e-01	-3.2392797e-01	1.4734709e-01	-1.8623814e-01	9.1537207e-02	-3.1193703e-01	6.5217830e-02	-1.9087248e-01	2.5844643e-01	-1.6623704e-02	1.3700350e-01	3.0523539e-01	-1.2127379e-01	-2.4351352e-01	1.3355222e-01	3.0574113e-01	1.0568629e-01	7.0676632e-02	-4.7145868e-03	4.2684220e-02	3.0698416e-01	1.5745573e-01	-2.7255863e-03	3.8785659e-02	1.7036958e-01	-7.7096574e-02	-3.0349749e-01	2.6794771e-02	-4.2921301e-02	7.3991157e-02	-2.0801979e-01	-2.0048256e-01	9.5911413e-02	-2.2447945e-01	9.8371930e-02	4.5909464e-02	-1.7089705e-01	3.9039396e-02	-1.8033315e-01	-7.2216384e-02	-1.5457675e-01	-1.9842786e-01	-7.0765186e-03	-1.1769088e-01	1.3930325e-01	7.4092016e-02	6.3409619e-02	2.7361508e-02	1.2498418e-02	-1.5531281e-01	-1.5884450e-01	7.5583525e-02	2.7283588e-01	1.2958470e-01	2.3743761e-01	2.4248536e-01	-2.4108525e-02	3.9299396e-03	1.8069080e-01	1.2174102e-01	-3.3318512e-02	-2.6652524e-01	9.8154753e-02	1.1149229e-02	5.8558621e-02	-3.2551195e-02	-7.8860782e-02	1.1582220e-01	-2.8715265e-01	1.3017599e-01	-2.4705786e-01	1.4830561e-01	1.2654763e-02	9.5932178e-02	-2.2152455e-01	-2.1255508e-01	2.6040474e-01	-2.3929073e-01	-2.6946372e-01	-1.1963212e-01	3.3702560e-02	2.5036938e-02	6.7135826e-02	-2.1978623e-01	-1.9580154e-01	-2.5295725e-01	1.8034124e-01	-1.9218946e-02	2.1293351e-01	-1.1543668e-01	5.1509798e-02	3.0071673e-01	2.4093650e-01	2.6024225e-01	-2.4051185e-01	9.1280080e-02	2.2602054e-01	9.5975295e-02	6.3346952e-02	-2.6827517e-01	1.1346319e-01	-1.2933493e-01	7.0812605e-02	-2.2756436e-01	5.8994789e-02	-3.7777384e-03	-2.8177926e-01	1.5941115e-01	2.5023654e-01	-2.5539747e-01	2.0948409e-01	-3.3940881e-02	-7.9415701e-02	2.6332082e-02	1.1608017e-01	3.2352906e-01	-8.8365301e-02	-1.7769891e-01	-1.7174593e-01	1.9066745e-01	-2.2915874e-01	2.7017418e-01	2.8812853e-01	-1.1180320e-01	-1.1780402e-01	2.2582692e-01	-2.8017631e-01	-2.1051069e-01	-2.7152205e-01	-2.2302175e-01	9.3727961e-02	1.2640277e-01	2.5191233e-01	-1.9247548e-01	-8.4206471e-03	2.4228595e-01	1.3338366e-01	3.3342922e-01	-2.2550829e-02	8.6275972e-02	1.9039722e-01	-1.4229667e-01	-1.0973612e-02	-1.5925185e-01	1.9225863e-01	-2.0432049e-01	-3.0789205e-01	2.0656539e-02	-1.0543582e-02	-6.0802095e-02	1.4343445e-01	-2.9596221e-01	-1.3880217e-01	2.6995510e-01	1.2139565e-01	-2.0965335e-01	-1.0011744e-01	2.5214583e-02	-1.3931090e-01	-2.3144163e-02	1.3008308e-01	5.0168931e-03	-1.4253134e-01	4.7217716e-02	1.3164833e-01	-2.9734597e-01	-1.8724069e-01	-1.1204245e-01	4.4138964e-02	-9.0182960e-02	1.3702175e-01	2.5329915e-01	2.1209183e-01	-2.7538511e-01	-3.7065353e-03	-2.0831536e-01	2.8308097e-01	-6.9195494e-02	-1.4562880e-01	-4.5900214e-02	2.3925421e-01	3.7596822e-02	2.2892414e-03	-2.4347878e-01	2.0244628e-02	-1.0301951e-01	-1.6108930e-02	-2.8759667e-01	-8.4804974e-02	2.7791886e-02	2.3995383e-01	-2.5335506e-01	-3.0032623e-01	1.7959046e-01	1.0046518e-01	-3.1504798e-01	1.2231845e-01	2.7825615e-01	-2.4084049e-01	1.3383347e-01	-2.0623313e-01	9.4410807e-02	2.8390875e-01	-2.6176524e-01	2.0716858e-01	1.8440525e-01	-9.3888476e-02	-1.7576903e-01	-1.3962419e-01	1.1136505e-01	-2.4708207e-01	2.3662405e-01	3.6813973e-03	-1.5041819e-01	8.5550984e-03	-1.3827011e-01	-1.7724986e-01	5.9163362e-02	7.7593997e-02	-1.0779711e-01	1.3592838e-01	7.3043862e-03	2.0983557e-01	1.9004729e-01	7.9621635e-02	-7.2600804e-02	-1.4006193e-01	3.0515888e-01	-1.7066756e-02	1.7099707e-01	-1.2533477e-01	7.4647665e-02	1.6381674e-02	2.1780176e-01	-1.2327411e-01	1.5423751e-01	-1.7634024e-01	-2.7179056e-01	-4.9380767e-03	-2.4777341e-01	7.2358593e-02	7.4430890e-02	-1.5069115e-01	1.7737953e-01	1.8254422e-01	3.9157033e-02	1.5702952e-01	1.4099446e-01	-2.4032715e-01	2.1354438e-01	-1.0942283e-01	2.4375387e-01	1.9160588e-01	-1.2716070e-01	7.0131883e-02	-1.8973593e-01	-3.0910072e-01	2.0665912e-01	-2.4827510e-01	1.2197348e-01	2.1827605e-01	1.9697481e-01	6.3506663e-02	1.6569728e-01	-2.6562703e-01	7.0958197e-02	-7.0011881e-03	-1.3023181e-01	1.6958390e-01	-2.9570565e-01	1.2180235e-02	-2.3111907e-01	2.2486223e-01	-2.5335211e-01	1.6312458e-01	1.2575461e-01	-2.4451919e-02	1.3237339e-01	-2.8261647e-01	2.4748364e-02	-1.9549334e-01	-5.6963455e-02	-2.5826791e-01	-1.0053524e-01	1.7303136e-01	-3.5577156e-02	-5.3351253e-02	2.0380436e-01	2.7080712e-01	-2.0076095e-01	8.6591303e-02	-1.9584382e-01	-1.4044322e-01	-2.1387951e-01	-2.9144069e-02	-2.0098664e-01	4.8536006e-03	1.8358961e-01	1.5840510e-01	-6.0326457e-02	-1.6781797e-01	1.3686270e-02	-9.2139237e-02	2.0945008e-01	1.6000135e-02	-1.7447421e-01	-7.7601820e-02	1.3855189e-02	-7.0385061e-02	-1.7344926e-02	1.3291106e-01	-1.6247536e-01	2.5578836e-01	-1.9336204e-01	-2.3650515e-01	1.6397123e-01	-2.4550566e-01	-1.6756743e-02	1.3673588e-02	-2.8892851e-01	-3.0655456e-01	-1.9518816e-01	-1.5236099e-01	2.2326390e-01	-8.3160102e-02	-1.8596424e-01	-9.3431026e-02	5.9802353e-02	-5.7834075e-03	1.4687458e-01	-1.5007009e-01	1.7537953e-01	7.1500301e-02	-1.3531715e-01	1.8012254e-01	2.6741835e-01	6.4010814e-02	2.8317687e-01	9.7792372e-02	-1.8972027e-01	2.7146372e-01	2.7462420e-01	-4.7276504e-03	-2.4220584e-01	-1.2765007e-01	2.0836201e-01	-1.7123860e-01	4.3209087e-02	8.5479587e-02	1.3723600e-02	-2.8449938e-01	-2.2112291e-01	-1.2420372e-02	-1.3229251e-01	-2.8122153e-02	-8.9573629e-02	-8.4975354e-02	-1.7585309e-01	-2.2742011e-01	-2.1547480e-01	7.2554886e-02	-3.6467552e-02	7.2001852e-04	-1.7213342e-01	-1.0315591e-01	2.8841907e-02	1.1045232e-01	-2.3661739e-01	-6.3100658e-02	2.3852156e-01	-1.8849175e-01	1.4708245e-01	-2.9384965e-01	1.7832864e-02	-3.5887353e-02	1.5071566e-01	2.4890003e-01	1.1605667e-01	-4.5811445e-02	2.4036527e-01	-9.0019099e-02	-2.2602487e-01	-2.8278494e-01	1.0650695e-01	3.5870649e-02	-2.3964447e-01	-9.7667247e-02	1.8025729e-01	1.0131001e-02	-1.0977259e-01	1.3418218e-01	-2.4275498e-02	-1.4036015e-01	-1.6912137e-01	9.2326188e-03	1.5647539e-01	2.4224848e-02	-1.0687549e-01	-2.0623487e-01	-6.6679262e-02	7.2511889e-02	2.7008954e-01	2.4022166e-01	2.0557770e-01	-3.1482238e-02	-2.3564203e-01	-2.6198572e-01	3.8982444e-02	-1.3420254e-02	-2.4927460e-01	-7.6601520e-02	2.3743954e-02	1.3487491e-01	2.7670112e-01	-2.4820104e-01	-9.1909014e-02	2.7451771e-01	9.9519581e-02	2.0570676e-01	-3.1587407e-01	7.9304367e-02	-2.9625696e-01	1.5825981e-02	-1.7470682e-01	-2.6759663e-01	-1.0824927e-01	1.8183105e-01	1.7032914e-02	-2.1217096e-01	-1.4566839e-01	-1.1028161e-01	-1.2789688e-01	-1.7918380e-01	-2.9405507e-01	-2.2439030e-01	-2.2280194e-01	9.7924314e-02	3.1430870e-02	1.2967165e-01	-1.4144909e-01	2.6403382e-01	-2.5112399e-01	1.6424519e-01	2.2584684e-01	-2.7225837e-01	2.9018459e-01	-1.0100038e-01	2.5052407e-01	1.8267620e-01	1.8485534e-01	-7.1143568e-02	-2.7773231e-01	-2.5994509e-02	-2.0247813e-01	-2.9970095e-01	-2.2046752e-01	-1.7328452e-01	2.6307115e-01	2.3383019e-02	-3.7763890e-02	1.3453247e-02	-1.8448234e-01	-1.3842815e-01	1.8712025e-02	-5.2926388e-02	5.0895516e-02	1.2683220e-01	1.9681811e-01	-4.2627748e-02	1.8005987e-01	2.3708095e-01	4.8463471e-02	-1.3487160e-01	1.3539384e-01	-4.1365355e-02	-8.7083884e-02	2.2858271e-01	-1.6816731e-01	-2.3003621e-01	-1.4718942e-01	1.2499425e-01	6.8586037e-02	-1.9952171e-01	-4.3727558e-02	-2.4825472e-01	4.0662743e-02	-7.8116834e-02	-2.1995564e-01	2.6051137e-01	-2.7390078e-01	1.0610256e-01	1.2437221e-01	-2.5126785e-01	-1.5797454e-01	-3.2196137e-01	-2.4473451e-01	-1.4162308e-01	-2.2825518e-01	-2.1682094e-01	-2.9020315e-01	3.6348619e-02	-2.9377657e-01	-2.3874933e-01	9.1671027e-02	1.6083503e-01	1.3895315e-01	-2.7248061e-01	1.7054757e-01	-8.9362413e-02	8.4830917e-02	-1.6275594e-01	4.5353319e-02	1.9389381e-01	1.6344766e-01	-9.0828918e-02	2.4767375e-01	-2.0261168e-01	-1.3728942e-01	5.6965943e-02	-1.5332444e-01	2.6291889e-01	-1.3922305e-01	-1.5806031e-01	2.4152291e-01	1.6694364e-01	-2.6199996e-01	-5.0029457e-02	-1.1518694e-01	1.8000758e-01	-3.6446173e-02	1.0413574e-01	-1.9699226e-01	-2.2709824e-01	-1.0686629e-01	2.2941078e-01	1.0071148e-01	-2.5607893e-01	-6.7911938e-02	-2.2598588e-01	1.2151281e-01	-5.0643202e-02	-4.6096644e-03	-1.0768506e-01	2.9871017e-01	-1.6183268e-02	2.5016861e-03	-5.6608465e-02	1.2174588e-02	-2.6661244e-01	1.8039647e-01	8.7824039e-02	-1.6282819e-01	-3.3049859e-02	-2.2882965e-01	-1.5516776e-01	2.3426776e-01	3.7357714e-02	-2.1675768e-01	1.5378174e-01	2.7511847e-01	-1.1696345e-01	-5.5920836e-02	2.0025368e-01	1.6215320e-01	4.1901335e-02	-2.9170960e-01	-9.2080995e-02	1.3844448e-01	1.3553946e-01	1.5854177e-01	2.9234201e-01	9.8053955e-02	-2.5894722e-01	1.2142672e-01	2.9120311e-01	-1.8349817e-01	-2.4287039e-01	3.4395075e-01	-5.7896614e-02	-2.2803691e-01	-7.2529420e-02	-2.9967257e-01	2.2693211e-02	1.0912129e-01	1.9759902e-01	-3.0963140e-02	1.9354318e-01	-1.9987990e-01	-4.8725605e-03	4.7373652e-02	9.4503373e-02	-7.1178496e-02	-2.1649325e-01	-2.3314233e-01	-2.8822747e-01	-2.5794706e-01	7.0992112e-04	-2.1185873e-01	2.5745010e-01	-1.5837587e-01	-6.5979585e-02	-2.0722523e-01	1.9109324e-01	-1.6370271e-01	2.9718849e-01	1.8364185e-01	2.4130407e-01	-1.1142311e-01	1.2873773e-01	-2.6700971e-01	2.6705697e-01	-2.3738407e-01	5.4676563e-02	-1.9389875e-01	1.0045121e-01	-1.4632399e-01	5.2266210e-02	1.3971478e-02	-2.6498622e-01	9.6788548e-02	2.2473587e-01	2.7731821e-01	-7.9608664e-02	5.7438549e-02	-1.0645883e-01	1.2591045e-01	2.8090182e-01	9.1088451e-03	1.8178707e-01	-2.8795982e-02	1.2552744e-01	-1.3454394e-01	-4.8120100e-02	1.3280204e-01	-1.8474691e-01	1.0821851e-01	-1.1465785e-01	-3.0421004e-01	-2.6477909e-01	9.8034807e-02	-2.0777184e-01	-3.9980024e-02	9.1795340e-02	1.1427386e-01	2.8080431e-01	7.8451280e-03	1.4349727e-01	-1.8484542e-01	3.1011945e-01	-8.2943337e-03	1.3514742e-01	2.4897408e-02	-1.5789333e-01	2.8610551e-01	2.1090126e-01	1.3787094e-01	-2.4567203e-01	1.3983212e-01	-2.6553395e-01	2.9929873e-01	-1.8295048e-01	5.9959836e-02	-5.5205502e-02	-1.9876465e-01	-2.3183770e-01	1.1572391e-02	-5.9777111e-02	2.7748713e-01	9.5502689e-02	-1.4240438e-01	2.4127577e-01	8.3649710e-02	-7.2656170e-02	-2.6416263e-01	-1.9478318e-01	-2.8485340e-01	1.9475338e-01	-2.8061193e-01	-1.2984499e-01	-2.5981879e-01	-9.4814315e-02	-1.2546016e-01	-1.6293541e-01
-3.3590671e-01	-2.5232089e-01	1.3617902e-01	1.5649046e-01	-5.2263875e-02	2.4742810e-02	-4.7122687e-02	-1.4295727e-01	-2.9711443e-01	2.6456749e-01	1.7852758e-01	7.3958069e-02	2.5033101e-01	-3.0106968e-01	-2.4265081e-01	-8.8080384e-02	-2.6028705e-01	-3.5551968e-01	-1.3245663e-04	1.9722591e-01	6.4394265e-02	-2.1174929e-01	-2.6186448e-02	2.1898831e-01	2.5084287e-01	-2.5605112e-03	-5.6699596e-02	-3.0092692e-01	-2.7014342e-01	-3.9501438e-01	-5.1320679e-02	-1.8896778e-01
