9
input	15
dense	32
relu	0
dense	32
relu	0
dense	32
relu	0
dense	1
linear	0
7.999999979801942e-06
-2.5113812e-02	-7.6407507e-02	-1.6030211e-02	3.4626354e-02	-7.8297995e-02	-9.2044957e-02	8.0218367e-02	-6.5001525e-02	-1.8757833e-02	-2.9123437e-02	-7.0296161e-02	-3.2152437e-02	-1.3618364e-02	-4.6096809e-02	-2.7100351e-02	-5.3802978e-02	-5.9308246e-02	-9.5421541e-03	-2.1548105e-02	-3.8869690e-02	-2.8138433e-02	-2.3864519e-02	-5.0530985e-02	-9.6058631e-03	-4.4500936e-02	-6.5936357e-02	-5.5562180e-02	-3.4803219e-02	-4.8061293e-02	-5.9036519e-02	-2.6281981e-03	-7.6645073e-03
-2.6650198e-02	-3.1873833e-02	-1.9435355e-02	-2.5097283e-02	-3.2569144e-02	-3.1843983e-02	-4.0216453e-02	-1.5506371e-02	-4.5068678e-02	-5.1764842e-02	-2.7501933e-02	-5.1080521e-02	-3.1549536e-02	-2.2745246e-02	-5.1885240e-02	-3.2951515e-02	-5.3952355e-02	-1.9736009e-02	-4.2017300e-02	-4.4408016e-02	-1.3005977e-02	-5.6988973e-02	-2.1706292e-02	-3.5456993e-02	-3.7222080e-02	-3.7176002e-02	-3.4178324e-02	-2.3437761e-02	-2.3438789e-02	-2.2630019e-02	-1.7186694e-02	-2.2507168e-02
-1.9050941e-02	2.4597154e-03	1.2792255e-03	-1.2842888e-02	-2.0545004e-02	-1.0639521e-02	-7.2035673e-03	-1.3849228e-02	-8.6142104e-03	-6.2142992e-03	-1.2946054e-02	-1.3775521e-02	-1.8894685e-02	-7.1705612e-03	-1.5396660e-02	-3.5514191e-02	1.8184700e-03	-2.1455724e-02	-1.6971417e-02	-3.3163883e-02	-2.1914430e-02	2.9524765e-03	-8.3865384e-03	-1.5048451e-02	-1.6360318e-02	-1.9885564e-02	6.7013670e-03	-2.5723623e-02	-1.4526865e-02	-5.5892239e-03	3.3383593e-03	-1.6047532e-02
-1.9959263e-03
-7.6344416e-02	5.1152457e-02	6.5290645e-02	2.8097562e-02	-7.7920638e-02	1.8736897e-02	5.8145267e-03	-5.4871541e-02	-2.5196829e-01	1.6019154e-01	-5.1985402e-02	-1.3197853e-01	6.9473304e-02	1.3431297e-01	-4.8723761e-02	-2.0687670e-01	2.1642965e-01	-3.7123717e-02	1.5514565e-01	3.3369580e-01	2.1113017e-01	1.4464566e-01	1.8666503e-01	-6.2429674e-02	2.9515460e-01	-3.7174444e-03	-1.2255999e-01	-1.3708578e-01	-8.6236283e-02	8.0435738e-02	3.6622301e-02	-3.5458863e-01	1.7999721e-01	-1.7419362e-01	-3.1441724e-01	-8.2775295e-02	-3.4485087e-01	-3.2253981e-01	1.1793664e-01	1.7377414e-01	1.5769642e-02	-5.8717575e-02	1.5073009e-01	1.3878842e-02	2.3190482e-02	-3.1918910e-01	-1.6006792e-01	-2.5167981e-01	5.6511842e-02	2.3597580e-01	8.9494072e-02	-3.6013182e-02	-2.9733652e-02	-9.3216620e-02	-1.8796990e-02	-1.0409035e-01	-1.1370540e-01	9.7890466e-02	1.3793372e-01	1.3478738e-01	-2.9004028e-01	6.2028810e-02	-5.0088983e-02	-1.9809727e-01	-2.0099019e-01	-1.7751859e-01	-2.7125910e-01	-3.5599157e-01	1.4616129e-03	-2.3874645e-01	1.6185632e-01	-1.0368823e-01	1.9229676e-01	1.0937548e-01	-7.1069524e-02	1.8204759e-01	-2.1042743e-01	-8.1386380e-02	-3.2310960e-01	-3.4554332e-01	-3.5701241e-02	-6.8255126e-02	-1.0339385e-01	-2.2037838e-01	1.8663171e-01	1.4547946e-01	1.9595002e-01	-1.1019570e-02	1.7236719e-02	-1.5924716e-01	-1.8276079e-01	2.0913826e-01	9.7179234e-02	-1.6553384e-01	-3.5491291e-01	-3.5390007e-01	1.0962453e-01	-1.6270328e-01	-1.2430014e-01	4.2668633e-02	-2.5682074e-01	7.8497067e-02	-1.2536091e-01	2.9013953e-01	-7.9573579e-02	2.8006020e-01	3.1662861e-01	1.9354431e-01	-4.0428735e-02	-1.0201754e-01	1.3368329e-01	1.7391331e-01	-2.2214629e-01	-3.7308402e-02	-1.1913352e-01	1.9329946e-01	7.0085101e-02	-1.9471484e-01	-9.1501623e-02	1.0513026e-01	-5.0099052e-02	1.0940502e-01	3.3292976e-01	-3.2610407e-01	2.4660803e-01	-2.0465539e-01	-3.0476263e-01	-2.0052598e-01	-6.2028840e-02	1.7067397e-01	-3.3488253e-01	2.2532709e-01	1.2206153e-01	-1.5448314e-01	7.5780000e-03	3.2085648e-01	-3.5292107e-01	2.8638814e-02	1.7531337e-01	1.1437747e-01	-2.2619072e-01	3.1971645e-01	3.2508314e-01	2.1617891e-01	2.6651391e-01	-2.4418797e-02	-7.0109427e-02	3.2092679e-01	-9.7743548e-02	1.3511409e-01	2.3399080e-01	5.3435553e-02	-1.7124137e-01	1.2369401e-01	3.0575225e-01	-2.8883266e-01	3.5374388e-01	-1.3766536e-01	1.9234447e-01	1.6826692e-01	-2.1123943e-01	1.6109629e-01	2.4704222e-01	1.9130281e-01	9.7295225e-02	8.2190998e-02	3.1321505e-01	-3.2779661e-01	8.9212440e-02	-1.1949676e-01	-2.9577360e-01	-3.5980946e-01	2.1832718e-01	-3.2161030e-01	5.8093056e-02	1.2344576e-01	-2.5088304e-01	2.1394740e-01	-9.5528618e-02	-2.3722047e-01	-3.3503839e-01	-8.9736417e-02	-2.4786067e-01	-3.4917617e-01	-6.2455200e-02	1.5995618e-03	-5.1277842e-02	-9.9184357e-02	2.2078042e-01	2.1247607e-01	7.1769215e-02	1.4430729e-01	-2.1052843e-01	2.0640449e-01	1.3917474e-01	-1.2671736e-02	-1.2755659e-01	3.1261634e-02	-3.1206429e-01	-7.3625073e-02	2.6212764e-01	-3.4863719e-01	1.7499566e-01	-9.7761169e-02	2.8796205e-01	3.2176021e-01	-2.2282882e-01	1.3434903e-01	-3.0148736e-01	1.1879144e-02	1.1680482e-01	-1.3746789e-01	1.3748465e-01	-2.8514903e-02	1.2745753e-01	-3.2115355e-01	3.0825368e-01	-3.2152265e-01	2.6634622e-01	3.0911228e-01	1.0732781e-01	-2.0196763e-01	2.4207851e-01	-9.9330202e-02	-3.3944401e-01	-3.2823667e-01	8.1341028e-02	2.5760617e-02	-2.5323126e-01	5.7499610e-02	8.3971523e-02	-3.1945944e-01	2.0122549e-01	6.8317890e-02	-2.9198766e-02	2.2309119e-01	2.9947380e-02	9.7228602e-02	-2.2502752e-01	5.6482315e-02	-1.0568252e-01	1.3260978e-01	-1.9279806e-01	-2.8882053e-01	-3.4557411e-01	7.7831917e-02	-1.6520883e-01	2.5976032e-01	-1.5082285e-01	3.6528211e-02	-1.4380401e-01	1.1859991e-01	-1.1839147e-01	1.1779197e-01	4.2392027e-02	3.2674837e-01	3.3760101e-01	-5.8365103e-02	6.8496831e-02	3.0967274e-01	3.2933873e-01	4.1802801e-02	2.1854174e-01	-1.2149502e-01	3.6899093e-01	3.1368122e-02	-2.7130893e-01	5.8614150e-02	2.5656721e-01	1.2323021e-01	-1.2805599e-01	-1.2807943e-01	-3.4072259e-01	1.8509099e-02	2.2993843e-01	-2.5502232e-01	3.5190371e-01	-8.2955047e-02	1.7600501e-01	-2.5099334e-01	3.3248696e-01	-1.0498873e-01	1.4051741e-01	-1.7229083e-01	-1.7207436e-01	2.3167790e-01	-1.4674132e-01	1.9371371e-01	8.5893027e-02	-2.8092325e-01	2.2301711e-01	2.2724816e-01	2.1184051e-01	1.0594770e-01	1.2886827e-01	6.1245747e-02	-5.9511401e-02	-3.1663242e-01	-6.0779404e-02	1.7821740e-01	3.2363367e-01	-3.4978980e-01	-2.5507241e-01	9.3415380e-02	-1.8528384e-01	-2.9987901e-01	1.4442807e-01	-2.5139862e-01	3.5519987e-01	-3.0900784e-02	8.5323147e-02	-6.0769569e-02	1.1678474e-01	-3.3544801e-02	-2.7169839e-01	1.2272513e-02	-1.1419378e-01	-3.2429799e-01	-1.1929709e-01	-1.2324947e-01	-2.1646789e-01	-3.3653420e-01	7.0923124e-03	2.5142655e-01	6.1716113e-02	2.4162830e-01	5.9789304e-02	-2.4070950e-01	3.0861644e-02	-1.5385629e-01	3.1310442e-01	-2.9237616e-01	2.4301365e-01	-1.7417027e-01	-2.3290329e-01	-2.9476640e-01	3.4244061e-01	-1.8681353e-01	-4.6521321e-02	4.0745932e-01	2.3805994e-01	-4.9677361e-02	1.6099083e-01	-5.0118789e-02	-4.5328517e-03	-5.1359080e-02	-1.3626079e-01	1.9442727e-01	2.4646816e-01	-1.5416248e-02	2.0950101e-01	2.2656921e-01	9.9184491e-02	2.0888914e-01	-1.7077550e-01	1.3829535e-01	1.3066526e-01	-2.3317094e-01	-1.3053422e-01	1.7713740e-01	-2.0193265e-01	-3.0861575e-02	-2.9177147e-01	2.5957465e-01	6.0593802e-02	-2.6029888e-01	2.1631588e-01	7.0551872e-02	3.2991037e-01	4.8838705e-02	-3.3091027e-01	-1.2691226e-02	2.1013260e-01	1.7049460e-01	2.5338933e-01	5.2402779e-03	2.2546135e-01	-2.2184773e-01	-8.1079960e-02	-1.8442178e-02	1.9800617e-01	2.4259679e-01	2.9064515e-01	-2.9791209e-03	3.3483145e-01	-2.3227420e-01	1.0516516e-01	5.9436802e-02	2.7769473e-01	7.8371868e-02	-8.9794859e-02	-1.7286679e-01	2.3364557e-01	1.3983299e-01	7.3128790e-02	2.3696241e-01	1.5526497e-01	-7.3025160e-02	3.5445580e-01	-2.2349876e-01	-1.4463551e-01	3.7010856e-02	2.0542543e-01	-1.5357495e-02	-2.8142227e-02	-2.6022056e-01	-1.4578907e-01	-1.4802582e-02	-1.7960678e-01	1.6314334e-01	2.9793975e-01	3.5124365e-03	6.6997312e-02	-8.5005723e-02	3.2656115e-01	-1.4013715e-01	-1.5017445e-02	-2.9961526e-01	2.8339475e-01	9.8691002e-02	-3.2117948e-01	-3.4687099e-01	1.8578416e-01	2.8064418e-01	-3.3856705e-01	2.3983847e-02	2.0939901e-01	-1.7143287e-01	-2.0275646e-01	3.1360224e-01	3.2491860e-01	-1.9928175e-01	-2.0016391e-02	-2.2093257e-01	3.9428569e-02	1.2057434e-01	-9.1169789e-02	-3.2896638e-01	8.7740444e-02	-2.4061789e-01	9.7004630e-02	1.9715151e-02	2.3821336e-01	1.0740730e-01	1.0245262e-01	2.9259762e-01	-2.4715230e-01	2.8123614e-01	5.8781620e-02	-6.4700618e-02	3.0070230e-02	3.0488471e-02	-5.7622496e-02	2.1580450e-01	3.8224202e-02	7.1273960e-02	1.9501744e-01	6.1543819e-02	2.7822405e-01	-3.0909988e-01	-4.4731494e-02	2.3993367e-01	4.2934783e-02	2.4941559e-01	-5.6453375e-03	-2.5732434e-01	4.3560609e-02	-1.8038011e-01	-1.8439694e-01	1.9676572e-01	2.9898795e-01	3.3067316e-01	-2.9306018e-01	2.5964010e-01	2.3495464e-01	3.0884936e-01	2.2402744e-01	5.4084480e-02	-2.0716205e-01	2.7552792e-01
1.8658629e-01	2.3136507e-01	-7.8111731e-02	-2.0757991e-01	-2.6453313e-01	2.9318175e-01	-3.0203205e-01	6.2910579e-02	1.6983753e-01	1.1148290e-01	-3.5595536e-02	2.3019014e-01	1.6220577e-01	8.8084631e-02	5.6564543e-02	-8.6106971e-02	-8.9789167e-02	-2.6436211e-03	-9.4402201e-02	2.2724070e-01	-1.6499975e-01	2.1871738e-01	-1.2326028e-02	-5.0025623e-02	-2.6525819e-01	-2.3584463e-01	-1.2561698e-02	1.4977860e-01	1.5781571e-01	1.4062613e-03	1.7451680e-01	-4.7570121e-02	-1.2521178e-01	2.1098603e-01	-1.2470745e-01	-2.2209105e-01	-1.4348486e-01	3.8918614e-02	-2.8290072e-01	-1.3033646e-01	-1.6460718e-01	-2.9530630e-01	1.8324803e-01	6.9885880e-02	-1.6947365e-01	2.6753101e-01	-1.0264193e-01	2.8610162e-02	-6.5791912e-02	2.3849589e-01	1.6315868e-01	1.3477813e-01	1.2024079e-01	-7.2524613e-03	1.0733669e-01	2.2850686e-01	1.6612068e-01	-2.4608427e-01	-2.8644317e-01	2.7780700e-01	1.7124130e-01	6.5190218e-02	6.4798631e-02	-8.1810512e-02	1.8761879e-01	4.3942139e-02	-2.6345155e-01	3.7967954e-02	1.5160903e-01	7.6462649e-02	-2.6341325e-01	6.5700509e-02	3.2193285e-01	-2.3518620e-01	-1.0714781e-01	-3.7201781e-02	-1.0367369e-01	-2.1611966e-01	-1.0811746e-01	-2.5513670e-01	1.0298912e-01	-6.8636708e-02	-1.2762250e-01	1.9479266e-01	1.3066980e-01	-2.0268993e-01	-2.2489177e-01	-9.0084653e-03	-2.0801778e-01	-1.4151622e-01	2.6239190e-01	2.4332511e-01	2.0539515e-01	2.9037548e-02	4.8195835e-02	1.0293165e-02	-1.4022507e-01	1.3799068e-01	2.0911609e-01	1.3640879e-01	2.5247836e-01	2.6537383e-01	-2.3941500e-01	-8.9467362e-02	5.9621688e-02	-2.5918505e-01	2.5099406e-01	-2.1960081e-03	-2.1537942e-01	4.5558225e-02	-1.4255765e-01	-2.4894208e-01	5.2734118e-02	1.0412280e-01	2.3846738e-02	1.5125109e-01	-1.1894818e-01	-1.6157222e-01	-3.0201925e-02	4.0273471e-03	-2.2953480e-01	-1.9674163e-01	3.1867865e-02	2.3792434e-01	-2.4972266e-02	-2.0743801e-01	-1.6112065e-01	-7.3688008e-02	-6.9730625e-02	2.1183826e-01	1.8053567e-01	1.5136811e-01	6.8473004e-02	-1.4560726e-01	-3.0889499e-01	-1.4947356e-01	-2.9185742e-01	-3.0092487e-02	1.4375795e-01	-6.8521418e-02	-1.5080808e-01	-3.0635262e-01	-1.5059571e-02	-1.3553292e-01	1.4434791e-02	1.1501438e-02	1.3740854e-01	9.4600454e-02	-2.9865396e-01	1.5162022e-01	-1.6852410e-01	-2.4057113e-01	-2.6736753e-02	-1.0457350e-01	-2.0273617e-02	-4.8288009e-03	-9.8658979e-02	1.7773090e-01	1.6134766e-01	-6.9360897e-02	-1.8935214e-01	2.5856370e-01	-4.3285139e-02	2.1349640e-01	-5.2597146e-02	-4.8344892e-02	-1.5066043e-01	-9.4240315e-02	1.7418222e-01	-1.4627250e-01	3.2032065e-02	1.2688509e-01	1.4886956e-01	-2.3780145e-01	-2.3619750e-01	-5.5206392e-02	-1.6414486e-01	2.4325305e-01	-1.4533493e-01	1.3288873e-01	2.5265327e-01	-2.3298115e-01	-6.0062379e-02	-3.2699164e-02	1.6748872e-01	-1.5897641e-01	-1.9707774e-01	-1.6101604e-02	4.7379985e-04	-8.0379285e-03	-7.3508412e-02	-9.1928534e-02	-9.0823188e-02	-2.4124691e-01	-3.0893207e-01	-2.2864412e-01	2.0921497e-01	1.1315979e-01	7.8887932e-02	-1.5634802e-01	1.2650658e-01	4.7900897e-02	-8.3035074e-02	-3.2116628e-01	1.1695521e-01	2.3107652e-01	1.8136372e-01	-1.3625531e-01	1.2180416e-01	2.6218852e-01	1.3570838e-01	-2.8712630e-01	1.9122940e-01	-3.3344645e-02	7.9451464e-02	1.5163521e-01	8.3374202e-02	5.4425076e-02	2.1684359e-01	2.4011415e-01	-1.2222353e-01	-2.6469573e-01	4.1685157e-02	-2.8501496e-01	2.6672992e-01	5.2261259e-02	-9.9582806e-02	-2.2586861e-01	7.3514627e-03	2.4376911e-01	1.0793200e-01	-1.7241567e-01	-1.6029765e-01	-8.4259368e-02	2.8506950e-01	-7.6615341e-02	-3.2330792e-02	6.7771405e-02	1.5803137e-01	1.3034989e-01	7.7757806e-02	-6.9019720e-02	1.8009149e-01	-3.4141567e-02	2.7953938e-01	-5.7764594e-02	1.7417043e-02	-1.3191296e-01	1.8073218e-01	-1.8691692e-01	1.9414108e-01	-5.8080222e-02	1.3028809e-02	1.2758379e-01	-3.0202684e-01	-7.7534288e-02	1.6999403e-01	1.5287374e-02	-2.2669755e-01	-1.9678902e-02	-2.7646724e-02	1.8765455e-02	1.7022701e-01	1.8511213e-01	-1.4164405e-01	-1.8005461e-01	-1.4074959e-01	6.1668597e-02	2.8859499e-01	-9.3663037e-02	8.5164048e-02	9.0158664e-02	-3.1392655e-01	2.1881059e-01	1.9597465e-01	7.3115960e-02	-5.8219831e-02	-1.0259019e-01	-3.0914178e-01	-1.7681883e-01	-1.2993677e-01	-2.5056842e-01	-1.7680089e-01	2.3550375e-01	-2.6334774e-01	1.7127056e-01	-2.3842701e-01	1.6973530e-01	-2.1847484e-01	7.7021055e-02	-2.7823421e-01	2.3835163e-01	-8.9768492e-02	2.4640763e-01	1.4599438e-01	-4.1566640e-02	2.5639260e-01	-1.7287222e-01	-3.2003868e-01	-2.9228231e-01	6.8385161e-02	-8.0497116e-02	-2.3810293e-01	2.0661169e-01	-2.7204588e-01	-1.8048570e-01	-2.4941272e-01	-2.2223757e-01	9.6424967e-02	-5.6033949e-03	8.2858369e-02	-1.3785909e-01	-2.0350341e-01	1.4334407e-01	-2.3860948e-01	1.0024542e-01	-1.0545615e-01	2.4776554e-01	1.5720454e-01	-2.3893780e-01	2.2027707e-03	2.5435153e-01	2.8271022e-01	-1.0173097e-01	-1.5092666e-01	3.2951817e-02	-7.2640084e-02	1.1579631e-01	-1.9721229e-01	-1.1238841e-01	3.7497211e-02	7.2438687e-02	2.5938049e-01	2.5203246e-01	1.9737233e-01	2.4886082e-01	2.2544122e-01	-2.7272359e-01	8.4401771e-02	-8.3916880e-02	-4.6086211e-02	-1.7438048e-01	-4.4575822e-02	6.5663993e-02	8.4847838e-02	-2.0589843e-01	-3.1607705e-01	-1.8494504e-02	1.9721061e-01	-4.2466182e-02	-2.1459123e-01	-1.0571419e-01	2.5758743e-01	2.4456440e-01	8.5797161e-02	-2.7481115e-01	-2.9299241e-01	1.3325141e-02	-1.0088640e-01	1.0386039e-01	1.5551637e-01	1.9355790e-01	2.0399204e-01	2.4633686e-01	-2.8651806e-02	-1.6371548e-03	-3.8289849e-02	8.1891194e-02	1.0803415e-01	-1.0132749e-01	2.1296198e-02	-2.2447164e-01	2.0174488e-01	7.0332191e-03	-3.0924979e-01	1.7127784e-01	-1.4139399e-01	2.2620182e-01	-1.9579755e-01	2.3595694e-01	-2.3625112e-01	1.3150723e-01	2.0460764e-01	9.4559520e-02	-2.0102365e-01	-5.3487737e-02	-1.5887043e-01	1.3628605e-01	-2.3999974e-01	9.6503109e-02	2.6231807e-02	-2.4299034e-01	-2.9834455e-01	-1.6572951e-01	-2.4360411e-02	1.6879097e-01	-1.7890522e-01	-1.6344295e-01	2.1630250e-01	-8.6833254e-02	-6.2247526e-02	-8.9621067e-02	1.2855409e-01	-7.8077014e-03	1.9105957e-01	1.5157528e-01	-2.6753783e-01	2.0476295e-01	-1.5617423e-01	-1.0525367e-02	-2.5504869e-01	2.5332934e-01	2.5429392e-01	-2.7614710e-01	-1.5661605e-01	-1.0495910e-01	1.2738192e-01	-1.0620205e-01	2.9853368e-01	-4.0212486e-02	8.7049656e-02	-1.4501071e-01	-2.1046868e-01	-3.0922523e-01	1.9535887e-01	1.1115286e-01	3.9589565e-02	1.7885204e-01	3.1109121e-02	-1.9167643e-02	-7.4821696e-02	-2.5031978e-01	4.3126497e-02	1.7150651e-01	-2.3973064e-01	1.0924084e-01	1.5584688e-01	2.9574031e-01	-2.0208339e-01	1.4213549e-01	4.5558079e-03	-2.3916841e-01	6.8017691e-02	6.1000232e-02	2.7019453e-01	-2.0608056e-01	-1.2724207e-01	-1.3473317e-01	1.2530307e-01	1.6742310e-01	-2.0596310e-01	2.2431118e-02	-3.4065655e-01	-1.4366040e-01	-2.7089456e-01	2.4463397e-01	-2.7824053e-01	-2.4507190e-01	-1.4361870e-01	2.5238204e-01	3.0638394e-01	1.8775374e-01	2.7843853e-02	-1.4387433e-01	-2.9262158e-01	-8.8500932e-02	-2.8115585e-01	2.0262976e-01	2.1754475e-01	-1.4285468e-01	-1.7111121e-01	1.9365923e-01	-1.0799259e-01	-3.0279538e-01	1.1750344e-01	-1.6001162e-01	3.6759754e-03	-2.2127788e-01	1.6387613e-01	6.5863900e-02	-1.0120625e-01	4.1006602e-02	-2.6527417e-01	-1.3497102e-01	7.6562539e-02	-1.3013549e-02	3.8065754e-02	-1.6515082e-01	-2.0075886e-01	2.3624814e-01	-2.6531079e-01	-2.1452825e-01	2.8268582e-01	1.0429892e-01	2.9906344e-01	-1.4796928e-01	2.2861925e-01	1.3375016e-01	-2.0191905e-01	-2.8085493e-02	-2.4671781e-01	2.9755065e-01	-2.6629090e-01	2.4328036e-02	2.0415548e-02	-9.9279754e-02	2.9904032e-01	1.4312273e-01	-2.9088876e-01	1.2651174e-01	2.0509450e-01	1.6113985e-01	-8.4345177e-02	1.4614268e-01	1.9945937e-01	-4.9406476e-02	1.5961488e-01	1.0156916e-01	2.2273308e-01	-2.6527932e-01	2.3123626e-01	2.2374680e-02	2.5890726e-01	1.7189924e-02	-4.5925301e-02	-1.5186010e-01	-6.0680777e-02	-3.3108715e-02	1.9494408e-01	-2.7208543e-01	2.3604229e-01	-5.7354890e-02	-2.6821104e-01	-2.5455132e-01	1.8946671e-01	-1.8058525e-01	8.9056112e-02	-2.3803069e-01	1.2320528e-01	-1.8975326e-03	-5.2063309e-02	1.0182095e-01	-2.2328195e-01	-1.1580190e-01	2.4100807e-01	-1.4382647e-01	-6.6580631e-02	6.5846264e-02	2.1409784e-01	-1.2308965e-02	-2.7331886e-01	2.4220230e-02	9.8205425e-02	2.3870450e-01	-6.7856066e-02	-2.0445583e-02	1.4466523e-01	5.3937107e-02	1.9871177e-01	1.3492483e-01	-1.9057415e-01	-2.6090890e-01	1.1755348e-01	1.4231215e-01	-2.0444785e-01	-4.7612976e-02	8.7684030e-03	-1.9869812e-01	3.3834502e-02	2.2235368e-01	-9.3312331e-02	-2.4224050e-01	-2.4090011e-01	-3.4622031e-01	-1.9118010e-01	-2.9111394e-01	2.7150482e-01	1.9242294e-01	9.8730274e-02	-5.5928946e-02	-3.9257884e-02	2.5465602e-02	-1.0850034e-02	-2.9485771e-01	-2.5254616e-01	6.0904953e-03	-6.5820001e-02	-1.2274054e-01	-2.1723425e-02	-2.4468334e-01	7.5711831e-02	-1.9538324e-02	-1.5225847e-01	2.8353196e-01	-3.0364174e-01	2.2882833e-01	-7.4733250e-02	-2.3636343e-01	1.6242205e-01	-9.7958349e-02	-4.7878481e-02	-1.3596347e-01	2.9643962e-01	-3.7821129e-02	-1.6225921e-01	-5.7520226e-02	-2.2836557e-02	2.4963234e-01	-2.2159198e-01	2.3730704e-01	2.9335949e-01	-2.7702546e-02	2.6106983e-01	2.7694798e-01	-2.4729596e-01	9.9523276e-02	-3.4209296e-02	-2.8715590e-01	-3.0079318e-02	-1.9196092e-01	2.2077507e-01	-2.1788917e-01	-1.5959665e-02	-1.2284944e-01	-2.8059667e-01	2.1634255e-02	-1.3452360e-01	-2.9228976e-01	1.3001923e-01	-1.9714393e-01	4.0034845e-02	2.0234044e-01	-2.9010859e-01	2.4124952e-01	-1.4873442e-01	2.4500908e-01	-7.8420796e-02	-2.1107100e-01	1.8780747e-01	-7.5864218e-02	7.6701872e-02	-1.9793938e-01	-1.1829789e-01	-3.0065242e-02	-1.5439948e-01	5.9681490e-02	-3.7212050e-01	-1.5627901e-01	-2.8453597e-01	8.7752700e-02	-5.3721690e-03	2.6955423e-01	5.9369724e-02	-2.7127811e-01	-1.7771421e-01	-1.6278318e-01	1.0512502e-01	1.9821860e-01	-9.3598172e-02	-2.9350758e-01	-2.3091257e-02	2.9475296e-01	-3.4437061e-04	1.1194660e-01	6.8621822e-02	1.0589955e-01	-1.3362034e-01	8.4530093e-02	-2.6725503e-02	-3.5837531e-02	2.0504339e-01	-3.9043810e-02	2.5139084e-01	2.1583812e-01	-1.9715399e-02	-1.3042791e-02	-2.8609604e-01	4.0730890e-02	1.3963412e-01	2.7629104e-01	3.3779483e-02	6.2788501e-02	-2.2251865e-01	3.5803501e-02	-1.6892989e-01	2.0234810e-01	1.2157338e-01	-1.5739308e-01	6.3671760e-02	-1.3544943e-02	2.3956196e-01	-2.1941410e-01	-1.5150295e-02	-8.8669518e-03	-2.5635269e-01	-2.9522839e-01	-2.4687514e-01	2.2532788e-01	1.6255692e-01	-1.8272017e-01	-1.7856845e-01	-2.3498684e-01	-1.1051507e-01	2.5160715e-01	4.2975685e-03	-2.6413703e-01	1.5264863e-01	3.7405677e-02	4.3499228e-02	2.1382482e-01	-1.9128449e-01	2.0488878e-01	-4.1362490e-03	-1.1242406e-01	3.9773084e-02	-3.3994820e-02	2.5679832e-03	9.4553865e-02	1.6754562e-01	1.5456343e-01	1.7849788e-01	1.0959847e-01	-1.1178242e-01	2.3946497e-01	-1.9745347e-01	2.2325787e-01	-1.4988391e-01	1.8934302e-02	-2.9815248e-01	-1.0900441e-01	4.6627358e-02	-5.2729975e-02	-5.1279709e-02	2.5334543e-01	-2.2250953e-01	-2.8046304e-01	2.3055016e-01	-1.0668351e-01	2.2788352e-01	-1.5766151e-01	-1.4119352e-01	-2.6256281e-01	9.5811002e-02	1.3988158e-02	-2.6003969e-01	-2.0778447e-01	1.0196677e-01	-2.7510366e-01	-2.0033485e-01	5.9923630e-02	4.7402941e-02	7.2101608e-02	2.2752556e-01	1.8119089e-01	2.9802126e-01	-1.6707365e-01	1.4864953e-01	-1.8377119e-01	-1.2034211e-01	-1.7654850e-01	-1.5774892e-01	2.3538247e-01	-2.1823692e-01	-1.2229563e-02	-1.3102743e-01	1.2961121e-01	9.1953715e-03	-2.4408935e-01	-1.6565460e-01	4.0793523e-02	9.8913856e-02	1.5939696e-01	2.1329436e-01	-2.2885217e-01	-9.4624780e-02	-3.6776833e-02	-1.3200143e-01	-4.1113056e-02	9.4973981e-02	-7.1933642e-02	1.8635085e-01	4.6226904e-02	1.7179641e-01	-1.3420698e-01	-1.9999997e-01	-2.0186281e-01	1.5961496e-03	1.1814284e-01	6.9182314e-02	1.4981246e-01	2.4871702e-01	-2.0719722e-01	-1.7954175e-01	2.7753133e-01	2.4094100e-01	-1.6537018e-01	-2.0384640e-01	8.3776534e-02	-4.6169855e-02	-2.4381103e-01	-2.9054341e-01	1.5014805e-01	-1.5455811e-01	3.8781911e-02	4.7710199e-02	1.8813753e-01	-2.5593534e-01	9.6238069e-02	-1.8751313e-01	3.6667690e-02	-3.0676684e-01	2.2923650e-02	5.5187881e-02	2.8342530e-01	-1.9978672e-01	6.8712123e-02	-3.1539875e-01	3.5703816e-02	-5.3213753e-02	1.3213237e-01	2.2691567e-01	2.4698696e-01	1.6075598e-01	-2.1876329e-01	1.3437919e-01	-1.3381070e-01	2.8497070e-02	1.5383850e-01	1.6337918e-01	-8.2595289e-02	-3.6860211e-03	-2.5331873e-01	2.1766892e-01	2.5112456e-01	-1.8968703e-02	-6.8309858e-02	1.6688862e-01	-2.9483569e-01	-2.9710722e-01	-5.6772619e-02	2.5348842e-01	-1.2574768e-01	1.0383917e-01	-5.3903058e-02	-2.0581613e-01	2.5807083e-01	-1.7432995e-01	2.2592948e-01	-2.5158015e-01	-2.1322806e-01	-9.7795010e-02	-2.0209295e-01	-2.6378781e-01	-2.0573626e-01	2.3383051e-01	1.5043591e-01	-9.4916329e-02	1.4992587e-01	2.8472969e-01	-1.0633048e-01	1.1935207e-01	2.4959034e-01	1.7900677e-01	-3.2187071e-01	-2.0511919e-01	7.8687973e-02	-1.9587332e-01	-2.2929497e-01	1.3102816e-01	1.4014793e-02	1.3838956e-01	1.3656956e-01	7.5481564e-02	-9.9231437e-02	-1.4206680e-02	7.6638691e-02	2.5738645e-01	3.9567284e-02	1.8831831e-01	-2.0359415e-01	1.9076851e-01	7.5709857e-02	-2.0934586e-01	1.7881274e-02	2.0741558e-01	2.0681301e-01	-2.6688379e-01	1.1457731e-01	-1.4906245e-01	-1.9586182e-01	-2.4947262e-01	1.9143294e-01	-3.7739821e-02	-1.2525903e-01	-5.5185582e-02	-9.9775456e-02	-1.1891710e-01	2.3112144e-01	-2.6449659e-01	-1.7878082e-01	1.2295520e-01	-9.2939347e-02	-2.3520899e-01	2.3801295e-01	1.5994586e-01	-1.5233828e-01	2.5775492e-01	1.6853966e-01	-1.1469826e-01	3.0632684e-01	-2.2972786e-01	2.5878581e-01	2.7463320e-01	-1.1780169e-02	-1.1119197e-01	-1.5901808e-01	-7.7111483e-02	2.0308892e-01	-1.2008940e-01	7.1767993e-02	-1.9340742e-01	-2.1378912e-01	-2.4447277e-01	3.7278000e-02	-1.6361077e-01	9.0509221e-02	-1.1502659e-01	-4.1834004e-02	1.3794445e-01	-2.0499228e-01	1.7253216e-01	7.3445239e-03	-4.8572436e-02	-1.9190566e-01	-2.8427321e-01	-9.7769722e-03	-8.3698981e-02	-1.2555049e-01	2.0232783e-01	5.9482241e-03	-2.1175453e-01	1.1349048e-02	1.6774923e-01	1.0207348e-01	-1.7860027e-01	-2.2608452e-01	-3.8200691e-02	1.3658647e-01	2.5402689e-01	-2.2598675e-01	1.9023326e-01	-1.8950096e-01	-6.6549815e-02	-6.9833063e-02	1.9095540e-02	-2.4614975e-01	-2.7585268e-01	-4.8880804e-02	-1.2938885e-01	2.6895264e-01	6.7308761e-02	-7.4174501e-02	1.3158111e-01	-2.5864708e-01	-6.9124633e-03	-1.5800191e-01	-2.1498114e-01	8.4609903e-02	-3.7630118e-02	-1.7297252e-01	1.9406590e-01	-2.0101234e-01	1.7586963e-01	1.1773500e-01	-4.8609063e-02	1.8240022e-02	2.1860164e-01	-1.7478931e-01	3.9308362e-02	-3.1710768e-01	2.7398807e-01	1.6407229e-01	-1.7491852e-01	1.3632032e-01	-6.5237999e-02	-2.2584054e-01	1.8024701e-01	-2.9529610e-01	-2.9055449e-01	9.8811500e-03	-4.8559491e-02	1.6413316e-01	1.4526486e-01	-1.3834806e-01	1.9892128e-01	1.0348022e-01	4.2234544e-02	-1.7316699e-01	-2.7284959e-01	-3.1710505e-01	1.0279632e-01	-8.9246355e-02	1.1066221e-01	4.9045313e-02	1.7928001e-01	-2.9461819e-01	-3.0745840e-01	2.7321026e-01	1.0777944e-01	-3.0261856e-01	9.6224450e-02	2.4453837e-01	-9.4748273e-02	-1.8992288e-01	2.7219737e-01	2.0113682e-02	-2.8316377e-02	1.6854653e-01	-1.4426415e-01	1.5550347e-01	2.6140273e-01	5.3290442e-02	-2.7680127e-02	-2.7608043e-01
2.9611298e-01	-8.7755002e-02	-3.6953293e-02	-2.9007319e-01	1.8811796e-02	1.9124418e-01	-2.2085293e-01	-5.8565814e-02	6.3980237e-02	1.1486851e-01	-1.3629092e-01	-1.8657902e-01	2.8037569e-01	-2.8203750e-01	-2.6021853e-02	-2.8232267e-01	-7.8477800e-02	1.2829174e-01	8.5723400e-02	3.3129636e-02	-8.3591633e-02	-4.3269277e-02	1.7562373e-01	-1.6731338e-01	-1.8657315e-01	2.7548015e-01	1.1606140e-01	6.7969345e-02	1.3722768e-01	-1.8917458e-01	-6.9476895e-02	1.5969910e-02	8.5644051e-02	1.0057793e-01	-1.8489112e-01	-1.2567317e-01	-2.5192469e-01	-2.1582060e-01	5.3351849e-02	1.3768965e-01	-1.6017768e-01	-1.0575756e-01	2.0424131e-02	2.4233846e-01	-1.4575343e-01	1.5676408e-01	-4.3591488e-02	-1.5241766e-01	8.8280596e-02	-1.4922903e-01	-1.2745877e-01	-7.4461572e-02	-2.1989420e-01	-2.3176642e-01	-7.5758904e-02	2.8049629e-02	1.1108436e-02	3.9024450e-02	-2.6220100e-02	2.7924576e-01	3.0971003e-01	-2.8786537e-01	1.7393208e-01	-2.8047603e-01	-5.5668890e-02	-8.6457856e-02	-2.5494179e-01	2.7378705e-01	3.2353412e-02	-1.2633455e-01	-2.4850228e-01	2.0424400e-01	1.9267845e-01	8.3347648e-02	8.2719587e-02	2.5684988e-01	-2.6769352e-01	-1.1166982e-01	2.6596239e-01	-8.4743655e-04	9.3933478e-02	2.5160977e-01	6.3238949e-02	-8.8549696e-02	2.1474493e-01	-3.0655342e-01	1.9339465e-01	-1.0263749e-01	-1.0653982e-01	-3.0587122e-02	1.7307013e-01	9.1110818e-02	4.8537187e-02	1.8687794e-01	-4.0489961e-03	2.0767064e-01	-1.3637141e-02	-2.8561980e-01	-2.7173537e-01	-2.4897437e-01	7.0648529e-02	2.1454511e-02	1.1355642e-01	1.5441042e-01	-1.7332409e-01	2.6396051e-01	-9.6928358e-02	2.1357894e-01	-1.3371049e-01	1.4107734e-01	2.2851852e-01	1.8535908e-01	-2.4925090e-02	-1.8781446e-01	1.3433759e-01	-1.3845378e-01	-1.5703717e-01	1.2284732e-02	2.4027164e-01	1.7932914e-01	1.9469766e-01	1.3262095e-01	2.5349799e-01	-1.1381648e-01	9.7572088e-02	-2.3402493e-01	-2.0120841e-01	-2.0286939e-01	1.2021152e-01	-2.2353843e-01	-2.0582087e-01	-5.3225424e-02	2.8673252e-01	2.3399486e-01	1.2924977e-01	-1.6161527e-04	-2.5858507e-01	1.7251308e-01	-2.7286315e-01	-1.5745926e-01	-5.3447872e-02	2.3299819e-01	-2.2129074e-01	2.4152866e-01	-7.6855853e-02	2.9885095e-02	2.1915603e-01	1.3338567e-01	4.3293074e-02	1.4359353e-01	8.6273909e-02	-2.4325091e-01	-1.0414121e-01	-2.6095584e-01	-1.2539676e-01	1.7175400e-01	-1.0639883e-01	1.2189481e-01	1.7421092e-01	-2.8340769e-01	1.9904815e-01	1.0173407e-01	-1.8747026e-01	2.1286201e-02	1.4536987e-01	-6.1219264e-02	-2.2969322e-01	-1.5784386e-01	-2.3487341e-03	-8.4995754e-02	-2.4814180e-01	-5.5692844e-02	2.9219395e-01	1.9792701e-01	-1.1107544e-01	-2.7668554e-01	-1.3254584e-01	-1.3405341e-01	1.3448702e-01	-1.1548363e-01	2.0150444e-01	1.4393027e-01	2.9759672e-01	1.1354654e-01	-2.6372564e-01	-1.2840904e-01	-2.2075248e-01	-3.7445512e-02	-2.1406546e-01	1.1837418e-01	2.3746192e-01	5.9987963e-03	2.1608280e-01	2.6907915e-01	-1.7149310e-01	2.1309936e-01	4.0939864e-02	2.6601028e-01	-1.6565707e-01	-5.5148751e-03	-2.0401217e-01	-3.5609584e-02	1.3166055e-01	2.2110881e-01	-1.1230498e-01	7.2252281e-02	-2.5356439e-01	1.4891565e-01	2.9699665e-01	2.0747823e-01	-1.0988452e-01	-2.1850671e-01	1.5737000e-01	-2.0216021e-01	2.4561132e-01	4.5141701e-02	8.2221955e-02	-6.9640666e-02	2.4545217e-01	-2.3931009e-01	1.8488026e-01	2.8454837e-01	-4.9780756e-02	-1.2975250e-02	3.0624047e-01	9.5943592e-02	1.6761440e-01	4.5356985e-02	4.9337287e-02	-1.6611920e-01	-1.6701327e-01	-3.2374054e-01	-5.4560248e-02	-3.9450586e-02	-1.2823585e-01	2.9005569e-01	2.3566444e-01	-7.2674237e-02	1.8679582e-01	-2.7978233e-01	4.1992467e-02	-2.9225814e-01	-2.1496066e-01	1.4633834e-01	2.5535345e-01	2.3396471e-01	-2.8097317e-01	1.6553751e-01	1.2208108e-01	2.2517142e-01	-2.1593729e-01	-2.9743712e-03	2.4619389e-01	1.7511013e-01	-2.1660593e-01	1.5858875e-01	6.3292123e-02	2.1528228e-01	1.4046659e-01	1.5065512e-03	1.1598097e-01	-1.2077210e-01	2.2103076e-01	1.8962309e-01	-1.0294230e-01	-1.7820829e-01	1.3462093e-01	1.8657477e-01	7.7432096e-02	1.4938380e-01	-1.8718351e-01	2.4817057e-02	-1.7942828e-01	-9.3232512e-02	-2.8723204e-01	-1.4016008e-01	-8.0397457e-02	1.4553674e-01	-2.2761296e-01	-2.4493670e-02	-3.2618418e-01	-2.0747671e-01	1.3270794e-01	-2.9349226e-01	3.9613150e-02	-1.3645075e-01	-1.5694565e-01	9.8716184e-02	6.6254556e-02	-2.6302135e-01	1.1518443e-01	-1.8455958e-01	-1.6470851e-01	-1.7775831e-01	-5.9947621e-02	1.2314802e-01	-2.0886913e-01	2.3819271e-01	1.0893108e-01	1.4552546e-01	2.8875631e-01	-2.2959304e-01	-1.2483426e-01	-2.9426664e-01	-8.9403808e-02	-1.7745465e-01	-1.3289022e-01	-2.3034211e-01	-2.2031523e-01	-1.5550393e-01	-1.0182068e-01	-1.8818705e-01	4.1849345e-02	-2.8094333e-01	-3.0426183e-01	-1.6046725e-01	-8.1113249e-02	-8.5959822e-02	3.3995775e-03	7.0114769e-03	8.7909646e-02	1.7412439e-01	-2.5154245e-01	-1.7626831e-01	-9.8078229e-02	9.9519752e-02	2.9928577e-01	-2.1863782e-01	2.4439590e-01	1.0711831e-01	-3.9951829e-03	-1.8593232e-01	-1.9684972e-01	1.4308535e-01	2.6050568e-01	2.9220971e-01	-2.4350543e-01	-2.7719447e-02	2.4234560e-01	3.3468660e-02	-7.4877053e-02	-2.3190530e-02	2.3412656e-02	-2.2860008e-01	-7.3259063e-02	-1.6860524e-01	1.9877309e-01	-6.5698088e-03	-8.1225298e-02	1.5564841e-01	-1.1625927e-01	-2.8035933e-01	-2.5162256e-01	9.8964125e-02	-1.3919266e-01	-2.5258586e-01	1.8349172e-01	-3.5038374e-02	1.2835696e-01	-5.1783364e-02	1.0316064e-01	-1.1804605e-01	9.4730323e-03	-2.6801708e-01	1.1079416e-01	2.5202934e-02	-2.6413599e-01	-7.4224174e-03	1.9301669e-01	1.2983246e-01	-2.6839805e-01	1.2373863e-01	-1.0919193e-01	-2.0285834e-01	2.5052327e-01	2.9834062e-01	1.3357331e-01	5.4972671e-02	-1.4154993e-01	1.2137706e-01	-1.9907451e-01	-6.5422013e-02	-5.8662493e-02	-3.7770201e-02	1.8612705e-01	1.1949430e-01	2.5242123e-01	-1.1846175e-01	1.1704267e-01	2.2557102e-01	-2.6742172e-01	-1.1737844e-01	-3.0856597e-01	-2.9947478e-02	-2.7773371e-01	-3.7469789e-02	-4.0611806e-03	-1.5416199e-01	1.6496918e-01	2.9526246e-01	5.4492783e-02	1.0001854e-01	2.4326771e-01	-5.9040997e-02	-1.9639863e-03	-2.6336864e-02	-2.0193131e-01	2.1889490e-01	-3.2207584e-01	1.8149082e-01	1.5437669e-01	1.5501180e-01	1.7890829e-01	1.6254559e-01	1.6520047e-01	2.8477415e-01	4.4893581e-02	5.7907905e-02	-3.1338385e-01	8.4593380e-03	2.1493660e-01	-8.2987264e-02	-2.8170913e-01	-1.6294797e-01	-2.4325214e-01	-9.3555050e-03	-5.9695933e-02	3.3920471e-02	1.8732323e-01	6.5261319e-02	-1.2471944e-01	-7.4478596e-02	-2.7513438e-01	-1.8460168e-01	-1.0774897e-01	2.6857359e-03	-5.9085563e-02	-5.4860119e-02	1.9837308e-01	-2.8284487e-01	1.9918489e-01	-2.4571456e-01	-2.5160149e-01	2.4238516e-01	-2.8760424e-01	1.7345770e-01	-1.8892704e-01	4.1101266e-02	-2.8200924e-01	2.2157219e-01	-2.6120713e-01	-1.9959886e-01	-2.0868149e-01	-1.8442624e-03	2.3048799e-01	1.4534858e-01	-6.8431035e-02	-1.1034936e-01	6.6170529e-02	2.5495878e-01	-6.7496002e-02	1.3256938e-02	1.4788659e-03	-1.4497331e-01	1.0534759e-01	-1.4992051e-01	-1.2830569e-02	2.3632351e-01	-5.5473261e-02	1.9928312e-01	9.9970862e-02	-2.2910300e-01	1.2103684e-01	2.7786596e-02	6.3914149e-03	1.7102429e-01	-1.0854955e-01	-1.0605854e-01	-9.1271132e-02	1.4139143e-01	6.4289108e-02	-6.5888517e-02	2.3144795e-01	2.6589885e-01	-4.3444913e-02	-4.5150794e-02	-1.8748751e-01	2.1486393e-01	-5.8994561e-02	-2.8328937e-01	1.3745277e-01	-3.1194055e-01	-2.7054450e-01	-1.4533722e-01	-1.1467416e-02	-2.1542391e-01	-3.2206953e-01	-4.6396352e-02	-1.1046832e-02	-3.4028972e-03	3.5791129e-02	1.1851671e-01	7.0900187e-02	1.2130971e-01	1.1805679e-01	1.7024843e-01	-1.3184822e-01	7.3312923e-02	-3.2432735e-01	-8.4339872e-02	2.7333194e-01	-2.5703916e-01	2.2629681e-01	5.5527747e-02	3.5518344e-02	2.0897560e-02	-1.6361003e-01	-1.1654900e-02	-2.4244879e-01	1.9936168e-01	7.0585748e-03	2.4005179e-01	1.1519223e-01	1.8453552e-01	1.3420549e-01	-3.4046918e-01	1.0475448e-01	-8.7581086e-04	1.8927032e-01	-5.0778050e-02	-1.1022817e-01	-2.8995740e-01	-1.6285330e-01	8.5533522e-02	2.9510969e-01	5.7541383e-03	-1.9223294e-01	-3.5504267e-02	4.2707276e-02	-1.2137584e-01	-2.4539809e-01	7.5082704e-02	-1.0252698e-01	8.7325707e-02	1.0352539e-01	-3.0426398e-01	9.2241876e-02	-2.7889687e-01	6.7605793e-02	-1.4969912e-01	1.9869876e-01	-1.4919894e-02	-2.0343436e-02	-2.9192802e-01	2.7373999e-01	-2.9103875e-01	1.2354443e-01	2.1452092e-01	-8.3102975e-03	9.5022671e-02	1.8493892e-01	1.6663268e-01	3.9318621e-02	-1.1096199e-01	9.9725276e-02	-1.6037507e-01	-1.4444482e-01	2.7078345e-01	2.7515146e-01	2.7042523e-01	-2.8180292e-01	-2.6598498e-01	3.2041471e-02	-8.3927557e-02	6.3088690e-03	-1.5300313e-01	-1.2879601e-01	1.0163068e-01	-2.1067545e-01	2.0324245e-01	-2.0964931e-01	-1.1022803e-01	-2.0195906e-01	-2.0136042e-01	1.8821427e-01	-8.8127747e-02	-1.3508976e-01	-4.4396795e-02	-5.1572099e-02	1.0209896e-01	8.4283762e-03	1.8534735e-01	1.0764474e-02	-1.7140695e-01	1.2853913e-01	6.7153327e-02	-1.4641926e-01	2.1303089e-01	2.6717541e-01	8.7931506e-02	1.1288434e-01	2.5017023e-01	1.9714470e-01	-2.4980643e-01	-1.2484749e-01	-6.3553378e-02	-1.9131798e-01	1.5144801e-01	-2.4882792e-01	5.6981646e-02	-2.4201708e-01	2.4721669e-01	-2.3971973e-03	2.4603646e-02	3.4916028e-02	-1.7731360e-01	1.4913207e-01	-2.6456377e-01	-1.5880822e-01	-1.6494220e-02	2.2487466e-01	1.4103837e-01	2.4213886e-01	-2.6302999e-01	2.4021365e-01	-1.3209718e-01	-2.6021832e-01	-2.6189652e-01	2.0319001e-01	8.3916903e-02	-9.9126257e-02	1.2194672e-01	9.8290890e-02	-2.6613003e-01	4.7606617e-02	-2.8695774e-01	2.3189339e-01	1.6646025e-01	-8.6655997e-02	-1.6642222e-01	-3.8604222e-02	-1.7001636e-01	-8.3380684e-02	-1.2161410e-02	1.2774721e-01	1.3916773e-01	1.3987540e-01	-2.2773615e-01	-1.2801687e-02	7.1568169e-02	-2.1176064e-01	1.6461480e-01	-4.3291327e-02	1.1717284e-01	1.7754894e-01	1.3163663e-01	-1.1418198e-01	-2.0616889e-01	-7.8186378e-02	1.1292470e-01	-8.7377451e-02	-1.3128600e-01	7.8675434e-02	2.0827381e-01	-2.8130308e-01	8.6815901e-02	-3.7246969e-02	1.5087938e-02	-1.9254898e-01	-1.1643365e-01	2.9720491e-01	-1.4682856e-01	-1.0260585e-01	2.2006080e-01	2.8280863e-01	-5.0271831e-02	-2.4023777e-01	2.3957387e-01	2.5079081e-02	8.7552436e-02	-2.5595051e-01	-8.2738891e-02	1.1030973e-01	-2.0420706e-01	8.4460624e-02	-7.0055105e-02	-2.6032385e-01	9.7548231e-02	9.0664014e-02	1.8774638e-01	1.9275150e-01	1.8065210e-01	-2.5939104e-01	2.3227231e-01	1.4197379e-01	1.1947943e-01	2.3497820e-01	1.6249725e-01	-7.4728794e-02	-1.8353345e-01	2.3108837e-01	1.8334499e-01	1.7244624e-01	-2.9607379e-01	2.9014239e-01	-1.9476549e-01	-1.5445936e-01	-6.4193256e-02	1.6304956e-01	-4.3129195e-03	1.4399940e-01	2.2526209e-01	7.5409241e-02	-1.7947288e-01	-1.6731973e-01	-1.3806443e-01	2.3738714e-01	-2.1880499e-01	-7.2361708e-02	-2.8792685e-01	5.3202897e-02	-1.9081749e-01	-2.5681525e-01	-2.6319110e-01	-3.7168220e-02	-5.5103399e-02	-1.4958844e-01	2.7992082e-01	9.6030839e-02	2.6905069e-01	-1.3888597e-01	2.9657498e-01	2.1688205e-01	5.3532917e-02	2.5013423e-01	1.1501504e-01	-1.4296581e-01	-3.7172955e-02	-1.6376850e-01	1.1263970e-01	1.6955976e-01	2.7912495e-01	5.8124430e-02	-2.7747041e-01	1.9807522e-01	2.0763490e-01	1.8105397e-02	-8.5001841e-02	-2.2803061e-01	-2.0468456e-01	2.4149439e-01	2.7618277e-01	-2.1782552e-01	-2.3178653e-01	-2.1537243e-01	-1.5748964e-01	1.6378650e-02	-3.0922025e-01	-2.9033700e-02	-5.0806224e-02	-7.3780984e-02	-2.2567537e-01	-7.1900509e-02	1.4704417e-01	3.6489204e-02	-1.9590774e-01	2.3271666e-01	-3.4028482e-02	-1.0186105e-01	3.0639988e-01	1.5539670e-01	1.1261437e-01	-1.1346132e-01	-1.5231243e-02	1.9717856e-01	-2.6513809e-01	1.6578726e-01	7.9230301e-02	1.5334552e-03	-9.5115826e-02	-1.4974301e-01	5.9692703e-02	2.1699148e-01	1.8381612e-01	1.1871316e-01	-2.9808646e-01	-1.8105939e-01	-1.2779114e-01	-6.9807507e-02	-2.7349237e-01	1.2117437e-01	-2.8857017e-01	-1.5152699e-01	-5.0537508e-02	2.3951209e-01	-1.5458773e-01	3.9765332e-02	2.9561228e-01	9.0535894e-02	1.7068377e-01	-1.9583428e-01	-4.2719107e-02	1.2455323e-01	2.5724906e-01	-2.3754494e-01	-2.5056189e-01	-8.9074425e-02	1.6233508e-01	-2.6140351e-02	-4.9960203e-02	5.8739721e-03	2.3437302e-01	-2.1925284e-02	2.2268701e-01	1.5448678e-01	2.6411511e-02	-4.0214494e-02	2.4445074e-02	2.8208824e-02	1.1111066e-01	-2.2846185e-01	2.6894033e-01	-2.2833972e-01	-3.7895910e-02	7.0329458e-02	1.7832357e-02	2.1261071e-01	-1.2404656e-01	2.1929762e-01	-2.7590898e-01	4.0804882e-02	-2.9921241e-02	-2.4515899e-01	-1.0993158e-01	1.7032528e-01	1.9709286e-01	-1.3709661e-01	1.6686607e-03	2.6648870e-01	2.8928773e-02	-9.6067645e-02	8.1836559e-02	-2.6527557e-01	3.0667001e-01	7.9242773e-02	3.4919992e-01	-3.7520662e-02	-5.5649757e-02	2.6851881e-01	-2.5086331e-01	-3.0129597e-01	-5.9182771e-02	-1.1470997e-01	2.0020613e-01	-2.2140649e-01	-7.1623452e-02	3.1061900e-01	1.7278668e-01	3.5676759e-01	-9.1093704e-02	-2.7649401e-02	2.4261517e-02	2.2699609e-01	-2.7205381e-01	-9.3208008e-02	-1.0823107e-01	-2.9175571e-01	-1.3388406e-01	1.9505291e-01	-1.7249401e-01	-9.9867731e-02	-5.4941010e-02	8.3012320e-02	-2.5174952e-01	1.1978526e-02	-1.8183401e-01	-1.9164854e-01	7.2272465e-02	2.2772696e-02	-4.5940381e-02	-1.3689734e-01	-1.7142687e-02	-3.7098013e-02	-3.7226193e-02	-4.8403926e-03	-2.6291233e-02	1.8014672e-01	1.2963292e-01	1.8701474e-01	-2.3586349e-01	2.1747115e-01	-2.2551766e-01	2.6795930e-01	-2.2571248e-01	-2.7068302e-01	1.7240012e-01	9.8337747e-02	2.8146091e-01	-2.0360397e-02	-2.9463434e-01	-6.1816078e-02	1.8901287e-01	7.7650815e-02	-3.4615215e-02	-4.3134116e-02	-1.9700828e-01	5.3662702e-02	1.0260225e-01	1.7709042e-01	1.1875221e-01	-2.4182226e-01	-6.9491543e-02	3.5915032e-02	-2.8546801e-01	1.4618480e-01	7.2691612e-02	-2.9681107e-01	-1.3559821e-01	7.1010515e-02	-2.7806771e-01	-1.3299629e-01	-1.7073339e-01	2.6932442e-01	-6.4840995e-02	-1.1216643e-01	5.4358855e-02	1.4078942e-01	1.7668702e-01	7.1344115e-02	-2.7041042e-01	1.3723314e-01	5.8479905e-02	-6.8104982e-02	-1.7314449e-01	-1.9036273e-02	-1.9021308e-01	1.1867534e-01	-6.9061048e-02	-1.8609323e-01	-7.8644320e-02	2.5933793e-01	-2.4954639e-01	3.1064820e-01	2.3725843e-01	-5.7942938e-02	9.3578078e-02	4.8185725e-02	1.2371017e-01	-1.1819731e-01	-2.7691013e-01	-1.4581844e-01	1.7608961e-01	-6.0298350e-02	-1.5600003e-01	-1.9828965e-01	3.1348398e-01	2.1554980e-01	-2.6253718e-01	1.9438240e-01	-3.0359888e-02	-1.6908540e-01	4.8157487e-02	-2.3862666e-01	-3.3007860e-01	-1.6771702e-01	1.8094985e-01	-2.3007180e-01	1.9171636e-01	1.0033456e-01	-1.2712182e-01	9.5570266e-02	1.8876334e-01	-3.6240824e-02	1.7558384e-01	-8.4102742e-02	2.5711600e-02	-1.2598448e-02	6.6454336e-02	2.7687675e-01	-4.4038486e-02	2.3340901e-02	2.2145747e-01	1.3496558e-01	-2.1531691e-01	-2.6470673e-01	2.5134331e-01	-4.5960125e-02	-2.6594222e-02	-5.0493341e-02	7.2640285e-02	4.8386812e-02	1.2453987e-02	5.1488601e-02	1.8303275e-01	-2.7770045e-01	2.3187506e-01	1.2019587e-01	4.5760848e-02	2.2136869e-01	1.9598474e-01	6.0487609e-02	9.0823084e-02	3.4808539e-02	2.3610242e-01	-2.7228358e-01	2.7295378e-01	-3.4258004e-02	-2.0092732e-01	-2.0143056e-01	1.9235194e-01	-1.0154569e-02	-1.6841955e-01	1.8124850e-01	-1.1288660e-01	-3.8968258e-02	7.9987928e-02	-1.9376670e-01	-5.6954794e-02	-1.2705161e-01	2.6235843e-01	-2.8541827e-01	-2.5748911e-03	1.6743080e-01	-9.4866775e-02
-3.7237570e-01	1.6675690e-02	2.9758972e-01	3.0113739e-01	-2.1294925e-01	-4.4989386e-03	-2.3117870e-01	1.8290289e-02	3.4046996e-01	-9.9310324e-02	4.6469986e-02	2.7132475e-01	1.1664370e-01	1.8602653e-01	-1.0232123e-01	2.9629784e-02	-1.9854112e-02	3.8847899e-01	2.3106717e-01	-9.8105200e-02	4.3585757e-03	2.1346287e-01	-9.7291701e-02	1.7518152e-01	-9.2589214e-02	-3.1194153e-01	1.1716392e-01	3.2086718e-01	-1.9773955e-02	-1.7011029e-01	5.8914866e-02	1.3755436e-01
