9
input	13
dense	32
relu	0
dense	32
relu	0
dense	32
relu	0
dense	1
linear	0
7.999999979801942e-06
-3.7656371e-02	-1.1900943e-02	-2.1258855e-02	-3.4241889e-02	-3.3787221e-02	-1.8359937e-02	-3.7513554e-02	-4.7886133e-02	-1.8531866e-03	-4.3815628e-02	-3.3724990e-02	-5.1897871e-03	-5.2693978e-02	-2.0920453e-03	-5.4419395e-02	-2.9994970e-02	-3.3658274e-02	4.1209823e-03	-4.7814376e-03	-2.8380442e-02	9.0818276e-04	-5.3125720e-02	-6.5608859e-02	-6.9150239e-02	1.0202996e-02	-1.8873893e-02	-3.4669582e-02	-8.0277147e-03	2.9900998e-03	-2.9948799e-02	-1.4706291e-02	-3.6017343e-02
2.9183405e-03	-2.0980077e-02	-2.1312134e-02	-3.0094625e-03	-9.3776938e-03	-8.9485859e-03	-1.7804300e-02	-4.7359966e-02	-4.2699248e-02	-3.4276318e-02	-3.2056940e-03	-1.4834552e-02	-1.9440042e-02	1.6178414e-02	-6.7765582e-03	-2.9202884e-02	-9.0400940e-03	-1.7718207e-02	-4.0302398e-03	-1.1067538e-04	-1.9548254e-02	-1.5007090e-03	-8.1168450e-03	-2.1239040e-02	-2.5538199e-02	-1.6187012e-02	0.0000000e+00	-1.4097770e-02	-3.2709125e-02	5.4807719e-03	-9.7777583e-03	-1.0110537e-02
3.6682859e-03	1.2400367e-03	6.3390266e-03	5.0655114e-03	-4.0579401e-02	-1.8135659e-02	-2.8655380e-02	-1.3616954e-02	-1.3708450e-02	-9.3390793e-03	-6.5832101e-03	-2.8356886e-03	-1.3062890e-02	-2.4599666e-03	-2.9309107e-02	-1.0806227e-02	-1.2002243e-02	-8.3187344e-03	-7.7084396e-03	2.1935496e-02	-2.4010975e-02	-9.2578549e-03	-1.7036660e-02	-8.3739776e-03	-6.3532651e-03	-2.2649268e-02	2.9182145e-03	-1.6726805e-02	9.0014197e-05	-1.4286029e-02	1.7260840e-02	-1.9111184e-02
2.0193455e-03
1.3072607e-01	2.5007173e-01	1.4574057e-01	-1.3267294e-01	1.7481492e-01	-7.7919014e-02	2.4727035e-01	-1.0938207e-01	-1.2385496e-01	2.4013432e-02	-1.1192483e-02	-2.4552988e-01	-1.4755093e-02	-3.0294895e-01	1.5572304e-01	1.6248345e-02	1.9584787e-01	-1.4326078e-01	-1.4138525e-02	1.4749075e-01	1.2348720e-01	-2.0311607e-01	2.2041506e-01	-6.9705866e-02	-1.4441374e-01	-1.9376667e-01	3.1240359e-01	-3.2199734e-01	-3.5932776e-01	-9.6808091e-02	-6.5241583e-02	-5.4710224e-02	1.0012523e-01	1.8218152e-01	6.1140370e-02	2.1567315e-01	1.0908432e-02	-1.8733440e-01	1.7794074e-01	1.7158628e-01	-4.2784657e-02	-1.7988196e-02	-3.1761017e-01	-1.9049668e-01	1.8618526e-01	2.0225990e-01	-2.4867064e-01	-1.6318308e-01	2.9018620e-01	3.3515200e-01	-3.3394551e-01	2.4248149e-01	-3.4633970e-01	8.6896904e-02	-1.9183844e-01	-2.9708579e-01	-7.7761561e-02	-5.2696530e-02	-1.0331447e-01	3.4059963e-01	2.8562525e-01	1.2116859e-01	-2.0281692e-01	-2.7579790e-01	1.6029526e-01	3.0600706e-02	-3.4431353e-02	3.0856086e-03	9.0304427e-02	-2.1013655e-01	-2.5520456e-01	-2.7525946e-01	9.2674360e-02	-1.5913549e-01	-2.0772706e-01	2.1020550e-01	-1.0737851e-01	1.2129625e-01	-1.9505563e-01	-2.2780806e-01	-9.6342638e-03	1.9193985e-02	-1.4322262e-01	-2.8832641e-01	-3.1849542e-01	-7.9272240e-02	-2.6109627e-01	-1.1504889e-01	1.6323742e-01	-3.4819073e-03	1.2917130e-01	2.6912335e-01	-2.4639530e-01	-2.8318122e-01	-1.1307736e-01	3.3529434e-01	1.7717999e-01	1.6657707e-01	2.5867733e-01	3.1669086e-01	-8.2865670e-02	5.3764496e-02	2.9511911e-01	8.6243659e-02	-3.6812983e-02	-2.5401551e-01	1.0027233e-01	-9.8988213e-02	8.8340811e-02	-2.0269056e-01	-6.4990990e-02	-1.2877792e-01	3.1726032e-01	-3.4056982e-01	-1.4675052e-01	1.7504914e-01	1.3575867e-02	-6.2144779e-02	-5.7245422e-02	2.5381783e-01	1.8490268e-01	2.9911104e-01	2.3171058e-01	2.9951426e-01	-2.0803678e-01	-1.7253105e-01	-1.9348441e-01	2.6319763e-01	-8.6908355e-02	-1.2785594e-01	-3.6037855e-02	-1.1983998e-02	3.0060863e-02	-1.5055610e-01	-2.7934769e-01	-2.2619858e-01	-2.3500344e-01	-2.5684023e-01	-2.1461283e-01	1.1246384e-02	-1.9927587e-01	-3.8794599e-02	2.9738742e-01	3.0991352e-01	2.1098414e-01	2.3085529e-01	-3.4772837e-01	1.0446563e-01	-3.6254901e-01	-1.2104772e-02	-1.6509053e-01	-6.6156588e-03	-1.1435090e-01	-1.2631527e-01	2.1661378e-01	1.9692941e-01	5.9085555e-02	1.3035698e-01	-3.5287648e-01	2.9141963e-01	-5.0127516e-03	-1.5969083e-01	-4.8844554e-02	2.3796210e-02	3.3634827e-01	-2.7886078e-01	6.6473052e-02	-2.1605992e-01	-1.4512837e-01	1.7870957e-02	-2.4241273e-01	2.8857377e-01	-6.2625729e-02	1.6622542e-01	-2.0160381e-01	-1.0581262e-01	2.4244043e-01	-2.5637135e-01	1.2333135e-01	-8.8820765e-03	2.9871854e-01	6.6650300e-03	-3.4204504e-01	2.7723321e-01	1.1522229e-01	-2.6197410e-01	1.5515588e-01	3.6575723e-01	-2.0062935e-01	-1.6311473e-01	6.6835210e-02	6.8506584e-02	-1.9843787e-02	9.2539534e-02	-2.5852785e-01	2.6857969e-01	-3.3167443e-01	3.0315825e-01	2.8962135e-01	-3.5040721e-01	-1.5182970e-02	-1.3050781e-01	-1.4559919e-01	2.4340625e-01	1.6012479e-01	1.5799119e-01	-5.3639812e-03	1.0832606e-01	-1.6576456e-01	-1.2425002e-01	9.2735849e-02	9.1735102e-02	-3.0944034e-01	2.0121248e-02	3.0420804e-02	-6.1996382e-02	-9.2031039e-02	-8.2501166e-02	9.3472473e-02	1.0695781e-01	-1.5498939e-01	-1.4428951e-01	3.1814104e-01	-7.3163398e-03	-1.3100734e-01	9.4316989e-02	-6.8765722e-02	4.2283095e-02	-1.5703391e-01	3.0957523e-01	-1.0096718e-01	-2.5712278e-01	1.3855334e-01	-1.1491934e-02	1.1469862e-01	1.1174487e-01	-3.1860867e-01	1.5794571e-01	-1.3154525e-01	3.4791079e-01	-3.0638918e-01	2.7948266e-01	7.9083800e-02	-1.7313626e-01	2.1571173e-01	1.7102280e-01	-1.9490947e-01	-2.5833860e-01	2.0226166e-01	-3.2810035e-01	-1.0771093e-01	-2.1643327e-01	-5.4778508e-03	7.8677861e-03	-2.8131580e-01	7.9477310e-02	5.2047234e-02	-2.2134283e-01	3.5220996e-01	9.0493962e-02	-3.1582832e-02	4.0057372e-02	2.1847202e-02	-1.9878826e-01	-2.8622374e-01	-3.5114348e-01	-6.3449971e-02	9.2019714e-02	3.2495639e-01	1.3159436e-01	1.8916214e-01	-1.5387595e-01	1.0394339e-01	4.7904197e-02	-3.6535743e-01	-1.2245797e-01	2.0567086e-01	-2.4315994e-02	1.9383943e-01	-7.7606604e-02	1.6603105e-02	-1.6341995e-01	-1.1130340e-01	-8.1003271e-02	4.9868591e-02	1.3247550e-01	1.6809170e-01	2.0665067e-01	3.4969819e-01	-1.0334294e-01	5.6962401e-02	8.1440739e-02	7.7828757e-02	2.2273888e-01	-2.0403033e-01	1.0634004e-01	2.5829148e-01	-2.9308912e-01	1.3437997e-01	1.6568957e-01	1.5652475e-01	2.7652884e-01	-6.2803221e-03	-1.2006010e-01	-1.2230666e-01	-1.3296878e-01	-7.3484108e-02	4.3494430e-01	2.4482164e-01	-9.2983887e-02	-2.2756062e-01	-2.6494542e-01	2.9062269e-02	-1.1982272e-02	-1.7912805e-01	-2.2479478e-01	-1.9597930e-01	-2.6894625e-02	2.5849843e-01	-3.2535926e-01	-2.2218119e-01	4.5424435e-02	3.3144319e-01	-2.7781054e-01	-2.9823852e-01	2.3701333e-01	1.2150343e-01	-3.2002184e-01	7.2118506e-02	-1.3775614e-02	1.6763024e-01	-1.6666968e-01	-1.1967864e-01	-1.9037771e-01	1.9488214e-01	1.1280436e-01	-2.5951570e-01	-3.0685097e-01	2.0018791e-01	-2.5596669e-01	6.6007353e-02	-1.3437326e-01	2.7096629e-01	4.2108512e-03	1.8811302e-02	1.6900256e-01	3.1700400e-01	4.3935519e-02	2.6487061e-01	2.0713383e-01	6.3837163e-02	-1.5097798e-01	1.7293614e-01	1.1073336e-01	9.6048854e-02	-1.3812959e-01	1.7573676e-01	-3.6799034e-01	3.1507370e-01	2.6052070e-01	-6.0807336e-02	5.3625990e-02	-3.3450851e-01	8.4377781e-02	-3.6748786e-02	-1.5643008e-01	-3.3747035e-01	3.4021512e-01	2.0317341e-01	-1.8825622e-01	-3.6259282e-01	1.1529578e-01	9.0697616e-02	-2.2315155e-01	-1.8384090e-01	2.5176042e-01	2.6222390e-01	-2.4325180e-01	-2.4336243e-01	2.6355872e-01	1.2334787e-01	-2.6344392e-01	-2.3631783e-01	1.0697591e-01	-3.3516216e-01	3.4938762e-01	-1.5001982e-01	-3.7969392e-02	3.3104801e-01	-1.8361697e-02	-2.5053284e-01	-2.0476612e-01	2.5449440e-01	-1.4074010e-01	3.6111921e-01	6.9865927e-02	2.1750158e-01	-3.5563481e-01	4.7128391e-02	3.3418462e-01	1.2112347e-01	-1.5507770e-01	1.4817663e-01	-3.6395228e-01	-1.8611622e-01	1.8005274e-01	-6.6721573e-02	3.5886273e-01	3.2599437e-01	-2.4264121e-01	-7.8695588e-02	1.5197299e-02	-2.3226120e-01	-1.1335959e-01	-3.7568387e-02	1.7657796e-01
1.7844190e-01	5.0804984e-02	-1.5493819e-01	1.7269646e-01	2.3677786e-01	-2.2062854e-01	1.2204695e-01	-2.1156816e-01	9.9690944e-02	-1.0489023e-01	1.8617018e-01	-2.7619211e-02	-1.3955158e-01	2.5082648e-01	-2.7585241e-01	-1.4038523e-01	-2.4224728e-01	-7.8273490e-02	-1.3370433e-01	-2.7660880e-02	-1.9825116e-01	-1.0572332e-01	2.7517521e-01	1.5595561e-01	-2.9936854e-02	7.5378172e-02	-1.1706696e-01	1.1904289e-01	-2.8089741e-01	5.2370790e-02	-5.9082713e-02	2.4158728e-01	-6.0298402e-02	2.0360434e-01	-8.1344485e-02	1.4175121e-01	1.6779907e-01	2.2889607e-01	-2.5399735e-03	-2.8299266e-01	2.1758074e-01	-3.8851265e-02	-1.9381873e-01	-2.4090746e-01	-2.5648373e-01	3.0513042e-01	3.1760326e-01	-1.3934408e-02	-2.3779337e-01	3.3296783e-02	2.3201499e-02	1.9023000e-01	1.6537049e-01	3.4531694e-02	2.5871918e-01	-4.7396686e-02	1.1757813e-01	-2.0173144e-01	2.5328743e-01	-8.5319122e-03	-2.5389266e-01	2.4893722e-01	-4.6379253e-02	-2.2575273e-01	-9.2829444e-02	1.3834709e-01	-9.1495238e-02	1.9365683e-01	-1.4791371e-01	1.2673204e-01	-1.5940568e-01	-1.3566017e-01	-1.7671743e-01	-5.2864615e-02	2.0219743e-01	-1.6575339e-03	-2.3089974e-01	1.8562496e-01	-4.5206830e-02	-1.7507708e-01	-1.3687237e-01	-1.5167308e-01	-1.2382517e-01	-2.5675979e-01	2.5946519e-01	2.4993651e-01	3.9871059e-02	-2.2388026e-01	-1.9619547e-01	2.4612898e-01	-1.0199856e-02	2.7685449e-01	-2.4283601e-01	-2.7862638e-01	-3.0376837e-01	5.4010160e-02	2.2604531e-01	1.5746105e-01	2.8108114e-01	-1.6512164e-01	2.3348993e-01	7.7317305e-02	7.1630791e-02	-4.6374653e-02	1.5326455e-01	1.4603911e-01	-1.3590491e-01	-2.5305146e-01	1.5315887e-01	-1.1865907e-02	7.7489354e-03	2.3849522e-01	-1.4284678e-01	-1.9343883e-01	1.0203451e-01	-8.3920673e-02	1.3148402e-01	1.4101157e-01	-1.0491282e-01	3.6178987e-02	7.6663293e-02	-2.4564724e-01	-2.9235819e-01	1.5235023e-01	-1.1474025e-01	-2.6703241e-01	-1.6480323e-02	-6.7884929e-02	-1.0457749e-01	9.4090313e-02	1.8472229e-01	4.7330454e-02	1.1562875e-02	-6.7152947e-02	-1.7734188e-01	1.8870379e-01	1.4200971e-01	2.3304011e-01	-2.1714500e-01	1.8103756e-01	5.1295843e-02	-5.8801148e-02	2.9750282e-01	1.9906516e-01	-7.1088843e-02	-1.6038184e-01	-1.2943621e-02	-1.2282263e-01	-1.0916765e-01	1.7605408e-01	-2.7915049e-01	3.0897433e-01	-2.3430851e-01	7.6916054e-02	-5.6014499e-03	1.5328702e-03	-1.9042921e-01	1.8435773e-01	-2.2399043e-01	-1.6694097e-01	1.8561563e-01	-1.9029006e-01	-1.4462110e-01	-1.9765340e-01	1.8422773e-01	-2.1445248e-01	-1.6911070e-01	6.3502617e-02	1.7593469e-02	1.4964987e-01	1.8063048e-01	3.2142371e-02	-1.5572840e-01	-8.2481794e-02	1.7137876e-01	-2.5644821e-01	-1.5570624e-01	-1.0031629e-02	-1.0094530e-01	3.0986139e-01	2.4612840e-01	1.5195163e-01	-1.2412783e-01	2.2274767e-01	-1.9019055e-01	6.0973831e-02	-1.5616523e-01	2.4125151e-01	-2.9595524e-02	8.8250928e-02	2.6950768e-01	2.8347522e-01	3.7168909e-02	-1.8171503e-01	2.5370575e-02	1.8187389e-01	-1.0063146e-01	-1.3899627e-01	-4.6345096e-02	-2.1370670e-01	1.3507947e-01	1.3611270e-02	-9.8716542e-02	9.7422540e-02	2.7274171e-01	-2.6376727e-01	-2.2144827e-01	-2.5474122e-01	1.9232291e-01	-4.5177519e-02	2.4197149e-01	-1.7875869e-02	7.4748933e-02	1.2547538e-01	7.4070841e-02	-1.0778332e-01	-1.8654133e-01	-3.1458595e-01	2.1031442e-01	2.2580227e-01	-2.0780393e-01	9.9435717e-02	2.5567043e-01	-9.6385524e-02	2.0549534e-01	-4.4770095e-02	2.4953355e-01	2.7923079e-02	7.0282021e-03	-2.1711411e-01	-1.7246354e-01	2.3075606e-01	1.6151948e-01	1.9555368e-01	2.0304857e-01	-2.1553066e-01	-2.5602451e-01	8.8514149e-02	2.4593706e-01	1.7120445e-01	1.8679382e-01	9.1502428e-02	2.0672081e-02	-3.3219114e-02	-1.4862910e-01	1.1347593e-02	-2.8537995e-01	1.8242176e-01	-1.1725797e-01	-1.4275493e-01	1.5761070e-01	2.3190744e-01	2.3999079e-01	-2.4191342e-01	6.1428823e-02	2.3072359e-01	-2.3210597e-01	2.3716633e-01	-3.0294850e-01	-1.9493778e-01	2.5269596e-02	1.3056453e-01	-2.5360587e-01	7.2116517e-02	2.3261334e-01	1.8115158e-01	-4.5361772e-02	1.0171992e-01	-2.6497588e-01	-9.1928951e-02	-9.8802280e-03	-4.6921339e-02	-2.1620759e-01	-1.4578447e-01	1.3466540e-01	4.0940017e-02	-1.6139151e-01	-1.1246537e-01	-1.3138209e-01	2.9642421e-01	1.3069369e-01	-2.5247648e-01	1.6881670e-01	-2.0282498e-01	1.7180273e-02	1.7972127e-02	2.8184551e-01	-1.2673521e-01	8.3728977e-02	-3.2296264e-01	-6.4105384e-02	-7.9204768e-02	4.5485329e-02	7.1582653e-02	1.5997846e-01	-2.3806776e-01	-2.3847726e-01	1.6268802e-01	-2.9382762e-01	1.8501659e-01	1.7802605e-01	2.5817757e-02	-2.7950686e-01	2.4387211e-01	1.2441026e-01	-1.0362400e-02	-2.2200089e-02	9.4526149e-02	2.1103075e-01	2.0794140e-02	-3.1018195e-01	-1.9227853e-01	-1.6217656e-01	2.4064004e-01	-1.9312796e-01	-1.3286905e-01	-2.4672973e-01	6.2828176e-02	2.4874040e-01	-9.4033219e-03	-3.9242323e-02	3.2493830e-01	-2.7007949e-01	1.0231948e-02	-2.4043148e-02	1.9789220e-01	1.8262017e-01	-2.8529683e-01	9.7186103e-02	2.1723747e-01	-2.9892054e-01	-7.7378951e-02	-4.3173008e-02	-1.4141583e-01	-1.7055663e-01	1.3213623e-01	2.3495547e-01	1.9281037e-01	1.7911674e-02	-2.3475915e-01	2.4339369e-01	-1.5870273e-01	2.5062531e-02	9.4269894e-02	1.5988109e-01	1.5610293e-01	7.2543032e-02	7.2028279e-02	8.3401196e-02	4.3829188e-02	-3.2497037e-02	-2.9287303e-02	-6.2837057e-02	1.2512153e-01	1.8793650e-01	1.4668121e-02	2.1986470e-01	-1.8574382e-01	-2.3108125e-02	-8.5006140e-02	2.8215072e-01	-3.4432534e-02	-2.3947999e-01	1.8612225e-01	-1.7659298e-01	2.6438433e-01	-2.6583499e-01	3.1829175e-02	-2.3061588e-01	-1.2900984e-02	2.1787595e-02	1.1731780e-01	2.8498137e-01	-1.3427846e-01	-2.2497012e-01	-3.6860488e-02	-1.8130909e-01	1.0039003e-02	2.0607017e-01	1.3534235e-02	-2.7481854e-01	-1.6035819e-01	8.8574909e-02	1.0377229e-01	1.1236481e-01	-1.9512831e-01	1.2574337e-01	-3.4636330e-02	2.3501879e-01	-2.9922917e-01	1.1041445e-01	2.1725889e-01	6.6576988e-02	-1.7077513e-01	-8.7400340e-02	1.3806225e-01	5.0048992e-02	1.3862064e-01	2.0400262e-01	2.8170919e-01	-5.5535197e-02	2.4193603e-01	9.0590648e-02	-2.6883963e-01	2.1252508e-01	2.1380933e-01	3.9205253e-02	2.1813437e-01	1.5565228e-01	1.7265273e-02	-2.2546655e-01	7.0123285e-02	-7.8714758e-02	-5.5875327e-02	-2.6690030e-01	1.8810727e-01	-1.3309655e-01	1.1430690e-01	1.5803114e-01	-2.0942324e-01	6.1291967e-02	3.1526956e-01	-2.2731200e-01	-4.2361110e-02	-1.6216560e-01	1.0046652e-01	-2.6749933e-01	5.3470742e-02	-6.3239127e-02	-4.2457707e-02	-1.9504966e-01	2.4363741e-01	2.7287391e-01	-2.2486311e-01	2.5708008e-01	7.0094265e-02	-2.8316915e-01	6.9856793e-02	2.8600648e-01	-2.2603406e-01	-4.2299595e-02	1.0927055e-01	-8.3786130e-02	3.5110718e-01	-1.7637961e-01	1.2379722e-01	2.2663410e-01	7.7600637e-03	-2.5755158e-01	2.0163113e-01	6.3616343e-02	-6.1689369e-02	2.0393864e-03	9.6195258e-02	-2.8225893e-01	-7.5801365e-02	3.8176068e-04	1.6580082e-01	-2.1669717e-01	-7.6395832e-02	7.9336494e-02	-2.1209015e-01	1.9108653e-01	7.8022801e-03	-2.3319234e-01	-2.0200217e-01	2.6014349e-01	-2.2831948e-01	5.5204544e-02	2.4326356e-01	-2.5434566e-01	2.0114481e-01	-2.7519777e-01	1.5938681e-01	-5.3351052e-02	-3.8778581e-02	-3.7389982e-02	-2.0299625e-01	1.2737037e-01	-2.3663010e-02	1.1008385e-01	5.6168638e-02	1.2737446e-02	6.7353256e-02	2.2927541e-01	-1.8679091e-01	-1.6824545e-01	-1.6891892e-01	-2.4270561e-01	1.6427980e-01	2.1956977e-01	2.5670752e-01	-2.4988863e-01	-1.7446084e-01	1.0705718e-02	-1.8161714e-01	1.2948945e-03	1.5487155e-01	-1.3086209e-01	2.1187063e-01	-2.3204383e-01	-2.4932312e-02	-2.1718383e-01	-2.6754163e-02	-8.3037503e-02	-4.1741695e-02	-5.6501895e-02	-2.6840630e-01	2.0053120e-01	1.2248114e-01	-5.3679008e-02	1.5231600e-01	2.3036410e-01	1.4143039e-01	-7.8662075e-03	2.5389564e-01	2.8119776e-01	2.6507810e-01	-1.9911748e-01	4.2695254e-02	-4.0061858e-02	-1.0794260e-01	2.0737520e-01	9.6517041e-02	-2.8791985e-01	-1.7027456e-01	-2.2975099e-01	1.5618256e-01	2.5252104e-01	2.5941172e-01	4.1777760e-02	2.3276101e-01	2.1207775e-01	1.8540092e-01	5.3228009e-02	-2.7673525e-01	2.2318165e-01	6.6185176e-02	2.0305714e-01	-2.3630087e-01	-6.6404290e-02	2.4530217e-01	2.1794319e-01	-2.1177632e-01	5.1929314e-02	1.2056413e-01	-2.6950106e-01	1.5201709e-01	7.2501987e-02	2.4900495e-01	9.2598982e-02	3.3804219e-02	2.4043557e-01	-8.1487119e-02	7.1526580e-02	-2.8859752e-01	-2.2775210e-01	1.0640914e-01	-1.3092490e-01	-4.3420676e-02	9.8118596e-02	-2.7242556e-01	2.3821013e-02	-5.7370387e-02	-1.9490948e-01	-3.1148386e-01	-1.4638053e-01	2.3401482e-01	-1.1409765e-01	1.5259595e-01	-2.1726765e-01	-1.7568545e-01	-1.5508093e-01	-9.9540614e-02	2.6652649e-01	-2.3789239e-01	2.8100270e-01	-2.7498475e-01	1.2607357e-01	2.5694349e-01	2.2285390e-01	4.2171024e-02	2.0988457e-01	1.0298914e-01	-1.1603475e-02	-7.6951854e-02	-2.6717865e-01	-1.7042410e-01	1.1854349e-01	-2.3122109e-01	-9.8367661e-02	2.4305250e-01	7.8319073e-02	-4.2322744e-02	3.6433503e-01	-8.5919820e-02	-2.0688406e-01	7.5140526e-03	-9.0170301e-02	-4.7508676e-02	1.2092237e-02	1.6203427e-01	-1.8164602e-01	1.8939185e-01	1.0865620e-01	1.4931740e-01	1.8166222e-01	-2.5109246e-01	-2.2251615e-01	-5.8256142e-02	1.2055499e-01	7.3014135e-03	-1.4026268e-01	-2.2624731e-01	-2.7749223e-01	-2.7389324e-01	-1.1087278e-01	1.2215033e-01	-2.1601042e-01	1.3853721e-01	-2.9736260e-01	-2.4174260e-01	-1.4875323e-02	-1.5668401e-01	-2.9459673e-01	-2.8934899e-01	3.8925536e-02	-8.9351170e-02	1.9639041e-01	8.2423598e-02	2.5676292e-01	-4.6126306e-02	-9.7940408e-02	-2.0221400e-01	-2.8418675e-01	-1.7822966e-01	1.4055383e-01	1.2774655e-01	2.7221182e-01	-1.8816066e-01	7.4406646e-02	-1.6864499e-01	-2.8367040e-01	1.2151515e-01	5.5426724e-02	-1.3976552e-02	1.5260252e-01	1.1697216e-01	-2.4092315e-01	2.4241696e-01	-2.1849740e-01	1.9185845e-02	1.4518920e-01	-3.0166674e-01	-1.2914859e-02	2.3430865e-02	-1.9816017e-01	-6.1774693e-02	-2.4985403e-01	2.7514145e-01	2.7053300e-01	1.3805206e-01	1.3549453e-01	-2.4672133e-01	-2.5752068e-01	-9.3909159e-02	-1.2853755e-01	-1.6422088e-01	2.4535993e-01	7.8893051e-02	9.2951439e-02	9.3391746e-02	-2.0067896e-01	5.0338209e-02	8.5938729e-02	9.3322463e-02	2.3438725e-01	-2.4062487e-01	2.3615175e-01	-1.3472524e-03	-1.8779278e-01	-1.0855316e-01	-1.6138312e-01	-7.7957578e-02	2.7152598e-03	1.6280684e-01	-6.5776974e-02	5.8864292e-02	2.7580103e-01	2.0778166e-01	-2.2347493e-01	5.8850560e-02	1.3093075e-01	-1.1400525e-01	1.3694720e-01	-2.6582393e-01	2.2228107e-01	-5.3865830e-03	1.5343761e-01	-2.3439673e-01	1.1970508e-01	-1.2246381e-01	-1.2321723e-02	5.2464757e-02	2.7162680e-01	-2.2215146e-01	7.2610928e-03	-2.1980573e-01	-1.3806647e-01	1.1478882e-01	-1.5819627e-01	1.2501150e-01	-6.2986463e-02	-1.9766729e-01	2.5983280e-01	-1.1039482e-01	-5.1933717e-02	2.2887012e-01	-2.5809112e-01	-9.6578591e-02	-1.8142778e-01	7.3891617e-02	5.6172017e-02	5.7245333e-02	2.4018438e-01	-2.6540456e-02	2.8451356e-01	-1.5755613e-01	1.7166218e-01	1.0711104e-01	1.7317544e-01	1.5041484e-01	1.5065657e-01	2.0775227e-01	3.3295549e-02	1.8365182e-01	-1.9618690e-01	2.6898456e-01	-6.0463954e-02	-2.7049658e-01	1.1641571e-01	-2.6646590e-01	3.1304549e-02	8.6083852e-02	-2.4789880e-01	2.0989190e-01	-2.7825419e-02	1.0113527e-01	-1.6837867e-01	-4.3381847e-02	1.6665687e-01	-9.6442595e-02	-1.2971570e-01	2.4747644e-01	-1.0178290e-01	-1.7735778e-01	-2.1065404e-01	1.2274644e-01	2.4569425e-01	-2.0094381e-01	-5.0651297e-02	-1.8456529e-01	-2.0725736e-01	-1.9288339e-02	1.9435795e-01	1.9040875e-01	-4.2120155e-02	1.9388030e-01	-2.4167684e-01	-1.3664867e-01	-2.4147454e-01	-1.2939534e-01	-2.1791790e-01	-2.4328662e-01	9.3018718e-02	6.8268187e-02	-1.9030039e-01	1.7254392e-02	-2.0850301e-01	-1.7304492e-01	-1.1628943e-01	8.8123232e-02	-1.7105210e-01	7.9122797e-02	1.7183261e-01	1.0144954e-01	4.7123384e-02	-3.0431540e-03	-1.9659856e-01	-9.9687790e-03	7.6729357e-02	1.2363130e-02	-1.6653886e-02	2.6613560e-01	-2.5667167e-01	-2.8790170e-01	-3.8665745e-02	-1.4100365e-01	9.2729270e-02	-3.6966875e-02	-3.8732182e-02	-4.7927976e-02	1.1800767e-01	2.3161484e-01	1.8636322e-01	2.3847105e-01	6.3236617e-02	-2.7194834e-01	-2.9588476e-01	1.6887580e-01	-6.8571746e-02	-1.9760531e-01	1.2282117e-01	-2.9897919e-01	1.4724216e-01	1.8025537e-01	-3.3345439e-02	2.5241488e-01	-8.0097966e-02	2.0412824e-01	7.6396838e-02	1.7314121e-01	7.9691976e-02	1.1740570e-01	-2.6825485e-01	-2.8874788e-01	1.1841945e-01	-1.2806815e-01	2.1592046e-01	2.4664281e-01	-1.1189433e-01	-7.2988190e-02	-1.4885616e-01	-2.8197169e-02	8.7201297e-03	-1.1608939e-01	-2.7410594e-01	-1.0135598e-01	1.8200934e-01	-1.8859744e-02	-2.1327384e-01	-3.4480095e-02	-2.3139685e-02	-1.6684239e-01	-2.7867863e-01	-4.8740089e-02	-2.4645782e-01	-8.1365615e-02	7.4841499e-02	-2.1796076e-01	-2.0424879e-01	3.6682516e-02	-2.4533805e-01	-2.2685623e-01	5.3013325e-02	-9.3602970e-02	-2.9598120e-01	-1.0444091e-01	8.9609563e-02	-1.6118106e-01	-2.5557753e-01	6.0599446e-02	-2.0290911e-02	1.0675651e-01	2.6800781e-01	-1.7098056e-01	-2.1632995e-01	-2.2122723e-01	2.7569872e-01	-2.5336871e-01	-1.8749295e-01	-9.0812273e-02	-2.1497785e-01	-9.7649269e-02	-2.9240349e-01	-2.5290778e-02	-2.6592594e-01	2.7474383e-01	2.1846810e-01	2.4861200e-01	-1.2130858e-02	-2.8334242e-01	-3.3747783e-01	-1.0494754e-01	-1.0946184e-01	-1.8763165e-01	2.4048989e-01	1.4066499e-01	-1.2140522e-01	-1.1021495e-01	8.2237527e-02	-2.8484780e-01	-1.4880881e-01	2.0608971e-01	-2.9643095e-01	-4.1643851e-03	-1.0274614e-02	-1.3584001e-01	-6.4663276e-02	2.4546248e-01	-1.8982190e-01	-1.1427841e-01	-3.2330903e-01	1.0483513e-01	1.0378755e-01	-1.6010073e-01	-2.0609747e-01	-2.0582752e-01	-1.8545291e-01	1.9240735e-01	2.0600055e-01	-3.1743079e-02	-1.7526200e-01	1.4857933e-01	1.9342966e-01	8.2187526e-02	5.8694530e-02	-1.5202494e-01	1.0755908e-01	1.9379020e-01	1.4261574e-01	1.7478432e-01	-1.3589489e-01	-1.5989408e-01	-1.2166238e-01	2.8301832e-01	1.2879138e-01	-1.4958113e-01	2.5283661e-01	-1.4454708e-01	-2.0536119e-01	3.3175867e-02	-9.5356457e-02	-1.7808287e-01	1.8339069e-01	1.3720585e-02	2.0290029e-01	-1.9211134e-02	7.4237399e-02	2.4899027e-01	4.3693282e-02	7.4334428e-02	2.4641003e-01	-1.6133294e-01	9.4530545e-02	3.1192330e-01	-2.0334107e-01	-1.1151005e-01	1.4465016e-01	-1.8074030e-01	4.7506005e-02	5.5735234e-02	3.0549830e-01	2.3063822e-01	2.9665104e-01	-1.9836780e-02	2.0391652e-01	-1.5624517e-01	9.1535389e-02	2.0883754e-02	-2.0299688e-01	2.1053472e-01	2.2852601e-01	1.5523456e-01	1.3832316e-01	2.7779317e-01	6.6802822e-02	-1.4431383e-01	-1.5913706e-01	1.9937797e-01	-9.2481464e-02	-2.6779687e-01	1.6636455e-01	-2.3176643e-01	-2.8701240e-01	-2.0961279e-01	-3.0280653e-01	-4.1790467e-02	1.4773194e-01	2.5860280e-01	-5.4702684e-02	2.1778415e-01	1.9351502e-01	4.6187904e-02	9.1467490e-03	2.2069371e-01	8.6731492e-03	-1.7701265e-01	-6.4884409e-02	7.7590491e-03	-1.8822774e-01	-6.1457787e-02	4.7198728e-02	8.0612443e-02	-2.6453364e-01	-1.5648633e-01	3.5734884e-02	-1.4933895e-01	-1.8618225e-01	-2.0625310e-01	-2.5288177e-01	1.3610871e-01	6.3943319e-02	2.4759635e-01	-7.5319573e-02	-4.1498862e-02	7.9980664e-02	1.9720964e-01	-2.3696464e-01	1.4803813e-01	5.5906083e-02	-2.0580034e-01	1.3665450e-01	7.9404287e-02	-1.5897751e-02	-2.4166302e-01	9.8165609e-02	7.4722558e-02	-2.2036884e-02	-5.5278681e-02	-2.0188220e-01	2.7236689e-02	3.2697326e-01	-2.1278322e-01
1.8790315e-01	8.0331899e-02	2.0153567e-01	2.2048925e-01	8.5506648e-02	2.5638375e-01	1.2969075e-01	2.3772520e-01	-6.0936017e-03	1.8786244e-01	-3.4090683e-02	-2.7052987e-01	1.1870538e-01	-1.4325719e-01	-2.9958469e-01	-2.7986437e-01	2.1887155e-01	-8.1697434e-02	-4.9940310e-02	-2.6759613e-01	-1.4137924e-01	2.1041468e-01	-1.2370853e-01	-1.7827530e-01	-1.1814052e-01	-1.3055493e-01	7.6527804e-02	9.8198079e-02	2.9421106e-01	2.8309062e-01	-1.3546801e-01	1.8202959e-02	1.3520248e-01	1.9968301e-01	1.3354871e-01	1.2974992e-01	1.9097313e-02	2.0305441e-01	2.2940157e-01	-9.9666743e-03	-9.1654882e-02	-2.6358709e-01	2.5727752e-01	-2.4567756e-01	-8.1831016e-02	6.4773038e-02	8.2386404e-02	1.4597131e-01	-8.9693733e-02	-1.3840733e-01	-1.4110953e-01	-1.6516981e-01	-4.8692729e-02	-2.8195286e-01	2.5622159e-01	2.1986693e-02	1.2510163e-01	-2.2206014e-01	2.1271327e-01	7.0522144e-02	1.6801827e-02	-2.0071611e-01	8.8988215e-02	-5.6324359e-02	-1.1318062e-01	1.9737238e-02	7.0777707e-02	-1.4413835e-01	3.9901890e-02	-2.0445997e-01	2.7454966e-01	1.5772660e-01	1.1312795e-01	1.9426654e-01	1.5749210e-02	8.6336456e-02	4.2347122e-02	-4.3178130e-02	1.2094076e-01	1.4416206e-01	2.7738357e-01	-1.7060663e-01	1.2339324e-02	-1.7413143e-02	2.7859685e-01	-3.3400527e-01	8.5653337e-03	2.5790486e-01	3.0909695e-03	-1.3999203e-02	-2.2098379e-01	1.5018535e-01	-4.4364431e-03	8.7193474e-02	-5.4688215e-02	-2.3054318e-01	2.8976461e-01	1.5880957e-01	-2.2289647e-02	2.1118131e-01	-7.1622349e-02	1.5003151e-01	1.3585883e-01	-4.7492970e-02	-2.8224126e-01	2.0181392e-01	-3.3268388e-02	-7.6952070e-02	-1.6702113e-01	1.8151003e-01	-2.7186539e-02	9.2447206e-02	2.7114749e-01	2.7517268e-01	-6.5258749e-02	-2.4591753e-01	2.7879399e-01	1.1571939e-01	4.1726388e-02	-1.5208529e-01	-3.0537276e-02	1.5891293e-01	-2.4962778e-01	1.5290822e-01	7.9333186e-02	-2.2631545e-01	-1.8839106e-01	1.0498471e-01	-1.8450795e-01	-5.2983928e-02	2.0316669e-01	-2.6884291e-02	-2.9905182e-01	4.5233252e-03	-3.0801266e-01	1.3714097e-02	-1.4634885e-01	-2.5567228e-01	-1.6109693e-01	-1.1144860e-01	-3.0274704e-01	1.3041908e-01	-1.5319380e-01	-2.5961789e-01	1.6938606e-01	-2.9339167e-01	2.4129155e-01	2.9595754e-01	-2.9875159e-01	9.7434863e-02	2.3180497e-01	1.0424566e-02	1.7253059e-01	1.2573886e-02	-1.4235248e-01	1.9775181e-01	4.0868938e-02	-1.0159402e-01	-2.9706314e-01	2.6842803e-01	2.1011041e-01	-5.1567961e-02	-3.9708473e-02	-2.1914297e-01	7.7803046e-02	1.9892314e-02	2.6785403e-02	-2.1433648e-01	9.4675869e-02	2.8306293e-01	1.0161725e-01	1.8570215e-01	2.3168291e-01	-2.8891426e-01	-2.7290815e-01	1.2706673e-01	-2.5865600e-01	-1.1405934e-01	-1.7147690e-01	-7.2360784e-02	1.6697163e-02	-1.0117136e-02	8.2622558e-02	-2.7018255e-01	-3.9818555e-02	-2.9747179e-01	-2.3607174e-01	-5.7420656e-02	-2.6881391e-01	-5.0140046e-02	2.0903271e-01	-2.9665473e-01	-2.9373562e-01	2.0011473e-01	-3.2093269e-01	-3.1162882e-01	-1.8284988e-01	-1.8821844e-01	-1.8142484e-02	-6.2822096e-02	4.5225002e-02	-3.3075058e-01	9.2960946e-02	-1.9857861e-01	-9.2311800e-02	-4.6344161e-02	7.6623194e-02	1.8782794e-01	1.6485508e-01	6.8022467e-02	-6.1811693e-02	3.5271645e-03	5.5577196e-02	1.2501960e-01	-6.5993264e-02	2.8309280e-01	1.4362235e-01	2.0972162e-02	6.2236041e-02	9.9500008e-02	1.1839315e-01	1.5843169e-01	-3.4603018e-01	-1.1048263e-01	5.5222780e-02	-1.1730950e-01	1.8833026e-01	-1.2378918e-01	-1.5934388e-01	-2.0117545e-01	1.1745048e-01	-1.1504303e-01	1.1686823e-01	-3.9851278e-02	-2.6680636e-01	-7.0491306e-02	2.4955405e-02	6.0126569e-02	-1.8118422e-01	3.9789725e-02	-2.4921513e-01	2.2033931e-01	7.7150003e-03	-4.3889999e-02	-2.1248204e-01	-5.4742660e-02	2.3028615e-01	-2.8204596e-01	-1.2668899e-01	-5.2429974e-02	-1.3126574e-01	2.0424268e-01	9.0944938e-02	-7.4423574e-02	2.5937226e-01	2.7400735e-01	-2.3480906e-01	-3.0514656e-02	2.7491298e-01	-3.0957633e-01	6.9691464e-02	2.6026389e-01	-3.1022757e-01	2.8747611e-02	3.7229706e-02	-1.0334450e-01	1.2201129e-01	2.7640626e-01	1.1570199e-01	2.1621101e-01	-2.9532850e-01	1.6226138e-01	-1.8825911e-01	2.5956634e-01	-2.7364576e-02	2.8837284e-01	1.8622679e-01	-9.3335092e-02	2.2270243e-01	-1.3295579e-02	2.2952965e-01	-3.0073497e-01	2.7733168e-01	9.9483961e-03	2.9745933e-01	-2.3857276e-01	-1.0500143e-01	-2.2186802e-01	-5.3916596e-02	1.1192551e-01	2.7087647e-02	1.6371720e-01	1.4670813e-01	-1.9476087e-01	2.2514432e-03	-2.9698071e-01	9.0576380e-02	-2.9347724e-01	1.4478050e-01	2.5179702e-01	8.8743165e-02	-1.5124166e-01	-6.1953012e-02	2.4537660e-01	-2.3101234e-01	2.6508445e-01	1.6476990e-01	2.8444812e-01	-5.4885238e-02	-1.2030448e-01	5.0631318e-02	2.6957193e-01	-2.3563536e-01	1.8281449e-01	-3.0706644e-02	-1.7639370e-01	2.2894359e-01	-3.0761456e-01	8.9011297e-02	-1.6245137e-01	-1.8334390e-01	-4.2157378e-02	-2.6826650e-01	2.5709960e-01	2.6989445e-01	-1.9775021e-01	4.2782594e-02	-1.0846505e-01	-2.5876811e-01	-8.9660473e-02	-2.4073698e-01	-9.0798050e-02	-1.2347641e-01	1.9955310e-01	1.3935919e-01	4.9563706e-02	-1.9704732e-01	-1.3495608e-01	1.3758294e-01	1.0329059e-01	-2.4760555e-01	1.0674357e-02	-1.2742884e-01	1.5133201e-01	2.7833346e-01	-1.7158991e-01	1.0552227e-01	-2.0513377e-01	4.8918873e-02	-3.0226988e-01	2.0377246e-01	-1.3214736e-01	-2.1805931e-02	-7.1015865e-02	-2.8684932e-01	2.8147849e-01	-7.6609902e-02	-2.1453780e-01	2.2297810e-01	2.8688580e-01	-1.9621313e-01	2.6522228e-01	-3.5320461e-02	1.4510347e-01	-3.3015835e-01	2.0315459e-02	-2.1640846e-01	-2.2510976e-02	2.8856957e-01	-5.4555133e-02	-1.9484684e-01	-8.9448504e-02	-2.2527280e-01	-1.6977201e-01	-9.3895324e-02	-1.0001165e-01	-2.7524245e-01	-1.6255145e-01	8.9782476e-04	2.2810279e-01	-5.6634434e-02	9.9194884e-02	1.7845230e-01	-1.5757358e-01	-2.0694378e-01	2.0009090e-01	1.0090045e-01	2.3161992e-01	2.0947242e-01	-3.6405943e-02	-1.6846658e-01	-9.2313349e-02	-1.1786263e-01	-1.7056794e-01	-2.6033178e-01	2.1883523e-01	-3.1648807e-02	-1.8584098e-01	5.7605609e-02	-6.1450094e-02	-6.5107155e-03	3.5450029e-01	-7.2796471e-02	-2.5322941e-01	1.0719033e-01	-1.8299091e-01	2.5498211e-01	-2.8305087e-02	1.2318254e-02	2.9232407e-01	-9.4790176e-02	-9.2947938e-02	-2.1890143e-01	-1.9927184e-01	-5.2135702e-02	1.8127380e-01	3.6042422e-01	-2.4133387e-01	6.9767155e-02	2.1062289e-01	-2.2393548e-01	3.1297228e-01	-1.3603629e-01	5.8792621e-02	1.5305261e-01	2.7812219e-01	-1.4298292e-01	2.6123127e-01	1.4542539e-01	1.5714230e-01	2.6590595e-01	7.8615591e-02	5.4116361e-02	-1.7899324e-01	1.4956835e-01	-1.3197058e-01	1.6817270e-01	1.3348976e-01	1.4022882e-01	9.1960095e-02	-4.4809688e-02	1.8999320e-01	1.6956180e-01	2.8893244e-01	2.1792579e-01	1.2284290e-01	3.0150160e-01	-3.7111393e-01	7.4613746e-03	-1.1954942e-01	5.3860519e-02	-3.0756310e-01	-2.9387504e-01	-3.4671202e-02	-5.9690950e-03	1.8236746e-01	-7.9025067e-02	1.4308575e-01	8.2303137e-02	2.8453058e-01	2.2594924e-01	2.4266678e-01	6.0561519e-02	1.4125730e-02	-1.0904539e-01	-2.4162063e-01	-1.6849011e-01	1.9949779e-01	-2.7303585e-01	-1.7981954e-01	1.7423004e-01	9.6574776e-02	-2.7658838e-01	-2.3195997e-01	-1.2475528e-01	2.8245905e-01	-1.0565776e-02	1.8572757e-01	-2.1901533e-01	6.2919743e-02	-2.1624673e-02	-2.6562115e-02	2.8492227e-01	-1.6833983e-01	9.3112282e-02	2.2483130e-01	-2.0429216e-01	-1.3419814e-01	2.2858080e-01	-1.4149602e-01	-2.2811137e-01	-2.0050716e-01	8.2722250e-03	1.4905804e-01	-2.6888847e-02	-3.7809345e-04	-2.1005319e-01	-2.6622230e-01	2.7192041e-01	-2.2946936e-01	6.0706064e-02	2.2051504e-01	6.0987599e-02	5.0488718e-02	2.9561865e-01	-3.1293601e-01	1.0561025e-01	2.1900794e-02	-2.2414787e-01	-2.6831460e-01	1.8595611e-01	-2.3578979e-01	-5.8221009e-02	2.3744186e-02	-1.4420867e-01	2.2702643e-01	1.3081220e-01	-1.6558887e-01	-1.1387598e-01	2.5756821e-01	1.9403526e-01	8.6385481e-02	2.2668472e-01	1.4162874e-02	1.3497494e-01	-2.2154036e-01	4.3324709e-02	-9.8053589e-03	5.9226140e-02	-2.0764874e-01	2.4441792e-01	3.0229983e-01	8.2775339e-02	1.2703897e-01	1.9693235e-01	-1.8598454e-01	-2.2051032e-01	5.4625437e-02	7.4012846e-02	-2.7927515e-01	1.4746726e-01	-3.0037108e-01	-2.1635738e-01	2.6039121e-01	-7.5756289e-02	1.9908261e-01	2.4007468e-03	-1.6938666e-01	-2.8442633e-01	1.8779664e-01	1.5083325e-01	1.6134384e-01	2.1235952e-01	-2.0545225e-01	-1.5507315e-01	-1.3188499e-01	1.4883606e-01	1.9584845e-01	-6.8033487e-02	2.1260838e-01	1.3301780e-02	2.4894996e-01	-2.8599447e-01	5.7404578e-02	-8.1762820e-02	1.2453803e-01	-1.6791473e-01	-4.4180039e-02	8.7067217e-02	1.7715287e-01	-9.8749802e-02	9.3983807e-02	1.6899671e-01	-2.7799386e-01	-1.6122641e-01	2.4255642e-01	1.2064257e-01	1.8767455e-01	-3.0214667e-02	3.0034313e-01	-1.2330057e-01	1.1519083e-01	-7.1982808e-02	-1.3280787e-01	6.5780729e-02	8.9142948e-02	-3.0765945e-01	8.2315646e-02	-1.4447373e-01	1.9409247e-02	-2.0864545e-01	8.6742587e-02	-1.5191139e-01	9.8739810e-02	9.3987077e-02	1.9654274e-02	-1.1343370e-01	9.3954399e-02	-1.6369210e-01	-2.8377286e-01	-1.0908557e-01	2.7392289e-01	8.6506963e-02	2.4507242e-01	-2.4263524e-01	-3.9605573e-02	-2.8756657e-01	2.5663531e-01	-1.7135197e-01	-1.5476221e-03	-1.2659100e-02	-4.5880947e-02	3.0827433e-02	-1.6251164e-02	1.9119067e-01	-4.0385205e-01	1.3702942e-01	-2.3526137e-01	-7.2400994e-03	-2.9667314e-02	3.8990840e-01	-2.1671273e-01	2.6016137e-01	-2.1961094e-01	-1.1170316e-01	-2.8911877e-01	-6.1721779e-02	-1.3179941e-01	-2.3703393e-01	2.0908569e-01	3.2917857e-01	-1.3546529e-01	1.5758306e-02	1.2573794e-01	2.6047960e-01	-1.1432565e-01	6.5516226e-02	2.6508462e-01	-5.4881956e-02	-2.6982602e-01	2.0525955e-01	-2.9130617e-01	-1.0503022e-01	-6.6941932e-02	6.7929022e-02	-1.4931831e-01	3.1134591e-02	-1.4696801e-01	1.2747380e-01	6.4160921e-02	-7.9648949e-02	-2.8048861e-01	2.1686207e-01	-1.6389674e-02	-8.0171511e-02	-5.9158612e-02	-1.6441023e-01	-7.3052086e-02	2.6559539e-02	-9.1964036e-02	1.4341086e-01	9.0320200e-02	-9.3257472e-02	1.9152075e-01	-1.8723969e-01	-1.1704027e-01	-2.2898728e-01	3.8003549e-02	-2.0624863e-02	2.5188258e-01	9.0652823e-02	-2.8416458e-01	2.1707818e-01	-2.7929214e-01	-2.8551883e-01	-1.2565029e-01	-2.9428713e-02	7.3218644e-02	1.0622077e-01	-1.7887758e-01	2.3918702e-01	-2.5800443e-01	-2.5345632e-01	2.7805468e-01	-2.4755155e-01	2.3838241e-01	6.9665700e-02	3.4722377e-02	4.9732249e-02	2.4893054e-01	3.0286005e-01	1.3814875e-01	-4.7719501e-02	-7.9239987e-02	1.5351364e-01	-2.1787085e-01	-2.1714550e-01	-2.5611126e-01	1.0831746e-01	1.8197030e-01	-1.6266832e-01	-2.5280824e-01	-5.4146476e-02	1.4724544e-01	-2.7468455e-01	-2.3763860e-02	1.6275622e-01	-2.2112332e-01	-8.1423812e-02	-3.0385324e-01	-2.3383219e-02	-1.1801131e-01	2.9268235e-02	-2.1956760e-01	1.6961351e-01	-2.1653870e-01	2.6792172e-01	1.1485694e-01	4.0078174e-02	7.6164573e-02	5.1488470e-02	-1.2068233e-01	-1.2138301e-01	8.6683691e-02	1.7983599e-01	1.5881136e-01	3.4088716e-02	5.7194132e-02	1.0684438e-01	1.9354725e-01	-2.7350873e-02	2.7077013e-01	2.0248337e-01	-2.3607081e-01	-1.6690956e-01	-6.7892171e-02	-2.5861287e-01	8.4015377e-02	-2.9036143e-01	-1.1868673e-01	-2.5459716e-01	1.0672808e-01	1.1701547e-01	1.4324680e-01	2.8785196e-01	-5.2418161e-02	2.7687234e-01	-1.9073197e-01	1.5334389e-01	-1.0354385e-01	1.9874133e-01	-5.5932473e-02	-1.2182291e-01	2.3543480e-01	-3.0524892e-01	1.8237376e-01	1.8124634e-01	1.4210494e-01	-7.4009277e-02	6.2662363e-02	-2.0586239e-01	-9.0492666e-03	2.3537073e-01	2.1453258e-01	-1.0106697e-01	-2.1275628e-01	-6.2251262e-02	-3.3144057e-02	5.8297712e-02	3.1970507e-01	-3.2517698e-01	1.7112289e-01	-2.2053619e-01	-2.7668947e-01	-1.0212957e-01	3.0225077e-01	1.0902362e-02	-9.7877845e-02	-5.6236755e-02	-2.3569167e-01	-1.1778616e-01	1.4736320e-01	-2.4710999e-01	3.4943029e-02	1.6073534e-01	-8.5111439e-02	-1.6960354e-01	-1.7545717e-02	4.9489018e-02	-3.0730734e-02	-1.9209932e-01	1.5788381e-01	-1.1464176e-01	1.6662097e-01	1.2747520e-01	9.1628402e-02	7.7100011e-04	2.0206779e-01	-1.6255169e-01	3.8144708e-02	-4.8919264e-02	-1.4889617e-01	1.7740323e-01	-8.7271802e-02	-1.2582083e-01	-2.0395756e-01	1.9942696e-01	-1.4316152e-01	-7.9744920e-02	3.6067996e-02	1.0174939e-01	1.7273791e-02	-2.1482138e-01	-1.2962878e-01	-1.0792023e-01	-1.9260255e-01	-2.8755743e-02	-8.5737631e-03	-1.0799544e-01	1.7604768e-01	3.8062342e-02	1.7444590e-01	-2.2807565e-01	-1.8984416e-02	-2.4491493e-01	2.0023237e-01	2.2676289e-03	-2.2339535e-01	-2.7604157e-01	-2.5215888e-01	2.0739196e-01	-6.1882406e-02	-2.6702631e-01	-1.9702747e-01	5.4494388e-02	8.6647145e-02	-2.1686636e-01	-1.1221190e-02	-7.2103916e-03	1.8396805e-01	-7.0680715e-03	-8.7541960e-02	-2.0938355e-01	1.6017942e-01	3.1390679e-01	-5.6512799e-02	-1.4083180e-01	-3.0320304e-02	2.2902642e-01	-2.3396154e-01	-2.7378219e-01	1.7509402e-01	-1.3068585e-01	2.6306817e-01	-2.6988554e-01	1.7302093e-01	-1.1638398e-01	-4.7437586e-02	2.7676740e-01	-2.2911619e-02	-1.6114777e-01	1.3977456e-01	2.7370924e-01	2.0773126e-01	-2.3825903e-01	-7.3882036e-02	-1.0486260e-01	-3.1015587e-01	-2.9294753e-01	-2.4844903e-01	1.1896522e-01	-2.4133183e-01	1.3109037e-01	-2.9489562e-01	-1.3382716e-01	-2.4880596e-02	2.3094131e-01	-1.8018255e-01	-6.0834736e-03	2.7565858e-01	1.7871435e-01	-1.4438455e-01	-2.0909868e-01	5.5967510e-02	-2.8432453e-01	2.9650122e-02	-8.6505182e-02	1.0833424e-01	5.3064555e-02	-3.0474198e-01	1.1425525e-01	8.0816500e-02	3.2009117e-02	3.7187573e-02	-1.2217971e-01	2.5969940e-01	2.4054387e-01	4.7973022e-03	5.7511423e-02	1.9243012e-01	1.0423371e-01	2.3374766e-01	-2.5360671e-01	2.7811676e-01	2.7054125e-01	2.5435680e-01	-6.5976046e-02	4.9154855e-02	-2.2061267e-01	1.4625342e-01	-1.1040025e-01	-9.5897904e-03	2.1785387e-01	-3.2656495e-02	-3.6348857e-03	-1.2166546e-01	1.7302233e-01	-1.3235845e-01	-1.1272973e-01	8.1391558e-02	7.6061115e-02	3.6981609e-02	1.4869022e-01	-5.2388400e-02	1.5159342e-01	8.6879946e-02	1.0738860e-01	-1.5827076e-01	3.2689996e-02	-1.6896911e-01	-2.1381214e-02	6.4851053e-02	-2.3729831e-01	1.5784530e-01	-1.3261464e-01	1.8065584e-01	1.9649416e-01	1.5157476e-01	3.3903480e-02	-2.2190087e-01	7.4712016e-02	1.2527825e-01	5.6219351e-02	-5.2736241e-02	-6.4516068e-02	2.1277916e-01	2.0534107e-01	2.2326410e-02	3.3447299e-02	1.0001349e-01	1.5976682e-01	2.2722059e-01	7.8083172e-02	-3.9423600e-02	-1.4176023e-01	-3.3907894e-02	1.7438469e-02	-9.2414252e-02	-1.4071067e-01	3.0432288e-02	2.1582438e-01	-7.3632309e-03	1.3648775e-01	-2.3864204e-02	-1.9498495e-02	-3.8578950e-02	3.0552134e-01	2.8429639e-01	2.9541802e-01	1.6597030e-01	-1.5170859e-01	2.1753746e-01	1.3171472e-01	-3.4654696e-02	3.1720409e-01	3.3454484e-01	6.8865776e-02	-1.2250851e-01	2.4264984e-01	3.3449472e-03	2.7983642e-01	2.4494044e-01	1.9534604e-01	2.3354729e-01	-2.2081195e-01	-2.4896482e-01	1.8406796e-01	-1.9399488e-01	1.9898018e-01	1.2356065e-01	-1.8840143e-01	9.2508748e-02	-2.6936266e-01	2.6435003e-01	-2.7872214e-01	-5.8047663e-02	-1.2997459e-01	8.8702552e-02	6.1422852e-03	-9.3117483e-02	-2.7099371e-01	-6.4569716e-03	-9.9767514e-02	-4.8982501e-03	-2.7365652e-01	1.5739322e-02	-2.5872228e-01	-2.4455811e-01	-2.7470624e-01	1.0150823e-02	2.0221347e-01	6.7743659e-02	1.7275345e-01	-3.1102625e-01	8.7371007e-02	9.1235489e-02	-2.9225817e-01	2.3470743e-01	-8.9005411e-02	1.4429313e-01	-1.7218895e-01	-8.5343890e-02	1.4496389e-01	1.5284330e-02
6.8895698e-02	2.9294591e-02	8.3067864e-02	2.4518866e-02	-1.1956406e-01	1.6303244e-01	-4.0309701e-02	1.9314156e-01	1.5590651e-01	-1.9174126e-01	-4.0308130e-01	1.1956323e-02	3.1877261e-01	1.0681367e-01	-3.5668939e-01	3.1228924e-01	3.0516246e-01	-2.8533879e-01	-2.0411888e-01	-7.7594593e-02	-2.0879257e-02	1.2759247e-01	1.8865152e-01	3.0973402e-01	2.8435525e-02	2.8899056e-01	-7.3576677e-03	2.5228274e-01	-2.6758251e-01	8.7958597e-02	-3.3239409e-02	2.4741688e-01
