9
input	12
dense	32
relu	0
dense	32
relu	0
dense	32
relu	0
dense	1
linear	0
7.999999979801942e-06
-3.9097201e-02	3.3264477e-02	-2.1778004e-02	3.6948595e-02	-1.7844722e-02	-4.7852732e-02	-3.1660944e-02	-6.7280009e-02	1.6225183e-01	-6.5993384e-02	-4.0034227e-02	8.1732357e-03	-2.0416690e-02	-4.0136252e-02	4.3764925e-03	-3.2807551e-02	-4.3702569e-02	1.1591042e-02	-2.9497800e-02	-1.5667325e-02	-1.2866797e-02	-5.1209189e-02	-4.8462073e-03	7.9799292e-04	-1.8358603e-02	-2.8034382e-02	1.0722193e-01	2.8633321e-02	-3.0356551e-02	-6.5892018e-02	-2.6257239e-02	-1.7087070e-02
-2.8963929e-02	-5.9684906e-03	-4.3068569e-02	-2.1494020e-02	-4.6655171e-02	-1.2166240e-02	-1.6799714e-02	-4.1174442e-02	-2.8184438e-02	-3.8318768e-02	-2.7176153e-02	-2.1418471e-02	-6.0812771e-02	-8.6506447e-03	-1.5564230e-02	-1.2074577e-02	-2.4512706e-02	-1.5538026e-02	-1.8656919e-02	-1.6613590e-02	-6.5987580e-03	-4.5920130e-02	-3.3864196e-02	-2.7793469e-02	-1.0311746e-02	-3.3925086e-02	-2.6953485e-02	-7.3627561e-02	-2.4265340e-02	-5.5107754e-03	-4.6890024e-02	-2.6931850e-02
-2.8003449e-02	-6.2693842e-03	-1.3799051e-02	-7.3864465e-03	-3.2512736e-02	-3.0795176e-02	-3.5859276e-02	-1.2038733e-02	-1.4491726e-02	-1.9192258e-02	-1.2086719e-02	-8.6792018e-03	-1.0493576e-02	-1.5947798e-02	-2.0335479e-02	-1.3242005e-02	-5.9971651e-03	-1.0963265e-02	-1.2185238e-02	-1.7999547e-02	-1.1895148e-02	-2.3351580e-02	-1.3633109e-02	-1.7579414e-02	-2.8226959e-02	-2.5193444e-02	-1.3204378e-02	-2.7641587e-02	-1.7392701e-02	-1.8070288e-02	9.0406993e-03	-1.1796622e-02
-3.1491991e-03
-2.7363098e-01	-1.7061737e-01	2.3078367e-01	-3.2174695e-01	-6.4405426e-02	4.6295580e-02	-7.9338692e-02	-8.6918414e-02	2.6558048e-01	1.5537611e-01	-9.3384728e-02	1.6542774e-01	-3.0179343e-01	8.8694975e-02	3.5784072e-01	1.5278773e-01	-2.0312056e-01	-5.9259921e-02	5.1145729e-02	-1.8796973e-02	-7.1520485e-02	-3.7878892e-01	-2.2004937e-01	2.1250491e-01	1.2368073e-01	-1.4327505e-01	3.4885499e-01	1.2252587e-01	-7.7194043e-02	1.2169701e-01	-1.6350292e-01	3.4234130e-01	1.8021779e-01	1.0268196e-01	-7.5839370e-02	-2.3982590e-01	-2.4379782e-01	1.0617095e-01	2.8958222e-01	-3.1683686e-01	1.8125294e-01	9.6973134e-03	9.3009718e-02	2.4649478e-01	-3.2594599e-02	-3.0757826e-02	1.4998716e-01	-1.3382816e-01	3.3715320e-01	-9.0568542e-02	-3.5715488e-01	3.2546657e-01	1.4235711e-01	-1.7366420e-01	2.2908869e-01	-7.1868397e-02	2.7644318e-01	2.7201155e-02	-3.2728288e-01	-1.2278237e-01	1.6346578e-01	1.1108033e-01	-3.4035179e-01	2.5866207e-01	2.1293843e-01	1.6835345e-01	1.3657247e-01	3.2682347e-01	1.7488386e-01	-1.9069833e-01	1.7958342e-01	-7.0652619e-02	-3.3228832e-01	1.8785761e-01	3.0658337e-01	-1.5328238e-02	-1.8593931e-01	2.1604015e-01	3.8619572e-01	1.2072034e-01	-1.9356039e-01	-2.1124582e-01	1.4162080e-01	-1.7095499e-01	2.8067866e-01	-1.2500517e-01	3.2951948e-01	3.3724087e-01	1.0466032e-01	-2.6363644e-01	8.8676415e-02	-1.9025122e-01	-3.0240116e-01	1.6919880e-01	-1.2094920e-01	1.8344657e-01	2.8863537e-01	4.7470687e-05	-2.7598527e-01	-2.9906449e-01	2.7672851e-01	-3.2996437e-01	-2.4367528e-01	-1.5789795e-01	2.4799841e-02	-2.5082266e-01	-3.3475068e-01	2.1780916e-01	2.0303193e-01	2.8749436e-01	1.1532281e-01	1.4525160e-01	7.7002242e-02	1.0964426e-01	5.7583358e-02	3.2472441e-01	1.7208460e-01	1.6542268e-01	2.3161674e-01	-1.2338168e-03	4.1015423e-03	-1.5220754e-01	-1.1411726e-01	-3.5438678e-01	-4.8903890e-02	2.3896515e-02	2.8842786e-01	3.0225242e-02	3.6418512e-01	1.6381191e-01	2.0175859e-01	1.6011479e-01	9.5788695e-02	-8.6036630e-02	2.6585340e-01	-5.9904251e-02	-1.7848116e-01	3.0538261e-01	-2.5801051e-01	1.8606633e-02	-3.7148881e-01	5.6465551e-02	2.0803495e-01	1.8378049e-01	1.9748743e-01	1.0705231e-01	4.6407882e-02	2.1524343e-01	3.0748931e-01	1.1454367e-01	2.2480825e-01	2.6160619e-01	-2.4956553e-01	1.0484890e-01	-3.5634477e-02	-1.6369377e-01	-3.2863942e-01	3.5367716e-02	2.6436543e-01	-3.6324333e-02	1.4125501e-02	-1.4896463e-01	6.2196463e-02	-3.0737826e-01	-1.4056145e-01	-1.1766972e-01	-4.7035825e-02	2.8721592e-01	-2.5999081e-01	-2.4921958e-01	3.0036815e-02	-1.9266500e-01	2.1126028e-02	-3.0725372e-01	8.8680215e-02	-2.7173463e-01	3.7451327e-01	-5.1193729e-02	-1.9178563e-01	-7.1513049e-02	-2.2447157e-01	3.1118561e-02	-1.1439841e-01	-1.3750766e-01	3.1473652e-01	3.4789294e-01	2.8909928e-01	2.8244573e-01	-8.6616769e-02	3.6998197e-01	-3.0530372e-01	-2.2238481e-01	3.0901641e-01	-2.8920206e-01	-3.0226681e-01	-1.5612599e-01	2.3408212e-01	-6.4055122e-02	-1.0753675e-01	-1.9791642e-02	8.4359810e-02	2.8780258e-01	3.1437624e-02	1.8309300e-01	4.1367151e-02	1.2213340e-01	1.5809721e-01	-2.1899530e-01	-2.3796342e-01	3.5774571e-01	-3.0704188e-01	2.8796324e-01	1.4687711e-01	-2.8727120e-01	9.6468672e-02	1.1442978e-01	1.3639095e-01	2.5821018e-01	-9.8498262e-02	-2.2483121e-01	-3.4105343e-01	-2.4727300e-01	1.9594809e-01	-3.5042539e-01	-3.1225684e-01	-3.3562091e-01	-8.8057347e-02	2.4168712e-01	2.2110704e-01	2.0607163e-01	1.1893333e-01	-1.5768391e-01	3.3812022e-01	1.6504294e-01	5.2908581e-02	-9.0433126e-03	3.4795012e-02	5.5831902e-02	1.7566684e-01	-1.4574832e-01	-3.5611871e-01	-2.0666516e-01	3.6167943e-01	-2.1494474e-01	-1.7965297e-01	1.1248004e-01	-6.1624929e-02	1.6395864e-01	1.4300214e-02	-2.8295785e-01	-1.8729508e-04	-3.0752239e-03	-1.7081799e-01	2.2171894e-01	1.8374100e-01	3.3896124e-01	-1.7477228e-01	-1.6073723e-01	-1.1219991e-02	4.7054131e-02	-1.7945294e-01	-1.8138373e-01	-2.7226695e-01	-1.3134764e-01	3.6508328e-01	-5.1566191e-02	3.0318794e-01	1.2418299e-01	-1.5830041e-01	-1.7338344e-01	1.1253224e-01	2.7412391e-01	2.8574979e-01	2.4779039e-03	1.9407573e-01	3.2731410e-02	-1.1701278e-01	2.7320388e-01	3.4590557e-01	3.0169559e-01	-3.4712800e-01	-3.5588390e-01	-2.5675365e-01	2.9448119e-01	1.7890650e-01	-3.5372230e-01	8.0841430e-02	1.4542045e-01	-2.2732519e-01	1.4492677e-01	1.0557275e-01	-3.3983353e-01	1.9570571e-01	-2.0321232e-01	-2.5105593e-01	-2.9871094e-01	3.3555442e-01	2.4074893e-01	-1.3972607e-01	1.4013794e-01	3.3738065e-01	3.2092878e-01	8.7535530e-02	-2.3029659e-02	-3.5571694e-01	2.1505438e-01	1.5550688e-01	-3.3331332e-01	-2.4219108e-01	2.4054523e-01	-1.9557658e-01	-1.8717629e-01	1.4606108e-01	-2.8836256e-01	2.8472215e-01	-7.8410454e-02	-3.2624638e-01	-2.1850553e-01	-1.7322437e-01	2.6869988e-01	1.0062117e-01	-9.0924591e-02	-4.5987967e-02	-7.0603408e-02	-1.4433973e-01	-2.3599577e-01	-3.0243820e-01	4.0382784e-02	2.7702963e-01	-1.5520303e-01	-2.7336523e-01	-2.8617796e-01	2.6857579e-01	2.8806937e-01	-9.4464142e-03	-3.8569871e-01	-1.4717653e-01	-1.2315859e-01	-2.6871815e-01	-2.2196978e-01	2.9872081e-01	-2.9709676e-01	-2.4247897e-01	3.4930614e-01	7.1828470e-02	2.3206814e-01	1.7519696e-01	-1.9703488e-01	-3.6610681e-01	-2.2208424e-01	-7.5520940e-02	3.1424305e-01	-6.4638019e-02	-3.5381585e-02	-2.1015741e-01	-2.3128475e-01	-2.5112981e-01	-9.4674580e-02	1.0518835e-01	-4.6246108e-02	2.3201083e-01	2.9603061e-01	2.5834447e-01	-3.0301835e-02	1.6286600e-01	2.8999710e-01	-1.1224442e-02	1.0024800e-01	-2.4129558e-01	1.7675184e-02	7.4135661e-02	-1.0306582e-01	5.9610114e-02	3.3477166e-01	-1.4175682e-01	-3.6597154e-01	-3.2198107e-01	-3.0866289e-01	2.2671293e-01	3.1825700e-01	-1.6860884e-01	1.8869910e-01	1.2084717e-01	2.3229969e-01
-3.0081579e-02	4.5905244e-02	-2.9947159e-01	2.2287002e-01	9.4807111e-02	-1.2832332e-01	-8.7236457e-02	1.2769154e-01	5.5070035e-02	-1.6536750e-02	1.2465264e-01	4.6893708e-02	-3.0676866e-01	2.4167304e-01	3.4867641e-02	-1.5963538e-01	-1.2527053e-01	2.5197947e-01	6.3476255e-03	-1.6262117e-01	-2.3186408e-01	2.0112506e-01	2.2686882e-01	-1.5151161e-01	-2.4189444e-01	-1.3070101e-01	8.9142531e-02	-1.8571463e-01	5.6220186e-03	-2.9423910e-01	-1.7172979e-01	-2.4942257e-01	-1.0076849e-01	-2.5008234e-01	6.7791194e-02	-2.9207283e-01	5.2014496e-02	-1.8685377e-01	5.3134628e-02	9.5747501e-02	-1.3004012e-01	1.8419838e-02	-2.2191444e-01	-1.1891209e-01	-1.8082100e-01	7.9155646e-02	-2.3954259e-02	6.4710699e-02	-2.4269468e-01	-1.0022056e-01	-3.1782489e-02	7.3144428e-02	-6.3511753e-03	-1.3329518e-01	3.0166611e-01	-1.1521776e-01	1.6712202e-01	7.1343087e-02	2.1723668e-01	-2.7179670e-02	-2.4879369e-01	-1.6862899e-02	-2.7917516e-01	-1.3988465e-01	2.8109464e-01	-2.3692733e-01	-3.1785032e-01	-1.2110123e-01	-3.2309011e-01	1.6495319e-01	-1.2985712e-01	5.5038426e-02	9.2371427e-02	1.9854979e-01	-7.4110955e-02	-2.1036583e-01	2.6048613e-01	-2.4068527e-01	-1.0893363e-01	-1.9123380e-01	2.7896419e-01	-1.6205259e-01	-1.4229532e-02	2.4447235e-01	-1.3960579e-01	2.5112045e-01	2.4541682e-02	4.7125310e-02	1.0668883e-01	2.3423658e-01	-2.4387182e-01	-1.2556766e-01	-9.2832245e-02	2.0660309e-01	-5.0339568e-02	2.9188055e-01	2.7910000e-01	-4.6052642e-02	-1.3095346e-01	1.9878939e-01	1.1826225e-01	2.0788701e-01	8.0672637e-02	2.2244731e-01	-2.7367789e-01	2.0114319e-01	2.0307371e-01	-3.0927109e-02	-6.8577677e-02	2.2355236e-01	6.1944582e-02	1.9060943e-01	-4.1425504e-02	-2.6032144e-01	7.4809943e-03	9.6834414e-02	8.0223210e-02	6.2057067e-02	8.8717982e-02	-1.2743874e-01	-2.1577650e-01	-1.4662150e-01	2.1479031e-02	1.4863788e-01	6.6026695e-02	1.6703591e-02	1.8230273e-01	2.3272574e-01	1.3421214e-01	-3.3904785e-01	-2.6145723e-01	-3.8121256e-01	2.2053491e-01	2.7189171e-01	2.3218937e-01	1.3845906e-01	-3.6343902e-02	-3.0306715e-01	-2.1486513e-02	6.6731513e-02	-1.5474190e-01	9.1755867e-02	-3.0655283e-01	2.3237495e-01	9.7527355e-02	6.3214868e-02	1.8306310e-01	-1.1682943e-01	-2.1335663e-01	2.4538141e-01	-3.0434930e-01	2.0857900e-01	-6.0780842e-02	-7.5549535e-02	-2.9644892e-01	-1.8796074e-01	-7.3101722e-02	-1.3596673e-01	4.6653338e-02	-1.4663795e-01	-1.4899838e-01	-1.6929975e-01	-1.3103877e-01	-2.7115065e-01	-7.6162443e-02	-1.3634737e-01	-5.9619319e-02	1.4758469e-01	-3.0209604e-01	2.2725882e-02	1.9669084e-01	1.3601880e-01	-1.6881730e-01	1.4192182e-01	-2.3714040e-01	-1.7376311e-02	-2.2158413e-01	-3.3673976e-02	-2.1265361e-02	2.7358029e-02	2.1140936e-01	-1.9609680e-02	-2.2645222e-01	1.0096679e-01	-1.1722706e-01	1.8642756e-01	-1.9386354e-01	2.4562117e-01	-2.8504047e-01	-1.6281414e-01	2.9264125e-01	1.1290468e-01	-4.3986592e-02	-2.2253644e-01	7.9884984e-02	-2.3405668e-01	4.4025499e-02	-1.4792143e-01	-1.1134102e-01	1.3108197e-01	-5.6407515e-02	1.6923907e-01	-2.3047414e-01	2.9530835e-01	-9.4914310e-02	1.8042134e-01	5.1944628e-02	-1.8258287e-01	-6.4061619e-02	3.9533380e-02	-2.5013646e-01	-2.9159915e-01	-1.7832896e-01	-2.0349795e-01	-8.5135333e-02	-2.2689165e-01	2.0494479e-01	1.3041764e-01	-9.1755457e-02	7.0427307e-03	-9.1707679e-03	3.0478737e-01	-3.4813024e-02	1.9735251e-01	6.7482099e-02	-1.0874332e-01	-9.1626219e-02	9.3345441e-02	-2.9726720e-01	1.6928017e-01	-7.2590798e-02	-9.4936185e-02	1.4205743e-01	3.1163329e-02	-1.4580300e-01	1.0011192e-01	-1.7591599e-01	2.3557457e-01	-1.9580722e-02	2.8997818e-01	-2.8592432e-01	1.8202904e-01	-1.8548186e-01	-7.3772445e-02	-2.1739873e-01	-2.9410809e-01	-1.1834043e-01	6.6376582e-02	-1.7637482e-01	-2.3621547e-01	-8.0489954e-03	2.7752852e-01	-2.7662578e-01	-3.9406978e-02	1.6068041e-01	-1.3053216e-01	-2.7834666e-01	4.2274836e-02	2.8276145e-01	-3.1827432e-01	6.3787788e-02	-1.3969098e-01	2.6176205e-02	1.8596204e-01	1.0283825e-02	-2.6192346e-01	1.3658451e-01	2.2641583e-01	-2.0323911e-01	-1.3020524e-01	2.9440716e-01	2.2708299e-02	-1.5292759e-01	5.9058730e-02	1.4676274e-01	2.2733001e-01	-6.1834358e-02	-9.9372357e-02	-2.5861299e-01	-1.5254164e-01	1.2577657e-01	-3.3432271e-02	-2.6915807e-02	-2.5879729e-01	1.3044922e-01	-2.9369530e-01	-1.7877834e-01	-2.8811616e-01	5.1206402e-02	-1.6849172e-01	-1.0382862e-02	1.8428749e-01	7.4115418e-02	1.2522355e-01	4.5343697e-02	-2.2928710e-01	-1.1731331e-01	1.6210738e-01	9.2395276e-02	-2.7421367e-01	1.5586606e-01	7.5600691e-02	-1.3019925e-01	7.7043556e-02	-8.6710677e-02	-1.1806493e-01	-1.8788789e-01	-8.4759126e-04	2.4179830e-01	2.2255233e-01	9.8922737e-02	2.8488016e-01	2.5646329e-01	4.2302705e-02	-1.7209648e-01	-2.3207651e-01	8.8234194e-02	5.4047722e-02	-3.2042429e-01	2.4457236e-01	1.6645408e-01	-1.9767468e-01	1.8741760e-01	-1.9053304e-01	2.4937186e-01	1.4665185e-01	-2.4840565e-01	6.4261205e-02	-9.9355236e-02	-2.2871701e-01	-1.6099814e-01	-2.2870393e-01	-3.1531161e-01	1.8521674e-01	3.5585325e-02	-2.6008397e-01	1.7338952e-01	-2.5810972e-01	-2.5726399e-01	1.1650735e-01	-6.3208610e-02	1.3844214e-01	2.4086745e-01	-1.3781450e-02	2.6436839e-01	2.3538132e-01	-1.0044381e-01	-1.2825036e-01	2.7399176e-01	-2.0837082e-01	1.8911383e-01	2.6415566e-01	-2.5678590e-02	-1.3507743e-01	3.9483104e-02	-1.4307836e-01	-3.9266236e-03	-2.7321166e-01	-1.7215283e-01	-5.6795083e-02	-1.4170963e-01	2.6713976e-01	-6.1364215e-02	-1.1842143e-01	-1.2172568e-01	-1.8720043e-01	2.6991409e-01	1.3900672e-01	-2.8447804e-01	-8.0966875e-02	-3.2201216e-01	-1.1030392e-01	-2.2456276e-01	-1.5447390e-01	5.6053191e-02	1.2364775e-01	1.6845837e-01	2.9842532e-01	-2.6398766e-01	-8.5632131e-02	-1.8194680e-01	2.6282066e-01	1.3654199e-01	2.1950728e-01	-2.6140407e-01	-2.8910798e-03	2.9660478e-01	9.4052643e-02	-2.2868507e-01	1.7020151e-01	-9.9062353e-02	1.6003883e-01	-5.2498020e-03	5.6675173e-02	1.8757668e-01	-3.6661485e-01	-2.9388976e-01	-2.9308336e-02	-1.5716256e-01	-1.3872744e-01	1.4187378e-01	-2.4910199e-03	1.9223838e-01	-8.6250626e-02	-2.6935723e-02	4.1626617e-02	-2.0036799e-01	-2.0122020e-01	-1.2023877e-01	1.5209998e-01	-6.0415994e-03	2.7505437e-01	-2.7847064e-01	1.6999687e-01	-1.3167564e-03	2.1100858e-01	4.0129870e-02	-1.1239855e-02	6.7451440e-02	-1.6619168e-01	-1.9714992e-01	-1.0750975e-01	2.7897984e-01	9.7015940e-02	-1.1871138e-01	1.5133627e-01	2.4869937e-01	8.1551284e-02	-1.6581070e-01	-2.0436496e-01	1.9567610e-01	-1.1904652e-02	5.7877701e-02	4.4374134e-02	-2.4852838e-02	-8.2855821e-02	-1.9382201e-01	2.9698882e-01	-2.5505114e-01	-5.8187316e-03	8.7366946e-02	-1.4742249e-01	-2.4953340e-01	-4.2653207e-02	-8.2847528e-02	1.3643438e-01	-1.4513430e-01	2.5788289e-01	-2.2977591e-01	-2.6158503e-01	1.5150769e-01	-3.1193686e-01	1.5044874e-01	-6.7475118e-02	-8.5692350e-03	2.4255203e-01	-1.6371143e-01	-1.7989360e-01	-3.0820686e-02	1.4844073e-01	-1.6646957e-01	1.8242401e-01	-9.8053351e-02	-6.1454505e-02	1.2110752e-01	-4.2903852e-02	-1.6438214e-02	1.1370672e-01	-2.2591861e-01	-2.2877608e-01	-1.2997310e-01	1.1851549e-01	2.6917216e-01	-3.0506212e-01	-1.4568496e-01	-2.1586312e-01	-8.7599337e-02	2.4292535e-01	8.0939420e-02	-1.8992320e-01	2.4713412e-01	-1.6723454e-01	1.2881775e-01	1.6772598e-01	-1.0816004e-01	-2.9291293e-01	-3.0624481e-02	2.3939463e-01	-3.9752263e-01	-3.9627437e-02	-1.4034429e-01	-1.1979754e-01	1.6282722e-01	2.3462686e-01	-2.6304957e-01	-3.0977073e-01	-5.1522065e-02	-2.8587911e-01	-8.5363984e-03	-1.1802812e-01	2.6333681e-01	3.9343264e-02	-2.2105053e-01	-2.9082188e-01	-1.1079736e-01	-9.1572493e-02	-3.0451265e-01	2.2345015e-01	1.7094764e-01	1.5422547e-01	2.6561535e-04	2.0799917e-01	2.7283314e-01	9.5751122e-02	1.8930812e-01	-1.7629336e-01	-2.9445189e-01	1.3721420e-01	1.7321049e-01	-9.3617849e-03	-3.1746444e-01	-2.6151410e-01	-2.6778966e-01	-2.1986263e-01	1.0569602e-01	-1.2940367e-01	2.7421537e-01	9.8756470e-02	-8.9327991e-02	-1.0059301e-02	-2.9359588e-01	1.4495857e-01	2.2259673e-01	8.1913792e-02	-7.0792370e-02	-1.1834741e-01	-2.0530489e-01	8.8224202e-02	1.1574233e-01	-2.4033655e-01	8.0544084e-02	-1.5420081e-01	-1.6166708e-01	6.0507685e-02	2.6899615e-02	-7.4526660e-02	-1.6024388e-01	-3.3318964e-01	-2.5257534e-01	2.2529656e-01	1.4136419e-01	1.8702947e-01	-6.0840432e-02	8.7635219e-02	4.1705087e-02	-1.9013616e-01	1.8867984e-02	2.5562328e-01	-1.3241720e-01	1.7080048e-01	2.2854853e-01	2.0668332e-01	-1.8769169e-01	1.3579725e-01	2.2754967e-01	-2.2472003e-01	1.8135835e-01	1.8210022e-01	2.2587715e-01	-1.4761764e-01	1.1638595e-02	-2.0283952e-01	-1.1400955e-01	-6.1672863e-02	1.3659620e-01	-2.4152112e-01	7.5807728e-02	2.1102326e-02	-2.2110008e-01	-1.5416852e-01	2.8927964e-01	2.9909182e-01	1.4007790e-01	3.4187522e-02	-1.4275041e-01	1.2203223e-01	4.4080094e-02	-1.6933791e-01	1.2127455e-02	2.7190146e-01	-2.3994593e-01	1.1451523e-01	4.7302298e-02	-4.1338358e-02	8.0978215e-02	-2.0739424e-01	-2.3150124e-02	-1.6780186e-01	-1.0812321e-01	-2.7953738e-01	-2.7737954e-01	1.7374869e-01	-7.4570708e-02	-1.3479167e-01	1.6147543e-01	7.6221831e-02	2.2116056e-01	-3.2227245e-01	-6.1560277e-02	-1.1648533e-01	2.0918079e-01	-1.5732537e-03	-4.2485226e-02	6.6644378e-02	2.9163375e-02	-2.3118978e-02	-2.7448440e-01	1.5815882e-01	-6.5987788e-02	-1.4544424e-01	2.1824647e-01	-8.8595457e-02	2.1599796e-01	-2.2098818e-01	2.2605352e-01	-1.8902840e-01	6.6696435e-02	2.3144236e-01	-1.1073594e-02	1.5494877e-01	5.0937794e-03	1.3665839e-01	5.7325933e-02	-2.4232721e-01	-1.2536715e-01	-1.5651099e-01	-1.9524778e-01	9.4853245e-02	2.7806011e-01	-2.3613825e-01	-8.0283001e-02	8.6287409e-02	-3.6003268e-01	1.2565105e-01	-3.3233184e-01	-1.0378836e-01	-1.1499744e-01	-6.9695808e-02	-5.4735545e-02	8.6166196e-02	-4.1308429e-02	-2.8335449e-01	2.1885739e-01	-1.9508880e-01	1.1273899e-01	-3.0216679e-01	3.4373596e-02	-2.9437950e-01	1.8838951e-01	1.8284163e-01	-1.8789943e-01	-9.7912908e-02	9.4852455e-02	2.7650717e-01	1.6267935e-03	-1.8280415e-01	-2.2060876e-01	-2.6465607e-01	-1.4830078e-01	-2.6682917e-02	8.0560647e-02	2.2963008e-02	1.9313045e-01	-1.8635347e-01	1.0318589e-02	7.8304753e-02	-3.2113016e-01	2.8718150e-01	3.0413851e-02	-1.4322595e-01	1.0045996e-01	-1.8402621e-01	4.9145583e-02	-2.5166184e-01	1.9788007e-01	-7.6470084e-02	-2.1896017e-01	1.3988180e-01	-2.1834239e-01	-2.6510987e-01	-1.4990255e-01	-1.3048412e-01	-2.7545714e-01	4.8815455e-02	2.0287523e-01	1.9832970e-01	2.5163370e-01	1.8185587e-01	1.7628744e-01	-1.9245803e-01	1.8244721e-01	2.5650065e-02	-1.6546451e-02	3.4680601e-02	9.9940568e-02	8.3923154e-02	1.5811883e-01	8.4884360e-02	-5.4595090e-02	-4.2732619e-02	-1.1391339e-01	1.6618256e-01	-2.0581752e-01	-7.9590909e-02	-6.6025071e-02	2.0560011e-01	2.4497171e-01	1.0573125e-01	-4.6253256e-02	-6.7588419e-02	-9.2873216e-02	4.1617297e-02	-1.9510686e-01	1.9325340e-02	4.5103546e-02	2.0432453e-01	1.7818704e-01	-1.4038819e-01	2.0453338e-01	2.2884612e-01	2.0677108e-02	-2.9222769e-01	-2.1081161e-01	-2.0650861e-01	-1.1601704e-01	1.3389057e-01	-2.6380956e-01	-2.1351406e-01	2.6162866e-01	-2.4927564e-01	8.3556650e-03	8.8738196e-02	2.7758938e-01	-2.4008772e-01	-2.5107148e-01	-9.5688440e-02	1.6038182e-01	-1.6671166e-01	2.4807824e-01	2.1402931e-01	-9.7095653e-02	8.2613692e-02	-9.7432345e-02	-2.7167338e-01	1.7443250e-01	1.8374929e-01	-1.9386965e-01	2.6912299e-01	1.6951809e-02	-2.1532510e-01	-2.1807547e-01	-1.4715126e-02	-3.5050428e-01	9.6367009e-02	-1.6198941e-02	-2.2974408e-01	2.1996617e-01	3.2783054e-02	2.9724303e-01	1.8216200e-01	-1.7260000e-01	-2.4598724e-01	1.7081252e-01	1.8014878e-01	-6.6713467e-03	2.4063487e-01	-8.1792399e-02	-1.0036228e-01	2.4515295e-01	7.2477676e-02	6.3118339e-02	-1.3045619e-01	2.1362445e-01	-1.9121735e-01	-1.4949526e-01	1.0701036e-01	-1.7288411e-01	-7.7728070e-02	6.4084269e-02	2.0354474e-01	-1.6671012e-01	-2.4324204e-01	-2.8777775e-01	-1.4575362e-01	-2.4566188e-01	-4.7983646e-02	-2.5151619e-01	1.5799160e-01	-3.0901608e-01	1.0348517e-01	2.7233616e-01	-3.2107288e-01	-1.3928346e-01	6.7057624e-02	-1.1251882e-03	-2.8492135e-01	2.1444157e-02	1.5455709e-01	3.6617979e-02	2.7003014e-01	-3.2471210e-01	-3.4521797e-01	-5.6712206e-02	-1.5003543e-01	-8.8501826e-02	-2.6871577e-01	-1.1877732e-01	8.7399088e-02	2.3771478e-01	-3.0949080e-01	-1.3257329e-01	1.5707602e-01	2.4338679e-01	-1.5050301e-01	-6.5701924e-02	-6.1453380e-02	-1.2738073e-01	1.3789022e-01	1.1793124e-01	1.1677613e-01	2.0755808e-01	5.0113894e-02	-1.2515131e-01	2.6176887e-02	-2.9735500e-01	8.4127344e-02	2.1681254e-01	6.4459555e-02	-6.6204728e-03	-2.2761282e-01	5.9584114e-03	2.1133588e-01	-5.2216589e-02	2.4571188e-02	-6.5878280e-02	1.6897385e-01	-7.2842754e-02	6.8616807e-02	-1.1525426e-01	4.6783932e-03	-2.7611876e-01	3.0063123e-01	-8.4187761e-02	-5.0722402e-02	2.7811345e-01	-2.3324355e-01	-2.8576711e-01	-2.5126812e-01	-7.3193096e-02	-2.3871194e-01	2.1650074e-01	-2.7755427e-01	2.0192978e-01	-1.5852122e-01	-1.5523489e-01	2.3164591e-01	-1.5436561e-01	1.1209717e-01	1.9225326e-01	-2.8470495e-01	-1.6117884e-02	6.5748930e-02	4.9904283e-02	-3.8983067e-03	2.2836244e-01	1.1792580e-01	1.9071001e-01	3.0566586e-02	6.0488973e-02	-2.4909295e-02	-3.8634077e-02	-7.5810716e-02	-9.9156439e-02	-2.8326029e-01	-2.7777094e-01	-2.8849623e-01	-2.6224482e-01	-1.2112971e-01	-2.4942254e-01	-2.7461985e-01	1.6758987e-01	1.6402918e-01	-2.9232022e-01	2.1688648e-01	-1.2246171e-01	-1.5382195e-01	5.4610956e-02	2.0151913e-01	2.4180253e-01	-3.5623223e-01	-1.5308529e-01	2.6898265e-01	1.8621388e-01	1.6390201e-01	-2.8951502e-01	-1.3232642e-01	4.4671278e-02	1.7670019e-01	-4.5957245e-02	-1.2070960e-01	-9.3028121e-02	7.4524973e-03	-1.2347786e-01	-1.7674066e-01	-1.1905560e-01	-1.8851127e-01	4.7271758e-02	1.8228482e-01	-2.7308601e-01	1.8976656e-01	1.4715311e-01	-3.2673370e-02	1.6714746e-01	-2.0134015e-02	7.8863636e-02	2.6686329e-02	-1.7426047e-01	-2.4682544e-01	1.5974502e-01	-6.7550339e-02	-1.0171700e-01	-7.7989846e-02	1.5197654e-01	1.2705237e-02	-2.6466236e-01	-2.7770159e-01	-1.9967778e-01	4.5804083e-03	-1.1314666e-01	9.3185484e-02	-5.7120144e-02	-1.9535747e-01	-1.2329346e-01	2.8942507e-02	-1.0965109e-02	1.3082439e-01	-7.1522146e-02	-1.4482728e-01	-1.5761189e-01	-3.3585217e-02	-2.9833624e-01	-8.1663311e-02	1.4243591e-01	-2.2372009e-02	-2.6465535e-01	1.6328974e-01	2.3837401e-01	1.3970146e-01	1.9323826e-01	1.5243500e-01	-4.3882433e-02	-2.4216451e-01	-2.6063928e-01	-1.6563703e-01	-4.9040172e-02	9.3642749e-02	-3.0789992e-02	2.7164200e-02	-2.0863348e-01	-1.0148357e-01	1.8736859e-01	6.4126357e-02	9.5363088e-02	-7.3421471e-02	1.1444099e-01	5.2412599e-02	-1.0093997e-01	-6.7845203e-02	1.2982824e-01	3.7650533e-02	1.9332573e-01	2.1623030e-01	1.3143992e-02	2.0484988e-01	-9.3886949e-02	4.3073040e-02	-1.4999874e-01	1.2650982e-01	5.3593703e-02	1.8938103e-01	1.1331961e-01	2.3906557e-01	-3.8899172e-02	3.5459217e-02	-8.7104715e-02	-1.2795480e-01	4.9520288e-02	1.6805826e-01	2.0285034e-01	4.5193348e-02	-8.5782766e-02	-1.4793970e-01	-2.2809109e-01	-1.9717340e-01	-5.9720621e-02	2.4526331e-01	-2.4221988e-01	-5.8669159e-03	-8.4303610e-02	-1.2787895e-01	-1.5016115e-01	1.4101885e-01	2.6365358e-01	1.6144857e-01	1.2932694e-01	-1.6488275e-01	-1.8413280e-01	-2.1742992e-02	-1.3990653e-01	2.3001765e-01	9.5465429e-02	-1.7767897e-01	5.8976226e-02	-1.4639357e-01
1.2845902e-01	-2.5953358e-02	2.9193270e-01	-1.8768783e-01	-2.8372407e-01	-6.5905809e-02	1.3949496e-01	-6.7847028e-02	-6.5987259e-02	1.5643173e-01	2.6908112e-01	7.6090127e-02	2.0533203e-01	2.9261120e-02	-3.1148896e-02	1.2492055e-01	-2.7017534e-01	2.4162598e-01	1.0941751e-01	-2.0438506e-01	-1.8235591e-01	-1.5149600e-02	1.0731858e-01	1.3184074e-01	2.3386836e-01	-3.1610611e-01	3.0037612e-01	-1.7179416e-01	-1.4814222e-02	2.5824219e-01	-1.3283400e-01	-1.4185365e-01	1.7389430e-01	2.7225377e-02	-7.1965560e-02	-1.2296092e-02	6.2890753e-02	-9.9453248e-02	-2.1287309e-01	7.6595403e-02	-3.7991993e-02	6.0486127e-02	-2.2105198e-02	2.2207624e-01	1.7193151e-01	2.3123826e-01	-1.7809463e-01	-2.7596477e-01	-3.0377002e-02	1.9942926e-01	9.1234177e-02	-2.8038326e-01	-5.8970312e-03	7.4961960e-02	1.0746082e-01	2.2645505e-01	-1.4658616e-01	1.9252807e-01	2.8943077e-01	7.5347102e-03	2.9574990e-01	1.6014022e-01	-1.6608775e-01	2.0488083e-01	-2.0232084e-01	2.3208727e-01	-2.6943028e-01	-2.0638517e-01	-1.7068972e-01	1.4774944e-01	-2.1373454e-01	2.7840468e-01	-1.3977294e-01	1.0879403e-01	-4.7117949e-02	-1.8661278e-01	1.2376100e-01	-1.6605926e-01	2.7273175e-01	4.2390823e-04	-2.9970911e-01	3.9896656e-02	-8.9601025e-02	2.0940442e-01	-2.2511825e-01	9.7003728e-02	-2.6452637e-01	-2.8763291e-01	1.0568783e-01	-1.3483629e-01	2.9389694e-01	2.1268123e-01	-2.7792495e-01	-5.8777034e-03	6.6784903e-02	4.6520855e-02	1.6125037e-01	-9.4293289e-02	1.5841550e-01	1.9858316e-01	3.0547446e-01	-8.3106004e-02	3.8602918e-02	2.2662853e-01	5.9994459e-02	-1.8002348e-01	1.8335202e-01	-2.3433501e-01	1.1084456e-01	1.8017590e-01	1.8103020e-01	1.0955101e-01	-1.6362078e-01	-6.5719530e-02	-1.8662402e-02	-7.3534183e-02	1.8484099e-01	-5.8244612e-02	-2.2827068e-01	-1.3944225e-01	1.9559841e-01	-2.7788339e-02	2.8019410e-01	1.0416259e-01	2.9666531e-01	1.0670847e-01	4.3716352e-02	-1.4531910e-01	-2.7704147e-01	2.4468048e-01	1.9954126e-01	2.7218062e-01	2.4343482e-01	-8.8587515e-02	3.3753377e-01	-2.3621434e-01	2.1251896e-01	1.3202614e-01	5.0646923e-02	1.4038554e-01	2.8195077e-01	4.7027543e-02	2.7538130e-01	2.8626329e-01	-2.1319117e-01	1.6036971e-02	1.2215895e-01	-2.4915461e-01	-2.1533893e-01	2.3367426e-01	-2.2750217e-01	2.7186674e-01	-1.4628826e-01	-1.2050819e-01	2.5732142e-01	-1.8938625e-01	1.9538894e-01	-2.4613707e-01	-2.6272023e-01	-1.4967594e-01	6.9726691e-02	-1.3165300e-01	-2.5528800e-01	-7.0781879e-02	-2.1827382e-01	9.5161632e-02	-2.1598145e-02	2.4626651e-01	2.7307117e-01	2.7950415e-01	1.6791016e-01	1.7294342e-02	-2.5168222e-01	2.0617448e-02	-6.9137558e-02	6.3220948e-02	1.3377175e-01	-2.8972682e-01	-7.7934392e-02	4.6211448e-02	-1.2948966e-01	1.4262673e-01	-4.1686408e-02	1.5951318e-01	-1.1209868e-01	7.6956704e-02	-2.7344260e-01	-2.1651059e-01	-2.4658303e-01	-3.6470372e-02	7.7118143e-02	-1.9790782e-04	2.2671275e-01	-1.6771592e-01	1.9062220e-01	-2.9929832e-01	-1.6967751e-01	1.0287686e-01	-8.6982794e-02	1.0966924e-01	-5.9540614e-02	1.8487702e-01	2.6509708e-01	1.1782371e-01	2.5163126e-01	-1.2895689e-02	2.0436388e-02	2.4252479e-01	-2.0673741e-01	2.2745880e-01	-1.4913836e-01	-1.6919793e-01	9.6282668e-02	-1.7765297e-01	-7.3902063e-02	-3.0681890e-01	1.5061912e-01	5.5443775e-03	-1.4481956e-01	6.3603766e-02	2.1173389e-01	-1.6592449e-01	8.5702434e-02	-2.4045396e-01	-1.7850475e-01	-2.3856233e-01	1.3430932e-01	6.4783491e-02	7.7748127e-02	3.3919282e-02	1.3859820e-01	-1.8534814e-01	1.0912078e-01	-1.3585950e-01	-9.7824402e-02	-2.4978113e-01	2.0812963e-01	1.4452212e-01	-2.4318920e-01	1.5651567e-01	2.1003008e-01	-1.5769729e-01	-1.5704302e-02	1.7157340e-01	-1.3282917e-01	1.4995663e-01	-1.5317024e-01	3.7837487e-02	-1.7170191e-02	-2.3385510e-01	6.3580744e-02	-5.4487355e-02	-8.9573607e-02	-2.5927467e-02	1.0901436e-01	2.4367595e-01	-3.2815903e-02	6.9518030e-02	2.9021418e-01	6.5829724e-02	-1.9614479e-01	-1.1004025e-01	8.1485108e-02	1.7084867e-01	-2.6339099e-01	4.6511579e-02	2.3315148e-01	2.7637520e-01	2.4451622e-01	-2.0452794e-01	1.5506917e-02	-4.6449035e-02	-2.1031398e-01	-2.2516499e-01	-2.0968246e-01	4.5757178e-02	-2.6872844e-01	-4.4049714e-02	-3.1885594e-02	-1.1358615e-01	-2.0602854e-01	-2.8331861e-01	8.2386583e-02	1.4889550e-01	-2.2946659e-01	7.6823346e-02	-1.2021760e-01	2.3524441e-01	1.9894944e-01	-1.2341242e-01	-1.4858212e-01	-5.0521754e-02	-2.6758659e-01	1.4505741e-01	2.3333213e-01	-5.2249476e-02	-1.4722955e-02	-2.7461058e-01	5.7898540e-02	-9.6273422e-02	2.0542254e-01	-1.3623726e-01	1.1817592e-01	-3.1102538e-01	-2.7855796e-01	2.1296835e-02	-1.5670705e-01	-2.4962706e-02	2.0128466e-01	2.0792699e-01	2.4328637e-01	1.3962413e-01	1.2600286e-01	-8.3745800e-02	1.0321939e-01	1.1619452e-01	-8.3119825e-02	-7.4019782e-02	-4.8240881e-02	1.1676118e-01	2.6855305e-01	2.2445109e-01	5.9708215e-02	-3.2381095e-02	-1.2030519e-01	1.5714502e-01	-2.6017025e-01	-2.2484757e-01	1.3677785e-01	-1.7014161e-01	8.1163250e-02	2.1599573e-01	-5.7522122e-02	-2.1463434e-01	-1.7492038e-01	8.6326510e-02	-9.5331341e-02	8.7247804e-02	1.4888594e-01	-1.8513805e-01	-1.8270829e-01	-2.3823076e-01	-2.9093200e-01	-2.2156599e-01	4.0269922e-02	-8.4570110e-02	-2.1943916e-01	1.4184727e-02	2.8505882e-02	-2.2063410e-01	-1.0054976e-01	-2.5672230e-01	2.2301833e-01	2.7398670e-01	1.7996190e-01	1.2051408e-02	4.2670105e-02	-3.1068036e-01	-1.3374028e-01	1.8549578e-01	8.6578123e-02	-1.0702072e-01	2.1360983e-01	-1.7949215e-01	2.4808651e-01	-8.6655602e-02	3.4649432e-02	1.9113789e-01	1.1548100e-01	1.4443721e-01	1.2299274e-01	2.6957405e-01	-1.1628024e-01	2.2608340e-01	-1.3215348e-01	7.1073495e-02	2.5825375e-01	2.8939636e-02	2.3966272e-01	1.0123000e-01	1.9574946e-01	8.6944327e-02	2.7191398e-01	-2.6906028e-01	1.0128719e-01	1.8470834e-01	2.6796797e-01	2.1890409e-01	1.3973624e-01	-6.1632577e-02	2.3864920e-01	1.3729164e-01	-4.7053661e-02	2.8967373e-02	-3.0451080e-01	-1.3665087e-02	2.9777625e-01	6.9835298e-02	2.4231550e-01	1.4944644e-01	-7.5009704e-02	5.3437918e-02	-1.0492211e-01	6.1005887e-02	-2.0338143e-03	7.6617926e-02	1.4374383e-01	-1.2625493e-01	-7.5458527e-02	3.6144637e-02	2.7903178e-01	-1.3030753e-01	8.7031044e-02	1.1725093e-01	5.9398077e-02	-2.6583067e-01	4.4706617e-02	2.0754758e-01	1.8772915e-01	-1.7867094e-01	2.0257154e-01	-6.2277410e-03	-1.0630626e-01	-2.6186165e-01	2.6777107e-01	2.2993189e-01	2.6208833e-02	-7.8738675e-02	1.9947454e-01	-2.8663260e-01	2.4056517e-01	3.2314185e-02	-2.7177176e-01	-2.4145667e-01	-2.2774076e-01	-1.5456247e-01	8.2755312e-02	-8.4993914e-02	2.0754561e-01	2.5510952e-01	1.0620768e-01	2.5782201e-01	-4.7278024e-02	3.0235821e-01	-8.4867619e-02	-6.8661511e-02	1.3847511e-01	2.7667612e-01	9.0597890e-02	-5.3921711e-02	-1.0986522e-01	1.5226187e-01	-1.8078592e-02	1.1086907e-01	-2.8282681e-01	-1.5574518e-01	2.5850490e-01	-3.3675991e-03	1.0376485e-01	-2.4071018e-01	2.1517876e-01	-2.9081854e-01	-5.0066388e-03	2.1176459e-01	7.3873430e-02	-2.7658406e-01	-2.7307832e-01	1.4319457e-01	1.6338854e-01	6.0931340e-02	1.0018596e-01	-2.3229384e-01	-2.2233018e-01	2.3930304e-01	-1.6891807e-02	-2.6533112e-01	-1.8468036e-01	5.4699037e-02	1.7859748e-01	2.7844200e-01	-2.4632742e-01	6.2783778e-02	-1.1885054e-01	4.1204942e-03	2.7094194e-01	-2.5560063e-01	-7.5531788e-02	-1.4246124e-01	-2.4507292e-01	-9.6859634e-02	-2.0029584e-01	-1.5890570e-01	2.3762777e-01	-3.1774066e-02	-1.4283432e-01	2.9683065e-01	1.7464909e-01	2.0139110e-01	-5.5488542e-02	-1.2396231e-01	9.0232253e-02	1.9122057e-01	-2.8268105e-01	8.2869686e-02	-2.7003664e-01	-2.0861372e-01	-1.5310274e-01	-1.5218185e-01	-7.0286296e-02	-2.6616290e-01	1.6471526e-01	4.3986561e-03	-2.5065893e-01	2.5761059e-01	1.6054755e-01	3.1461943e-02	2.8550005e-01	2.7010062e-01	1.3213794e-01	-2.0398012e-01	-2.0734043e-01	1.4180037e-01	2.2666444e-01	-1.2637313e-01	2.1175556e-01	-2.0020786e-01	2.5594801e-01	9.0842746e-02	1.9913885e-01	1.7092788e-01	2.2880150e-01	1.2168306e-04	4.3413244e-02	1.0741817e-01	2.2304660e-01	-1.3490415e-01	-1.2493387e-01	2.7156295e-02	-2.6500216e-01	2.2699751e-01	-4.1166786e-03	6.4328328e-02	-1.0777280e-01	2.4882056e-01	1.9907266e-02	-2.5574613e-01	-2.1003892e-01	-1.8279511e-01	-1.5800720e-01	2.2530851e-01	1.0082316e-02	-1.2862115e-01	1.6332594e-01	-2.3944870e-01	1.7065544e-01	-6.0792692e-02	-8.3830342e-02	1.8375443e-01	3.0413616e-01	2.4428262e-01	8.8809527e-02	-4.6852589e-02	3.0023146e-01	-6.1239470e-02	2.0770375e-01	2.8363445e-01	1.8253683e-01	2.3465028e-01	-6.3557245e-02	-2.7194333e-01	-2.7497229e-01	-5.8766600e-02	2.1566832e-01	-9.1474233e-03	1.7479065e-01	7.4620411e-02	-2.8525826e-01	1.3532611e-02	1.3990092e-01	2.5929460e-01	-2.3092285e-01	2.2401248e-01	-2.8752921e-02	7.1585305e-02	-1.1767977e-01	2.8625488e-01	-1.1296526e-01	-2.7488992e-01	-2.2211899e-01	-3.1302789e-01	2.0695177e-01	1.0349621e-01	-2.6654771e-02	-1.4874502e-01	-2.6022652e-01	9.1754034e-02	6.7804091e-02	2.3020470e-01	-2.1891093e-01	-1.7988303e-01	7.3873915e-02	-4.7699470e-02	-8.2629137e-02	-4.1746430e-02	9.7668327e-02	-4.9738795e-02	-2.1922111e-03	6.8486952e-03	-2.2592160e-01	-8.4515335e-03	4.2168576e-02	-2.1045664e-01	1.5025188e-01	-8.0746606e-02	8.1276998e-02	-4.4508815e-02	-2.7163276e-01	1.9197135e-01	1.7611791e-01	2.5998425e-01	2.3444726e-01	2.6782939e-01	9.4620571e-02	-1.5953644e-01	3.2285255e-01	2.6873651e-01	-1.3246207e-01	7.0980161e-02	-1.9316827e-01	2.4906759e-01	-3.6930569e-02	2.2182699e-01	-1.3615616e-01	1.1724000e-02	2.9387924e-01	-2.4081214e-01	-2.2344607e-01	1.4845110e-01	-1.3780266e-01	1.0512890e-03	2.9067916e-01	-9.5851518e-02	2.2698675e-01	2.0109633e-01	2.2797385e-01	2.8514999e-01	-1.7291884e-01	1.3466345e-02	-9.6445851e-02	-1.3943736e-01	-1.9950198e-01	-2.1649840e-01	2.7058667e-01	-9.8351173e-02	1.9475414e-01	-2.8605923e-02	-2.1126239e-01	-2.7193540e-01	-1.5190718e-01	-1.5839730e-01	-1.5545759e-01	2.4809779e-01	-2.6256996e-01	-3.0689657e-01	1.2180720e-01	-6.9219270e-03	2.1332483e-01	1.7964718e-01	-2.5074473e-01	-1.8773571e-01	-2.5200424e-01	-1.7613828e-01	-4.9393855e-02	4.3593459e-02	-1.0026734e-01	-2.3378650e-02	-1.4318518e-01	1.7482594e-01	-1.0606489e-01	-6.2770166e-02	-6.8208273e-03	2.4768993e-01	3.9497718e-02	3.1020209e-01	-2.5429207e-01	-2.4080613e-01	-2.5285727e-01	2.0216922e-01	1.2022103e-01	-1.5919125e-01	-2.9368794e-01	-1.9556263e-01	-1.1297904e-01	1.2729196e-01	1.5466739e-01	1.6688590e-01	-1.4258111e-01	2.7285463e-01	3.0228695e-01	2.3461869e-01	-3.3751929e-01	-5.9967827e-02	-2.0237130e-01	1.5196878e-01	-3.6360163e-02	-2.0165853e-01	4.5872267e-02	-2.2476822e-01	9.0570763e-02	-1.8495312e-01	-2.1616724e-01	-1.2558685e-01	-1.7029335e-01	-2.2739004e-01	6.0465019e-02	1.9009354e-02	2.0259716e-01	1.6932543e-01	1.0736471e-01	1.7717414e-01	-4.3364909e-02	-5.3188201e-02	1.1701389e-01	-1.1805080e-01	1.5727383e-01	1.1139629e-01	7.4828707e-02	1.0498843e-01	2.4703038e-01	1.4714243e-01	-1.6479519e-01	-2.0752488e-02	-1.5895776e-01	1.7615589e-01	6.8709224e-02	-1.1557525e-01	1.1457440e-01	1.3928552e-01	2.1365471e-02	1.1456641e-01	-1.0692520e-01	-1.6438989e-02	-1.7419235e-01	-2.5389338e-01	5.5467747e-02	3.2035947e-02	-2.4225284e-01	2.1070100e-01	1.6951849e-01	-1.5377719e-03	-6.5725200e-02	2.1117106e-01	-4.6358607e-03	-5.2814148e-02	1.0839380e-01	-4.8635539e-02	-6.5547079e-02	5.3155195e-02	4.8961319e-02	1.0901628e-01	-4.1338146e-02	-1.1272747e-01	5.8848061e-02	3.0842537e-01	-2.0395271e-01	1.3756879e-01	1.3470420e-01	-2.2167067e-01	-2.2322516e-01	2.7092263e-01	-1.5075722e-01	1.1192908e-02	2.7801469e-01	-3.0410174e-01	-8.4342189e-02	5.1526070e-02	2.9644924e-01	-3.1213140e-01	2.4907410e-01	1.1403231e-01	-2.5785562e-01	-2.7282077e-01	2.4434336e-01	-3.1404484e-02	1.4658886e-01	-5.7120547e-03	1.2397854e-01	1.2002847e-01	-2.4289884e-01	-3.0723509e-01	2.4367428e-01	-2.8092289e-01	1.7493793e-01	-2.8579634e-01	-2.3440185e-01	-2.0996790e-01	2.4862620e-01	2.6844415e-01	-8.2778491e-02	-8.5516192e-02	-8.6218111e-02	2.7947691e-01	2.0007597e-01	-2.9067725e-01	4.4744585e-02	-1.1521491e-01	3.1197051e-02	-9.3350090e-02	-2.8372658e-02	-1.0904792e-01	7.9792906e-03	-2.3004350e-01	5.2453792e-03	7.1100585e-02	-7.8167230e-02	8.6983956e-02	-1.4400378e-01	-4.1171491e-02	-1.1961204e-02	-1.8426089e-01	-1.5112387e-01	2.6362112e-01	2.5652653e-01	-1.3480525e-01	-6.5611392e-02	-9.4474621e-02	1.7385721e-02	7.5921506e-02	-1.1874871e-01	-2.0816258e-01	2.2007827e-01	1.2882546e-01	1.3851434e-01	-2.6884952e-01	-5.0550867e-03	2.3756419e-01	-2.2388501e-01	7.6093532e-02	-5.7779800e-02	1.3037960e-01	2.4265155e-02	1.4768448e-01	1.1897991e-01	-1.5969594e-01	-4.0641804e-03	9.0005644e-02	-2.3099320e-01	2.6125404e-01	-1.9162962e-01	4.9410921e-02	6.8375603e-03	2.0357803e-01	-1.1655894e-01	-4.5643665e-02	-9.7538777e-02	2.6364002e-01	1.8803531e-01	-1.3971335e-01	-2.8543133e-01	1.3267189e-01	9.4105467e-02	2.5491858e-01	-1.4624667e-01	1.3888833e-01	-4.4198409e-02	-5.8750920e-02	2.4671933e-01	-1.4307950e-01	-1.9795257e-01	-1.6689013e-01	5.1649615e-02	-2.3392802e-01	2.0807493e-01	-1.9052716e-01	-2.3291506e-01	1.0779259e-01	2.6540452e-01	-4.5660354e-02	2.1149606e-02	2.9111293e-01	-8.0968894e-02	-5.9140425e-02	1.9887424e-01	2.3577543e-01	-1.3556516e-01	-2.9973693e-02	-3.1816837e-01	5.0742768e-02	2.1293183e-01	-1.6023158e-01	2.9409584e-01	1.5894188e-02	2.7922070e-01	-8.7899595e-02	-4.3636061e-02	2.9590857e-01	7.6520823e-02	8.0101602e-02	-1.8198700e-01	9.6890144e-02	5.9299108e-02	-2.4772066e-01	1.9731045e-01	-1.9085045e-01	1.8073395e-01	1.6778700e-01	-3.6619198e-02	9.8527841e-02	-3.0324924e-01	-2.3979650e-01	-1.1331625e-01	-1.0891179e-01	-1.6647713e-01	8.5014664e-02	-9.4714008e-02	-9.1785505e-02	-6.5597199e-02	-2.9112351e-01	1.3136365e-01	2.4507466e-01	4.0560074e-02	-2.0324928e-01	-6.5488577e-02	-3.0303246e-01	-2.3417993e-01	1.9830485e-01	1.5118854e-01	-7.1812041e-02	-1.5131392e-01	2.9073713e-02	-3.0793598e-01	-1.6725680e-01	-6.1701488e-02	-3.1740129e-01	-1.6600564e-01	-2.8610533e-01	3.1524748e-01	2.3465048e-01	2.9103808e-02	3.9120116e-03	-1.3876368e-01	1.6094071e-01	3.1052282e-01	-3.0970043e-03	6.0147297e-02	1.2373693e-01	-5.6281496e-02	-1.1944517e-01	-2.2010949e-01	-4.2413753e-02	7.5651333e-02	2.6275828e-01	3.1554352e-02	-1.7385837e-01	-1.3812464e-01	2.3056370e-01	2.9975194e-02	1.5344192e-01	8.9667954e-02	-5.0623007e-02	1.4499702e-04	-7.3922724e-02	9.0798959e-02	2.0947908e-01	1.3656519e-01	2.7072418e-01	2.3757404e-01	2.7996716e-01	-2.7292916e-01	-9.2441350e-02	2.9295442e-01	3.6868401e-02	-2.5372460e-01	2.0528151e-01	-2.8838852e-01	5.4978821e-02	-3.6892429e-02	1.4507118e-01	-2.3389037e-01	-1.8545276e-01	1.6735563e-01	-9.9445060e-02	-2.1137734e-01	9.0154067e-02	8.6187631e-02	2.1377752e-02	-2.2878896e-01	1.1062462e-01	1.4082783e-01	-2.0210175e-02	-1.2366159e-01	1.3773291e-01	-2.6721200e-01	2.1623787e-01	-1.2751706e-01	1.4863221e-01	-1.1713225e-01	-2.0344535e-01	-1.8190792e-01	1.0540191e-01	-1.6807865e-02	-5.4859836e-02	1.8157353e-01	2.6712462e-01	2.3720254e-01	1.1370283e-01	2.1999988e-01	-6.4211883e-02	-2.5894707e-01	-1.9245134e-01	2.7738801e-01	-1.6254717e-01	-6.1594132e-02	-2.5151765e-01	2.0987774e-01	9.7755052e-02	1.3529326e-01	-2.7362972e-01	2.7825891e-03	2.3502274e-01	1.2808599e-01	2.7909622e-01	-6.8984136e-02	2.4409576e-01
-1.3658462e-01	-1.0166072e-01	-2.3892138e-02	-3.9044425e-01	-1.9826658e-01	-1.8454106e-01	3.4818032e-01	-3.8934448e-01	-1.9406319e-01	1.2764114e-01	3.6993682e-01	3.6864510e-01	2.1148063e-01	-1.0868262e-01	1.5772586e-01	3.3032435e-01	2.7880779e-01	1.4581985e-02	1.7543797e-01	-1.1182699e-01	-3.2836267e-01	2.8196219e-01	-2.4832265e-01	-6.2165134e-02	6.4164102e-02	3.3109712e-03	-2.0294154e-01	8.0091126e-02	2.2095793e-01	-3.6516460e-03	3.4798995e-01	2.9754275e-02
