9
input	9
dense	32
relu	0
dense	32
relu	0
dense	32
relu	0
dense	1
linear	0
7.999999979801942e-06
-1.3874726e-02	-2.9700056e-02	-4.4357434e-02	1.2410264e-02	-1.0945326e-02	-7.7279070e-03	-2.1366164e-02	2.7380619e-02	4.1957486e-02	-2.0240927e-02	-2.5067067e-02	-1.3092381e-02	-1.5169339e-03	-1.6706593e-02	1.1209310e-03	-2.5961835e-02	-8.2743727e-03	-1.1834390e-02	-2.9447749e-02	-2.0332696e-02	-2.4247700e-02	-1.1552701e-02	-7.8881672e-03	-3.5283834e-02	-1.1433180e-02	-9.3472656e-03	-2.4844522e-02	-2.1151543e-02	-5.3061885e-03	-2.0344125e-02	-4.3776888e-02	-7.5316918e-03
-2.1137824e-02	-1.7413188e-02	0.0000000e+00	-1.0072100e-02	-1.5342307e-02	-4.1526809e-02	-2.0233832e-02	-2.5799736e-02	-1.7482661e-02	-1.8661613e-02	-3.5209563e-02	-2.2519771e-02	-7.9261214e-03	-7.4748225e-03	-3.0517975e-02	-1.0497276e-02	-8.7569216e-03	-5.5551017e-04	-1.7109051e-02	-2.5402183e-02	-2.9363867e-02	-1.1862689e-02	-1.6114768e-02	-2.5009397e-02	-2.6796153e-02	-3.8049269e-02	-2.2113614e-02	-2.9883670e-02	-1.5439280e-02	-9.7073372e-03	-1.1460400e-02	-6.8588476e-03
-1.1600830e-02	-1.9484367e-02	1.9478318e-03	7.8752963e-03	3.4715681e-04	-8.5083470e-03	-9.1940872e-03	-6.8263477e-03	-1.0765639e-02	-1.2855842e-02	-7.6599913e-03	-5.8440510e-03	-1.8935831e-02	-2.0075060e-02	-3.7893347e-02	-9.0199048e-03	-1.8102303e-02	2.4671759e-03	-1.8514151e-02	-1.6523009e-02	-1.3794104e-02	-4.1180525e-02	-6.5120626e-03	-1.7102372e-02	3.8321393e-03	-2.0030644e-02	-7.5749094e-03	1.6343543e-02	-1.0237422e-02	-2.6719501e-02	-1.3931693e-02	-4.0766471e-03
-2.9478493e-04
1.4618063e-01	3.5744795e-01	1.9803926e-01	3.0713487e-01	6.1035469e-02	-2.6726869e-01	-3.1156772e-01	2.1003056e-01	2.5479805e-01	-2.2219887e-01	2.8432095e-01	1.1100880e-01	-2.1722287e-01	4.2410642e-01	-8.4639624e-02	2.3748191e-01	7.0004433e-04	-1.3947603e-01	-1.9308248e-01	-2.7336862e-02	-2.1977457e-01	2.3376292e-01	3.6850497e-01	2.3241049e-01	2.0152350e-01	-2.7437687e-01	-3.1557885e-01	-2.8360444e-01	2.8171435e-01	7.9338424e-02	-7.3548436e-02	-7.3867389e-03	-1.5178245e-01	-2.9890081e-01	1.8418840e-01	-3.3790685e-02	-2.6427963e-01	-7.8058645e-02	-3.3172584e-01	5.1566493e-04	2.0151542e-01	3.5017124e-01	-3.1762865e-01	2.8222588e-01	-1.8089829e-01	1.9495061e-01	1.8155390e-01	-8.0578983e-02	2.8283128e-01	3.7287273e-02	-2.2762553e-01	6.8651251e-02	-2.1787928e-01	5.5510454e-02	3.0290025e-01	-3.4288576e-01	1.3902350e-01	-2.7182426e-02	1.4041458e-01	-2.2264063e-01	-2.7676281e-01	-7.8781776e-02	2.7818996e-01	-2.4069703e-01	3.2016045e-01	-2.2019261e-01	-3.4814325e-01	2.7455652e-01	-9.2426740e-02	-1.7148334e-01	3.0590069e-01	2.8022248e-01	1.3430466e-01	9.0218065e-03	2.7966378e-02	-1.3448310e-01	5.8936164e-02	1.9168261e-01	-2.8846663e-01	2.3409443e-01	-1.4238578e-01	2.6671499e-01	-1.8718517e-01	-1.7342234e-01	8.7884471e-02	3.4567219e-01	-2.2167104e-01	7.5614795e-02	3.5411036e-01	1.5615916e-01	-2.9618719e-01	1.3973810e-01	2.1144705e-01	8.3561346e-02	4.2831283e-02	-1.4671782e-01	6.8717271e-02	2.6505372e-01	-2.0157039e-01	-2.8568599e-01	-2.1780774e-01	1.9022501e-01	4.8196252e-02	-2.6453823e-01	1.1439025e-01	5.6183640e-02	8.2792811e-02	-1.7753312e-01	-4.2629875e-02	-1.7124240e-01	2.0574506e-01	3.5471821e-01	1.1980197e-01	-2.8265142e-01	8.6535709e-03	-2.9668561e-01	-1.9019960e-01	-2.7735791e-01	-2.0409979e-01	-9.0688011e-03	2.7301706e-02	-2.4939853e-01	-1.8508478e-01	4.4093359e-02	1.3821059e-01	1.3136415e-01	-3.4254315e-01	3.6197695e-01	3.3598194e-01	-2.3640275e-01	-2.0974251e-02	2.6489448e-02	1.1841340e-02	-1.1185648e-01	-1.9261746e-01	6.2402539e-02	1.8227279e-01	1.3053013e-01	-3.1041586e-01	-2.2406340e-02	1.0335231e-01	1.9877109e-01	-3.1397456e-01	-3.2341618e-02	2.2769137e-01	6.7354426e-02	-1.5414585e-01	-1.2818748e-01	-2.2694497e-01	-6.6512220e-02	2.2336929e-01	-2.6048061e-01	2.0467623e-01	1.5283319e-01	3.1194833e-01	5.0875161e-02	2.0499256e-01	3.2549217e-02	-2.6293188e-01	-2.6207754e-01	2.8498390e-01	1.6913396e-01	5.3131081e-02	1.7275879e-01	-5.5874068e-02	-1.3998203e-02	-1.0500515e-01	1.0336790e-01	-3.7559393e-01	1.5902553e-02	-2.5113532e-01	-1.5678939e-01	1.8755999e-01	2.5472030e-01	2.2403146e-01	-2.6998045e-02	-2.8988653e-01	1.7586647e-01	-2.8020069e-02	3.2473576e-01	9.5894970e-02	2.9457140e-01	4.5350701e-02	-2.9647332e-01	-3.9765966e-01	3.4289673e-01	2.2884166e-01	7.4125960e-02	-2.5112322e-01	-3.3907929e-01	-2.9909031e-02	-2.0226060e-01	-2.6031953e-01	3.8087827e-01	-2.9436830e-01	-2.9473934e-01	-2.4562684e-01	8.1269041e-02	-2.5685903e-01	-3.2084864e-01	-2.8358570e-01	-1.7188010e-01	-1.7820932e-01	-3.1421605e-01	1.7565639e-01	1.7373605e-01	-4.1757151e-02	-3.4045729e-01	4.6744034e-02	2.1579272e-01	-2.8054556e-01	1.5810286e-01	8.1331782e-02	3.1016061e-01	1.8872853e-01	-8.9810841e-02	4.2299960e-02	-7.2885960e-02	3.3186123e-01	1.9953871e-01	-2.7393675e-01	-3.3415923e-01	3.1082584e-02	6.8269119e-02	-1.9023758e-01	-3.6696574e-01	-3.3405414e-01	7.4471444e-02	9.7938418e-02	-2.5444335e-01	-1.0186163e-01	3.9070010e-02	6.4166024e-02	-2.4813472e-01	-2.0540233e-01	-8.6712755e-02	-1.1800589e-02	-3.6437985e-01	3.2294366e-01	-2.0009281e-02	-2.6132300e-01	8.8251894e-03	3.1382871e-01	2.2501999e-01	-1.6486412e-01	3.6055747e-01	2.8835925e-01	3.6820638e-01	-1.1808182e-01	5.6298383e-02	-1.8653598e-01	-2.2397296e-01	2.9823419e-01	-3.6136022e-01	2.8028816e-02	1.2287137e-01	-2.0760635e-01	-1.3014676e-01	1.1723989e-01	2.4426259e-01	-6.2974311e-02	-7.0131779e-02	-6.8378247e-02	-1.9075413e-01	8.1058308e-02	1.9018473e-01	-2.5294885e-01	2.5972658e-01	2.4877432e-01	-2.7722865e-01	1.7005697e-01	3.4917048e-01	-5.4058135e-02	-1.1924167e-01	-7.7194937e-02	1.9237673e-01	-3.2414350e-01	-3.6980024e-01	-2.0295210e-01	2.9984776e-02	-3.2070661e-01	-5.8862112e-02	1.3514407e-01	-2.2921255e-01	3.3683005e-01	-1.2384317e-01	2.4513413e-01	1.4271310e-01
-4.8187770e-02	-4.2696383e-02	-2.7343240e-01	-3.1409780e-03	-2.7756989e-02	-1.4840281e-01	-4.3377981e-02	1.8695073e-01	2.8388765e-01	-1.6733576e-01	-2.7478924e-01	-2.8238234e-01	-2.4841578e-01	2.7490416e-01	2.6920754e-01	-5.4448736e-03	-1.5607652e-02	1.7691085e-02	-1.5400423e-01	-7.5650454e-02	-2.6643647e-02	1.9940777e-01	1.0628436e-01	2.3261920e-01	-2.7445108e-01	-2.1444297e-01	2.7666733e-01	-1.0507239e-01	1.5286450e-01	-2.8967068e-01	1.4936845e-01	2.2406086e-01	-2.7117929e-01	1.0483391e-01	-7.2641924e-02	-8.3422489e-02	2.5917995e-01	1.3870546e-01	-5.3126901e-02	-2.1984732e-01	-2.6440892e-01	1.7321846e-01	5.8099970e-02	8.9326389e-02	-8.8576153e-02	-1.7366202e-01	2.7459636e-01	6.4099438e-02	-1.3117793e-01	3.0362222e-01	2.8754175e-01	-2.8134578e-01	1.6889602e-01	2.8283945e-01	-2.8892308e-01	-1.0017473e-01	-1.0463209e-01	-3.4310021e-02	-1.3483763e-02	-2.1480152e-01	3.6109541e-02	-2.0794530e-01	-2.0906416e-01	2.2099683e-01	2.2105041e-01	2.0234123e-01	1.8087637e-01	1.9670933e-02	-2.9100591e-01	4.6333104e-02	-2.2768947e-01	-2.4241818e-01	-1.7801970e-02	-6.6083610e-02	-1.6634548e-01	-2.9228365e-01	-1.5774828e-01	2.0194343e-01	-1.6610479e-01	-2.9057273e-01	-1.6605259e-01	2.2636464e-01	-1.9360159e-01	3.5687685e-03	1.5064716e-01	-1.5458977e-01	-2.0924027e-01	-1.2023975e-01	1.7711064e-01	-1.9511205e-01	-1.6317785e-02	-2.6117894e-01	2.1675292e-01	2.6643574e-02	-2.9795089e-01	1.0691133e-01	1.1430736e-01	1.6986811e-01	-1.8420238e-02	2.4236041e-01	-1.0508426e-01	-1.0802403e-01	2.0146096e-02	-3.1832060e-01	-1.5019506e-01	2.9864290e-01	1.1148644e-01	5.2175257e-02	-2.5715867e-01	2.0256586e-01	-1.7988130e-02	-2.2941267e-01	1.7880343e-01	-2.8960584e-02	1.6245162e-01	2.8031537e-01	-2.6528531e-01	-3.4837898e-02	1.5303105e-01	-2.4304964e-01	1.0579560e-01	2.7798787e-01	2.0106253e-01	1.4281105e-01	2.8578812e-01	-2.1376850e-01	2.5332746e-01	-1.6653392e-01	-2.9268023e-01	2.7822268e-01	2.7247515e-01	-1.6946436e-01	2.0109865e-01	1.3279320e-01	1.6305791e-01	-2.4843724e-01	2.8311741e-01	4.6985033e-03	2.0377854e-01	-2.5360912e-01	-8.9985207e-02	-2.7437454e-01	-2.0986213e-01	1.5606943e-01	1.9010565e-01	-4.4105273e-02	-1.4225194e-01	6.5248817e-02	-7.2891504e-02	1.5643056e-01	-1.8676212e-01	1.9185874e-01	-1.5854971e-01	1.2655793e-01	-7.6160870e-02	-8.9268453e-02	1.7828698e-01	-1.2268451e-01	-3.1200203e-01	-1.8885228e-01	2.5470147e-01	7.7623762e-02	-2.9842752e-01	5.1791545e-02	1.3593474e-01	9.6744716e-02	-1.0409227e-01	-2.6201147e-01	-1.5379713e-01	1.3553694e-01	1.5660229e-01	1.9349663e-01	2.4898862e-02	7.8023583e-02	2.3021638e-01	3.3668753e-02	-2.8928620e-01	-2.5175247e-01	-6.5768338e-03	5.3756595e-02	9.8337322e-02	5.7336073e-02	-1.5528803e-01	2.2982602e-01	2.6854268e-01	1.0396347e-01	4.8089653e-02	1.1494353e-01	2.0133446e-01	-2.4461335e-01	-2.9989591e-01	-1.6394004e-01	-2.4470630e-01	6.7558944e-02	-9.9556975e-02	2.9724756e-01	-2.8692329e-01	-4.7195368e-02	2.6267520e-01	4.1875120e-02	6.4647801e-02	-6.2408254e-02	-8.1427887e-02	-1.9476004e-01	7.8892440e-02	2.4616420e-02	-1.5654859e-01	1.5462659e-01	1.8351410e-01	-1.0559665e-01	-1.1283908e-01	-2.2049403e-01	-6.3177899e-02	7.3270403e-02	-1.3477539e-01	4.6761483e-02	-2.6961175e-01	8.2542300e-03	-1.7155376e-01	-9.7934090e-02	2.8045776e-01	-1.2613827e-01	-2.3734044e-01	1.8878093e-01	-2.3982169e-02	-5.6718629e-02	6.2517099e-02	-1.4411213e-01	-1.3991836e-02	-1.7959841e-01	2.8358006e-01	7.7348724e-02	-1.6784331e-01	2.8289169e-01	1.3680619e-01	-2.0845951e-01	3.5185009e-02	1.3931833e-01	-2.7981809e-01	-1.5325718e-01	-4.1333947e-02	2.2902198e-01	-4.1166756e-02	-1.9221708e-01	1.2493651e-01	-2.2509921e-01	2.4586691e-01	2.7931826e-03	-2.8302482e-01	9.6177801e-02	7.1408242e-02	2.1245670e-01	-2.1552005e-01	-1.7152040e-01	-7.7534884e-02	-2.2837298e-01	-1.6578440e-01	2.8867513e-01	1.7867798e-02	-2.1195279e-01	-3.0401233e-01	-4.4523973e-02	1.9578357e-01	-1.6471641e-01	2.6603994e-01	9.9193200e-02	1.4186507e-01	9.6437909e-02	-2.6596732e-02	-1.2987325e-01	-7.4547529e-02	2.0066208e-01	2.6492849e-01	2.2701360e-01	1.6295864e-01	2.5369799e-01	-1.6679163e-01	2.8378101e-02	1.5645856e-01	1.4869216e-01	-1.3236168e-01	9.7313048e-03	-8.1574500e-02	-2.6719174e-01	-1.8966015e-01	2.1930191e-01	2.4662035e-02	4.7487311e-02	2.6560944e-01	2.7652195e-01	2.5696734e-01	-2.7552280e-01	-3.2611735e-02	4.0933389e-02	2.2492519e-01	-6.4271539e-02	-3.0024487e-01	2.3201294e-01	-3.0495101e-01	4.4261344e-02	2.0289195e-01	2.0708318e-01	-1.6393779e-01	1.7283526e-01	-1.9769503e-01	2.4607404e-01	-8.0277279e-02	-2.4183860e-01	6.0271807e-02	-2.6605532e-01	2.4445938e-01	2.3726331e-01	-2.2404642e-01	1.5140627e-01	-3.9213821e-03	-1.6938087e-02	1.6307473e-01	6.3683890e-02	1.8758696e-01	-1.7182682e-01	-2.1219771e-01	-2.0537958e-01	-2.2635558e-01	2.7257469e-01	-4.6315152e-02	-9.6343517e-02	-2.1177118e-01	-2.5083929e-01	2.5430310e-01	-1.9854790e-01	1.8660434e-01	-1.5527666e-01	2.7121946e-01	-3.4237146e-02	-1.6713902e-01	-1.4891770e-01	-2.3014444e-01	2.1262366e-01	-2.5534931e-01	3.9501283e-02	-2.5290823e-01	1.0318830e-01	8.5891768e-02	-1.4108446e-01	-1.8935123e-01	2.4652147e-01	5.2556273e-04	1.5003571e-01	2.2687443e-01	-1.7017393e-01	-2.8370902e-01	2.9345176e-01	1.1543339e-01	1.9996119e-01	1.5773402e-01	-2.3051687e-01	-2.2437714e-01	1.1887687e-01	2.9292831e-01	-2.7884609e-01	-2.6071140e-01	-2.5770339e-01	4.4198991e-03	-3.0483174e-01	-1.2686469e-01	1.1571345e-01	5.7545528e-02	-2.3530561e-01	-2.2393590e-01	-2.9274261e-01	7.2166830e-02	-1.1507221e-01	7.9285711e-02	-8.9949012e-02	-2.4575795e-01	2.5103277e-01	2.2243845e-01	2.1378872e-01	-8.5324571e-02	-2.2103682e-01	-8.9088000e-02	2.1538730e-01	-4.5482632e-02	1.0825053e-01	2.7924761e-01	-1.3083217e-01	2.4612519e-01	-9.5660388e-02	-4.0865034e-02	-7.1204416e-02	-1.2227669e-01	2.2166222e-02	9.7295614e-03	1.5232142e-02	-1.9294074e-01	1.0942095e-03	-1.0414911e-01	2.1327947e-01	-6.8663932e-02	1.9229762e-01	1.7311543e-01	2.9089645e-01	-2.7713412e-01	-1.7650516e-01	-4.4622745e-02	-2.1690379e-01	-2.1239473e-01	-1.8769585e-01	-2.8609583e-01	-3.3309232e-02	-2.0076054e-01	2.3314176e-01	-2.3572394e-01	-2.5479361e-01	-5.3313496e-03	-1.2771145e-01	4.5819540e-02	4.9823746e-03	1.2914914e-01	2.5712681e-01	-5.3878084e-02	1.7457661e-01	2.6259768e-01	-3.2638186e-01	-8.5196681e-02	-2.1050695e-01	-1.6473085e-01	-1.3332058e-01	-2.7466714e-01	-1.2303206e-01	-2.1272259e-02	-8.3324239e-02	2.8465766e-01	-2.6701286e-01	1.5972029e-01	1.3972934e-01	-1.8675260e-01	1.5969014e-01	1.0546850e-01	-8.4313594e-02	-6.0786109e-02	-3.8864337e-02	-1.4268007e-02	1.9899203e-01	2.2955036e-01	2.2619021e-01	1.9363789e-02	2.0274049e-01	-1.5731789e-01	1.0600732e-01	-1.0956725e-01	-8.9730300e-02	-2.4876051e-01	2.8017843e-01	-1.3187359e-01	2.4854536e-01	-5.4191731e-02	3.7390348e-02	1.2356028e-01	-2.5140697e-01	1.0421468e-01	3.7172303e-02	-1.7006041e-01	2.3162484e-01	1.8350025e-01	-7.7629887e-02	2.2779751e-01	3.0979473e-02	2.1525392e-01	-2.1821515e-01	-1.8531212e-01	2.4767053e-01	-6.6573225e-02	-2.1330124e-02	-2.3693579e-01	-4.0148586e-02	1.8872687e-01	4.9355723e-02	1.1328465e-01	2.7576330e-01	-2.2904563e-01	-1.9865930e-01	2.5905120e-01	2.3689899e-01	-1.7074555e-01	-2.9898053e-01	1.2758735e-01	-2.5312397e-01	2.1414791e-01	-1.3509478e-01	-1.4131632e-01	-2.2083913e-01	1.0075884e-01	-4.6175957e-02	-1.0588131e-01	-3.2273546e-02	-8.9411184e-02	2.1625176e-01	1.5866295e-01	-6.4518802e-02	-2.8077126e-01	-1.9091368e-02	1.1942386e-01	-1.5057909e-01	-1.7192708e-01	-2.7916068e-01	-2.2911756e-01	-2.5429025e-01	2.8947327e-01	2.1873429e-01	-3.1290001e-01	2.1964337e-01	6.0933670e-03	1.2046024e-02	-2.6343650e-01	1.6540040e-01	7.2946064e-02	-2.0080827e-01	-1.2230042e-01	1.6582858e-02	8.7831572e-02	-4.0278211e-02	-1.9233370e-01	-2.9567948e-01	-1.9623798e-01	1.5370172e-01	-1.3856928e-02	2.6181862e-01	2.6684141e-01	2.1244816e-01	-2.5284499e-02	-1.1377182e-01	-1.4652975e-01	8.8957742e-02	1.4957651e-01	1.9488068e-01	-1.6565989e-01	2.1832047e-01	2.7732569e-01	-1.6236494e-01	-2.4957137e-02	2.7787814e-01	-1.6438809e-01	-1.5383130e-01	-7.3479876e-02	-4.7263503e-02	1.7245710e-03	-2.7053565e-01	-2.3574208e-01	2.5476310e-01	6.0963154e-02	-2.9754829e-01	-2.7990884e-03	-2.8535262e-01	-1.2984473e-01	2.6052207e-02	4.7083382e-02	-1.0002176e-01	-2.4426121e-01	-2.5721255e-01	-2.1341830e-01	-3.0438021e-01	7.3575288e-02	1.2727568e-01	-6.2991247e-02	-2.8486446e-01	7.2739437e-02	5.6067944e-02	4.3483168e-02	1.6327301e-01	-1.9409522e-01	-1.0900121e-01	-1.6389857e-01	-3.0139828e-01	-2.3654655e-01	-1.3057531e-01	2.8999850e-01	-2.4413048e-01	-9.0304360e-02	2.1062101e-01	-2.7996707e-01	7.6610409e-02	-2.8483513e-01	-2.0946458e-01	2.1809995e-01	-1.9729176e-01	-2.8586808e-01	2.3619175e-01	2.4320331e-01	-2.8457087e-01	-1.9998235e-01	-1.9200139e-01	2.2739081e-01	9.8551914e-02	-2.3486735e-01	1.2682416e-01	2.6406422e-01	9.1470890e-02	-4.6463921e-03	1.3782966e-01	6.6556036e-03	-1.7991188e-01	2.6336414e-01	-1.6603658e-02	-2.0501770e-01	-9.8271281e-02	-1.9403910e-02	5.1028885e-02	-2.2236970e-01	5.1559336e-02	1.4999735e-01	-1.1395312e-01	1.2811056e-01	-2.2022524e-01	-3.7291944e-02	1.2999490e-01	6.7655787e-02	-4.8744768e-02	9.7443521e-02	-2.9501328e-01	5.1448561e-02	2.8057727e-01	-1.9537292e-01	2.4684329e-01	-1.3379456e-01	2.6815006e-01	-7.6033413e-02	2.8389671e-01	2.8829899e-01	-2.3058175e-01	-2.3210075e-01	-1.9656257e-01	-2.7965084e-01	-5.2432247e-02	-2.1859425e-01	-1.5939403e-01	2.1224533e-01	1.4712486e-01	6.4528339e-02	1.2463343e-01	1.7559126e-01	2.5604627e-01	-5.5216085e-02	-3.0251089e-01	-1.4820321e-01	-7.5889401e-02	9.5865473e-02	6.9214068e-02	1.6704230e-01	1.0092802e-01	2.4560148e-01	2.6730928e-01	-2.5953761e-01	-2.1037391e-01	-1.8895645e-01	-1.2803051e-01	1.0961372e-01	-2.6500446e-01	-2.4809530e-01	2.6936579e-01	2.6094958e-01	-2.0930617e-01	1.8601796e-01	3.9616264e-02	1.2607267e-01	-1.2394645e-01	-7.6853335e-02	1.5525581e-01	1.4847328e-01	-1.4943579e-01	-1.7126100e-02	-5.8882341e-02	-2.4131845e-01	1.3360327e-01	-6.8679405e-03	9.5135801e-02	-2.1314359e-01	-2.2613388e-01	4.6349306e-02	1.0179167e-01	1.5771620e-01	2.0802379e-02	-5.3167615e-02	6.2617555e-02	4.7764484e-02	-1.2160020e-01	-3.0461684e-01	-2.4503024e-01	2.1500559e-01	1.6470669e-01	2.8187051e-01	2.2994326e-01	1.7074184e-01	-6.2832087e-02	1.7095008e-01	1.4949368e-01	1.6009699e-01	-2.3979074e-01	-2.2273895e-01	1.6724163e-01	-2.9906675e-01	-2.5182813e-01	5.7970628e-02	-2.8931564e-01	-1.9472499e-01	-2.4785040e-01	1.0348767e-01	1.4004177e-01	2.6667258e-01	2.6905093e-01	1.9714437e-01	1.6791317e-01	-1.9615597e-01	-9.4629109e-02	1.9574429e-01	-2.5854632e-01	4.7750873e-03	1.5431312e-01	-1.4623481e-01	2.1676512e-01	2.1531942e-01	4.6781026e-02	2.7762499e-01	-2.5159019e-01	2.7811089e-01	-1.3373760e-02	2.1477357e-01	-3.8516395e-02	-1.1260335e-01	1.6267641e-01	-1.4830145e-01	-1.4157614e-01	-8.8871606e-02	-2.0550209e-01	-9.7518541e-02	4.0785030e-02	2.8378883e-01	-1.3528048e-01	1.7212878e-01	-8.9811288e-02	-3.5652824e-02	1.8910858e-01	3.7256796e-02	-1.9364265e-01	-2.3627464e-01	-2.9204458e-01	1.2076106e-01	-2.1504273e-01	2.2862065e-01	1.9600402e-01	-5.8937248e-02	-3.0094208e-02	-6.1327547e-02	-2.3631307e-01	-2.2996350e-01	1.9015786e-01	2.6890996e-01	-1.2627058e-01	3.9147273e-02	1.4044940e-01	-1.3755994e-02	-1.6302839e-01	2.9607970e-01	1.1957418e-01	-1.8655781e-01	1.5294404e-01	2.5605452e-01	-2.1077430e-01	-2.7225399e-01	3.0973168e-02	-1.3491867e-01	5.1968832e-02	2.3093691e-01	-4.0006116e-02	-9.9468641e-03	3.6462411e-02	-1.6624638e-01	1.2754501e-01	1.1792690e-01	1.7358699e-01	-2.9365829e-01	3.7083045e-02	-1.3750887e-01	-2.0649813e-01	-1.0307181e-01	1.7493731e-01	2.5997177e-01	2.0766056e-01	-5.2645296e-02	2.3874144e-01	4.3581199e-02	6.1335415e-02	3.0558685e-02	-2.2884618e-02	8.2368992e-02	-2.3455560e-02	1.1904591e-01	2.4405538e-01	-9.2150971e-02	2.1461172e-01	2.5731012e-01	6.1073739e-02	-1.7867005e-01	6.8143055e-02	-1.9313883e-02	-1.7335153e-01	-1.3701192e-01	-2.0160107e-01	1.7856587e-01	1.8243712e-01	-1.9671246e-01	2.4728672e-01	-2.9498249e-01	2.4998131e-01	2.2665294e-01	-2.6228687e-01	-9.5544539e-02	3.0579278e-01	-1.1363212e-01	-7.6712340e-02	6.1472092e-02	-2.9821280e-01	-2.6627401e-01	4.1282572e-02	1.7864463e-01	-1.4024322e-01	1.1112469e-01	2.5444657e-01	-1.0053769e-01	1.2839286e-01	6.6879734e-02	3.7884682e-02	2.5959688e-01	2.1748696e-01	-2.3088568e-01	8.7555453e-02	-2.6709706e-01	2.5245097e-01	2.6251623e-01	5.2261874e-02	2.8243691e-01	-2.5362661e-01	-2.4490798e-02	-2.7361476e-01	1.8792628e-01	-4.8199676e-02	1.6931340e-01	1.8442367e-01	-2.1597798e-01	2.1919473e-01	-2.2659275e-01	7.5468197e-02	-1.6722865e-01	-1.7117981e-03	2.3852009e-01	-1.8663470e-01	-2.0861547e-01	-1.8388233e-01	-7.1948513e-02	1.2108298e-01	-1.2356532e-01	-4.4622481e-02	-2.5002131e-01	-1.0100251e-01	1.0695906e-01	-3.0616331e-01	2.0953600e-01	-7.7578798e-02	-4.9275532e-02	2.2767836e-02	-7.9388255e-03	-2.5222695e-01	4.9246907e-02	-1.9714263e-01	7.3782466e-02	1.7363170e-01	-9.6686721e-02	2.5224966e-01	-1.0969873e-01	1.4947045e-01	6.6830583e-02	-2.4277838e-02	9.8657474e-02	2.5174299e-01	2.2081660e-02	2.7463841e-01	-2.2923620e-01	1.6234905e-01	1.0595410e-01	-1.7644098e-01	1.3953185e-03	-1.0565700e-01	-1.8290226e-01	1.8867498e-02	1.4733429e-01	-3.5392173e-02	2.0610593e-01	2.2148083e-01	-1.8262739e-01	-2.1691704e-01	-6.0907755e-02	-8.7445796e-02	-2.6554826e-01	-1.1209717e-01	2.1525918e-01	1.0681272e-01	2.0793290e-01	5.2214794e-02	4.4415440e-02	-1.2504908e-01	-1.4881321e-03	2.7494547e-01	-2.2138868e-01	1.0862708e-01	1.7881379e-01	-3.8109679e-02	-1.7446099e-02	-2.3581518e-01	-2.7393425e-01	1.7889956e-01	-2.7164996e-01	-2.5944537e-01	2.3047696e-01	-1.5680143e-01	-1.4930394e-01	1.0411741e-01	2.5876042e-01	-1.8666708e-01	-2.4962728e-01	3.1232333e-01	-2.6556334e-01	2.6097131e-01	-2.1889564e-01	2.4076594e-01	9.1456756e-02	4.4056408e-02	-2.0539005e-01	1.0196688e-01	-2.0209379e-01	-1.2267155e-02	1.7085345e-01	1.6555363e-01	-2.6892892e-01	2.3999004e-01	4.6583638e-02	1.1168145e-01	2.9460117e-01	2.5067866e-01	-2.8830120e-01	1.8914762e-01	-1.0616976e-01	-2.2737864e-01	-5.9914929e-03	4.6096263e-03	2.3979938e-01	1.2913568e-01	2.1657262e-02	2.0069250e-01	-2.4199933e-01	9.4160475e-02	-3.5498347e-03	-1.3805819e-01	-1.3726863e-01	2.6605034e-01	1.6607901e-01	-1.5347634e-01	-7.7579856e-02	1.0611761e-02	-2.1869022e-01	1.0468517e-01	4.9674723e-02	-1.0079490e-01	2.7539840e-01	1.4711447e-01	2.1399736e-02	-1.1818126e-01	1.0563865e-01	9.7766764e-02	4.3784790e-02	2.2191145e-01	-2.9179025e-01	6.2325343e-02	1.2404749e-01	6.8316638e-02	1.9306898e-01	-1.4272621e-01	-1.0292300e-01	-1.9429593e-01	4.2921409e-02	9.0547085e-02	-3.0082074e-01	1.1332355e-01	2.3175596e-01	4.2330563e-02	2.4869701e-01	2.1329799e-01	-1.9837458e-01	1.1115541e-01	-5.0385818e-02	-4.5035604e-02	-1.4664991e-01	-2.1987787e-01	-4.9454749e-02	1.3223580e-01	-3.0540213e-01	1.1679943e-01	-1.3549539e-01	-2.9680368e-01	1.8070379e-01	2.1467221e-01	1.0087192e-03	-7.1501762e-02	6.7766428e-02	1.4368643e-01	1.4482322e-02	1.1440900e-01	1.0010272e-01	-4.9064875e-02	-2.2822200e-01	-1.6187905e-01	4.1159391e-02	1.9858447e-01	-2.8141761e-01	1.8835945e-01
-4.0177014e-03	-1.5127891e-01	-2.2146851e-01	5.4915208e-02	2.0891823e-01	-3.1361729e-02	9.3922473e-02	-6.1244190e-02	5.7231441e-02	-2.4145727e-01	-2.5575671e-01	-1.0485480e-01	1.0550249e-01	-1.0120883e-01	-2.3732457e-01	-1.8824406e-01	-1.5207517e-02	-1.6350934e-01	1.1128387e-01	-2.4593593e-01	2.6066726e-01	-2.8048050e-01	4.6787217e-02	-4.8092898e-02	1.1280509e-01	-2.3852383e-01	2.8252073e-02	2.5014046e-01	5.8071643e-02	-6.1264835e-02	-3.5970755e-02	-6.7885138e-02	1.3396834e-01	2.6673529e-01	2.9318592e-01	-1.0096555e-03	-1.3054909e-01	-2.9571745e-01	9.0074629e-02	-3.0413863e-01	-1.7609362e-01	-1.9270572e-01	1.9788751e-01	-1.0178019e-01	8.0852479e-02	-2.1700744e-01	-2.3719867e-01	-5.7995602e-02	8.1232945e-03	-2.8902593e-01	1.4401734e-01	2.6892444e-01	-2.2049877e-01	3.7120759e-02	-8.5763007e-02	-1.1712961e-01	-1.2254001e-02	2.9257205e-01	1.6877158e-01	-1.9875732e-01	-1.1107652e-01	-1.2426782e-01	-2.7580571e-01	-2.0765424e-02	4.3333948e-02	-2.1416402e-01	-8.3786249e-03	-1.9339914e-02	5.9887948e-03	-6.2830739e-02	-7.8981586e-02	2.8552061e-01	-3.0380033e-02	2.5520056e-01	-1.6375721e-01	1.4460510e-01	-1.5207155e-01	-8.2436979e-02	-1.5423736e-01	-2.3603322e-01	2.2959103e-01	5.2656990e-02	2.4390605e-01	2.7819276e-01	-1.8761897e-01	-9.6019842e-02	2.3940262e-01	5.5716624e-03	-1.4574374e-01	2.3403102e-01	-3.0676275e-01	7.0202574e-02	2.1584990e-02	1.8140467e-01	-6.1517581e-02	1.5668717e-01	1.4491543e-01	2.2456791e-01	2.5798979e-01	1.3455753e-01	5.6954019e-02	2.1422841e-01	1.1576828e-01	-2.6556328e-01	-4.3026991e-03	9.0735219e-02	1.8453526e-01	-1.1223054e-01	1.8288863e-01	1.3592997e-01	1.8215846e-01	-2.1429890e-01	-1.8143117e-02	-1.7289340e-01	-2.6700625e-01	7.5354706e-03	1.2582742e-01	-1.3102311e-01	-2.6909080e-01	-1.6813709e-01	3.0235896e-01	9.0757601e-02	-3.0219007e-01	1.3141094e-01	3.0829811e-01	-4.2991154e-02	2.7629787e-01	1.9805394e-01	3.0234841e-01	-1.1765949e-01	-2.3652457e-01	-1.7362073e-02	-1.7690149e-01	2.6866797e-01	6.2319610e-02	-2.7539235e-01	2.5801945e-01	2.0018861e-01	-1.1593341e-01	2.0778273e-01	1.6124521e-01	2.8677229e-02	1.2723908e-01	8.8354126e-02	-2.7477873e-02	-1.8330880e-01	1.8204926e-01	1.3286965e-01	1.6301318e-01	1.1371991e-01	-1.5351373e-01	2.2256047e-01	1.7622268e-01	1.4155953e-01	2.5681707e-01	1.8193640e-01	-2.1978499e-01	1.9953303e-01	1.3744934e-01	-1.0798958e-02	-1.9059098e-01	-1.1701281e-01	-1.8173501e-01	1.2183763e-01	3.5689019e-02	-2.3714522e-01	1.9454902e-01	-5.8829837e-02	1.9827019e-01	2.5452557e-01	-6.9443725e-02	1.5979718e-01	-2.2695224e-01	-6.0159214e-02	2.3979040e-02	-1.4918834e-01	-1.7751485e-01	-1.8272956e-01	-3.4498315e-02	-2.2595526e-01	3.0411938e-01	6.3682902e-03	2.2656319e-01	-5.4385234e-02	-2.4698868e-01	2.4087003e-02	2.0558575e-01	3.5269905e-02	-1.0795943e-01	-2.2134928e-01	-1.4083435e-01	7.6588690e-02	-2.2458848e-01	-4.2979371e-02	-1.1517942e-02	-1.2190310e-01	-2.2725662e-02	-1.0503986e-01	4.8338503e-02	1.2580094e-01	-9.3377404e-02	-1.8624717e-02	-2.3754708e-01	2.7164310e-01	-4.1824341e-02	-6.5429613e-02	-5.4495029e-02	2.3776291e-01	-1.1150391e-01	8.1497818e-02	2.2911069e-01	-2.6214886e-01	1.0968480e-01	-1.4261946e-01	3.5290215e-02	-4.0098593e-02	7.2180703e-02	-1.5759172e-03	-2.6705885e-01	2.3998511e-01	1.2944260e-01	-1.0919208e-01	-6.5767750e-02	-1.6629343e-01	1.8011597e-01	7.0840791e-02	2.0397541e-01	2.4462685e-01	8.2684964e-02	-1.9376582e-01	2.5464919e-01	-1.1744694e-01	5.1339835e-02	-3.0140498e-01	2.8979817e-02	2.2652589e-01	-1.5357417e-01	1.2635171e-01	7.4703574e-02	-2.8320634e-01	-1.5419191e-01	-2.7404493e-01	2.2389379e-01	1.8841890e-01	5.8120988e-02	2.5099195e-03	-1.0586309e-01	2.3385650e-02	-3.7353676e-02	6.7215949e-02	1.6108160e-01	2.7834079e-01	-2.3707953e-01	-2.7282557e-01	1.2421993e-01	1.5399277e-01	-2.4519528e-03	-2.3262772e-01	-1.4145274e-01	-2.3011699e-01	-2.2667865e-01	-1.8244080e-02	-5.4236330e-02	-4.6255123e-02	-1.6839920e-01	-2.0870656e-01	1.0437304e-01	-1.6142856e-01	-3.0138004e-01	2.0460562e-01	1.8537852e-01	1.1243147e-01	6.7747824e-02	2.9054728e-01	-4.5947488e-02	-4.7684610e-03	1.8318968e-01	1.6951057e-01	-4.2035103e-02	2.8235549e-01	-3.0047558e-02	4.7663048e-02	6.3289121e-02	-1.1148021e-01	-2.7816239e-01	2.4973872e-01	1.1300225e-01	-1.0294700e-01	-2.0598181e-01	-2.1576469e-01	-9.5744804e-02	2.5591099e-01	4.1334309e-02	1.6053286e-01	1.8921996e-02	-6.8130344e-02	5.3279240e-02	2.5916129e-01	1.5081204e-02	-1.1494018e-02	-1.2379222e-01	-4.7047116e-02	-3.2068186e-02	1.6308765e-01	-3.1072235e-01	3.9881617e-02	1.9490990e-01	-2.5586775e-01	7.2360807e-03	2.3280611e-02	-5.0778601e-02	-2.3160081e-01	3.0294530e-02	-1.2378617e-01	-2.7646300e-01	2.5271249e-01	-4.9615227e-02	-2.6425049e-01	-2.6319697e-01	2.9424059e-01	2.8309852e-01	8.4127791e-02	2.9872683e-01	1.8589725e-01	7.9976521e-02	-4.1364916e-02	1.1007576e-01	2.5358230e-01	2.0178977e-02	2.7322080e-02	-3.2007724e-02	2.0732583e-01	1.0644441e-01	-2.3030566e-01	2.1574853e-01	1.1749002e-01	1.5488330e-01	1.2464094e-01	-1.9119120e-03	1.7358601e-03	-1.4194544e-01	2.1352381e-01	-1.7946665e-01	-1.5614854e-01	2.2372683e-03	-1.9007330e-01	1.9929831e-01	2.9482266e-01	-7.2036475e-02	-2.0674521e-01	-1.6227478e-01	-1.1787571e-01	8.9814194e-02	2.0575315e-01	1.9287795e-01	-8.5517444e-02	2.3618272e-01	-9.8738723e-02	1.8270516e-01	-9.3812950e-02	-5.0155770e-02	-4.0628504e-02	-1.1002959e-01	1.7950170e-01	2.1058397e-02	8.9679463e-03	1.7558530e-01	7.6672193e-03	-3.1214902e-01	2.2469464e-01	2.0079467e-01	-9.8749317e-02	1.0952704e-01	-2.7063322e-01	2.3069936e-01	-1.5662207e-01	2.8181672e-01	-2.8392458e-01	8.8318028e-02	1.9651726e-01	2.7724981e-01	1.5354667e-02	4.3754011e-02	-2.5209916e-01	2.2318646e-01	-2.8277606e-01	1.3439739e-01	-1.2144489e-01	-2.4123977e-01	-3.0226493e-01	2.3067787e-02	-3.9088346e-02	-2.2395733e-01	-1.9878666e-01	-2.4536610e-01	-2.7467477e-01	-2.0172963e-01	4.0412493e-02	1.6246855e-02	2.2279361e-01	6.4282112e-02	9.9578500e-02	3.0498856e-01	8.6975545e-02	-5.5048183e-02	-1.6008635e-01	1.1990520e-01	1.7413945e-01	-2.3323977e-02	1.5648034e-01	1.0996759e-03	-1.9013205e-01	1.7818990e-01	1.7181385e-01	1.8297987e-01	-1.5143512e-01	2.6064885e-01	5.5796530e-02	-2.3111969e-01	1.9188303e-01	6.3723870e-02	2.9900777e-01	5.2080039e-02	1.5033521e-01	-2.6479927e-01	2.4177809e-01	-6.1663739e-02	-2.6200516e-03	3.0641305e-01	6.0190007e-02	1.4463314e-01	7.3100342e-03	1.9714415e-01	-2.3719895e-01	-1.2222124e-01	6.0676888e-02	7.8069314e-02	-3.7921097e-02	-1.5332106e-01	-7.3688984e-02	-2.5303710e-02	1.1231446e-02	8.7447930e-03	-7.5966686e-02	1.0122226e-02	2.6754257e-01	2.7444664e-01	1.2570171e-01	-2.3343891e-01	2.7312484e-01	-1.8984266e-01	2.3700956e-01	-2.1470347e-01	-1.9392568e-01	-2.6752576e-01	-1.5054102e-01	-1.9607210e-01	1.4984488e-01	1.1925936e-01	1.7005865e-01	2.7551565e-01	-8.4343322e-02	-2.7924868e-01	-1.6919680e-01	-1.5854633e-01	-2.3035076e-01	-1.1790177e-01	2.9431900e-01	-2.9625815e-01	2.5977573e-01	-2.8564227e-01	-2.3421693e-01	1.5866491e-01	1.3512349e-01	-7.9736114e-03	-2.1392581e-01	-2.2278149e-01	-2.5285250e-01	1.9900045e-01	-1.1058325e-01	-1.4223999e-01	2.3534720e-01	-1.1006576e-01	-2.9693067e-01	2.7891422e-02	3.6620665e-02	1.7768580e-01	-2.4299900e-01	1.3256097e-01	-2.4840617e-01	-2.0109218e-01	1.5512115e-01	-1.6832663e-01	-1.7292930e-01	2.4856006e-01	-8.0290392e-02	-2.8525540e-01	1.8748021e-01	-2.1479896e-01	3.7880696e-02	1.1624261e-01	-1.1732750e-01	-1.8287294e-01	1.5744445e-01	1.3974932e-01	2.4701333e-01	2.3487836e-02	-1.1565574e-01	-1.6105697e-01	-1.8348344e-01	2.6290795e-01	-3.0463183e-01	2.1846448e-01	1.6670859e-01	-2.3687986e-01	2.1956447e-01	-2.0736010e-01	-2.0672558e-01	-1.9613129e-01	1.8467752e-02	1.5040044e-01	1.0299098e-02	-3.0375648e-01	-2.6540250e-01	2.5693285e-01	-1.6080061e-01	1.4097323e-01	-2.3911002e-01	1.1481296e-01	8.4585369e-02	1.3479723e-01	1.4065249e-01	1.5501944e-02	-1.8535623e-01	-2.1622929e-01	7.4985169e-02	-1.2115153e-01	-2.3983803e-01	-2.5394830e-01	-1.1861742e-01	7.8833587e-02	3.0771971e-02	2.5223604e-01	-1.5575893e-01	-1.2421652e-01	7.6499715e-02	3.2381475e-02	-6.2593393e-02	2.4492651e-01	2.8274706e-01	1.6570498e-01	-1.7920357e-01	-3.9378900e-02	2.3884983e-01	-4.6324577e-02	2.7976680e-01	4.3363642e-02	-5.0560039e-02	1.7184742e-01	1.3598110e-01	-2.0069929e-02	1.9096380e-01	1.2339523e-01	1.6209677e-01	-5.8145206e-03	-1.6005702e-01	-1.7723392e-01	2.4798320e-01	1.5081498e-01	-1.0815551e-01	5.4414969e-02	2.1039518e-02	5.1650468e-02	-2.4112438e-01	-7.0593946e-02	-1.2003836e-02	5.4355647e-02	2.8407213e-01	-1.3850528e-01	-1.5294856e-01	2.5107637e-01	6.9129609e-02	-1.0828772e-01	-4.7033276e-02	-1.8333401e-01	-3.7659287e-02	-2.2716597e-01	-2.8356388e-02	-2.1353495e-01	4.4567753e-02	1.5615055e-01	1.8003833e-01	2.9859591e-01	-2.4910532e-01	1.6907042e-01	-5.5887047e-02	-1.4899722e-01	-1.6963874e-01	7.6654084e-02	2.6006138e-01	-2.5493175e-01	2.4482696e-01	-1.0043938e-01	1.9830091e-01	7.1193598e-02	1.8772413e-01	-1.9541955e-01	7.8392819e-02	-2.0435041e-01	-2.1707685e-01	-4.3032020e-02	1.4454269e-02	2.0237897e-01	-2.7196174e-02	2.0688447e-01	-1.9636640e-01	-1.0782614e-01	2.1824491e-01	2.1465400e-01	2.5252452e-01	-2.7521169e-01	-1.1951720e-01	-1.7497810e-02	2.6633295e-01	9.2325889e-02	1.9144532e-01	2.3638156e-01	2.0277347e-01	2.4622859e-01	-1.3368982e-01	-1.5458390e-01	2.0512818e-01	-1.0383681e-01	1.2210356e-01	-1.4328669e-01	-1.1102170e-01	-2.8377804e-01	-2.4501525e-01	2.7254429e-01	1.4364824e-01	2.8461233e-01	-1.0629749e-01	-1.8140934e-01	2.4094693e-01	-2.9179975e-01	-3.0635360e-01	2.1970832e-01	2.3292609e-01	2.3346594e-01	-2.4562880e-01	-1.6766721e-01	-1.3423167e-01	5.6821868e-02	-1.2746833e-01	-1.6827784e-01	1.6207483e-01	4.4680599e-02	-2.2442672e-01	-1.8315844e-01	-2.3465739e-01	3.8058057e-03	2.3430572e-01	1.7808554e-01	9.0221599e-02	-1.3287520e-01	-6.8900123e-02	-5.8600303e-02	2.1332347e-01	2.6411441e-01	2.8327617e-01	2.9466429e-01	-1.5770213e-01	-1.0648700e-01	9.0833127e-02	2.9230496e-01	2.1579477e-01	-1.2460705e-01	3.1098723e-02	1.0709208e-01	2.9216984e-01	-4.4030339e-02	-3.0701050e-01	1.3885146e-01	9.2329264e-02	1.5637282e-01	-2.0760360e-01	-2.5590548e-01	-1.6224568e-01	-3.3534016e-02	1.3651997e-01	-2.3334020e-01	8.1604034e-02	-2.4214973e-01	1.4742449e-01	1.3153377e-01	2.3141456e-01	-2.8368604e-01	-1.3483547e-01	2.9821870e-01	1.7098251e-01	-1.3995628e-01	-3.0754390e-01	-1.7240467e-02	-1.8929735e-01	2.6561761e-01	-9.6709944e-02	2.3150006e-01	1.0156866e-01	-2.0167813e-01	1.4177760e-01	1.9867548e-01	-2.9864419e-01	-2.1571276e-01	8.3125792e-02	-2.7527902e-01	5.0087225e-02	-1.8508464e-01	-1.9484197e-01	5.9954274e-02	-1.4381549e-01	-1.2153856e-01	8.0210596e-02	-2.7239919e-01	-2.8697678e-01	5.8958557e-02	5.9218146e-02	3.0236986e-01	-2.4843358e-01	-1.3878702e-01	2.0505905e-01	-1.2390120e-01	1.3483597e-01	1.5195890e-01	-2.6278368e-01	-2.6225364e-01	-2.2557138e-01	-2.8181240e-01	1.4252037e-01	2.3851958e-01	-2.5983554e-01	1.6901104e-01	-1.3639037e-02	-2.5118887e-02	2.7134016e-01	-1.8210240e-01	1.1695375e-01	-1.3309105e-01	-1.1704671e-01	-3.0177277e-01	-2.8826007e-01	-6.8893827e-02	2.5300172e-01	1.2518451e-01	-1.7767005e-01	-9.8209381e-02	1.2971996e-01	-2.5121823e-01	2.3284452e-01	-3.1098050e-01	1.4166336e-01	1.6188756e-01	1.6890620e-01	-2.8506610e-01	-9.9187054e-02	-2.5574347e-01	6.5208405e-02	-3.8462132e-02	-1.3208620e-01	-2.1279631e-03	5.8247760e-02	-1.9675595e-01	-2.0115352e-01	2.0826174e-02	9.2309281e-02	2.5221464e-01	7.9301465e-03	3.6449950e-02	-1.1697062e-03	2.6765907e-01	1.1054067e-01	-6.0132105e-02	2.1285966e-01	2.1649648e-01	1.1713159e-01	-1.7901199e-01	2.2776100e-01	-1.1468168e-01	-1.4804380e-01	2.8624475e-01	-2.8098404e-01	6.5511316e-02	1.0303146e-01	1.3305572e-01	5.5928603e-02	4.7076389e-02	-1.4923735e-01	2.1747002e-01	-2.3311989e-01	2.8579614e-01	-2.7138767e-01	-2.2542797e-01	1.8864055e-01	7.3143482e-02	-9.6555449e-02	-7.2340742e-02	1.3197184e-01	-1.9695589e-01	6.6642769e-02	8.4925756e-02	1.0379402e-01	1.7894068e-01	1.5559308e-01	6.8770424e-02	-2.1693988e-01	-1.8647644e-01	-1.8119735e-01	-1.8370230e-01	-2.7719629e-01	-3.4192704e-02	-1.1843544e-01	2.8311327e-01	8.5062802e-02	-7.6129690e-02	6.0207710e-02	3.7049893e-02	-3.0937892e-01	1.1503662e-01	1.3188203e-01	-2.6945496e-01	2.1523544e-01	-2.3473118e-01	2.9678574e-01	-2.4954979e-01	1.8402222e-01	-9.6952021e-02	-1.8072890e-01	-1.7443240e-01	2.5197631e-01	-2.0715837e-01	-2.4377725e-01	-3.0817816e-01	-1.1561666e-01	-1.3471656e-01	2.8487152e-01	1.6730994e-02	-2.6387951e-01	-1.1366225e-01	-2.9125026e-01	2.0010448e-01	-2.4871790e-01	-1.3919193e-01	1.8353510e-01	1.1172157e-01	1.5166323e-02	2.1303928e-01	6.3628823e-02	-3.1934310e-02	7.5877801e-02	2.9427549e-01	-2.7283269e-01	-1.4348688e-02	1.8887115e-01	2.5046536e-01	-2.3855624e-01	-1.9745392e-01	-1.0459651e-01	-6.3126385e-03	1.2938714e-01	9.4829977e-02	2.9601082e-01	-1.6098645e-01	1.7793462e-01	-2.6273015e-01	9.1063961e-02	9.7213537e-02	5.2063681e-02	3.4394514e-02	2.3361498e-01	3.1178191e-02	-8.6696120e-03	-1.0250885e-01	-1.3430141e-01	1.9635569e-01	8.2378210e-03	-9.2187092e-02	1.4690107e-01	2.5348094e-01	-2.3400132e-01	-1.1504476e-01	-1.6107488e-01	-2.3499842e-01	-2.8329566e-02	1.8171823e-01	-5.9743616e-04	-6.5869316e-02	2.8043807e-01	1.0626629e-01	2.1925680e-02	2.1200362e-01	8.4937997e-02	2.8960416e-01	1.8569797e-01	-5.4360107e-02	8.6359985e-02	-2.2427472e-01	-2.6397284e-02	2.2394665e-01	7.3045716e-02	-1.2908573e-01	9.2333443e-02	-7.3512316e-02	3.0619973e-01	-8.8118359e-02	6.4495564e-02	2.0997745e-01	9.5247895e-02	2.9565123e-01	-2.8746396e-01	-7.3240161e-02	1.1704073e-01	2.1351986e-01	-2.4717367e-01	-1.5138264e-01	-2.6712199e-03	5.5856057e-02	1.8255544e-01	-2.7585456e-01	-8.5698720e-03	-1.1960234e-02	1.7845392e-01	2.1575996e-01	-2.4763189e-01	-4.7015753e-02	-3.0707831e-02	-2.3863983e-01	-2.9609758e-01	5.3131465e-02	1.2903936e-01	-5.0447643e-02	-2.7694196e-01	1.3168645e-01	-3.0904007e-01	-2.9119864e-01	-2.6446113e-01	-2.0075294e-01	5.1480681e-02	-2.6116011e-01	4.1187674e-02	-2.2215123e-01	-2.6086241e-01	-1.0489878e-01	3.2554615e-02	2.0506383e-01	2.0764898e-01	1.6914614e-01	-2.4843070e-01	1.9590613e-01	2.1119947e-04	-2.4535319e-01	-3.0130285e-01	1.4742842e-01	1.1325610e-01	1.0689068e-01	1.5388215e-01	-4.6684138e-02	-7.9988062e-02	4.4509884e-02	1.8293636e-01	-1.3472949e-01	-2.4168100e-02	-3.2687575e-02	-7.6491810e-02	-1.7782494e-01	1.4317718e-01	2.9277176e-01	9.4656944e-03	-2.4016473e-01	6.8098128e-02	-2.3588634e-01	-1.7927031e-01	2.6899341e-01	1.4524166e-01	-3.6199890e-02	-3.1515181e-01	-1.3533558e-01	-6.2048580e-02	1.6522139e-01	1.4840038e-01	1.1369202e-01	-2.8577602e-01	-1.7610943e-01	1.1938335e-01	-1.0055479e-01	-1.4797853e-02	1.3643542e-01	2.8626001e-01	2.0664434e-01	5.9599768e-02	2.6413047e-01	7.7385597e-02	1.8569106e-01	-2.7876428e-01	1.6501258e-01	8.6159758e-02	2.6446721e-01	-1.4263378e-02	3.3216167e-02	-6.5005891e-02	-1.9040233e-01	-3.0588612e-01	5.3549156e-02	-2.9199836e-01	7.2270907e-02	8.0879189e-02	5.8253899e-02	-2.4387181e-01	5.7990938e-02	4.3187678e-02	-7.5713076e-02	-1.0687427e-01	1.3617802e-01	2.4899514e-01	-5.4476283e-02	2.7952605e-01
1.0088622e-01	-1.6235833e-01	6.5926924e-02	2.0175074e-01	-3.0070555e-01	2.4021626e-01	-3.4138626e-01	2.8365892e-01	2.2115113e-01	2.0095704e-01	3.9077756e-01	-2.6633945e-01	2.2071578e-02	2.6181129e-01	3.6917704e-01	-2.7319869e-01	7.5740941e-02	8.2795538e-02	-3.3793288e-01	-8.4119337e-03	-3.4551224e-01	3.0864403e-01	9.5016517e-02	-3.4837881e-01	6.2098924e-02	-2.7935618e-01	-3.8896501e-01	-1.0742339e-01	2.1386245e-01	-3.2585391e-01	3.3746096e-01	-2.5416154e-01
