9
input	8
dense	32
relu	0
dense	32
relu	0
dense	32
relu	0
dense	1
linear	0
7.999999979801942e-06
-1.4149490e-02	9.6392119e-03	-8.7512106e-02	-2.3303481e-02	-2.7869249e-02	-6.4319216e-02	2.7416188e-02	-7.7174897e-03	7.3050456e-03	-2.4692062e-02	-2.0164568e-02	-5.9744898e-02	-1.7003879e-02	-8.7856827e-03	-6.0701318e-02	-1.7679311e-02	1.2157867e-02	-5.3484157e-02	2.6125319e-02	8.8143284e-03	-1.7459203e-02	-4.0051419e-02	-2.9418983e-02	-1.5422537e-02	-4.9261734e-02	2.2977304e-02	-2.4271298e-02	1.5101776e-02	-1.9546781e-02	1.4973980e-02	-3.7215330e-02	-1.0656570e-02
-2.6476663e-03	-1.9221399e-03	-7.3173656e-03	-1.7647488e-02	-1.9052148e-02	1.3980183e-02	-1.2936459e-02	-3.0404186e-02	-2.2477213e-02	-1.1558251e-02	-1.4102221e-02	-3.7788264e-02	-1.9151617e-02	-1.7256366e-02	-9.4717778e-03	-3.2344822e-02	-3.5195898e-02	-2.2644781e-02	-1.1625171e-02	6.4240396e-04	-4.2028859e-02	-4.1330777e-02	-4.9128238e-02	-2.2371791e-02	-1.5977973e-02	-9.7851241e-03	-2.7634621e-02	-2.4521919e-02	-6.4350754e-02	-6.6495636e-03	-1.8758127e-02	-1.5923368e-02
-1.5480118e-02	-1.3772563e-02	-4.9445070e-03	-4.2523914e-03	-9.7696539e-03	1.5058137e-03	-2.7747802e-02	-3.9525773e-02	-1.6325997e-02	1.1416881e-02	-1.6094053e-02	-1.1920566e-02	-6.9932765e-03	-3.4956340e-02	-1.2852982e-02	-2.6472222e-02	-8.2129305e-03	1.3702873e-03	-6.0007991e-03	-2.4421472e-02	-6.0264179e-03	3.5145556e-04	-2.1091465e-02	-3.5756342e-02	-5.0690915e-03	-3.4679677e-02	-1.8028958e-02	-2.3535002e-02	1.1627764e-02	-2.1897402e-02	-3.3854377e-03	-8.0920691e-03
-1.9256986e-03
-2.3510996e-01	-2.8775472e-02	-3.2176447e-01	1.4541163e-01	-2.9242530e-01	-3.1993511e-01	-1.6534814e-01	-7.7229813e-02	-7.0126556e-02	-2.1531073e-02	-1.6714883e-01	3.4699488e-01	1.2511665e-01	-2.0578884e-01	7.8846373e-02	1.0111768e-01	-2.0339432e-01	2.2908637e-02	-8.5769050e-02	4.3531019e-02	-2.0889494e-01	-3.3236587e-01	3.1254405e-01	5.8628462e-02	-3.4581810e-01	-1.9800770e-01	2.5697297e-01	-8.2212826e-03	2.3956323e-01	2.7316932e-02	-3.5782218e-01	-8.1158489e-02	-2.7414763e-01	2.5131306e-01	2.7133539e-01	-2.2229186e-01	6.4937681e-02	2.7559176e-01	1.2006839e-01	-1.5908033e-01	-3.3727738e-01	-1.0109231e-02	4.2832077e-02	-1.5877408e-01	2.9870981e-01	2.3155016e-01	2.9334080e-01	3.2028431e-01	4.7993205e-02	-2.0615566e-01	-2.0431067e-01	-2.9451886e-01	1.8990774e-02	-9.3062252e-02	-1.7768328e-01	9.2596017e-02	-2.6714605e-01	-2.3226656e-01	3.0008706e-01	-1.3673547e-01	1.0903445e-01	4.8486296e-02	-1.2300105e-01	2.7445391e-02	1.2881786e-01	-2.3807010e-01	-6.3949376e-02	-1.6951029e-01	-3.6178678e-01	2.3441042e-01	1.5359843e-01	-6.5817654e-02	-3.7028512e-01	-3.9758548e-02	3.7865159e-01	3.8104260e-01	-2.1595603e-01	-8.1915474e-03	-3.2748559e-01	-1.7760472e-01	-2.3305729e-01	-9.5137112e-02	3.6716065e-01	1.3202140e-01	1.3428012e-01	-3.6275232e-01	2.9855591e-01	1.9629627e-01	4.2586368e-02	1.9776149e-01	1.5174761e-01	2.1277127e-01	-3.6702555e-01	1.0394171e-01	-1.6733553e-01	2.5631347e-01	2.9277426e-01	8.4523492e-02	1.5885283e-01	-2.4496400e-01	-3.6574182e-01	-2.6591125e-01	-3.4529373e-01	7.8378581e-02	1.7229855e-01	-3.1121460e-01	-1.2502803e-01	1.2693147e-01	-1.4657034e-01	2.0065024e-01	1.1126962e-01	2.9730769e-02	-6.2841885e-02	-3.4684324e-01	-3.1998336e-01	6.9573551e-02	2.3559155e-01	-2.4085887e-01	1.7891334e-01	7.3709443e-02	4.1375444e-03	2.6770154e-01	-2.0445715e-01	3.1873393e-01	3.0573690e-01	-3.6264348e-01	-1.3235094e-01	1.0128209e-01	3.6272883e-01	9.5606863e-02	6.3332766e-02	3.1018877e-01	5.8988128e-02	2.4173014e-01	-5.6709036e-02	-1.5811472e-01	1.3208096e-02	2.6083392e-01	-1.6489798e-01	-2.8600004e-01	3.3794886e-01	-3.1062683e-01	2.3240036e-01	2.9113343e-01	7.1263969e-02	-6.2885240e-02	-2.5251517e-01	2.4324496e-01	5.5620018e-02	4.9969133e-02	1.6046306e-01	2.2477081e-02	2.3555003e-01	3.4982362e-01	2.2583891e-01	2.1961497e-01	-2.0875041e-01	3.7622076e-01	-2.9652423e-01	-9.3026767e-03	1.9319145e-01	4.4748325e-02	9.0968795e-02	-1.9725251e-01	-2.7304590e-01	1.7045209e-01	5.0985146e-02	3.4110588e-01	6.7548245e-02	1.7749433e-01	2.1711605e-02	-1.1871734e-01	6.3202016e-02	2.2248194e-01	3.5531655e-01	1.7787376e-01	-2.8627237e-02	2.7162495e-01	-5.3268708e-02	1.3561448e-02	-2.0809919e-01	1.2957067e-02	-6.4711474e-02	3.3466023e-01	-3.0046958e-01	-2.3754276e-01	3.8036075e-01	-5.9330560e-02	-8.5335523e-02	-1.8006513e-01	9.9652268e-02	-2.7737972e-01	1.5862761e-01	-2.6424536e-01	2.7607197e-01	3.2394102e-01	2.8898200e-01	-2.6376161e-01	1.5132667e-01	1.7451891e-01	2.7515990e-01	1.7138527e-01	2.8478539e-01	2.5827244e-01	-1.0120018e-02	-2.6605576e-01	-3.0521911e-01	9.2571210e-03	-5.4842550e-02	1.7730632e-01	-3.6814138e-01	1.6048507e-01	-6.0649704e-02	-3.6360779e-01	-2.7855399e-01	2.8258726e-01	-2.6093021e-01	1.7428228e-01	-5.8114428e-02	-3.2553202e-01	2.3801853e-01	2.2207226e-01	1.2176517e-01	1.1049145e-01	7.2984554e-02	-7.6206088e-02	2.5514869e-02	1.3879661e-01	-2.5818038e-01	-3.1460688e-02	2.8737894e-01	-2.9099125e-01	-1.9133514e-02	-2.1917900e-01	7.4399016e-03	-4.6755761e-02	3.7086535e-01	2.0470247e-02	-2.1136542e-01	5.3961411e-02	2.0236292e-01	-1.2688527e-01	-3.8257563e-01	3.8757533e-01	-1.4092344e-01	-1.5688713e-01	2.8464141e-01	-3.1706598e-01	2.9050630e-01	1.2652658e-01	3.5028324e-01	7.7183895e-02	-1.0693809e-01	1.7585364e-01	2.6934445e-02	-2.5621550e-02
3.0021897e-01	3.1163073e-01	8.5699320e-02	1.3789947e-01	-6.4365380e-02	-1.5471654e-01	-2.4794668e-01	1.9693989e-01	-1.7356844e-01	3.0355397e-01	-2.4656916e-01	-1.9211280e-01	-5.2508440e-02	-2.6816401e-01	-2.9569000e-01	5.6684308e-02	3.8480148e-02	2.0019397e-01	-1.7548129e-02	1.7277557e-01	-7.4154608e-02	-1.2038402e-01	2.0751293e-01	-2.6863736e-01	2.5807056e-01	2.2448790e-01	2.5340191e-01	2.4612364e-01	2.0211181e-01	-3.8321037e-02	2.9264310e-01	2.0263901e-01	2.6970497e-01	3.0714029e-01	-1.2074880e-01	-1.7215076e-01	-1.6041958e-01	9.6196532e-02	-9.7834513e-02	2.4480951e-01	-1.3709733e-01	-2.3431699e-01	2.9144672e-01	-1.3789637e-01	-2.0030890e-01	-2.1950243e-01	-4.8859075e-02	2.6629594e-01	2.2578187e-01	-2.6375914e-01	-1.4539054e-01	2.0267072e-01	-2.7583432e-01	-1.5687796e-01	1.7906263e-01	-6.9214359e-02	1.2077753e-01	-1.0563368e-01	1.8581828e-02	8.5210972e-02	8.2130514e-02	6.5659232e-02	-1.9897346e-01	2.3221433e-02	1.4791732e-02	-7.0921965e-02	-1.5630020e-01	-2.1756114e-01	-2.1299681e-02	-1.9182207e-01	-6.4881667e-02	-2.8273034e-01	2.1697548e-01	-1.5014046e-01	9.8192595e-02	-1.4526077e-01	-2.3346481e-01	-1.8657880e-01	-1.2577991e-01	2.2469513e-01	6.4902566e-02	-2.6922670e-01	-8.7920777e-02	1.8171670e-01	2.2242624e-02	-1.0310557e-01	-3.0144531e-01	-2.9887018e-01	-6.6360727e-02	1.7803098e-01	3.0225283e-01	4.1495837e-02	-4.7787879e-02	-1.8531963e-01	-2.4820992e-01	-3.0444333e-01	8.7376676e-02	2.7220768e-01	-3.6547732e-02	-1.7643443e-01	1.2362202e-01	2.1511069e-02	-1.2060726e-01	-1.2612531e-01	9.5014177e-02	5.4094438e-02	-3.1056732e-02	1.6687241e-01	6.6425130e-02	6.0529191e-02	-1.2913579e-01	-2.4297069e-01	-1.9845085e-01	1.0235970e-01	1.3074160e-01	2.7017921e-02	-1.7328221e-01	-1.0965186e-01	4.1539218e-02	1.6470101e-01	2.3897430e-01	2.9771632e-02	-1.3870429e-01	-1.6548203e-01	-2.0617552e-01	-1.5417989e-01	-2.4216159e-01	-1.6345939e-01	6.8448678e-02	-4.9323332e-02	-2.3375158e-01	1.9687718e-01	-2.9286674e-01	-2.4154821e-01	2.4135134e-01	5.8127720e-02	-1.9954841e-01	-7.4369282e-02	4.3888886e-02	-2.4396770e-01	-1.1996743e-01	1.6130018e-01	7.6670103e-02	-7.5708106e-02	-2.1211432e-01	1.5667699e-01	1.9285488e-01	2.0383503e-01	-1.6237554e-01	-5.9343204e-02	2.9691976e-01	2.0822851e-01	-8.1966698e-02	-2.5932795e-01	2.7094486e-01	-1.6058414e-01	2.0692632e-01	-1.0118642e-01	-1.3499290e-01	-1.7542838e-01	-1.4187293e-01	-2.4741966e-01	8.7845765e-02	-1.7213158e-01	-2.6941875e-01	-1.3744655e-01	-2.6461917e-01	1.7083925e-01	-1.7341885e-01	-2.5078681e-01	-5.6860469e-02	1.1481878e-01	-1.8438518e-01	2.0011081e-01	-1.7272955e-01	-1.6072644e-01	1.0194036e-01	2.6384151e-01	-1.8180020e-01	8.9199401e-02	8.2821317e-02	-7.0070200e-02	-1.4102139e-01	1.5248267e-01	-2.1377986e-02	-1.8375289e-01	-2.8961394e-02	3.2843560e-01	1.1468491e-01	1.7691754e-01	3.2498574e-01	-1.2518215e-01	3.1153550e-02	-2.8594211e-01	1.4787577e-01	-6.9042887e-03	-2.1606950e-01	1.3618366e-01	-1.1479022e-01	-2.3731690e-02	-3.4286417e-02	2.0387410e-01	-3.5012636e-02	1.5456642e-01	-1.6906716e-02	-9.5819309e-02	2.0665576e-01	-8.9938089e-02	-2.3101197e-01	-2.7719903e-01	1.8489410e-01	-2.7722633e-01	2.0966130e-01	-6.9572002e-02	-3.4006149e-02	6.6369317e-02	1.4360176e-01	7.6160543e-02	9.7407021e-02	-2.5081152e-01	-2.9551807e-01	-3.1057847e-01	4.0839747e-02	3.2630213e-02	-2.7367491e-02	-2.1285924e-01	-9.1043219e-02	3.7471071e-02	1.0927665e-01	1.5676914e-01	2.9381323e-01	-2.7050093e-02	-2.4211843e-02	-2.4464442e-01	6.5194666e-02	-2.9612720e-01	1.8987495e-01	-1.1410387e-01	-2.3965866e-03	-2.9761970e-01	1.2854643e-01	-2.8500852e-01	-5.0246172e-02	2.1693723e-01	1.0931943e-01	-1.5054084e-01	-1.6530466e-01	5.8881812e-02	-1.0267474e-01	7.2046652e-02	7.5040162e-02	2.8972799e-01	-2.6822588e-01	1.4500172e-01	-2.6512623e-01	1.1334936e-01	-6.2248975e-02	-3.0952819e-02	3.3532321e-02	-1.0309395e-01	-9.1194615e-02	-1.0598537e-01	1.6471653e-01	-2.5475064e-01	-1.4258406e-01	-2.9365724e-01	-1.9002114e-01	-9.5092140e-02	-1.7786795e-01	2.1585590e-01	2.4617699e-01	-1.7418784e-01	2.1807770e-01	-2.5432369e-01	-9.2179254e-02	2.3617598e-01	2.1412089e-01	-1.9831926e-01	5.6828417e-02	2.9088372e-01	2.5007185e-01	-1.0075924e-01	-1.1484727e-01	-1.8834676e-01	-1.6320291e-01	1.4028403e-01	-1.2711415e-01	-2.7240205e-01	-9.9473618e-02	-2.5325677e-01	1.6685027e-01	-2.8873572e-01	9.8314613e-02	-1.9754955e-01	-1.9083896e-01	2.3572099e-01	-2.8100640e-01	-2.9619345e-01	-2.5915602e-01	-4.0243983e-02	-5.6127030e-02	5.5415016e-02	-4.0307075e-02	1.3467653e-01	2.9851842e-01	-3.0094182e-01	-1.7329854e-01	8.1661925e-02	-2.8517053e-01	-1.9761549e-01	-1.0053705e-01	-2.1754423e-01	3.7018318e-02	1.5788023e-01	1.7928895e-01	-2.8991136e-01	9.9309012e-03	2.5055879e-01	-2.8041434e-01	-1.3490729e-01	-2.3134712e-02	-5.0153926e-02	1.6614565e-01	-5.6863494e-02	1.7519462e-01	5.0361570e-02	-1.7006181e-01	-1.6371810e-01	-9.4598114e-02	-6.0627259e-02	2.6346919e-01	1.1672698e-01	1.3142078e-01	-1.7943160e-01	-1.2168650e-01	9.5338114e-02	-1.4095388e-01	-1.8517655e-01	-5.4402113e-02	1.0362914e-01	9.6883483e-02	-1.3672228e-01	-1.8130524e-01	2.6816714e-01	-2.3121145e-01	2.3820968e-01	2.0052035e-01	4.6480838e-02	-2.3003761e-01	6.2276371e-02	-1.2400156e-01	4.1050151e-02	-7.5207241e-02	-5.4494657e-02	2.5004765e-01	1.3824768e-01	1.5259868e-01	2.8312922e-01	-3.2124601e-02	2.6815668e-01	3.7712049e-02	-2.6571462e-01	-2.0411257e-01	1.7605174e-02	4.3836880e-02	-4.6914957e-02	1.9620270e-01	7.2913766e-02	-2.4531195e-01	-5.6626204e-02	-1.4534512e-01	-1.7127757e-01	-2.1452531e-01	9.0146802e-02	1.6288453e-01	1.2036621e-01	2.3626459e-01	-1.6027854e-03	-1.2357759e-01	-1.7786555e-01	5.9617102e-02	2.2966074e-02	1.6326755e-01	-8.6564213e-02	-1.0168025e-01	-2.0732887e-01	2.7329536e-02	1.6693982e-01	-2.5572827e-01	2.3906879e-01	-8.5003544e-03	2.3924889e-01	-2.3367004e-01	-9.5864266e-02	-2.1373765e-01	-1.5959880e-01	2.0874961e-01	-7.1798600e-02	-1.2491405e-01	-2.2532895e-01	1.2846503e-01	-1.3050152e-01	-4.4342525e-02	2.1858490e-01	1.5065356e-01	-2.2726497e-01	2.3009451e-02	5.5813517e-02	-1.7604925e-01	1.7186287e-01	2.1508627e-01	4.2559903e-02	2.5315853e-02	7.4148811e-03	-1.7312242e-01	1.6381310e-01	-1.2246409e-02	-1.7356564e-01	-2.6421568e-01	1.7503658e-01	-2.7420455e-01	9.6339792e-02	-1.1020906e-01	-7.7323481e-02	-4.2224459e-02	1.5043418e-01	2.2093973e-01	8.5193768e-02	-3.4407947e-02	1.4799778e-01	1.9691131e-01	-7.0924096e-02	-1.3243750e-01	-2.6862374e-01	2.1972488e-01	-3.0174711e-01	2.6976097e-01	-7.5684693e-03	-8.7534435e-02	2.8370795e-01	-2.3602445e-01	-1.8334273e-01	-3.7548931e-03	-2.7159652e-01	7.0427991e-02	-5.4869916e-02	2.2129968e-01	-1.9356610e-01	9.5384056e-03	-2.0900618e-01	-1.5414344e-01	-1.6276121e-01	2.0503582e-01	7.6688036e-02	-6.3632786e-02	1.2536168e-01	-2.9213074e-01	-5.5358443e-02	2.0532520e-01	-2.7358186e-01	-1.5588851e-01	2.5505479e-02	1.2140238e-01	4.9390260e-02	2.0787367e-01	1.6758123e-01	-1.9700487e-01	2.3209552e-01	-2.0393509e-01	-2.2539949e-01	8.0268681e-02	-1.7611085e-01	2.1122620e-01	-4.0966585e-02	-2.3211750e-01	-2.1744847e-02	-2.4025829e-01	-6.0031173e-04	-2.0961973e-01	2.3945506e-01	8.8967524e-02	1.8021728e-01	-1.9254164e-01	-4.2950984e-02	1.2042604e-01	-1.3449095e-01	1.5680096e-01	2.0686834e-01	-1.5503497e-01	-1.0743116e-01	1.9189708e-01	5.2056372e-02	2.5207064e-01	6.9073504e-03	-1.2486387e-01	2.9764732e-02	2.1495359e-01	-2.3706390e-01	-1.9844574e-01	2.0616160e-01	8.2868963e-02	1.0381671e-01	-6.7972042e-02	1.8564315e-01	1.1989230e-01	1.5248455e-01	-1.6659093e-01	2.4803723e-01	4.6244897e-02	-2.8503394e-01	1.1112964e-01	2.8114641e-01	2.9227296e-01	-2.5146672e-01	1.5732484e-01	6.1390132e-02	2.1021066e-02	3.8405761e-02	-2.6014817e-01	-1.6575871e-01	2.0707287e-02	2.0066327e-01	-1.0174688e-01	-1.2712230e-01	-6.8833388e-02	8.0297925e-02	9.3868367e-02	2.0701341e-01	-1.0707627e-01	-6.0374495e-02	1.7559683e-01	9.9109963e-02	2.7558765e-01	-1.8261652e-01	-1.9711655e-01	-1.1034169e-01	2.7699256e-01	-1.2907304e-01	-2.1111573e-01	2.0594029e-01	-1.5103598e-01	1.9997123e-01	-3.2331727e-02	2.6998147e-01	1.0045261e-01	-2.5068304e-01	-1.3871590e-02	-7.6218650e-02	5.2554314e-03	-1.8912435e-01	-2.9886326e-02	-1.0810677e-02	-2.0733139e-01	1.8320131e-01	1.1394922e-01	-2.2622921e-01	5.6190882e-02	-2.1034142e-01	-2.5455782e-01	6.7271769e-02	1.1288389e-01	-1.1178856e-01	6.2439539e-02	-2.4410509e-01	8.4609456e-02	2.5746444e-01	1.4422385e-01	1.1156665e-01	-6.7325130e-02	2.3877808e-01	1.4640200e-01	7.8531280e-02	-1.1686668e-01	-1.0027141e-01	2.3332760e-02	-2.2560224e-01	-1.6396523e-01	-1.8328884e-01	-1.1956981e-01	1.1087281e-01	4.0393468e-02	-1.9460128e-01	-1.8601044e-01	-3.4021836e-02	-2.3159906e-01	1.5469410e-01	-6.2607969e-03	-1.4675144e-02	-2.3187515e-01	1.9091982e-01	2.9989704e-01	-3.0104494e-01	-2.5021681e-01	5.6644246e-02	-1.1036851e-01	3.3834405e-02	3.3462945e-02	-2.6634145e-01	-5.1064245e-02	2.6088870e-01	-1.6901043e-01	-2.5603452e-01	-6.3140914e-02	1.9636631e-01	-1.2595016e-01	-2.2272867e-01	-8.9096718e-02	-4.7793172e-02	-1.0270194e-01	-1.1206660e-01	-4.7731902e-03	-2.3570506e-01	1.4615741e-01	-4.0534738e-02	-1.8788670e-01	1.3988467e-01	-2.3318809e-01	2.9212448e-01	-4.5591366e-02	1.5154753e-02	-8.6893745e-02	1.4782131e-01	1.7984916e-01	2.3739368e-01	2.3501095e-01	2.7738690e-01	2.8455007e-01	1.1290545e-01	-5.7551704e-02	-1.7791228e-01	-1.7329186e-01	-2.2219943e-01	-2.4342881e-01	-1.8943471e-01	-7.3446900e-02	-2.1487345e-01	6.9144659e-02	-6.7322804e-03	1.1484394e-01	-2.9859859e-03	-2.3808378e-01	2.0258917e-01	1.6373609e-01	-2.8586036e-01	-9.8019458e-02	-2.3096757e-01	-1.6855113e-01	-3.0226579e-01	2.3451632e-01	-1.4854802e-01	2.7610880e-01	1.0323899e-01	1.3399751e-02	-9.3815401e-02	1.4552703e-01	6.1329544e-02	2.4681517e-01	-2.7512443e-01	-4.2199671e-02	1.4955533e-01	1.3011631e-01	-4.9903736e-02	-2.2491194e-01	2.5462508e-01	2.6852921e-01	5.8487430e-02	-2.3451144e-01	2.2006944e-01	3.7349816e-02	1.6901983e-01	-3.0539659e-01	-3.0795023e-01	2.2645810e-01	-2.4692129e-02	2.3179823e-01	9.6583627e-02	1.2315030e-01	1.7736851e-01	1.7754325e-01	2.9821199e-01	-5.1707048e-02	-1.1250348e-01	1.8033855e-01	-1.8578392e-01	-1.4538483e-01	1.4797033e-01	1.0928492e-01	-2.1824829e-02	-3.0145326e-01	2.2944912e-01	-3.1415004e-01	-1.2426557e-01	1.1754382e-01	-2.8555033e-01	-8.4554657e-02	2.5275272e-01	-1.0658862e-01	-2.4236311e-01	-1.0786920e-01	-1.0370345e-01	2.0359656e-02	1.6129312e-01	2.3662433e-01	-1.9588192e-01	-2.1313907e-01	-5.5854417e-02	-2.4629894e-01	-2.7723137e-01	2.7307069e-01	2.5067550e-01	-2.2154102e-02	-1.3245946e-01	-7.1986951e-02	2.0928982e-01	6.9906242e-02	2.2111231e-01	-1.0903090e-01	2.4418107e-01	2.4318527e-01	2.5366458e-01	6.8785079e-02	-5.0034396e-02	-1.4924112e-01	-7.5581379e-02	-1.8581071e-01	-8.5492514e-02	2.9214224e-01	1.6084631e-01	-1.7533177e-01	-2.3785059e-01	-3.1092075e-01	-3.1980880e-02	-2.3225177e-02	1.3140661e-01	8.9877345e-02	-6.3377433e-02	1.2533464e-01	7.6591238e-02	-9.4788842e-02	-1.6577382e-01	2.1177123e-01	4.2600945e-02	6.7803308e-02	1.3011181e-01	-1.0725419e-02	2.7157781e-01	-2.1855274e-01	1.4875919e-01	7.1081907e-02	-1.9325434e-01	-2.0532946e-01	-7.4691691e-02	-1.9283993e-02	6.5513425e-02	-1.1400560e-02	7.3231950e-02	1.7830665e-01	1.5987764e-01	-4.6362888e-02	2.5293121e-01	8.7482914e-02	7.6122858e-02	1.6344821e-01	-2.2581305e-01	-1.5282117e-01	2.8371409e-01	4.9800310e-02	6.7409757e-03	1.4539024e-01	-2.3987994e-01	8.7779976e-02	1.5798880e-01	1.5403843e-01	2.2694631e-01	1.1480545e-01	-2.9076281e-01	2.8174302e-01	3.9529603e-02	-2.9890007e-01	-2.1708877e-01	1.9319798e-01	-2.9614976e-01	8.6213082e-02	1.5626606e-01	8.6604489e-04	-2.7081129e-01	2.4273115e-01	-5.4696396e-02	-9.1258146e-02	1.0288268e-01	-1.7246386e-01	2.4837752e-01	1.0343520e-01	-1.5426609e-01	-3.3641592e-02	-1.4183399e-01	1.7665277e-01	2.4234849e-01	2.5354522e-01	2.5062686e-01	-2.6163518e-01	9.9723957e-02	2.6916383e-02	6.2919945e-02	2.0520654e-02	-2.5676450e-01	1.4592236e-01	-2.6710218e-01	-1.8046941e-01	1.7933229e-01	9.2181854e-02	3.2376152e-02	1.5787274e-01	-8.2713932e-02	-9.1763116e-02	2.2411866e-01	-1.8167353e-01	1.2938328e-01	-1.3246989e-01	-7.2121799e-02	-2.4333632e-01	2.0759979e-01	2.5352669e-01	1.0939822e-01	-1.4365639e-01	6.4279791e-03	-1.5005085e-01	2.2532824e-01	2.8583053e-01	5.5934053e-02	-2.5698072e-01	-3.0454001e-01	7.2713010e-02	-2.4718629e-01	-2.5551742e-01	2.3820527e-01	-4.8491336e-02	2.3272876e-01	8.9299127e-02	1.5008105e-01	1.8494499e-01	-1.7986938e-01	-5.6282088e-02	-2.7619436e-01	-1.8557018e-01	-2.8280747e-01	2.8339607e-01	-1.4392549e-01	2.2153947e-01	-2.0964865e-01	2.2730586e-01	-2.6058521e-02	-1.2023366e-01	-2.1573434e-02	-3.3535995e-02	1.9166367e-02	1.7776613e-01	2.0076717e-01	1.5599561e-01	2.7726442e-03	3.8504552e-02	2.8999284e-01	1.6977136e-01	-2.2905189e-01	-2.1476153e-01	1.5168802e-01	-1.8433252e-01	-2.8364721e-01	-2.4018539e-01	-7.2977692e-02	-4.4937604e-03	-9.7904690e-02	-4.4362985e-02	6.6015854e-02	-2.3884283e-01	-1.7224878e-01	2.3070402e-01	2.0739773e-01	1.2611699e-01	1.0094285e-01	-1.0310808e-01	-4.7849450e-02	9.3837842e-02	-1.4023575e-01	2.6257056e-01	-2.6543507e-01	-1.8905701e-01	-2.1174079e-01	-4.3161150e-02	2.7704695e-01	2.5555286e-01	-2.5059432e-01	1.1281437e-01	1.0419991e-01	-9.3632296e-02	1.3130616e-01	-1.7088301e-01	2.4256435e-01	-3.1177757e-02	-8.3798833e-02	2.7792154e-02	-3.1598786e-01	1.7984998e-01	-2.0035946e-01	1.5139683e-01	-1.5600508e-01	5.8387782e-02	2.1272060e-01	2.1580227e-01	1.5676603e-01	2.8893411e-02	-1.1545802e-02	2.0158759e-01	1.6741639e-01	-1.3650918e-01	-3.2622028e-02	5.2914649e-02	-5.8573782e-02	9.3470812e-02	-1.3399015e-01	2.3886643e-01	8.6693801e-02	1.3650021e-01	-1.1560395e-01	-2.8757069e-01	2.7718502e-01	9.8466329e-02	-2.3279144e-01	-2.0754772e-01	5.2225392e-02	-1.6638449e-01	-1.5003422e-01	2.5029230e-01	5.8802232e-02	-2.1205805e-02	-2.6282823e-01	-3.6582353e-03	2.9336315e-01	1.2981945e-01	5.3409662e-02	-6.5388009e-02	2.4897271e-01	2.1182096e-01	2.1928267e-01	1.3515723e-01	-1.1142133e-01	-1.4501983e-01	-1.2302422e-01	-2.4391113e-01	9.6605316e-02	6.7390174e-02	4.1184764e-02	-8.3797976e-02	5.2705616e-02	-1.6505206e-01	-2.0564274e-01	-4.4644218e-02	-7.0650227e-02	-1.9467813e-01	-7.5505927e-02	-2.6013264e-01	-2.4085495e-01	-2.9639742e-01	6.0201842e-02	3.4607496e-02	6.3353535e-03	-3.0678722e-01	1.8901634e-01	-2.1245569e-01	-7.7037625e-02	-1.4980647e-01	6.9308192e-02	-1.7376807e-01	-1.6260974e-01	-1.9545171e-01	-8.9426033e-02	-2.2494628e-01	1.5434353e-01	-2.4149917e-01	2.7351290e-01	1.3558447e-01	1.3845056e-01	2.1316011e-01	1.6712505e-01	9.1351636e-02	-2.0603536e-01	1.0348976e-01	-1.6053356e-01	-1.2598592e-01	-2.0361787e-02	-1.4943251e-01	-1.3583940e-01	4.1031340e-04	-2.3570974e-01	1.4695594e-02	9.3553528e-02	1.9489726e-01	-8.1021480e-02	-2.1756968e-01	-1.2372890e-01	-3.1046595e-02	-1.6224563e-02	-2.5940889e-01	2.5012168e-01	-1.3449138e-01	1.8141599e-01	-8.1717804e-02	3.6678875e-03	-8.9220844e-02	-7.5734556e-02	2.4325371e-01	-2.3229408e-01	-1.9632550e-01	2.0043628e-01	2.1279225e-01	2.3764819e-01	1.7547157e-01	-1.8771008e-01	-2.1120368e-01	-1.0301653e-01	-2.0331796e-01	9.9792764e-02	1.3598381e-01	-1.9963656e-01
1.5641387e-01	2.4903508e-01	8.0272377e-02	-2.0124784e-01	1.5620421e-01	-1.1203501e-01	-2.7177191e-01	-4.0800717e-02	2.0674618e-01	-2.8555465e-01	-2.1171328e-01	2.1896973e-01	-1.4600657e-01	-2.0868985e-01	2.0147933e-02	-1.2053493e-01	1.2219770e-01	2.2059344e-01	2.2768691e-01	-7.9272792e-02	2.1030158e-01	-7.6599464e-02	-3.1556138e-01	2.4134959e-01	-1.6410602e-02	5.8765125e-02	-1.0870656e-01	-4.9868613e-02	-1.1110096e-01	1.2815647e-01	1.9295765e-01	-2.8368124e-01	-1.5284139e-01	7.9562049e-03	2.5763974e-01	2.8911028e-02	1.2156501e-02	1.3686731e-01	1.7483915e-01	2.6532835e-01	-2.8781930e-01	1.2432546e-02	1.2937270e-01	1.1713415e-01	2.6481351e-02	3.5042878e-02	1.0757211e-02	-5.5873290e-02	2.8495914e-01	2.5859675e-01	4.2210087e-02	1.1145016e-02	2.6589301e-01	1.7211898e-01	1.0731868e-01	3.6680907e-02	1.2959050e-01	-1.1631860e-01	7.0735931e-02	2.5226796e-01	5.0314937e-02	2.6069817e-01	-1.4608641e-01	-2.8825784e-01	8.2298644e-02	2.7877897e-01	-1.8454139e-01	-3.0355247e-02	-2.4253054e-01	-4.6873957e-02	4.7634929e-02	-8.2095444e-02	2.9892620e-01	1.6999842e-01	-2.8688893e-01	2.5479969e-01	3.0372384e-01	-2.2516781e-01	-2.8952882e-01	-1.6469717e-01	-2.0701709e-01	-7.0839897e-02	5.8677346e-02	2.9072973e-01	-1.1316420e-01	-2.9613546e-01	-1.0571211e-01	-1.9605203e-01	1.7479112e-02	-2.8708601e-01	-2.6663825e-01	2.1581039e-01	-4.5617133e-02	1.4684200e-01	-8.5853904e-02	-1.0764578e-01	1.8803348e-01	-2.4624665e-01	8.2047313e-02	4.9053732e-02	-2.1920715e-01	-2.4018462e-01	-1.1799248e-01	2.1697779e-01	-1.4352530e-01	2.1594930e-02	-1.7007425e-01	-1.8208206e-01	-1.5179850e-01	1.6938625e-01	-2.0676740e-01	2.2833982e-01	-1.7317908e-01	1.0945503e-01	-2.0801817e-01	-7.8105532e-02	-2.7746075e-01	-9.3237132e-02	1.8712147e-01	2.2626296e-02	-2.6402727e-01	-2.2264633e-01	3.7504046e-03	-9.0552755e-02	-2.5071922e-01	5.4346886e-02	-1.5859005e-01	-4.2730249e-03	-2.4509050e-01	2.3194501e-01	-2.6312301e-01	-2.4167372e-01	2.3040390e-01	1.6976218e-01	-1.8998793e-01	1.5180211e-01	-2.4405982e-01	-1.7539498e-01	-2.0252883e-01	-2.8407145e-01	-3.3967406e-02	2.0069055e-01	2.0426361e-01	-2.1875979e-01	1.7611620e-01	-2.9442927e-01	-6.3000105e-02	2.7766967e-01	-1.4365295e-01	-5.2306473e-02	4.9946528e-02	2.1944469e-02	-8.6827256e-02	-4.1958239e-02	2.6345709e-01	7.8294933e-02	-2.9249805e-01	-1.9413494e-01	6.7992061e-03	-1.5451701e-01	1.0113616e-01	1.7771210e-01	-1.5475032e-01	2.9112671e-02	1.1979301e-02	1.5987521e-01	1.9355841e-02	-5.4208571e-03	2.1205059e-01	2.3903228e-02	-2.3334076e-01	8.0775358e-02	4.2669754e-02	4.2726833e-02	-2.3127721e-01	-1.8526782e-01	1.5745912e-01	-2.8355652e-01	-2.3758422e-01	-6.2912270e-02	-7.8157475e-03	-4.4374052e-02	-8.1909642e-02	-2.3595905e-01	2.1002264e-01	1.3975322e-01	2.5029853e-01	3.6870975e-02	-2.3357660e-01	3.9535332e-02	2.7419621e-01	3.5870545e-02	1.2878102e-01	2.3845707e-01	-6.2636063e-02	1.0437908e-01	5.8112573e-03	1.9822803e-01	-2.5664034e-01	7.6658960e-04	1.6912892e-01	-1.1127266e-01	-8.2531586e-02	-2.3612697e-01	-2.9706183e-01	-7.8280076e-02	2.4444000e-01	-1.2319016e-01	-2.4989387e-01	-1.8790667e-01	-6.8759918e-04	3.4414493e-02	-1.9562113e-01	-6.2644333e-02	1.4428711e-01	2.4065390e-01	-6.7185111e-02	8.4522814e-02	9.5729716e-02	6.2553003e-02	-2.8891009e-01	1.5076350e-01	-4.2897336e-02	2.0952901e-01	-3.0590308e-01	2.3988743e-01	-1.9452009e-02	-1.5945621e-01	5.5477213e-02	1.1613853e-01	-1.3898638e-01	2.3451981e-01	2.6229104e-01	-1.0184786e-01	-2.0190816e-02	-3.5233770e-02	8.3739951e-02	9.6711271e-02	2.7346590e-01	1.3560641e-01	-1.4981814e-01	8.5178770e-02	-2.2281478e-01	8.5927300e-02	-2.8225487e-01	1.2022123e-01	-3.1501293e-01	-1.5697028e-02	1.2903368e-01	2.1504280e-01	-1.7164755e-01	-1.2683414e-01	1.9308566e-03	-3.7628215e-02	-2.6654431e-01	-2.6878735e-01	-2.2053955e-01	8.5996866e-02	-1.0262649e-01	-2.5308788e-01	6.8278991e-02	-6.2573135e-02	2.1762644e-01	-9.5096231e-02	8.7531239e-02	1.4096701e-01	-2.1906063e-01	8.6886287e-02	-1.8254477e-01	1.0981025e-01	2.1112862e-01	1.8352938e-03	1.8406405e-01	1.9336928e-01	2.7540275e-01	1.6457121e-01	-1.0243399e-01	4.3338787e-02	-2.5384161e-03	-3.0047008e-01	9.2610046e-02	-5.6892276e-02	2.5797063e-01	-1.0929355e-01	-2.5084895e-01	-1.6636755e-01	9.4560675e-02	1.4017552e-02	2.4934779e-01	-2.1128121e-01	-2.6510173e-01	-1.9690490e-01	2.0944437e-01	-6.0310499e-03	1.3490285e-01	-5.7568405e-02	2.8960016e-01	9.8270327e-02	1.1048037e-01	-2.6467589e-01	-1.2715095e-01	-1.7979805e-01	1.6237752e-01	9.3903124e-02	-1.3442738e-01	1.9177118e-01	6.2752403e-02	-8.2483768e-02	-1.1394395e-01	-3.3483925e-01	1.6222100e-01	-5.4290976e-02	2.0469086e-01	-2.9422788e-02	2.7105257e-02	-2.8742659e-01	-1.7805579e-01	-2.8791469e-01	2.5798768e-01	-5.6463685e-02	1.7131737e-01	-2.7651478e-02	-2.2990398e-01	1.5553147e-01	-2.0454136e-01	1.5280527e-01	-6.4297810e-02	-1.7319757e-01	-7.9720184e-02	-6.2483318e-02	-2.6453701e-01	-2.1181250e-01	9.3769720e-03	-1.2257644e-01	8.5531138e-02	-5.6743938e-02	-1.7333551e-01	-2.7527502e-01	-4.4596225e-02	-1.3041084e-01	-5.8073234e-02	-5.5945788e-02	2.4511243e-01	2.4354526e-01	-1.4557740e-01	1.4945589e-01	-1.3256074e-01	-4.6784475e-02	-1.1256004e-01	7.2874837e-02	4.4155177e-02	1.9126511e-01	1.4345783e-01	2.7862927e-01	2.8167668e-01	1.4647387e-01	8.8468708e-02	-2.1003924e-01	1.2203728e-01	-9.5905419e-03	-1.2498935e-01	2.9618004e-01	-1.9797429e-01	-2.3453979e-01	2.3955639e-01	-4.8252959e-02	2.5850955e-01	1.6470598e-01	-2.1104027e-01	1.1207226e-01	6.8855941e-02	1.2545559e-01	-1.1360170e-01	1.6691820e-01	-1.2635335e-01	-3.2888517e-02	7.2131783e-02	-1.1992527e-01	1.6658689e-01	4.7668740e-02	2.8970677e-01	-7.8763351e-02	-7.8633152e-02	-2.3673600e-01	1.6383658e-01	-1.8868877e-01	4.8937313e-02	-8.3703436e-02	-1.3525192e-01	2.7971789e-01	4.1460492e-02	1.3536605e-01	-1.6516060e-01	5.7270274e-02	2.4963630e-02	1.1101952e-01	-2.5683287e-01	-1.2653065e-01	2.0245510e-01	-1.5014634e-01	2.6034510e-01	1.9189967e-01	2.4602398e-01	1.8683451e-01	1.1578443e-01	-1.7883079e-02	1.6273510e-02	-4.8783049e-02	-3.1441092e-02	2.7025256e-01	7.7864997e-02	-4.9743477e-02	2.7297840e-01	2.4069519e-01	-1.1390034e-01	-5.4735690e-02	3.5112761e-02	-2.9407009e-01	-1.5292901e-01	-4.5818508e-02	-2.2584012e-01	6.6411562e-02	-1.3530812e-01	-4.7739208e-02	1.3662010e-01	-2.3399751e-01	2.8410628e-01	-1.8418601e-01	-1.5820198e-01	7.3905677e-02	-2.3766184e-01	9.6007198e-02	-1.7559604e-01	1.3199226e-02	3.6932468e-02	7.7649526e-02	-2.6038585e-02	-1.6754553e-01	1.3745369e-01	-4.8983555e-02	-2.7742946e-01	2.7257481e-01	-9.9557824e-02	-2.6675768e-02	9.0341732e-02	4.5333236e-02	1.4507568e-01	-7.4056022e-02	5.1458790e-03	-2.8625701e-02	-3.4733936e-02	2.0663833e-02	2.2843187e-01	4.9838156e-02	1.1200780e-01	2.7898887e-01	1.9326430e-02	-1.8819383e-01	1.0323226e-01	1.3930841e-01	2.7961543e-01	-1.9779739e-01	2.4754757e-01	2.9013807e-01	-2.1407354e-01	-2.5289148e-01	-1.5711911e-01	-5.2923739e-02	2.7568263e-01	-2.0124871e-01	9.7318918e-02	2.1211651e-01	-2.4853604e-01	-1.8979587e-01	1.1774752e-01	-1.0388634e-01	2.6162630e-01	8.7799139e-02	-2.8525418e-01	1.8312262e-01	5.6602042e-02	8.4519692e-02	-2.0127809e-01	3.9371733e-02	-2.5397189e-02	-1.5675727e-01	1.2121743e-01	-2.6587307e-01	3.3074085e-02	2.4280035e-01	2.5054061e-01	-2.6970938e-01	1.5672740e-01	9.6379071e-02	7.2089046e-02	1.4298531e-01	-3.1966090e-02	-1.0822048e-02	-2.7752230e-01	6.7392752e-02	-3.1955533e-03	2.2225372e-01	-1.9235855e-01	-6.4730063e-02	7.0317954e-02	-1.8688209e-01	9.0798736e-03	-5.1079534e-02	1.8725632e-01	2.3005658e-01	2.6469356e-01	2.5153917e-01	7.1915515e-02	-2.4100295e-01	-2.3712303e-01	-1.5800293e-01	1.0280710e-01	-2.3133619e-01	1.6401346e-01	-2.7129477e-01	-2.6115984e-01	5.0544817e-02	4.1631546e-02	1.5603930e-01	2.3587109e-01	-2.5399029e-01	-2.2855897e-01	2.9105753e-01	-5.2992525e-03	9.9198848e-02	-2.4322739e-01	-4.8552528e-02	-1.0356523e-01	-2.8206167e-01	1.2439542e-01	2.7738744e-02	-3.0718207e-01	-3.0692792e-01	1.4233077e-01	-1.0486513e-01	1.5097891e-01	-2.3055589e-01	2.2085801e-01	1.7648268e-01	2.9106498e-01	-2.1398079e-01	-9.8685347e-02	-9.2712983e-02	1.3064806e-02	4.8891746e-02	-1.5685961e-01	-1.9108827e-01	1.6465349e-01	8.9343868e-02	-1.1076407e-01	5.1584326e-02	1.7257625e-01	-7.1237400e-02	2.2282669e-01	1.9353801e-01	1.5677643e-01	-3.5959635e-02	7.9839960e-02	1.8123990e-01	2.6287124e-01	2.8465697e-01	2.0536257e-01	-2.2490571e-01	-2.8660432e-01	-3.6695953e-02	-6.1002970e-02	1.7869550e-01	2.3245052e-01	2.4940899e-01	2.2282805e-01	1.9475478e-01	-1.1585923e-01	-6.7227460e-02	-2.6796493e-01	2.5552192e-01	-2.7579111e-01	-1.8069737e-01	-2.4362674e-01	-7.1966089e-02	-2.0713300e-02	1.4890128e-01	-5.5817943e-03	-1.2814693e-01	1.8972431e-01	-2.6833111e-01	3.0206770e-01	2.4151474e-02	1.6988108e-01	1.9914925e-01	2.0603547e-01	-2.8768441e-01	1.2178497e-01	-2.7336639e-01	5.6566212e-02	-1.9956677e-01	2.9760259e-01	-2.4230592e-01	7.6487409e-03	-7.0840620e-02	-3.6991153e-02	2.6949346e-01	8.9115262e-02	1.7785149e-02	-2.3222347e-01	-2.6321223e-01	1.1543216e-02	-1.7783765e-01	-1.9711789e-01	2.0719080e-01	-8.2046494e-02	-1.2599386e-01	2.7560124e-01	2.4902251e-01	-1.5068518e-01	-2.2556232e-01	-7.3906042e-02	1.4839193e-01	1.3892525e-01	6.8836212e-02	2.5643048e-01	3.8758457e-02	8.3163023e-02	1.6297758e-01	-8.1913136e-02	-1.2041003e-01	-9.0928435e-02	2.8217934e-02	-2.7535269e-01	1.4410992e-01	1.0264669e-01	-1.1563000e-01	-1.3454511e-02	3.0059627e-01	2.6915228e-01	2.9400301e-01	-1.7249350e-01	-4.4036988e-02	1.3952115e-01	2.4680452e-01	-2.9496822e-01	-2.2786378e-03	-1.3752642e-01	2.2843538e-01	-2.2245228e-02	6.7803003e-02	1.7401075e-01	-1.2996490e-01	-2.7708495e-01	1.6920526e-01	7.2066605e-02	1.5182620e-01	1.0449326e-01	-1.3519746e-01	1.8188787e-01	2.8494206e-01	-7.6172173e-02	-1.9905876e-01	-2.6257320e-03	-3.7041925e-02	1.2628849e-01	-6.2661499e-02	-9.2916407e-02	-1.5502216e-01	-5.2314132e-02	-9.8073624e-02	3.1354405e-02	-3.4864970e-02	6.3865110e-02	1.9379215e-01	1.4384810e-02	2.6921195e-01	-2.1818326e-01	2.9556507e-01	6.7879438e-02	1.6649204e-01	1.7651653e-01	-1.1831537e-02	5.3519152e-02	1.7238843e-01	-1.3186044e-01	2.5429538e-01	-2.3837440e-01	-6.7830928e-02	2.6988664e-01	-6.5797053e-02	1.9949400e-01	7.4173421e-02	1.1189490e-02	-1.6107751e-01	4.4251010e-03	-1.5661566e-01	2.1379209e-01	1.0542873e-01	-2.9503286e-01	5.0313324e-02	3.0792743e-01	-2.3143215e-01	-1.0589926e-01	9.4585925e-02	1.4513208e-01	-2.0743953e-01	2.4223883e-01	1.1594898e-01	3.5940405e-02	-2.1912803e-01	-2.0615579e-01	5.8534380e-02	1.8458027e-01	1.2209277e-01	1.5115319e-01	4.0500522e-02	4.8301376e-02	2.4977124e-01	2.3191215e-01	-2.6521683e-01	-1.9577922e-01	-2.2675161e-01	-5.2774608e-02	2.5534314e-01	6.2867859e-03	7.3159315e-02	2.4879822e-01	1.5522152e-01	-6.9831394e-02	7.3469505e-03	2.9339296e-01	-1.0592189e-01	-2.0837870e-01	2.0032507e-01	1.0828547e-01	-2.5077984e-01	-1.6549399e-01	-1.1053031e-01	-2.8270620e-01	2.4030067e-01	6.6755838e-03	-4.2256299e-02	-2.1968839e-01	5.7721831e-02	5.0899744e-02	-2.9249859e-01	-2.9139610e-02	1.2081786e-01	-1.2840694e-01	-1.9333069e-01	-7.2801918e-02	4.4703696e-02	-6.6594057e-02	2.6916704e-01	8.9575768e-02	2.5218865e-02	1.0529280e-01	-3.0770463e-01	1.5702485e-01	3.2764867e-02	-1.4381112e-01	-7.7059413e-03	-1.3583033e-01	-2.7791965e-01	1.0912725e-01	-2.3521033e-01	-1.6559365e-01	-1.2047930e-01	1.8773343e-01	2.5722077e-01	-2.2261870e-01	6.5185666e-02	1.0364945e-01	-2.8366917e-01	-1.0141401e-02	-4.8338749e-02	-2.2097488e-01	1.9701502e-01	-2.9912364e-01	-1.7843480e-01	-2.3491564e-01	-2.6060370e-01	2.7224168e-01	3.0189874e-02	-2.9417223e-01	-2.6606390e-01	-2.3309708e-02	-2.4638043e-01	-1.6377418e-01	1.5920405e-01	-1.0546886e-01	-1.3590649e-01	2.0739970e-01	-4.2720754e-02	-1.6150343e-01	-1.8340378e-01	2.9117486e-01	1.9196361e-02	-6.5482110e-02	-2.3423097e-01	-1.6861790e-01	2.1858335e-01	-2.6633725e-01	1.3522165e-01	1.9788021e-01	-5.5396869e-03	3.8094047e-02	-1.5558216e-03	8.7249875e-02	8.5353404e-02	1.4404273e-01	7.6225169e-02	-1.1074448e-01	-5.4855298e-02	9.7988911e-02	2.3718263e-01	-2.1303621e-01	2.6388347e-02	1.5311393e-01	-1.1881489e-01	-1.9903439e-01	3.8518909e-02	-2.4341610e-01	-1.1558262e-01	-2.3136315e-01	-1.1146577e-01	1.7362309e-01	-3.2805622e-02	-2.1548548e-01	-6.3544430e-02	1.0434388e-01	-1.1399792e-01	-1.5867746e-01	2.8660941e-01	-1.8380135e-02	-3.0608678e-01	-1.6469975e-01	7.3137820e-02	2.0054106e-01	-1.4720228e-01	2.1797468e-01	-1.9868121e-01	1.5313490e-01	-1.7078745e-01	-2.0571528e-02	6.6143356e-02	-1.4534804e-01	-1.4592205e-01	-4.9647775e-02	7.2459057e-02	1.5342432e-01	-1.4829746e-01	-2.4823824e-01	5.6808714e-02	8.6895473e-02	2.0039104e-01	2.7381840e-01	2.4636833e-01	-1.4206807e-01	1.0922474e-01	2.2358999e-01	-2.0854518e-02	1.9252281e-01	3.6049861e-02	-1.0895857e-01	-2.1599081e-01	8.4749997e-02	6.6653050e-02	1.1484568e-01	-2.8501162e-01	-2.8845277e-02	-2.5742418e-01	2.0515164e-02	2.3337454e-02	-1.4007935e-01	1.2803735e-01	3.6713786e-02	2.9208004e-01	-5.5685446e-02	1.5691483e-01	-2.2439942e-01	6.7505151e-02	1.1917484e-01	2.4057249e-02	2.1727583e-01	1.6824313e-02	-1.3191080e-02	1.3404088e-01	8.6073749e-02	1.8241006e-01	2.3148513e-01	-1.0116810e-01	-2.2002415e-01	1.3341098e-01	1.4939085e-01	8.0890357e-03	3.0160466e-01	-2.4888280e-01	1.6495420e-01	6.6263296e-02	-1.0934348e-01	1.5629002e-01	1.1744034e-01	-2.1759222e-01	1.4994819e-01	2.4443734e-02	-3.4007341e-02	-1.6470298e-01	-1.1101563e-01	8.1713088e-02	1.7941037e-01	1.2541109e-01	-5.8485575e-02	-2.9890501e-01	2.6113608e-01	9.1690309e-02	-2.1317405e-01	7.1973115e-02	-1.0340036e-02	-2.8126770e-01	-1.2764992e-01	2.3634931e-02	-1.8359262e-01	-1.3314006e-01	4.9874153e-02	2.7615193e-01	1.2215713e-01	1.3663925e-01	-2.1119808e-01	1.8930334e-01	1.0194519e-01	8.7089904e-02	-1.7664722e-01	-3.8292222e-02	1.2613741e-01	-1.5492433e-01	-2.9821619e-01	1.8827790e-01	1.5304303e-01	1.0277125e-01	-1.3630520e-01	4.8582446e-02	3.0394021e-01	-1.8989803e-01	-5.7377949e-02	1.1971882e-01	3.0240965e-01	1.4992996e-01	-3.8984954e-02	-2.6122940e-01	-1.1140123e-01	-2.4844146e-01	-2.0383137e-01	2.0808158e-02	9.4572932e-02	-2.8071681e-01	6.1830580e-03	-2.7057505e-01	4.6038568e-02	7.6708466e-02	1.8394676e-01	1.7687228e-01	-3.0423838e-01	2.6062143e-01	1.3519312e-01	1.6536456e-01	2.3502967e-01	2.4433728e-01	-1.3004998e-03	2.4886073e-01	2.5907403e-01	-2.5433394e-01	1.6315745e-01	-1.7286162e-01	-2.9254976e-01	2.2662309e-01	-5.0996568e-02	-9.0650402e-02	-2.4273027e-01	-9.3222395e-02	-3.0102289e-01	-5.2101005e-02	1.2079415e-01	1.7784429e-01	-1.7493956e-02	-9.1977671e-02	-1.1030853e-01	-1.7454520e-01	-2.9925722e-01	1.3335107e-01	2.2335942e-01	2.8480658e-01	1.6086853e-01	1.9187368e-01	3.2518506e-02	2.4664411e-01	-2.0080628e-01	-2.0789304e-03	8.9296224e-03	-2.8816650e-02	-1.2450226e-01	-2.9334441e-01	6.4312994e-02	3.5610784e-02	-2.4842759e-04	-4.5068026e-02	2.7430858e-02	-2.3335646e-01	-1.1731403e-01	-1.6611975e-01	-1.6161761e-01	3.6332630e-02	-6.4566098e-02	-6.2103178e-02	1.1787185e-01	-1.5418416e-01	8.8623557e-03	2.4779522e-01	2.4250600e-01	-2.9481095e-01	1.7365244e-01	-2.8009403e-01	1.1194259e-01	-2.1379852e-01
3.7873378e-01	3.2027414e-01	-2.1336567e-01	-6.9464520e-02	3.8420290e-01	4.8944619e-02	1.4727122e-01	3.1887972e-01	3.1241703e-01	-6.5170765e-02	-2.0062441e-01	3.0195838e-01	-2.3004515e-03	3.1012952e-01	1.3261975e-01	2.8425175e-01	1.2484746e-02	-2.1531066e-01	3.4333611e-01	2.9091421e-01	3.6185467e-01	-1.9271956e-01	2.1144031e-01	-2.8161040e-01	1.9046715e-02	2.6742756e-01	4.0006417e-01	9.7236864e-02	2.6134226e-01	-9.9034466e-02	9.3153249e-03	1.0263860e-01
