9
input	14
dense	32
relu	0
dense	32
relu	0
dense	32
relu	0
dense	1
linear	0
7.999999979801942e-06
-5.6184594e-02	5.9618037e-03	-2.2124973e-01	1.5670486e-02	-1.9185941e-01	-8.3430596e-02	-2.0211961e-02	5.7881944e-02	-2.2558731e-01	0.0000000e+00	-1.4362024e-01	-1.4607309e-01	7.9731941e-02	-1.2884866e-01	-2.3452115e-01	1.1607902e-01	2.2653627e-01	7.4786000e-02	-9.0918522e-03	7.5876348e-02	-9.6488342e-02	-4.7176033e-02	-4.4641733e-02	-1.3953115e-01	-3.7099031e-01	0.0000000e+00	-1.1304217e-02	-5.0794121e-02	-3.4762087e-01	-1.2681808e-02	-2.4637361e-01	-2.5752185e-02
-3.3824882e-03	-3.3335652e-02	-1.0197100e-01	-2.5998032e-02	0.0000000e+00	-1.6593476e-01	-1.3995783e-01	-1.2528914e-01	-7.4985869e-02	-1.1971417e-01	5.6676898e-02	-3.4385827e-01	9.1622643e-02	-5.4490324e-02	-3.4161817e-02	9.1024181e-03	-1.6808739e-01	1.2266606e-01	-1.5698293e-01	-1.7155351e-01	-1.0450041e-01	3.9277546e-02	1.8785859e-02	-1.0432143e-01	-1.0600668e-01	-2.9126633e-02	-8.2901716e-02	-9.6586734e-02	-1.7089240e-01	-1.4986075e-01	-1.6695475e-02	-5.3898610e-02
-1.0346580e-01	-1.1857820e-01	-4.4971265e-02	-5.8316454e-02	-3.9383676e-02	-6.6379674e-02	6.8201475e-02	-1.1000174e-01	-2.2263084e-02	-1.0714843e-01	0.0000000e+00	-1.3151671e-01	-1.1327127e-01	-9.1267332e-02	-1.1212435e-01	-4.7528572e-02	-1.8983896e-01	-1.1170180e-01	-1.9520674e-02	-2.7866321e-02	-1.3492583e-01	-9.6108697e-02	1.9690311e-02	-6.4511515e-02	-1.7105406e-02	3.9220948e-02	-3.4474291e-02	-5.7175554e-02	-9.1886595e-02	-1.1151530e-01	-3.7062354e-02	6.8187402e-03
-2.2404199e-02
-1.3114080e-01	5.5027451e-02	7.4381076e-02	-1.9107313e-01	1.4350864e-02	8.1308596e-02	-3.2853328e-02	2.3285003e-01	2.3028706e-01	1.6913065e-01	2.7069435e-01	4.0398255e-01	1.1830620e-01	1.5655591e-01	-3.2473513e-01	1.1805708e+00	-9.2608362e-01	-3.6468852e-01	5.5294460e-01	2.5461271e-01	3.3945608e-01	-4.7209829e-01	-4.9247101e-01	3.0683121e-01	-2.6301575e-01	5.8168218e-02	3.5326830e-01	4.0227853e-02	-4.5285520e-01	-4.5074914e-02	2.9126060e-01	2.4915847e-01	3.2984301e-01	-6.3933253e-01	-6.4590253e-02	-6.7269425e-03	4.2376193e-01	-2.4413323e-01	2.1997899e-02	3.8077403e-02	-7.2605121e-01	2.6495159e-01	-1.3035692e-01	1.5414516e+00	-6.5237963e-01	1.3989978e-01	-7.9351649e-02	-4.5560088e-02	2.8540207e-02	9.5840618e-02	1.5631609e-02	-6.8526447e-02	6.1436895e-02	-6.0633682e-02	-4.6477667e-03	-2.0610648e-01	-5.1571012e-01	8.9733219e-01	4.7764900e-01	-4.8116383e-01	5.3081316e-01	4.4242278e-01	8.6558098e-01	-3.1947142e-01	-6.0109985e-01	3.0810270e-01	-1.9353314e-01	-1.1801969e-01	1.6479480e-01	8.6889364e-02	1.4922123e-01	8.0495757e-01	2.1901312e-01	-4.2458162e-02	3.4639421e-01	-8.0543347e-03	-6.1676368e-02	-9.6927375e-02	-4.9572270e-02	8.9425370e-03	2.5468279e-02	-1.1385182e-01	-5.6361765e-01	2.7847871e-01	2.3067635e-01	-2.8031358e-01	-1.8634506e-01	-2.1277924e-01	-1.3457666e-01	3.7200585e-01	2.6144635e-02	-8.7808877e-02	-3.0407505e-04	7.3571749e-02	8.4895164e-02	1.9530877e-01	6.6089588e-01	-1.2690550e-02	2.2025679e-01	-8.5559094e-01	3.9938870e-01	6.8230040e-02	2.5960436e-01	2.0506072e-01	2.7327615e-01	-6.8411395e-02	-1.6994163e-01	1.2893133e-01	1.8576873e-02	-9.5113106e-03	4.7552469e-01	2.5297600e-01	7.6348945e-02	4.3430534e-01	-1.8039675e-01	8.0174513e-02	-3.6476377e-01	8.7414593e-02	-5.0152753e-02	-3.0867863e-02	5.1941417e-02	2.0074341e-02	-1.7016957e-02	-2.1992205e-01	9.4352387e-02	-1.4834839e+00	-1.6349494e-02	-6.2035561e-02	2.2230634e-01	3.0923006e-01	2.7587113e-01	1.2584704e-01	-3.5009897e-01	1.2609607e-01	2.4779841e-01	-2.2818123e-01	-2.9233396e-02	2.3722818e-01	-2.0784317e-01	3.9224267e-02	-2.6108745e-01	-4.2802474e-01	2.7921354e-02	-5.1032372e-02	-4.3393549e-01	2.5511608e-01	-1.3244089e-01	4.6099354e-02	2.3294520e-03	1.5293927e-02	5.4155402e-02	-1.3159081e-01	3.3551008e-02	-1.7821431e-01	3.3694238e-03	-1.1171333e-01	6.3827693e-02	-6.0024023e-02	2.4771017e-01	-1.4035615e-01	2.2500105e-02	-1.4263888e-02	1.0208101e-01	-7.6016426e-02	-2.5098545e-02	-1.8367133e-01	-5.4672953e-02	1.7854578e+00	-1.0504273e-01	2.8863323e-01	1.4246061e-01	2.2812060e-01	5.2639242e-02	-2.3873448e-01	1.3774683e-01	-3.9045583e-02	-4.3272153e-02	-6.8698749e-02	-5.8745094e-02	-1.4613450e-01	-6.1724299e-01	3.8338702e-02	5.9761059e-01	4.1099930e-01	-2.2120306e-01	-3.5242595e-02	-2.2165045e-01	-3.8052581e-02	-2.9801282e-01	2.3186418e-01	4.6021577e-02	-1.4157158e-01	1.1291513e-01	-1.2400586e-01	-3.8540581e-01	-7.3903874e-02	9.4762638e-02	9.3168225e-03	1.0627835e-02	3.3362606e-03	-3.4777836e-03	2.3986552e-02	1.5224269e-04	-5.8558309e-03	1.2782970e-02	-1.9221662e-02	1.3364831e-02	2.4435535e-02	-1.5490774e+00	7.3366247e-02	1.1399386e+00	9.7725153e-01	-1.1303086e-01	4.4280487e-01	7.6931691e-01	5.2668637e-01	6.5722632e-01	2.6372647e-02	-1.6964139e-02	1.6647948e-01	3.2331597e-02	-1.3653517e-01	2.0996381e-01	1.2011957e+00	-1.2041179e-02	-9.1789895e-01	2.3622909e-01	8.6059578e-02	7.2964028e-02	-1.9356962e-01	1.1915080e-02	-9.4357040e-03	1.2011397e-02	-9.0562001e-02	3.5116039e-02	-1.1239256e-01	1.0666816e+00	2.0900777e-01	-1.6671115e-01	1.2278693e+00	-4.8406672e-01	1.1442559e-01	1.0291670e-02	-2.0598981e-01	7.2146557e-02	-4.2968467e-02	-1.2289261e-02	-6.6269912e-02	4.8104662e-02	-8.2016215e-02	-7.7690959e-01	3.2515202e-02	2.3377244e-01	-1.0471540e-02	-2.1873997e-01	-1.4057602e-01	-6.9447368e-02	1.8032029e-01	1.1909571e-01	-2.5209117e-01	-2.0054686e-01	-6.6003571e-03	2.4120741e-01	3.6219886e-01	-1.5552126e-01	-1.7140383e-01	2.5168893e-01	-3.2160547e-01	1.3504289e-01	7.6450065e-02	-1.6512811e-01	5.1860166e-01	-3.1279509e-03	7.1263939e-02	-7.9199739e-02	6.0114902e-02	-5.3357415e-02	-4.3620382e-02	-2.4488557e-02	2.3003758e-01	8.6624348e-01	-2.2530685e-01	-2.4637381e-02	-1.2498291e-01	-3.8623986e-01	-1.9472336e-02	-3.1773934e-01	-2.6799333e-01	-5.5887222e-02	-8.9129195e-02	-1.3313260e-02	4.7598004e-01	2.8640586e-01	2.0834036e+00	9.8751567e-02	-2.3542091e-01	-2.9438213e-01	8.1531473e-02	-2.3336081e-01	3.6027455e-01	1.7919402e-01	-3.0774930e-01	-1.9280955e-01	2.9899225e-01	4.6157070e-02	3.9012498e-01	-1.0231344e-01	5.2678190e-02	-1.4389648e-01	4.9233947e-02	1.6093710e-01	2.8238162e-01	2.2022684e-01	-2.1747522e-01	1.8189532e-01	-2.2221103e-01	-2.7779245e-01	-9.7587043e-03	-1.7710058e-01	2.7865690e-01	-6.4558230e-02	-3.5997200e-01	-9.0049690e-01	2.0151546e-02	5.3898625e-02	2.5987306e-01	4.0980795e-01	-6.1329287e-01	2.2639649e-01	-1.1331747e-01	3.2976320e-01	-3.5849389e-02	-1.1667992e-01	5.0329559e-02	-7.7943221e-02	1.0611194e-01	-1.0232979e-02	-6.0737319e-02	3.2130312e-02	1.8121388e-02	1.3874964e-02	-1.7810084e-02	2.8664600e-03	-5.1246267e-03	5.4140124e-03	-2.4423664e-03	-1.3810822e-03	-4.1914987e-03	-1.6879714e+00	-1.9078275e-02	2.3535201e-01	1.8636134e-01	1.9958517e-01	2.1022856e-02	-2.5035018e-01	2.1270552e-01	-1.4303088e-02	1.8558690e-01	-2.9851687e-01	3.1533149e-01	-9.3954772e-02	3.2160714e-01	-2.4887413e-02	-9.1584623e-02	1.6534095e-01	-2.0735782e-01	9.7272873e-02	-5.1805433e-02	-1.5902470e-01	9.3798101e-02	-1.3954583e-01	3.1629819e-02	1.2751146e-01	3.6556475e-02	-1.2751135e-01	7.7852778e-02	3.0398956e-01	-1.0512781e-01	-2.0400538e-01	-1.3129391e-01	3.5565388e-01	-1.0582029e-01	7.9928398e-02	2.1969011e-02	-2.5011304e-01	1.6251065e-01	-1.1115298e-01	-1.5136452e-01	-2.5563365e-01	3.2809076e-01	2.2750637e-01	-2.5287494e-01	-1.6478580e-01	-4.4877923e-01	-6.7558274e-02	-5.6417461e-02	-8.9158840e-02	-1.5845375e-01	-2.6512330e-02	5.9799086e-02	-6.2241238e-02	-4.2312704e-02	1.3334811e-02	-1.9559661e-01	-8.9727581e-01	1.8818258e-01	1.3681597e-01	3.7017800e-02	-2.4225348e-01	-2.6877081e-01	-1.3113472e-01	3.2484946e-01	-3.3735311e-01	3.1246993e-01	2.9860815e-01	-2.0904303e-01	-9.8941751e-02	3.8938674e-01	-1.0688964e-01	-2.6851839e-01	-1.6302618e-01	-2.0791179e-01	1.6269837e-01	-1.2246411e-01	-5.3885750e-02	-4.6809286e-02	-9.2551582e-02	3.1846765e-02	2.4324147e-02	4.2278557e-03	-7.9985686e-02	8.5080545e-03	4.4884554e-01	-6.5355480e-02	-1.3939986e-01	-2.8020468e-01	2.7979034e-01	3.5455570e-01	6.3572235e-02	-2.3847316e-01	2.6637953e-04	1.5761676e-01	9.5067695e-02	-9.5975801e-02	1.3939726e-02	3.1066054e-01	7.1309083e-03	3.3139050e-01
-2.0775256e-01	-4.6558821e-01	-2.5797909e-01	-3.4566408e-01	-9.6911430e-02	1.4036587e-01	2.5084946e-01	3.4054011e-01	1.3534042e-01	2.4455395e-01	2.0043622e-01	2.7323139e-03	1.9186831e-01	-2.2600550e-02	-2.2643574e-01	5.2807927e-02	3.1410915e-01	6.1626028e-02	1.6351520e-01	9.0259723e-02	1.5279661e-01	1.3293947e-01	4.8298780e-03	4.4349471e-01	-2.3736875e+00	-8.4749326e-02	1.5348556e-02	-2.6675684e-03	-3.0158737e-01	1.5618689e-01	2.1201578e-01	-9.1833822e-02	4.7001541e-02	2.8513470e-01	9.8547675e-02	-7.0861556e-02	-2.2797261e-01	-1.7465045e-01	2.8514975e-01	3.9692875e-03	1.2464015e-01	-7.5042605e-02	2.8338600e-02	-3.7186030e-02	-1.2956391e-01	-2.6351118e-01	-4.8315683e-01	9.8282751e-03	5.7537574e-01	-4.8119211e-01	7.1070842e-02	5.7546161e-02	1.4163961e-01	-1.8604296e-01	-2.0763254e-01	3.5527259e-02	-7.6436922e-02	-3.2568514e-02	3.7416324e-02	-3.2734897e-02	-1.2011905e-01	-1.4520748e-01	1.3583368e-01	1.1009274e-01	1.9373739e-01	-6.3938268e-02	1.5289585e-01	-1.5921631e-01	-3.3524480e-01	2.5241238e-01	-2.1509944e-02	2.4747515e-01	-1.6688056e-01	2.0030639e-01	-3.5769683e-01	-3.4317262e-02	-1.2640738e-01	-9.1213495e-02	6.1030183e-02	1.0177001e-01	7.1371689e-02	-8.7078042e-02	-2.1646717e-01	-1.5144674e-01	1.2372252e-01	2.3146096e-01	-2.5344893e-01	-3.2176588e-02	1.5768564e-01	-2.2934321e-01	1.3027614e-02	8.9634895e-02	-2.7085432e-01	5.2344918e-02	-3.4877765e-01	-1.7358647e-01	1.6834921e-01	-5.6274217e-02	-1.8402589e-02	3.1018281e-01	-2.4397981e-01	1.9857354e-01	1.2086600e-02	-2.7644059e-01	2.6157835e-02	2.9345730e-01	1.1369452e-01	1.6915870e-01	2.0998749e-01	1.7117202e-01	5.0981176e-01	6.2536865e-02	-1.1349112e+00	5.9964907e-01	2.6833817e-01	-4.6303291e-02	2.1384478e-01	-2.3568027e-01	-1.6552663e-01	-4.0308453e-02	9.3260556e-01	-4.8186809e-02	1.1279798e-01	-2.2352248e-01	1.6005771e-02	-1.4266214e-01	-1.3542548e-01	-1.0887802e-01	-1.3787267e-01	-2.9132047e-01	-1.5083432e-02	6.4912558e-02	3.6292553e-02	-2.6650077e-01	-2.9873922e-01	2.0238420e-01	-1.2182313e-01	2.9043552e-01	-1.1429898e-01	1.7578933e-01	-2.8717428e-01	-3.3919305e-02	1.9941387e-01	-2.8484380e-01	-2.5425455e-01	-2.8607547e-01	4.9844950e-02	1.0784265e-01	-3.0379874e-01	-1.1238374e-01	-2.3699674e-01	-2.6241928e-01	-1.6333580e-02	4.5859188e-02	-1.6257435e-02	-2.5723079e-01	-6.9495738e-02	1.7466080e-01	-3.8629889e-02	2.9717365e-01	-4.2515393e-02	-1.7646013e-01	-1.8903662e-01	-4.5011248e-02	-7.8418158e-02	-1.5662181e-01	2.0695855e-01	1.3053352e-02	-2.6449683e-01	2.5659177e-01	6.3830853e-02	1.4909658e-01	5.1618807e-02	-1.9982341e-01	-1.4660884e-01	-2.1844210e-01	-2.1541056e-01	1.5336379e-01	-7.2741948e-02	-1.9128150e-01	5.5250164e-02	2.6825449e-01	-1.6603209e-01	-2.4235304e-01	1.7124521e-02	-4.3948770e-02	1.6215827e-01	9.8497691e-03	-8.8686600e-02	-2.7954128e-01	2.7074566e-02	7.5103492e-02	-2.6523507e-01	-2.4595227e-02	-2.8673300e-01	-2.5892630e-01	-2.2303604e-01	-3.0067188e-01	-3.2143021e-01	-1.8431738e-01	-3.0948412e-01	4.6477795e-02	-1.3597384e-01	2.1464521e-02	-6.6554300e-02	-1.8917507e-01	-2.9300162e-01	2.6345825e-01	-1.8895762e-01	2.0482472e-01	-2.3776919e-02	1.0320845e-01	4.2899072e-02	2.7209815e-01	-3.3018559e-02	-6.3068122e-02	6.9699329e-03	-2.1281409e-01	-1.2536097e-01	-4.1297972e-03	-1.4869504e-01	-1.3353117e-01	1.2124000e-01	7.4565709e-03	1.0733161e-01	-2.2798067e-02	3.0979076e-01	-2.7842311e-02	-2.0652343e-01	-9.3408123e-02	-1.4267063e-01	1.4560960e-01	2.3987129e-01	2.8887054e-01	4.3766771e-02	-6.4645134e-02	2.1652927e-01	-1.4686282e-01	2.9551715e-01	-1.8504551e-02	-6.0989606e-01	-2.0102799e-01	-1.9285089e-01	-9.1982491e-02	1.4108553e-02	1.4122199e-02	-1.5883100e-01	5.3041197e-02	1.4311624e-01	1.6802669e-01	-2.6350838e-01	1.4370809e-01	3.1412354e-01	4.0678512e-02	-1.4626895e-01	1.4674434e-01	-2.3138694e-01	-1.4217076e-01	2.1962933e-01	-1.9298965e-01	-8.1139341e-02	-1.2457842e-01	3.9935943e-02	2.2685242e-01	1.6743597e-01	2.2436115e-01	-2.9175884e-01	1.3996319e-01	-2.5649378e-01	2.1653821e-01	9.6372902e-02	2.3251863e-02	-3.5428235e-01	1.2931964e-02	7.5742960e-02	-3.2778096e-01	6.4111330e-02	1.2167698e-01	7.1948707e-02	4.9268086e-02	4.4078849e-02	2.3719189e-01	3.6286451e-02	2.1992859e-01	-3.9897382e-01	3.9369673e-02	-3.7608239e-01	1.4928132e-01	1.9176935e-01	4.9818894e-01	-1.5241167e-01	-1.8131751e-01	6.0556199e-02	6.9031142e-02	-2.7762207e-01	4.2157158e-02	-7.9092211e-01	3.0044910e-01	-2.5913322e-01	-1.0803264e+00	-1.4108667e+00	5.4380957e-02	-1.3336577e-01	2.7863291e-01	-5.1589180e-02	-2.2122684e-01	-2.9635236e-01	-2.1100763e-02	1.3241240e+00	8.1825770e-02	-1.4379132e-01	2.0107378e-01	1.1371269e-01	2.8663930e-01	2.1118459e-03	1.0914533e-01	-8.5245267e-02	-5.6095585e-02	1.5479222e-01	2.9125544e-01	-6.2307261e-02	-2.8811499e-01	1.4369023e-01	-7.6067187e-02	9.7383320e-02	2.4558902e-01	-3.4416419e-02	1.1554371e-01	-6.3669458e-02	1.2843713e-01	9.8099679e-02	4.4916432e-02	1.5912279e-01	1.9447109e-01	3.6027426e-01	2.8117843e-02	-6.9246918e-01	6.2053400e-01	-1.2429333e-01	4.1873129e-03	-2.2789588e-02	-2.3166882e-01	7.1653947e-02	-5.1742882e-02	8.3626741e-01	9.0571105e-02	2.3437726e-01	-2.8416455e-01	-2.8261240e-03	-1.8104129e-01	2.3169338e-03	5.9776098e-02	1.1549239e-01	7.5733155e-01	-7.2922647e-02	3.6242586e-02	-3.8656506e-01	1.2820483e-02	-5.3879190e-02	-1.9737245e-01	-3.4273386e-01	-2.8227836e-01	-4.7040150e-01	-7.7978420e-01	-6.0606956e-01	3.3824721e-01	-3.8783092e-02	2.7370197e-01	6.3102357e-02	1.8411823e-01	-9.7717844e-02	-2.2128990e-01	9.8862672e-01	8.4054537e-02	-1.8868980e-01	-2.9792398e-01	-2.2525955e-02	1.8616524e-01	1.5770566e-01	-1.3666992e-01	5.7348803e-02	-1.4366332e-02	3.0733341e-01	-2.8484219e-01	-1.7798983e-01	-2.9577932e-01	5.3510559e-01	3.4173465e-01	-2.5628114e-01	2.3819974e-01	-2.0682065e-01	-3.7728280e-01	-9.7490549e-02	2.0944312e-01	-3.9446592e-02	-6.7707136e-02	-4.4384144e-02	1.4716146e-02	-8.0048174e-01	9.4786445e-03	1.1632986e-01	1.5846001e-01	-2.5026351e-01	4.0017746e-02	-2.7950034e-01	1.3434620e-01	-2.3565890e-01	-1.9141895e-01	-2.0517340e+00	1.5601918e-01	-3.3765942e-01	-6.9095433e-02	-3.4769621e-02	9.2596151e-02	1.2603042e-01	-2.7568090e-01	2.0649883e-01	-1.7280657e-02	-6.6656575e-02	-1.8105002e-01	2.9915346e-02	-3.1948008e-02	3.5047248e-02	2.0839640e-01	-7.0901349e-02	1.8202314e-01	8.9688428e-02	-1.0193038e-01	-2.1434512e-02	1.2329583e-02	-6.5763898e-02	6.0506344e-02	4.9605879e-01	1.1982881e-01	6.0709268e-02	9.5061541e-02	-2.3647627e-01	2.1477422e-01	1.1666305e-01	2.3500544e-01	-5.8414543e-01	2.7351341e-01	8.0370232e-02	-2.3714642e-01	-9.6244209e-02	-7.4032466e-03	1.9030163e-01	1.6202566e-01	1.3680126e-01	-2.0160355e-01	1.9212969e-01	-2.1834327e-01	-2.4711138e-01	1.3013893e-01	1.6694772e-01	2.7322006e-01	-2.1402556e-02	1.9236505e-01	4.0800846e-01	7.2749145e-02	-9.1070287e-02	1.1099558e-01	-2.1920598e+00	-2.4330556e-02	3.4238839e-01	1.8854488e-01	3.9655929e-03	2.2553922e-01	4.7578208e-02	3.1621388e-01	2.8728682e-01	2.9979566e-02	-8.4824282e-01	2.3175845e-01	1.8850274e-02	-1.4962354e-01	-4.5245048e-01	1.5667666e-01	2.0765083e-01	2.0849404e-01	-1.0715555e-01	-2.6382002e-01	1.2590377e-01	-2.2455573e-01	4.0623345e-03	1.3954543e-01	-2.7614611e-01	-2.1270124e-02	-4.7519021e-02	2.4822566e-01	1.1918771e-02	2.5161898e-01	1.3669346e-01	1.2246960e-01	3.3773214e-01	7.8493558e-02	-3.0457321e-01	-2.0172979e-01	-1.1318944e-01	-1.4466882e-01	-1.2134551e-01	2.3270604e-01	-1.1257602e-01	8.7480567e-02	-2.5351244e-01	7.3686838e-03	-2.4568020e-01	9.5625311e-02	-2.5786200e-01	2.7382195e-02	3.0164018e-02	2.7349415e-01	-1.3474885e-01	3.5909635e-01	1.6022970e-01	3.2211703e-01	-2.2833596e-01	5.7172980e-02	-2.2458684e-01	-1.2126349e-01	-5.8264738e-01	-1.4747639e-01	-3.3858646e-02	-3.0707958e-01	-1.1518767e+00	-1.0742587e+00	-4.7716815e-02	6.4376980e-01	3.0026785e-01	-6.3425146e-02	6.6912360e-02	-1.8529865e-01	3.8480110e-02	1.6661067e-01	1.7103466e-01	6.6928655e-01	1.2439083e-01	-2.5578603e-01	-3.4004632e-01	2.4619468e-01	-5.9739435e-01	-2.5012723e-01	-2.3539580e-01	1.9017628e-01	4.8440557e-02	-1.2733673e-01	-1.2946832e-03	2.7773634e-02	-6.7560427e-02	1.2492900e-01	-7.2908610e-02	1.3488659e-01	-7.5502805e-02	1.3283265e-01	-1.8158868e-02	-5.6316685e-03	5.6986317e-02	9.0935461e-02	-9.8717892e-01	8.4239371e-02	4.0412140e-01	-1.1800344e-03	2.4298118e-01	1.4220875e-02	-2.6936574e-02	3.1140184e-01	-1.1476785e-01	4.1694582e-02	-3.1643112e+00	-2.4113061e-01	2.6902752e-02	-4.4785693e-02	-3.2238781e-01	-2.4109557e-01	4.2065967e-02	-1.2097631e-01	2.8667903e-01	3.3669114e-02	1.9416909e-01	-3.3668754e-01	1.7418815e-01	4.4352382e-02	-2.3451263e-02	6.1079841e-02	-1.4771432e-01	-1.5805174e-01	-3.1307989e-01	2.4448777e-02	-2.5982013e-01	-2.9631276e-02	-1.7295349e-01	2.0660354e-01	1.4440777e-02	-2.1904071e-01	-5.9429407e-02	-1.5994053e-01	-1.4685698e-01	-1.6916484e-02	1.9885954e-01	5.8521550e-02	-4.4839405e-02	1.5967607e-01	-8.3663180e-02	1.5709653e-01	1.2231927e-01	4.7903717e-02	-2.7643633e-01	-5.9430212e-02	2.2128180e-01	1.3002355e-01	-6.8324901e-02	-3.4862754e-01	-6.1944216e-02	-1.5317474e-01	-1.3314301e-01	-2.9376779e-02	-2.0639794e-01	-1.2772019e-01	-2.3829216e-01	1.6460933e-02	1.2922326e-01	3.2223996e-02	9.4394833e-01	6.2369395e-02	-8.2716376e-01	2.8737929e-01	2.3209628e-01	2.2449832e-02	-5.8171477e-02	7.7592097e-02	-1.7775792e-01	-6.4338714e-02	1.9181924e+00	-1.3365440e-01	-3.2778931e-01	7.6638073e-02	3.7371513e-01	-2.0206665e-01	8.2747526e-03	2.3408763e-01	-4.2894486e-02	3.7131116e-01	-1.2091538e-01	3.7059462e-01	-3.3366889e-01	3.4152794e-01	-1.2796770e-01	4.0661910e-01	-3.1617364e-01	1.9461170e-01	8.0111489e-02	-2.2280811e-01	-2.9045075e-02	-7.4156739e-02	2.7274790e-01	-1.3701199e-01	-1.4199068e-01	5.3234214e-01	2.5230214e-01	1.1059006e-01	7.1935374e-01	-2.3103251e-01	-6.5144546e-02	2.7887898e-02	1.2441984e+00	-1.2408966e-01	-2.8723431e-01	-5.7032775e-02	1.9608437e-01	2.1366715e-01	-1.9051641e-02	5.6820452e-02	2.2742704e-01	-3.1344581e-01	2.0093469e-01	-4.8955587e-01	-1.3054451e-01	6.4368647e-01	1.0282400e-01	-1.8684775e-01	-4.7024322e-01	-1.2271418e-01	-3.2613409e-01	5.8724504e-02	2.2162266e-01	-5.0981656e-02	2.2207713e-01	-2.2098802e-01	5.8839113e-02	-3.7911949e-01	-6.0639605e-02	-3.2843244e-01	2.0705000e-01	7.3674202e-02	8.9983016e-02	6.1629936e-02	6.1243739e-02	-1.5288550e-01	-9.4721690e-02	-6.5901920e-02	1.3547449e-02	2.8350541e-01	-2.4202114e-02	-1.0064350e-01	2.7400461e-01	7.7278651e-02	-1.9849411e-01	1.9177060e-01	-1.0587080e+00	-9.9020116e-02	-3.2959491e-01	2.3539200e-01	-5.4546852e-02	1.2967500e-01	-4.5605871e-01	-8.4096819e-01	-4.9630377e-02	-1.1294745e+00	-4.9130451e-02	1.5196992e+00	-1.8486558e-01	-2.6176909e-01	1.4348793e-01	3.1529769e-01	-1.3353374e+00	1.1521643e-01	-3.0254629e-01	-2.5837782e-01	-2.6695150e-01	1.6629562e-01	6.3409828e-02	-7.2734058e-03	-3.1480771e-01	4.4468015e-02	1.5007502e-03	2.5364757e-02	1.5033203e-01	-4.3233782e-02	-2.4889930e-01	1.1346370e-01	-1.4300902e-01	-1.3097984e-01	-2.1422802e-01	-2.4909459e-01	-1.9912966e-01	1.6277859e-01	1.9055153e-01	-1.4477651e-01	-2.7520210e-01	9.1006868e-02	7.8477621e-02	-7.1023822e-02	-1.0100181e-01	2.4976505e-01	-2.7847925e-01	-1.9307104e-01	1.4627644e-01	2.0051207e-01	-1.2154240e-01	-5.0618738e-02	-3.1835622e-01	-1.4170110e-03	-3.4195092e-01	-2.6340467e-01	7.3456801e-02	-1.0404336e-01	1.4597917e-01	-4.4972181e-02	2.9434022e-01	-1.4443973e-01	2.6975247e-01	-1.3412872e-01	-3.0656579e-01	6.8541532e-03	-1.9429144e-01	-2.7083138e-01	-2.7562422e-01	-3.4561634e-02	-5.9726853e-02	1.3557312e-01	-1.2299696e-01	1.1696928e-01	2.0816100e-01	2.6174286e-02	1.6195759e-02	2.1443078e-01	1.2621120e-01	-6.9489874e-02	-1.5152055e-01	1.3881624e-02	-3.0078471e-01	-2.3929548e-02	6.7607984e-02	1.0255983e-01	-2.9013559e-01	-2.5603291e-01	-2.9882503e-01	7.6257467e-02	-1.9899501e-01	2.8820112e-01	-1.0729080e-01	-9.6413618e-01	5.1375526e-01	-1.3066883e-01	-4.4588545e-01	5.8235359e-01	2.7604118e-01	1.6865344e-01	1.7245857e-01	1.9180015e-01	-2.0312907e-01	1.2098758e-01	1.4767092e-01	2.2428821e-01	3.7256685e-01	5.9866017e-01	-1.4779346e-01	-1.1862957e-01	-9.1041148e-02	2.0384847e-01	-3.1928259e-01	2.2516330e-01	-4.7237381e-02	3.6178896e-01	9.7956920e-01	-8.1278443e-02	4.1113520e-01	2.2292106e-01	2.4157676e-01	-2.6375276e-01	-1.6642837e-02	1.6647610e-01	-2.0645398e-01	-3.3047572e-01	-1.1768127e-01	-1.6161188e-01	9.3478113e-02	-2.1817462e-01	1.9547443e-01	-8.0913402e-02	-4.3174356e-02	-1.7778794e-01	-3.0242711e-01	-2.8802365e-01	4.9817380e-02	1.8380219e-01	3.5874015e-01	1.0015906e-02	-6.7191608e-02	-2.7198499e-01	-8.3750553e-02	-3.5618445e-01	-3.4549050e-02	-1.4711227e-01	5.8105018e-02	1.2716188e-01	-1.5612562e-01	2.2390214e-01	-6.8269648e-02	1.0983254e-01	1.6965900e-01	1.0325053e-01	-2.1400835e-01	-1.3463114e-01	-2.3809221e-01	-1.7857440e-01	-1.4284503e-01	1.6927138e-01	-1.4950126e-01	1.2993184e-01	-1.2699361e-01	2.4549910e-01	3.8662255e-02	1.6344815e-01	8.9462269e-03	-3.2426888e-01	1.3300733e-01	-2.4471925e-01	1.9441839e-01	2.2723140e-01	-1.2801236e-01	-1.9176966e-01	-2.8390470e-01	-3.1142232e-01	3.0631042e-01	4.2991370e-02	-1.1595091e-01	8.9396410e-02	1.7932834e-01	2.3141155e-01	-2.1394990e-01	-2.8281581e-01	-1.3611628e-01	-9.4641551e-02	9.7617701e-02	-3.0192345e-01	1.9657171e-01	2.0037539e-01	-5.7405315e-02	-7.4751437e-02	-1.5116979e-01	-1.0069750e-02	1.6097981e-01	-6.4637810e-02	-1.5578550e-01	-2.4052829e-01	1.9872414e-01	-6.5815183e-03	1.4690809e-01	1.8620582e-01	-3.4930861e-01	1.8032342e-01	-2.8470701e-01	9.4902471e-02	1.1046969e-01	-1.0196161e-01	-1.2825573e-02	1.2767820e-01	2.1616104e-01	1.4691857e-01	6.6316485e-02	-5.9886903e-02	-1.6861856e-01	-9.0725757e-02	1.7301330e-01	9.6808523e-02	-2.0948514e-01	1.0844357e-01	-2.4976686e-01	-1.3934140e-01	-1.8295863e-01	-6.9148250e-02	-2.5975588e-01	-6.4329982e-02	6.4102516e-02	2.4189705e-01	6.3888304e-02	5.2712053e-02	-3.5632763e-02	5.7779841e-02	2.1099657e-01	-2.1893176e-01	6.8035901e-02	2.0473959e-01	-1.4469093e-01	-5.2064840e-02	-1.0866280e-02	2.0223951e-01	-8.1174746e-02	1.0528293e-02	-2.1764193e-01	1.7203791e-01	8.2145609e-02	2.5412521e-01	-1.1863807e-01	8.7443709e-02	-6.3222580e-02	-2.1171567e-01	-1.8811242e-01	9.0497166e-02	1.9078209e-01	-5.1424298e-02	-4.7695836e-01	-9.1307880e-03	-2.5650230e-01	-4.5117442e-02	6.7623362e-02	3.1223965e-01	2.9089732e-02	-7.3404834e-02	8.1038243e-01	1.5756360e-01	5.2571523e-01	1.9337051e-02	-1.9633806e+00	7.3447362e-02	-5.7834938e-02	-1.8952559e-01	-2.9352465e-01	-5.4392130e-03	1.1846031e-01	-8.4179640e-03	1.0465056e-02	5.1569092e-01	-4.1946065e-01	1.6220817e-01	-6.8234664e-01	-2.0795342e-01	-7.0238763e-01	-2.2906867e-01	1.4813283e-01	1.4639246e-01	2.7676895e-01	5.9742004e-02	1.7733397e-01	4.7258858e-02	-1.6595255e-01	-1.3451807e-01	2.1668115e-01	-1.6394931e-01	-2.2958176e-01	-5.2262425e-02	-7.0943013e-02	1.7599966e-01	-2.8770781e-01	-2.9624590e-01	-1.7622519e-02	-7.6511525e-02	-2.4939701e-01	1.8091485e-01	-2.5434953e-01	-1.0899001e-01	-2.6882008e-01	-2.6697505e-01	-2.7029246e-01	6.7729927e-03	9.7345293e-02	2.8282788e-01	-2.9475909e-01	1.7057636e-01	-7.1855597e-02	9.1697723e-02	-1.9208661e-01	1.1091322e-01
2.2624607e-01	-1.9798651e-01	1.7001276e-01	1.8809660e-01	1.3464829e-01	2.4595025e-01	1.7683838e-01	1.3873634e-01	-2.2564286e-02	-1.0312939e-01	9.4638793e-03	-1.2739950e-01	-2.3599122e-01	-7.2899044e-02	-1.6602401e-01	-6.8295322e-02	-7.8830525e-02	-6.1173268e-02	1.1056048e-01	-1.6017585e-01	-1.2471035e-01	2.8221846e-02	-2.3861720e-01	-1.7451663e-01	-1.9985926e-01	-1.5836294e-01	-9.4353095e-02	-8.9037962e-02	-3.3580261e-01	-7.9925351e-02	2.5481424e-01	-1.4460483e-01	-2.4476916e-01	1.3014396e-01	-8.1252016e-02	1.8134882e-01	2.1437386e-01	-1.4630768e-01	-2.9777390e-01	1.8903889e-01	1.5746891e-01	1.6374840e-01	-1.9150908e-01	1.1424018e-02	6.6944741e-02	-1.3448855e-01	2.3305929e-01	-1.1089183e-01	-4.1348539e-02	-1.7365910e-02	-3.1414369e-01	5.8503453e-02	1.6738108e-01	1.1348123e-01	1.2171409e-01	-8.7839544e-02	2.5163838e-01	8.3856724e-02	-1.6600218e-01	-2.3578583e-01	1.3238578e-01	2.8712028e-01	4.6053756e-02	-8.4456965e-02	1.4547315e-01	-1.9552279e-01	-7.0066899e-02	-9.8176999e-03	-2.5764447e-01	-1.8059395e-01	1.5332200e-01	-3.1994328e-01	9.9919997e-02	2.7743644e-01	1.1519711e-01	2.5239828e-01	9.6571513e-02	-2.5882354e-01	6.9873467e-02	2.5053415e-01	2.4472671e-02	2.0479633e-01	-1.4139913e-01	4.5558058e-02	-6.9008046e-01	-2.6529095e-01	5.1535857e-01	2.7279165e-01	-1.8412791e-01	-1.9792786e-01	-5.7963949e-02	6.4267613e-02	-3.6833811e-01	-2.8179550e-01	6.5015960e-01	-9.5191240e-02	-6.8125063e-01	-2.0609054e-01	2.2386497e-01	-4.5634708e-01	-1.6025271e-01	1.5737718e-01	-2.9085466e-01	1.1242583e-01	2.6659143e-01	-2.5763720e-02	3.4109598e-01	2.5269172e-01	-2.2410132e-01	-4.4574589e-01	-8.2595229e-02	1.0051178e-02	-1.2097106e-01	-4.7584546e-01	1.0105239e-01	-2.0056443e-01	2.8397225e-02	1.0504832e-01	-1.7412916e-01	1.1260479e-01	-1.3961555e-01	-1.3547261e-01	6.0790692e-02	1.7054050e-01	1.1835784e-01	2.4144085e-01	4.5412718e-03	2.6659951e-01	-8.5478194e-02	4.7907505e-02	1.2367761e-01	2.3239051e-01	-1.7154813e-02	2.0357312e-01	-2.0859677e-01	9.2786089e-02	-3.4411568e-02	-1.0586672e-01	-3.2008576e-01	-2.3222312e-01	6.9810867e-02	3.2751855e-02	1.2619260e-01	2.0457673e-01	-1.2562875e-01	-1.1931197e-01	4.6514932e-02	-7.9803653e-02	-1.2378556e-01	1.5744793e-01	-7.1134016e-02	-3.6964040e-02	-2.8855076e-01	8.6636037e-02	6.5440468e-02	-7.0058189e-02	-3.4245685e-01	2.8679934e-01	1.4264910e-01	-6.6428542e-02	1.8551523e-02	-2.9439938e-01	3.5377093e-02	-1.7515869e-01	6.6832602e-03	-1.5217248e-01	1.4774725e-01	1.3130111e-01	-5.7876330e-02	-1.0961648e-01	-1.3600200e-01	1.6997194e-01	-2.2991644e-01	-2.2604115e-01	1.3610432e-01	-6.2119835e-03	-7.1494728e-01	1.7744687e-01	-2.7643341e-01	-5.2903254e-02	-1.9181924e-02	1.1311352e-01	-3.9740482e-01	2.9767221e-01	-7.1307413e-02	1.2567587e-01	2.8882164e-01	2.6331496e-01	-1.0521523e-01	-1.4246334e-01	-2.6504415e-01	-2.1441075e-01	-1.6373689e+00	-2.0463511e-01	-1.6349606e-01	2.4814794e-02	2.9589233e-01	-7.2418883e-02	-7.8367263e-02	-3.0892944e-01	5.4627154e-02	2.1577409e-01	-4.6375933e-01	-2.0687932e-01	3.2735124e-01	-1.2412517e-01	-1.6270827e-01	2.0812105e-01	-5.9302598e-01	-1.2607872e-01	1.3307841e-02	-7.7995998e-01	-1.6544902e-01	-5.9511688e-02	-1.5312256e-01	-1.6490594e-01	-2.5943315e-01	-1.2373055e+00	-2.0924519e-01	2.3748066e-01	-1.6792059e-01	1.1512141e-01	-2.7186343e-01	2.0211637e-01	-2.3526485e-01	2.9616516e-02	-1.0413384e-01	-2.0926243e-01	8.8934243e-02	1.3629459e-02	8.3537258e-02	-1.1490229e-01	2.5101727e-01	2.4792229e-01	7.7876471e-02	2.0257375e-01	2.0021982e-02	8.4642231e-02	-5.4637443e-02	-1.9458720e-01	-8.0871858e-02	6.9765151e-02	9.6226506e-02	2.0381647e-01	1.0761964e-01	-7.2069556e-02	3.9329323e-01	-2.2862394e-01	-2.0792095e-01	-8.6569116e-02	-3.6090336e-04	-1.2856853e-01	-1.8674949e-01	5.1730312e-02	-3.2459596e-01	-1.7315197e-01	1.1133240e-01	-1.2375066e-01	1.1211934e-01	-1.8299641e-01	-1.0372603e-01	6.0921915e-02	-2.5235406e-01	1.8624732e-01	2.7101570e-01	-8.3266303e-02	-5.8436102e-01	2.7729121e-01	-8.2211971e-02	-1.9988739e-01	9.1490239e-02	-7.0875414e-02	-9.8643444e-02	-1.3235365e-01	1.9779769e-01	1.5205668e-01	6.6210255e-02	3.1185687e-01	1.4850920e-01	-1.6803226e-01	-1.6837449e-01	1.1478882e-01	1.4094290e-01	1.2860487e-01	2.7686235e-01	-9.1238506e-02	2.4372837e-01	7.6841980e-02	-1.3616799e-02	-2.4126694e-01	-2.4831976e-01	-7.3697507e-01	2.0100287e-01	2.1675771e-01	-7.9530254e-02	8.8997200e-02	4.4886298e-02	-3.5086355e-01	1.4773943e-01	-3.9439622e-01	-6.6120923e-02	1.5829371e-01	1.4016336e-01	1.3592383e-01	-6.4554900e-01	1.5308963e-01	1.6919108e-01	-2.5076503e-01	2.9157859e-01	-9.6137129e-02	-4.5333472e-01	-5.1054180e-02	-1.9112040e-01	-7.2355241e-02	-5.0578412e-02	-1.6261342e-01	-3.6721207e-02	-1.3233337e-01	7.3356919e-02	2.7429125e-01	-4.4650376e-02	-2.0217726e-01	2.6919052e-01	-2.3113537e-01	-8.4806859e-02	2.8506252e-01	4.9358398e-02	-2.3604211e-01	-2.0878664e-01	2.6801327e-01	-1.4179088e-01	9.8035485e-02	-1.3408959e-02	-2.8097236e-01	2.1230558e-01	2.7436271e-01	-1.6497518e-01	-1.9735551e-01	1.8044689e-01	-1.7959864e-01	-6.2073335e-02	-1.0116787e-01	9.5082551e-02	-2.6854315e-01	-3.2497644e-03	-2.6537055e-01	1.4092460e-01	1.3966146e-01	1.8457159e-01	-3.5714805e-03	-8.6508781e-02	5.1101953e-02	-3.8946748e-01	-4.2805853e-03	-2.2142982e-02	2.0334938e-01	-2.8173000e-02	2.1732210e-01	-1.0697529e-01	2.0715691e-01	2.7659580e-01	-2.2677134e-01	-1.7872195e-01	2.3072770e-01	-5.6646798e-02	1.4308034e-01	1.8677010e-01	5.5721637e-02	-4.0190274e-01	1.9205444e-02	-2.1054767e-01	-1.9044113e-01	1.7872842e-01	-5.9452201e-03	2.9117408e-01	-7.9649739e-02	-2.9127166e-01	-3.4386139e-02	2.4396080e-01	2.1734317e-01	-2.4526294e-01	2.7806854e-01	1.4103359e-01	1.0410520e-01	-5.1652130e-02	2.1183550e-01	-3.0260992e-01	1.6165136e-01	-1.7935884e-01	4.7541872e-02	-1.9774422e-01	-2.8919381e-01	1.0505259e-01	-2.6037899e-01	1.1574520e-01	2.3292862e-01	-2.3485404e-01	-1.6149957e-01	-2.9150238e-02	-5.4442167e-02	-1.1780747e-01	-2.4550962e-01	-8.9002736e-03	-1.1324160e-01	-3.8943529e-01	-2.1703866e-01	-4.7962140e-02	1.3697925e-01	2.6870921e-01	-7.0230998e-02	1.7404062e-01	2.4430887e-01	2.2876784e-01	-1.5177919e-01	-2.6384643e-01	1.6641311e-01	-2.6651853e-01	-1.9922830e-01	-1.7019705e-01	-1.0613337e-01	6.3434780e-02	1.8286496e-01	-2.7532703e-01	1.2606815e-01	1.7366305e-01	-2.6734918e-01	-3.0457724e-02	1.1931792e-01	1.8396500e-01	5.8414582e-02	-3.7084650e-02	1.2145638e-01	-3.4680963e-03	-2.9801914e-01	-1.2053628e-01	-3.1900993e-01	-2.3459701e-02	2.6512051e-01	-2.2921109e-01	-1.5845324e-01	9.7957075e-02	4.7405001e-02	-2.6726434e-01	1.2450648e-01	-7.6559357e-02	1.6134077e-01	1.0181589e-01	1.1510965e-01	-1.5189521e-01	3.0660382e-01	-3.6980011e-02	5.0174739e-02	6.1539322e-02	-6.1414827e-02	-1.2868294e-01	1.6045795e-01	2.4309316e-01	-5.7292068e-01	2.9316980e-01	2.4623205e-01	3.5787863e-01	2.3176599e-01	1.5958129e-01	-3.1666109e-01	-3.7273267e-01	-2.8244033e-01	2.7695933e-01	-4.4808954e-01	-1.0410330e-01	1.3207488e-01	-2.7417362e-01	2.0768347e-01	-2.4597774e-01	1.2455197e-01	1.5822738e-01	1.3491249e-01	-2.5611538e-01	1.7806495e-02	-1.3517600e-01	-2.6511866e-01	4.6603575e-02	-1.9064687e-01	-2.1543969e-01	-1.2753075e-01	-1.2407695e-01	-6.6661224e-02	-7.1119621e-02	-8.3120354e-04	-1.7735702e-01	2.3497508e-01	-3.1205082e-01	-1.0060652e-01	2.1821173e-01	2.4123989e-01	-2.2401591e-01	-1.6530880e-01	-2.8891987e-01	-2.8507301e-01	-2.5180748e-01	2.5967011e-01	-5.7452254e-02	1.0761159e-01	2.0653430e-01	-1.4841746e-01	2.4316022e-01	-2.5169468e-01	-1.4931794e-01	-1.4449492e-02	5.6864429e-02	-8.5191555e-02	2.5271535e-01	3.6519527e-02	1.5115039e-01	5.2854784e-02	1.8752633e-01	-1.7444151e-02	-2.5805670e-01	-2.2067538e-02	-1.0260542e-01	-2.5511043e-02	1.6818927e-01	-1.7938013e-01	-3.1671900e-02	-1.8621253e-02	1.5908615e-01	-1.7045102e-03	1.2473112e-01	-2.1796104e-01	1.7519329e-01	-3.4948373e-01	4.8270859e-02	-5.0114822e-02	1.5275696e-01	2.7644747e-01	2.5018308e-01	2.2737670e-01	5.2091114e-02	-2.7003479e-01	1.7074475e-01	2.7172476e-01	1.8661283e-01	1.9027126e-01	1.1115223e-01	-3.0010828e-01	-2.7482533e-01	-3.2034534e-01	3.0581334e-01	1.6323680e-01	-8.4876865e-02	1.7568502e-01	1.2576461e-02	-2.4676493e-01	-8.5798956e-02	1.4076003e-01	-4.3519679e-03	2.5090283e-01	-8.3738938e-02	6.3306443e-02	-2.9774496e-01	7.3937342e-02	2.8357527e-01	-2.4978088e-01	-2.7283579e-02	-5.1746570e-02	9.3979008e-02	2.4060078e-02	2.6984334e-02	9.8667443e-03	4.5841336e-03	-1.3692752e-01	2.0819291e-01	-2.3921722e-01	2.2953929e-01	-2.8251961e-01	-3.0964376e-02	7.0793539e-02	-3.0267975e-01	-2.3301242e-01	1.9735292e-01	-2.0642322e-01	2.5204423e-01	2.2025147e-01	2.5775793e-01	6.0980845e-02	2.7427372e-01	-7.7624768e-02	-2.2115825e-01	1.8397728e-01	2.0455645e-01	-2.8953174e-01	5.3576693e-02	3.8896203e-02	1.4266884e-01	-2.6643097e-01	5.5074692e-02	2.8600571e-01	-1.1333524e-01	2.3579976e-01	-6.3690588e-02	2.7625251e-01	-1.1861995e-01	6.8344943e-02	1.1380183e-01	-3.0587602e-01	1.9586083e-01	-1.3274437e-01	2.0525423e-01	1.3580775e-01	-7.5887018e-01	3.1616762e-02	1.7371522e-01	-2.2315916e-02	-1.8902051e-01	-5.2505550e-03	1.5756066e-01	3.8552988e-01	-1.6434760e-01	8.6673744e-02	-1.8907549e-02	1.5244950e-01	-5.3438926e-01	1.1337440e-01	-5.1615816e-01	1.6193195e-01	-2.4732094e-01	-1.8927013e+00	-2.3010300e-01	3.6877894e-01	4.2350513e-01	2.4315268e-02	-8.1527203e-02	2.7842480e-01	-2.6545376e-01	4.6772003e-01	-1.2090908e-02	-2.6743016e-01	1.0424177e-01	-2.7047631e-01	1.1717165e-01	2.7591458e-01	-2.0338921e-01	-2.7952403e-01	1.2925830e-01	4.1450318e-02	-2.1615335e-01	-2.9571402e-01	-2.9358375e-01	-7.6832719e-02	-1.6063623e-01	4.5157887e-02	2.1276973e-02	-2.3738772e-01	-1.7927262e-01	-3.0543932e-01	1.2780321e-01	1.8583281e-01	-2.1279079e-01	8.3788529e-02	1.9053099e-01	-3.1018081e-01	1.6235016e-01	-2.9090977e-01	-1.1795075e-01	-2.9615849e-02	-6.7849934e-02	-2.1781093e-01	1.6565546e-01	-1.2588574e-01	2.0426764e-01	2.8562844e-03	2.4995206e-01	1.5335569e-01	-1.5715839e-01	-1.6713117e-01	3.2364033e-02	1.4550638e-01	-1.8903695e-01	2.6436551e-02	2.9589456e-01	2.3910493e-02	2.2623423e-01	4.0061511e-02	-1.8741363e-01	-7.9403199e-02	-1.6451412e-01	7.0989812e-03	-2.6388183e-02	-1.8942718e-01	9.5070951e-02	-8.6293042e-02	-9.1586933e-02	-5.9214417e-02	3.5918906e-02	2.2476606e-01	-2.2584249e-01	-7.9377823e-02	-1.3838108e-01	-1.0694257e-01	-9.6652500e-02	2.9709089e-01	-1.2845214e-01	-9.6544370e-02	1.1411537e-01	-2.0520765e-01	-2.7921832e-01	4.4136606e-02	-8.3713003e-02	4.6694294e-01	-2.5193286e-01	-5.6497768e-02	-4.3041721e-02	2.4455932e-01	2.2690254e-01	7.5409585e-01	1.6658199e-01	5.4850873e-02	1.6418837e-01	-1.0612642e-01	-1.8382868e-02	-3.5698432e-02	1.3070096e-01	4.0747016e-03	9.3022421e-02	1.9522092e-01	4.2313507e-01	-1.3355209e-01	3.9830023e-01	7.3308304e-02	-2.3134501e-01	5.8400925e-02	2.0526651e-01	3.9943915e-02	4.8319984e-02	-2.2058249e-01	-5.0883207e-02	2.5876927e-01	-1.7001095e-01	-1.5684327e-01	-4.6724256e-02	-1.2161255e-01	2.2051373e-01	7.4459121e-02	-2.0398609e-02	-2.9519418e-01	1.5609914e-01	-4.1586746e-02	7.9146177e-02	-2.3632494e-01	-1.7125212e-01	2.6853738e-02	-4.8297949e-02	-1.4323521e-01	1.7268163e-01	2.0724209e-01	2.3603944e-01	-2.2614014e-01	3.1643216e-02	-1.2144931e-01	-2.4840315e-01	-2.1142857e-01	2.1763027e-02	-3.3549741e-01	4.3904901e-02	-1.9248860e-01	1.1408541e-01	7.7432871e-02	-1.0184608e-01	2.2565761e-01	6.9773459e-01	1.2666219e-01	-2.3173296e-01	3.6145698e-02	-2.8312144e-01	-2.7978012e-01	-2.1259084e-01	-1.2333776e-02	2.8124759e-01	-2.5445828e-01	6.5485314e-02	-9.7527236e-02	2.7235168e-01	-3.4598216e-01	-1.2623771e+00	7.0334291e-03	-1.5636705e-01	-3.6467126e-04	1.8618321e-01	-3.1522322e-01	-3.0777937e-01	-1.8155755e-01	3.9208971e-02	2.3164678e-02	-1.4525981e-01	-1.2672055e-01	-2.7435701e-02	2.0457743e-01	1.8290895e-01	2.9482529e-01	-9.4905174e-01	3.1932592e-03	1.9389443e-01	3.7056160e-01	7.9343706e-02	2.1541037e-01	2.8878447e-01	1.4299247e-01	2.6379079e-01	2.7334448e-02	2.6534179e-01	1.6168424e-01	-2.4077359e-01	3.8928008e-01	4.4480678e-02	1.9243205e-01	2.7478626e-01	1.1194310e-01	1.1589146e-01	1.8875621e-01	2.7526110e-01	-7.1260279e-01	-5.3789143e-02	-9.5269475e-03	3.1732941e-01	1.7982124e-01	2.6073417e-01	-1.1163087e-01	2.4408855e-02	1.7492852e-01	7.2019301e-02	2.0570879e-01	-2.1136987e-01	-9.7853854e-02	2.1859692e-01	-1.6127948e-01	-1.8569946e-01	-1.7605273e-01	-1.4726651e-01	5.8154881e-02	2.5557068e-01	1.0694554e-01	-2.5851554e-01	1.6574980e-01	-1.9567209e-01	-2.3397107e-02	-1.0056632e-01	-3.5639290e-02	-2.2622423e-02	1.1896267e-01	1.4762220e-01	-2.1103492e-01	-4.7576249e-02	-2.1933820e-03	2.7745700e-02	-1.0927421e-01	5.3812951e-02	2.0804821e-01	-5.9534445e-02	-2.8476098e-01	-2.5525141e-01	-2.6791063e-01	-1.6354813e-01	-1.5451998e-01	9.7513199e-02	-2.3468795e-01	2.1987367e-01	-7.2344348e-02	-2.1265478e-01	-3.5212597e-01	-2.9964027e-01	-2.9047725e-01	-1.2453328e-01	-2.4130151e-02	-2.7108079e-01	-3.9482564e-01	7.1284600e-02	4.5302864e-02	-2.0926487e-01	-1.2270059e-01	-1.4530332e-01	-2.4376981e-01	3.1054524e-01	-2.1095638e-01	2.2515731e-01	1.8181707e-01	2.2920026e-01	-2.3994911e-02	2.7084434e-01	1.9272032e-01	-3.0473781e-01	-4.8993096e-01	1.9244133e-01	1.5656510e-01	2.6374454e-02	-1.6645691e-01	-1.5852070e-01	-1.5360704e-01	-3.9123658e-02	1.5570132e-01	7.9898357e-02	-7.5166263e-03	2.8428259e-01	-2.6137542e-02	2.9057148e-01	-2.7776122e-01	-2.6249743e-01	-2.6408741e-01	-1.9798747e-01	-1.8643206e-02	-2.1288696e-01	2.5221847e-03	-1.9851553e-01	-2.1882561e-01	1.5965503e-01	-2.6093298e-01	-6.4838201e-02	-2.6067409e-01	8.7820545e-02	-1.6407447e-01	8.0746673e-02	2.7671552e-01	-1.4514606e-01	-2.6501203e-01	5.7490885e-02	8.9137383e-02	2.2567427e-01	-4.0625747e-02	-2.6837528e-01	-2.2576749e-03	-3.4157982e-01	7.5316571e-02	2.6448372e-01	-1.8269496e-01	-1.4105226e-01	2.0177616e-01	-2.4695732e-01	1.3195834e-01	-2.0529957e-01	-2.5092733e-01	-4.6375844e-01	2.0675251e-01	2.0230643e-01	-5.6661155e-02	-9.3126841e-02	-3.5437249e-02	-3.5330459e-01	9.1084652e-02	-1.4531435e-01	-3.2098302e-01	1.8904985e-01	1.4697772e-01	1.8180740e-01	-9.4290592e-02	-8.0995008e-02	2.5495581e-02	-7.4770719e-02	1.5179679e-01	2.5584541e-02	1.7323692e-01	-2.2753173e-01	2.3719004e-01	-1.0365161e-01	2.4443541e-01	1.7922996e-01	2.1752276e-02	4.9617469e-02	2.3074925e-01	1.0686903e-01	-7.7666421e-03	-3.3960450e-01	2.3506847e-01	-1.4500380e-02	-6.5093175e-02	-2.1166667e-01	-2.0349365e-01	-2.4690156e-01	-6.0684983e-02	5.0649291e-01	-1.4027992e-01	2.8208464e-01	9.3741953e-02	-1.3814288e-01	2.5667945e-01	3.0262098e-01	-2.7907506e-01	-5.0831825e-02	2.3102870e-02	2.7005962e-01	2.1451032e-01	1.4600378e-01	-2.3971453e-01	1.9227928e-01	2.6355961e-01	-2.6345596e-01	2.3133887e-02	-6.7981549e-02	9.3905263e-02	-2.9170892e-01	1.7570527e-01	6.4629175e-02	1.3639700e-01	2.8998258e-02	6.0276890e-01	1.2690462e-01	1.8781942e-01	-6.5628326e-01	1.9416241e-01	1.5559296e-01	5.6406934e-02	8.9526884e-02	-1.8335787e+00	2.5083026e-01	4.5913258e-01	1.2881036e-01	-4.4349533e-02	-1.3448320e-01	-1.0541034e-01	1.8721548e-01	3.2261327e-01	-2.5622982e-01	-4.3084256e-02	3.0481714e-01	3.0596396e-01	-1.2394146e-01	1.6881458e-01
-2.9932457e-01	5.2087016e-02	-3.8945872e-02	-1.7026813e-03	1.5213728e-02	2.9566402e-02	-1.9294884e-02	-3.7073888e-02	-3.5905488e-02	-4.3329850e-02	4.0083110e-01	-2.0682539e-03	2.4372825e-01	3.4445432e-01	-4.3027218e-02	1.5664870e-02	-2.6612639e-02	1.9129887e-02	-2.1157616e-03	1.0033931e-01	-2.0141909e-01	-1.2097054e-02	-6.8219803e-02	1.2957671e-01	-1.2943497e-01	1.5461975e-01	5.6959460e-03	-4.9407892e-02	3.4181818e-01	7.1332431e-03	8.1532709e-03	-1.1821555e-01
