9
input	22
dense	32
relu	0
dense	32
relu	0
dense	32
relu	0
dense	1
linear	0
7.999999979801942e-06
-3.7275478e-03	-3.6837786e-02	-8.3949201e-02	-1.3779375e-02	-7.6680859e-03	2.2706866e-02	3.5215300e-02	0.0000000e+00	-7.1006730e-02	0.0000000e+00	-4.5508560e-02	-6.8986438e-02	5.6479212e-02	-1.7048955e-02	-1.5132435e-02	-1.1296968e-02	-6.7977600e-02	5.9440207e-02	-6.5289795e-02	-2.2807173e-02	-1.7519141e-02	0.0000000e+00	4.0879160e-02	0.0000000e+00	-3.2114014e-02	1.0147220e-02	-7.9894006e-02	-6.5660782e-02	-7.4739560e-02	0.0000000e+00	3.3954974e-02	-2.1270230e-02
-2.4806540e-02	-2.0248819e-02	-2.7765151e-02	-5.7955146e-02	-6.3022256e-02	-4.7304768e-02	-1.8117068e-02	-3.4388587e-02	-2.7599813e-02	3.1081051e-02	1.3958599e-03	-1.9377280e-02	-2.3350859e-02	-2.1366434e-02	-6.9501869e-02	2.1564944e-02	-4.0640488e-02	-2.2828512e-02	0.0000000e+00	-6.7095801e-02	-2.3881149e-02	-5.4689754e-02	-7.7566132e-03	-2.9660122e-02	-1.8980106e-02	0.0000000e+00	-3.3734534e-02	-7.5780489e-02	-3.3118196e-02	-6.8788998e-02	-2.0408904e-02	-5.4181842e-03
-5.3649407e-02	2.5609417e-02	-4.8560280e-02	-4.5119599e-02	-6.1472166e-02	-8.9430111e-03	8.1266249e-03	-3.6226410e-02	-3.2169331e-02	-3.8905345e-02	2.5282426e-02	-4.2954560e-02	-2.7628480e-03	-1.6411752e-02	-6.6286586e-02	-5.9851214e-02	-9.9491123e-03	-3.6794659e-02	-8.7909978e-03	-1.1693797e-02	-1.6010797e-02	-3.4763769e-03	-3.4060430e-02	-2.5260566e-02	-2.8618399e-02	-6.1358221e-02	-2.4668679e-02	-5.4832947e-02	-3.3324536e-02	-5.9879944e-03	-2.0900175e-02	-2.8372513e-02
9.1957270e-05
-1.9763571e-01	-7.5743385e-02	-3.4372214e-02	-5.8718640e-02	-2.3055144e-01	-3.1988017e-02	2.8561723e-01	-1.8495850e-01	1.7740588e-01	-1.1433261e-01	1.6078502e-01	1.6041885e-01	1.9087458e-01	3.7493368e-03	2.6722813e-01	-1.0595744e-02	3.4298956e-02	-2.4841902e-01	2.3344757e-01	-1.4552186e-01	-1.5009226e-01	4.5081973e-01	2.0917113e+00	2.6683998e+00	2.4109366e+00	-7.2510071e-02	-6.6822901e-02	-2.4181822e-01	9.3321845e-02	-8.8631228e-02	7.8138880e-02	-1.6919953e-01	3.4118891e-02	1.3175870e-01	-4.2445475e-01	-8.8645061e-03	1.0293960e-01	1.6143963e-02	-5.2388627e-02	-8.3570935e-02	1.1717478e-01	2.8401718e-02	1.1776879e-01	-1.4154731e-01	9.6553314e-01	1.2742864e+00	1.3540142e+00	-2.2027973e-02	-4.6067748e-02	2.4696948e-01	1.4480838e-02	-4.5233653e-03	-3.1262990e-03	2.0632567e-01	2.8053471e-01	-7.8947105e-02	-2.8815573e-01	-2.7799532e-01	-2.8216249e-01	-1.3045940e-01	-8.5105663e-03	1.8684532e-01	-4.5857159e-03	-2.5703950e-02	-9.1523200e-02	1.9849487e-01	3.0231338e-02	-5.8064692e-02	-1.1323442e-01	2.1919852e-01	2.6396018e-01	2.9161769e-01	-1.0695299e-01	-2.0608373e-01	-1.2156876e-01	5.0762229e-02	5.2369952e-02	-6.7414366e-02	-1.1432399e-01	1.5599753e-01	-1.5493670e-01	1.5915880e-01	-2.3036100e-01	-2.9885063e-01	2.6648226e-01	3.4610507e-01	-8.0099925e-02	-6.9016078e-03	8.7348980e-01	1.0812433e+00	9.8214966e-01	1.3017602e-01	-5.9854906e-02	-1.4618002e-01	2.1070268e-02	8.7654404e-02	1.0555629e-01	3.5381395e-01	-2.6144090e-01	-5.5553008e-02	9.9480882e-02	2.5429058e-01	1.3086897e-01	-1.2943731e-01	1.4681500e-01	7.6772079e-02	-4.3628864e-02	-2.6251802e-01	1.8021184e-01	1.5074055e-01	-1.5128883e+00	-1.3441144e+00	-1.6918027e+00	2.5823155e-01	3.8501593e-01	-1.9949816e-01	1.2616810e-01	1.5788774e-01	1.3685827e-01	-3.4116456e-01	1.8620284e-01	2.9132602e-01	4.9185965e-02	-1.6923124e-01	-3.7194616e-01	3.3229089e-01	-1.3320588e-01	-6.1201956e-02	-3.0931583e-01	-2.7122056e-01	-2.5223345e-01	3.7122790e-02	4.2298076e-01	1.9691354e-01	-2.2873606e-01	-3.9581659e-01	1.8021747e-01	-1.3113371e-01	-3.7131533e-02	1.9046612e-01	3.6997043e-02	-7.2009146e-02	1.1044753e-01	-1.7355482e-01	-9.9381939e-02	1.7748174e-01	3.5774907e-01	-2.9827750e-01	-4.4853054e-03	-1.8052295e-01	3.0012161e-01	1.4176674e-02	-1.9621368e-01	-7.5362734e-03	-3.0947679e-01	-1.7063046e-01	1.3623151e-01	-1.8789491e-01	-3.0208287e-01	1.9614163e-01	-2.9169402e-01	-2.4791083e-01	-3.0469537e-01	-1.7266661e-02	6.3816637e-02	3.2143027e-02	5.1738650e-02	-8.3180040e-02	1.3210091e-01	-1.1461169e-02	2.8494814e-01	-1.6312727e-01	2.4684003e-01	1.6194925e-01	-1.0111094e-01	-2.1588230e-01	4.9963155e-01	5.9489882e-01	6.3517469e-01	4.5582828e-01	-1.1087012e-01	-1.0755019e-01	7.1072094e-02	1.2542938e-01	-3.6061890e-02	3.3895823e-01	5.5291809e-02	-1.2046917e-01	-1.6843282e-01	2.1108389e-01	-5.3021982e-02	-2.3650116e-01	1.0622049e-01	3.9511643e-02	-4.6863828e-02	7.3914021e-02	4.4473056e-02	-1.0161959e-01	-1.6889183e-01	6.0180992e-02	-3.0383986e-01	4.3089479e-02	1.8686870e-01	2.4301234e-01	-3.0610523e-01	-3.1440753e-01	1.9100389e-01	2.9985908e-01	4.8629999e-02	1.5471211e-01	1.5853047e-01	5.8638722e-02	2.9980591e-01	-3.0907831e-01	2.4686137e-01	-2.4111597e-01	-1.4331374e-01	1.7979327e-01	-2.1126851e-01	-1.0965309e-01	2.4024555e-01	5.7578343e-01	8.0249184e-01	1.6055012e-01	2.0817617e-01	-5.4448871e-03	6.6286840e-02	2.5421664e-01	-1.5324906e-01	-1.8541526e-02	1.0677330e-01	-1.0411619e-01	-4.2985741e-02	2.9802185e-01	1.9140144e-01	1.0160029e-01	3.1849366e-02	-1.3649949e-01	-4.5436051e-02	-1.7838897e-01	1.6891713e-01	-6.8344228e-02	1.7353584e+00	1.8185501e+00	1.5540386e+00	-3.9340779e-01	-5.4463323e-02	2.0920111e-01	2.2406578e-01	9.9058717e-02	-1.3454433e-01	-1.9409245e-01	-2.5896171e-01	-2.6416513e-01	2.4888404e-01	-9.6214488e-02	1.8244661e-01	3.2049742e-02	3.0888009e-01	2.7106813e-01	2.2920366e-01	1.2057607e-01	-2.3222685e-02	6.8264864e-02	-1.6259882e+00	-2.1656818e+00	-2.3576992e+00	-2.3547387e-01	-1.3575506e-01	1.6454937e-02	3.0733256e-02	-1.1835214e-01	1.6458745e-01	-7.0410781e-02	-3.7850702e-01	-1.9117061e-02	4.1623622e-01	-1.7982380e-01	-3.8868479e-02	-1.8121831e-01	5.2433917e-03	1.0867902e-02	-1.6819555e-01	-4.4714328e-02	-1.2103144e-01	-1.4019325e-01	6.3130050e-04	1.6044587e-01	-2.4052283e-01	2.8805694e-01	-1.6031468e-01	5.9120716e-03	-1.7507187e-01	-1.5987280e-01	-2.4552801e-01	2.8148523e-01	6.2653035e-02	1.2990884e-01	-7.0614122e-02	8.4475949e-02	-1.7607920e-01	-2.1764374e-01	1.0219545e-01	2.2100614e-01	-8.7695435e-02	2.3771907e-01	2.0685777e-01	-2.0417424e-01	8.3450019e-02	-2.4917485e-01	1.4772895e-01	-1.1053395e-01	-5.7592385e-02	1.0491780e-01	3.1182116e-01	-2.0612402e-01	2.6632917e-01	4.8765477e-02	1.8681546e-01	-1.9586129e-01	3.3187968e-01	5.7402581e-02	2.2914954e-01	2.7647871e-01	9.1599867e-02	-4.8156567e-02	-2.2781150e-02	6.2997177e-02	-2.9332221e-01	-2.7623716e-01	1.3221301e+00	2.1775224e+00	1.7134253e+00	-7.6435558e-02	1.4538510e-01	6.1183445e-02	-3.0969953e-02	7.9001017e-02	1.2446563e-01	-3.0254856e-01	-1.5843520e-01	7.9168089e-02	-3.5918376e-01	1.9781381e-01	1.9504574e-01	2.8961191e-01	6.5808564e-02	2.8300068e-01	-1.4080642e-01	1.3328773e-01	7.5527035e-02	-6.5907910e-02	-1.3805557e+00	-1.7361745e+00	-1.6353874e+00	1.9311275e-01	-3.0295715e-01	2.0009500e-01	-1.2225409e-02	-4.7982149e-02	1.1898889e-01	-7.5486884e-02	8.2677864e-02	-2.6101232e-02	-5.3317547e-02	1.3787328e-01	-1.9734415e-01	-9.7266652e-02	3.2419106e-01	1.5771081e-01	3.6537105e-01	-2.2784610e-01	1.1797264e-01	-3.3773445e-02	-1.2538633e+00	-2.3153100e+00	-1.8888021e+00	-3.0134031e-01	-7.6223686e-02	-1.4894688e-01	1.8978101e-01	-7.6538511e-02	-4.2920951e-02	-8.3912209e-02	2.0367882e-01	1.0974624e-01	3.0544925e-01	1.8594580e-02	-2.0495830e-01	-3.0039197e-01	-4.8300937e-02	7.7341154e-02	1.7445751e-01	-1.4680587e-01	3.0420750e-01	-7.7764735e-02	7.9949066e-02	7.7128756e-01	6.0137880e-01	2.5308976e-01	1.2648702e-01	3.9195158e-02	-1.9966792e-01	-7.8447878e-02	2.2183815e-01	8.5950602e-04	-3.1415090e-01	1.1128271e-01	3.8357610e-01	-3.0463916e-01	-1.1341514e-01	-6.7360476e-02	1.1727545e-01	1.9160907e-01	-1.1876554e-01	-2.2487012e-04	-2.1330692e-01	-2.1819808e-01	-2.2663942e-01	-2.2877939e-01	5.5086255e-02	-6.0821999e-02	3.8250957e-02	-1.8846208e-01	6.1124574e-02	1.9257472e-01	2.2321421e-01	1.3939600e-01	8.5153900e-02	2.6862630e-01	-2.7983557e-02	-1.3649768e-01	2.0741010e-01	-3.0344859e-01	-1.7086631e-01	8.4391177e-02	5.4753300e-02	2.3034692e-01	-2.1277492e-01	2.4725266e-02	2.5146899e-01	-2.4487528e-01	-1.4723730e-01	5.4558884e-02	2.7697235e-01	1.7923947e-01	-2.4173759e-01	5.3437099e-02	-8.5850716e-02	-9.1651976e-02	-1.7695163e-01	3.1301111e-01	2.8013036e-01	1.9887373e-02	3.1622112e-01	-2.3935850e-01	-7.3953602e-03	-8.4482767e-02	-1.1942770e-01	6.7944653e-02	-1.9182299e-01	1.5883017e-01	-1.5828244e-01	-2.6845878e-01	5.3697437e-02	-2.8137884e-01	-2.1370205e-01	6.6046715e-02	-2.6585436e-01	1.3133216e-01	-2.2104549e-01	-1.9154684e-01	-3.4129232e-02	1.3162413e-01	2.2862610e-01	-7.3761135e-02	1.9755849e-01	-1.6661660e-01	1.5710965e-01	2.3279586e-01	1.0399660e-01	2.3403409e-01	-2.8846163e-01	3.5036951e-02	-1.3345069e+00	-1.4415412e+00	-1.3951241e+00	-1.0387260e-01	1.0532181e-02	2.0494820e-01	-9.2631795e-02	-6.7693181e-02	-1.0003575e-01	-3.2050291e-01	-4.9865111e-03	1.6826184e-01	1.6670951e-01	8.7869287e-02	-3.3215800e-01	1.7717829e-01	-3.0600927e-03	-1.7082715e-01	1.0068858e-01	-6.8199806e-02	1.1146060e-01	2.2984813e-01	2.1988305e-01	1.8446532e-01	-1.8017381e-02	-2.1472216e-01	-1.9241244e-02	4.2526007e-02	2.2089872e-01	4.1673183e-02	-1.4443564e-01	3.0397505e-02	1.2248111e-01	2.4971923e-01	1.0932794e-01	1.6414961e-01	-1.6447966e-01	-2.3297501e-01	3.1727943e-01	-1.5942240e-01	1.9261864e-01	2.6063070e-01	-3.1789297e-01	1.2363482e-01	1.9864252e-01	-2.9853296e-01	3.1820953e-01	6.5257214e-02	-1.1043461e-01	2.3181129e-01	-5.1217765e-02	5.1070098e-02	1.4600141e-01	8.8539973e-02	1.0364641e-01	-9.9111386e-02	4.5044173e-02	-3.8560063e-02	1.9395995e-01	1.9684806e-01	-1.9386902e-01	-1.7956561e-01	-2.4904479e-01	1.8239918e-01	-5.6074407e-02	1.9496141e-01	-2.4385943e-01	-3.3034787e-01	2.2190854e-01	-3.7151703e-01	1.9688237e-01	-3.5978600e-01	5.3605247e-02	-2.4182086e-01	3.0805144e-01	1.3156988e-01	4.4825892e-03	-1.5203770e-01	2.4169607e-01	9.2529431e-02	5.9407279e-02	-8.4154643e-02	3.0747369e-01	2.7581269e-01	-1.2834081e-01	-9.7415850e-02	-3.2296741e-01	-2.5264439e-01	1.3804716e+00	2.1066008e+00	1.7381568e+00	1.6147262e-01	-1.8513534e-02	-5.8964357e-02	1.3919762e-01	-1.3063286e-01	2.3738697e-02	-2.0500781e-01	-2.6022208e-01	-5.6515194e-02	-9.9295080e-02	-2.4915479e-01	6.6463985e-02	-1.7704925e-01	2.3443043e-01	-1.3090937e-01	-1.9081369e-01	3.4291640e-01	1.2940560e-02	1.8976909e-01	6.4424068e-01	1.4441806e+00	1.4087211e+00	-7.0382200e-02	-1.5253592e-01	-1.2562518e-01	2.0224693e-01	-3.1503946e-01	2.8342193e-01	5.7619944e-02	-1.7149033e-01	-3.7411058e-01	-1.1138488e-01	-3.6554046e-02	7.6043658e-02	-2.3697844e-01	2.7619940e-01	-1.2652808e-01	-2.3305118e-02	1.0058831e-01	-6.1523665e-02	-6.0413543e-02	9.4712049e-02	1.0207188e+00	1.1258073e+00	5.8185881e-01	4.2344174e-01	1.9059837e-01	1.0988163e-01	2.3234802e-01	-9.1417223e-02	1.1367388e-01	-4.1873846e-02	2.0113909e-01	3.3937949e-01	9.5665805e-02	-2.2631334e-01	2.6958844e-01	2.2515245e-01	-4.0150028e-01	7.1357332e-02	-9.8672375e-02	-1.7621736e-01	1.4813152e-01	-1.5079507e-01	-1.4906606e-01	-2.1092217e-01	-1.9216339e-01	-1.3267677e-01	-2.1125942e-02	3.0493823e-01	3.2354298e-01	1.8372777e-01	2.3730627e-01	2.5680795e-01	1.3836780e-01	3.2891884e-01	2.5877193e-01	2.9710200e-01	-4.7585875e-02	2.8284255e-01	1.9322518e-01	-8.7487936e-02	1.8758234e-01	-3.1842947e-02	-2.6949829e-01	1.4071991e+00	8.4019738e-01	9.3837321e-01	-3.8417235e-01	-1.4082420e-01	1.2798741e-01	-1.3857442e-01	-8.9550696e-02	7.9382665e-02	1.6152872e-01	-1.0013265e-01	-2.1515645e-01	-4.4483215e-01	3.1277227e-01	2.7600753e-01	2.2392853e-01	-4.4595930e-01	-2.5521323e-01	9.6659295e-02	-1.4763249e-02	-8.8677049e-02	-2.5105892e-02	-2.4829802e-01	1.0198636e-01	-2.1329443e-01	-8.2247160e-02	2.4829383e-01	-2.2436121e-01	-9.4208382e-02	-3.2364094e-01	-1.2063931e-03	2.9387248e-01	-5.2807000e-02	-1.2065323e-01	1.9183035e-01	3.3252761e-01	2.5790516e-02	1.7342013e-01	8.4195182e-02	2.9031989e-01	1.6929093e-01	-1.0545123e-01	1.3347447e-01	-2.7362081e-01
2.0202754e-01	-3.4964040e-02	9.5315553e-02	1.3694146e-01	4.9927207e-03	-1.0462963e-01	-6.3018100e-03	-1.8736896e-01	-1.4257225e-01	1.0464013e-01	-1.9983274e-01	1.5652007e-01	-4.4500414e-01	-6.3632518e-02	-8.9996718e-02	2.0296472e-01	2.1944119e-01	-3.5932168e-02	-2.7861303e-01	-1.4371158e-01	-9.4150633e-02	2.7791330e-01	-2.6664439e-01	1.9453493e-01	-2.6139358e-01	2.0344803e-01	6.3586995e-02	2.5709721e-01	-5.0175037e-02	-5.3891510e-02	2.4438989e-01	1.6734254e-01	-4.8246406e-02	2.6929423e-01	-1.3381502e-01	1.0749206e-01	2.6975435e-01	-3.3537382e-01	1.4574258e-01	1.5582940e-01	4.1774452e-01	-3.1673372e-02	-2.3384152e-01	2.9537660e-01	7.0605643e-02	1.9965485e-01	2.0374459e-01	2.2132163e-01	-5.7236467e-02	-3.6601451e-01	1.3088430e-01	-2.3552829e-01	-2.6744807e-01	2.5677595e-01	-9.9705301e-02	1.7232773e-01	-7.9742596e-02	4.5611677e-03	1.7162342e-01	-2.2342041e-01	2.9703906e-01	-2.4070093e-01	2.5708410e-01	-1.8128088e-02	-2.4348029e-01	1.2839717e-01	1.8689409e-01	1.8687546e-01	-8.1550725e-02	-2.0684814e-01	-2.3341085e-01	2.8247055e-01	1.1019580e-01	-5.7281211e-02	-1.4122920e-01	-1.6379875e-01	1.7314808e-01	-8.4700761e-03	-8.3203912e-03	9.6092403e-02	2.3662573e-01	1.2657511e-01	1.5261347e-02	2.5057915e-01	-4.2309713e-02	-9.0219617e-02	-5.9294246e-02	1.2179935e-01	1.6803432e-01	-3.2968096e-02	-3.3306250e-01	-2.9047212e-01	-2.5840566e-01	1.6159707e-01	-6.8066651e-03	2.9918426e-01	2.8658861e-01	4.5866653e-01	3.8850123e-01	1.7309159e-01	-2.4191584e-01	-3.0369477e-02	-1.0633229e-01	-1.6432789e-01	2.3669893e-01	3.6659241e-03	7.4406758e-02	-5.8673523e-02	-2.2071804e-01	2.8728589e-01	1.6938411e-01	3.1638011e-02	2.0372406e-01	-1.4496708e-01	-1.0364456e-01	-1.7400154e-01	1.0089429e-01	2.3717812e-01	-3.1820956e-01	-1.2162107e-01	1.8217814e-01	-8.8621788e-02	1.4444067e-01	5.2276477e-02	-9.7276613e-02	2.3039332e-01	2.1972526e-02	2.6712704e-01	-8.2318403e-02	2.4116381e-01	2.2152716e-01	-7.9450503e-02	-1.3795318e-01	1.3790870e-01	-2.0356834e-01	-1.9115922e-01	-6.1995920e-02	-2.8118312e-01	-1.3372017e-01	-2.8362200e-01	-2.8884453e-01	-2.5958222e-01	2.3168227e-01	3.3475858e-01	3.0011111e-01	2.2881232e-02	2.7357009e-01	-2.4096419e-01	1.5643466e-01	-2.5545338e-01	1.2511998e-01	2.8739378e-01	-2.2162098e-01	-1.4676154e-01	5.5262991e-03	-1.6308483e-01	-9.0805948e-02	2.6565513e-01	-8.6600356e-02	1.4165244e-01	-7.6563120e-02	-1.3366886e-02	7.3866636e-02	-3.3481151e-02	-1.6925327e-01	1.7596404e-01	-1.5543765e-01	-2.4665412e-01	5.8538731e-02	2.7887276e-01	-2.9120001e-01	-1.1235824e-01	9.2265338e-02	-1.4952694e-01	-1.0756403e-01	-4.0081188e-01	1.6654480e-01	-4.5478944e-02	2.5054008e-01	1.7949839e-01	-1.1837459e-01	-1.6517103e-02	-1.1548179e-01	-2.2360128e-01	-2.1399420e-01	-2.1125999e-01	2.2105429e-01	-9.1045409e-02	2.1268415e-01	-1.1343239e-01	-8.2568568e-01	1.1053070e-01	8.6087398e-02	4.1887525e-01	2.1039090e-01	-2.4207376e-01	6.5142028e-02	-2.9761687e-01	4.9238410e-02	1.8115196e-01	-5.3349482e-03	1.4516920e-01	1.3585609e-01	2.3102763e-01	-3.0182040e-01	6.4727485e-02	2.4268854e-02	4.1081014e-01	-2.7653575e-01	-3.1656379e-01	1.7411546e-01	2.2726709e-01	-1.7739615e-01	9.2853189e-02	-1.2985110e-01	-3.0153894e-01	-1.5013278e-01	-1.5632744e-01	9.0897918e-02	2.3963180e-01	-1.2983818e-01	2.4655089e-01	2.4669570e-01	2.5873482e-03	-7.3589273e-02	4.2033100e-01	4.8105139e-02	1.2766922e-01	1.9528605e-01	-1.9264258e-01	1.8458281e-01	2.3940954e-01	1.3151373e-01	1.7974764e-01	-1.4745307e-01	2.2753206e-01	-1.5070453e-01	-2.1386085e-01	1.2938559e-02	1.8905923e-01	-1.7918435e-01	-3.7484747e-01	-4.1946594e-02	1.5544331e-01	-1.5977687e-01	1.9936380e-01	1.7785117e-01	2.1140167e-01	2.3259261e-01	2.2318202e-01	2.9027191e-01	1.2320894e-02	-2.3773724e-01	-1.8988594e-01	-4.8454061e-02	-2.8629240e-01	1.1221845e-01	-6.8896458e-02	5.3732939e-02	3.0075791e-01	-1.9698301e-01	-3.1583381e-01	2.6266053e-01	1.9737348e-01	1.4038466e-01	-1.5337862e-01	2.4244811e-01	9.3096130e-02	-2.5982441e-02	7.3061004e-02	-3.5539936e-02	-1.5498978e-01	2.4721074e-01	2.1205477e-02	-2.8266019e-01	2.8760341e-01	-1.7375755e-01	-2.6923960e-01	-3.1904587e-01	-2.0031947e-01	-5.4458689e-02	4.9959859e-03	9.3049742e-02	1.3826482e-01	-2.1586291e-01	2.0772263e-01	1.1645170e-01	-1.9787133e-01	1.8781818e-01	-7.3803239e-02	6.1219046e-03	6.1224103e-03	-2.6616666e-01	1.7155445e-01	2.2976020e-01	-1.6393930e-02	1.6824478e-01	2.1930435e-01	-1.9259088e-02	1.4807549e-01	1.9436209e-02	-2.2133082e-02	8.9835197e-02	1.6945167e-01	-4.4182417e-01	-3.1402743e-01	-3.4830567e-01	-2.1206795e-01	-3.5935823e-02	2.0391867e-01	-1.6859677e-01	4.2906702e-02	-7.2686017e-02	-1.5227839e-01	-1.1630841e-01	-3.3889481e-01	-1.4620534e-01	1.6537625e-01	4.0379837e-02	2.3403993e-01	-2.7835560e-01	-1.8771128e-01	-1.1510518e-01	-1.1165826e-01	-3.9610982e-02	-8.9297004e-02	6.3272901e-02	2.5674552e-02	-1.2407295e-01	1.4830858e-02	-1.7242733e-01	8.3414860e-02	-2.6101157e-01	-8.6119622e-02	-2.6295927e-01	-1.6526033e-01	1.9607907e-02	-2.8972316e-01	1.1558960e-01	-2.6881418e-01	3.8512647e-02	1.5140477e-01	-3.0042467e-01	4.9493015e-03	-9.5739111e-02	-1.5912798e-01	2.8500104e-01	7.4009061e-02	8.3866425e-02	1.1624575e-01	-1.3995485e-01	2.3167565e-01	-2.7609664e-01	8.8557191e-02	1.3252421e-01	1.9874789e-01	5.5657692e-02	1.9636345e-01	-4.1089252e-01	1.0044086e-01	-1.3911971e-02	-9.9809110e-02	3.4890492e-02	-1.1041025e-01	-1.2277071e-03	2.2641203e-01	2.5218308e-01	-1.7556559e-01	-1.5757954e-01	-4.5023527e-02	4.6239808e-01	9.5851354e-02	8.3459713e-02	-4.8624098e-02	-6.6111349e-03	9.4070315e-02	-4.0282838e-02	4.7347039e-02	1.5538912e-01	2.3745434e-01	2.7403903e-01	-1.8676445e-01	-9.5677620e-01	1.1869630e-01	7.8523338e-02	-5.5623174e-02	-1.5727136e-01	2.9198512e-01	-9.7292528e-02	-2.6324639e-01	2.1906181e-01	-1.3108778e-01	-2.0329985e-01	-3.6356360e-02	8.1105351e-02	-8.8835895e-02	-1.0903387e-01	2.9864964e-01	-1.0694870e-01	1.0872066e-01	-2.9739368e-01	-1.1015445e-01	2.7436981e-01	8.9089632e-02	1.5142798e-01	-1.8969285e-01	1.8855302e-01	2.7329168e-01	4.3097436e-02	5.0380833e-02	-1.3401759e-01	2.7057186e-01	2.6369104e-01	-2.8676227e-01	-6.6430986e-02	-1.2391037e-01	1.7121542e-01	-2.4003860e-01	1.9824411e-01	-9.5801033e-02	-3.0775117e-02	1.5883476e-01	-7.0942946e-02	-8.5724980e-02	2.1257083e-01	-1.8992454e-02	-8.6152405e-02	-1.8079922e-01	-1.5648521e-01	1.4170656e-01	1.3697042e-01	-3.0961519e-01	1.3250162e-01	-2.5289686e-02	4.3964234e-01	9.0779550e-03	8.7704189e-02	1.6703308e-03	-2.4351828e-01	-1.2952688e-01	-1.0529932e-01	2.1185873e-02	2.2659324e-01	8.8963900e-03	2.4747893e-01	-7.2432756e-02	1.5867174e-02	4.8021030e-02	-1.4108175e-01	1.4986068e-01	-1.3089187e-01	-2.3480460e-01	2.3071404e-01	-9.2359819e-02	-1.9755386e-01	-2.9629499e-02	2.6771585e-02	5.6393325e-02	-2.8730449e-01	2.3544988e-01	-1.3276421e-01	3.1618318e-01	-1.7688170e-01	1.1662293e-01	1.0308707e-01	-1.4762773e-01	-2.5544932e-01	1.5177757e-01	1.9279112e-01	1.7963099e-01	2.1834081e-01	-2.2307038e-02	-1.2144683e-01	-1.7144941e-01	-2.8105479e-01	-1.8943532e-01	-2.2197145e-01	-1.9026628e-01	-1.7580125e-01	1.3495041e-01	1.4941534e-01	-4.5597908e-01	-2.9042345e-02	3.0291158e-01	4.4413586e-03	-5.0653178e-02	1.6067688e-01	8.4941983e-03	-1.4416397e-01	-1.3222644e-01	1.3572735e-01	-8.2213484e-02	3.6904803e-01	2.8485122e-01	2.5478482e-01	-7.3136628e-02	3.3855432e-01	5.5169541e-02	1.6528170e-01	1.8521839e-01	9.7812165e-04	1.4904708e-01	2.0699812e-01	7.8894615e-02	-2.6383504e-01	-8.8489719e-02	-2.4402979e-01	1.8511410e-01	-2.5844303e-01	-1.4245446e-01	-4.1954249e-01	1.5716228e-01	-9.8747082e-02	2.6256964e-01	1.2595984e-01	2.2019170e-02	-2.8898016e-01	-6.7146137e-02	-8.2561143e-02	2.3635080e-01	1.3582797e-01	-2.7460125e-01	-3.7500124e-02	1.0507097e-01	1.8775828e-01	-7.1605720e-02	1.2722868e-01	2.1749853e-01	1.4528182e-01	-1.4858443e-01	-3.0911500e-02	-1.7353728e-01	7.0124432e-02	2.2020027e-01	-4.1750211e-02	2.1817741e-01	2.2854221e-01	1.6363148e-01	2.9241350e-01	-1.9210370e-01	-3.1349999e-01	1.7012638e-01	-2.9160684e-02	2.5916424e-01	-1.1052318e-01	1.6774617e-01	2.1892610e-01	2.9837975e-01	-2.7242854e-01	-3.1437111e-01	-3.3816773e-02	-5.5829614e-02	-6.4810909e-02	-1.4722511e-01	-7.4390940e-02	2.2334015e-02	-2.0391373e-01	1.7634393e-01	-7.9755515e-02	9.7798882e-03	-7.1322411e-02	3.9485492e-02	2.7711049e-01	5.2655641e-02	-1.1475717e-01	6.5630078e-02	-2.7389854e-01	-1.0262203e-01	-2.2104420e-01	1.4500807e-01	-2.0097246e-02	2.6887007e-02	2.2023700e-01	-1.4318615e-02	-2.0454404e-01	-2.1820366e-02	-6.0457543e-02	2.4397025e-01	5.8795989e-02	-1.2848407e-01	-2.2938578e-01	-1.8799041e-01	-1.0451034e-01	2.5920311e-01	1.9140851e-01	2.6551238e-01	2.5083622e-01	4.9525142e-02	1.4558998e-01	9.7237080e-02	5.9131354e-02	-2.4102563e-01	-2.6810580e-01	-1.8361586e-01	-2.8837791e-01	-2.2908662e-01	2.6895347e-01	9.6370578e-02	-1.3344496e-01	-2.9490530e-01	1.3077000e-01	5.3464323e-02	-6.9842920e-02	-1.4962493e-01	-8.9646131e-02	-3.4664363e-02	-2.9078209e-01	5.2919954e-02	1.1663000e-01	7.8577846e-02	-2.3319507e-02	2.6377305e-01	3.2775122e-01	-2.4856970e-01	1.6835450e-01	-7.9777703e-02	-4.9364891e-02	9.9701077e-02	1.9914725e-01	-1.9394824e-01	-6.9311291e-02	1.9365576e-01	1.5891704e-01	9.8364493e-03	2.6592430e-01	-1.8788540e-01	1.5476729e-01	-4.6110164e-02	-9.8781712e-02	-1.3267247e-01	2.1684723e-02	2.0053461e-01	3.0853063e-01	1.0824399e-01	-9.8295107e-02	-5.4764766e-02	3.7000519e-01	-1.2010396e-02	-2.0469657e-01	2.6699266e-01	4.6908792e-02	-7.6038204e-02	2.2856422e-01	-1.1344241e-01	-2.4719423e-01	-1.3936293e-01	2.3809362e-03	6.8418473e-02	8.3828550e-03	8.4854364e-03	6.5456495e-02	-4.2675689e-01	-1.0344476e-01	4.3155339e-02	5.9403121e-02	2.0629939e-01	1.5255615e-01	-6.8790533e-02	-2.3061241e-01	2.0053878e-01	6.6968493e-02	2.7623549e-01	-2.4172811e-01	-1.2096721e-01	-1.2031143e-01	-2.9069704e-01	2.1104889e-01	-2.3325078e-02	-2.9007745e-01	-3.5615921e-02	1.4421539e-02	-2.7483922e-01	-2.2904010e-01	5.5049217e-01	2.6255308e-02	-1.7106028e-01	2.5700927e-02	2.4520995e-02	9.8690495e-02	1.8915653e-02	8.2490884e-02	2.1560583e-01	1.3159730e-01	1.3383165e-01	-5.8105457e-01	4.9634272e-04	-6.3762888e-02	1.3529424e-02	1.7600991e-01	-4.7590435e-01	-1.2848920e-01	1.9487923e-02	-1.2267967e-01	5.0818056e-02	-3.6818057e-02	1.1696386e-01	-2.5176847e-01	-1.1938756e-01	-2.1853736e-02	-7.4515417e-02	3.1493649e-01	6.2732518e-02	4.2681658e-01	-2.3830996e-01	2.3103422e-01	-1.3058604e-01	-2.4345210e-01	-1.4706546e-01	-1.2747380e-01	1.8599440e-01	8.7924875e-02	1.9197822e-02	1.2884299e-01	-2.2518489e-01	-7.8262486e-02	2.9931250e-01	-2.0171583e-02	-1.1359598e-01	-4.5370661e-02	-7.0359476e-02	-1.2459262e-01	-1.3260885e-02	-1.0541534e-01	5.2199915e-02	2.0425922e-01	-2.1405122e-01	-4.5508459e-02	2.2448942e-01	-7.1990192e-02	2.4444366e-01	1.1433414e-01	-4.2728703e-02	-1.9188823e-01	-2.7180773e-01	-1.2166531e-02	-2.6721597e-02	1.1828015e-01	-2.4934492e-01	-1.0132913e-01	-3.0244154e-01	2.4481195e-01	-2.8296354e-01	1.3268371e-01	-2.1877450e-01	-2.7938703e-01	-1.0792471e-01	-1.1372599e-01	-6.2106863e-02	-3.0873141e-01	4.2374074e-02	-2.0323327e-01	-2.2814861e-01	-6.5378703e-02	-5.2026078e-02	-2.7912152e-01	2.0946971e-01	-2.0393825e-01	-1.2062855e-01	1.1428221e-01	-1.9986379e-01	1.3813910e-01	-2.3177676e-01	1.7983603e-01	1.1899562e-01	3.7795320e-02	2.5247642e-01	-1.0467432e-01	1.8889964e-01	-2.8322181e-01	-3.5243526e-02	-2.0203274e-01	-2.3189941e-01	-2.5844142e-01	-2.8533983e-01	1.0906219e-01	2.3489627e-01	1.5297754e-01	-2.0965901e-01	1.9849391e-01	-1.4506321e-01	8.6397141e-02	-1.3463925e-01	3.6127269e-03	-1.0720992e-01	-1.0485334e-01	-1.6135395e-01	-2.4380404e-01	2.7123430e-01	1.5988895e-01	-1.6486853e-01	-7.2764382e-02	-2.4951011e-01	2.4071780e-01	2.2989371e-01	-8.9435771e-02	2.1892036e-01	-1.8859565e-01	-1.7610870e-01	6.3649841e-02	2.0809755e-01	8.2885981e-02	-2.6311252e-01	-2.7412829e-01	-9.0198740e-02	-1.3679093e-01	-2.8253043e-01	-2.7721167e-01	2.6525661e-01	-1.4585161e-01	-2.0732029e-01	1.4191398e-01	6.9082111e-02	-1.3924514e-01	1.7867950e-01	2.5840136e-01	2.6420280e-01	-1.7903106e-01	-1.8345453e-01	2.1600243e-01	-2.6639241e-01	-1.3914534e-01	2.1642342e-01	1.3560316e-01	2.4518499e-01	2.1090499e-01	-2.6053816e-01	-2.5774932e-01	2.2679409e-01	-1.2030217e-01	1.5211257e-01	-2.9009524e-01	2.6099697e-01	1.6405009e-01	-1.9591159e-01	-2.2763290e-01	-1.2869772e-01	1.4394350e-01	-1.1314315e-01	-1.7037685e-01	1.6623586e-02	1.7470731e-01	2.6422796e-01	-8.8702276e-02	2.3531333e-01	-1.0668340e-01	2.0561852e-01	-1.1330795e-01	6.5077603e-02	-1.0978835e-01	-1.1485029e-01	-9.5353395e-02	2.0716496e-01	1.6015881e-01	1.6248834e-01	1.9867085e-01	1.5066403e-01	1.5292452e-01	-4.4522852e-02	-2.0592740e-01	1.9591109e-01	1.5212591e-01	2.9614916e-01	4.7857240e-02	-8.9798987e-02	1.7049219e-01	1.6682924e-01	1.9247763e-01	1.4119536e-01	6.5302618e-02	-2.4042450e-02	-4.2808700e-02	-1.1087182e-01	8.8211380e-02	2.7201203e-01	1.6136739e-02	-2.2503680e-01	-2.1439736e-01	-1.1103518e-01	-2.6729530e-01	4.4260055e-01	-4.0667359e-02	1.4487001e-01	1.6831309e-01	3.4454394e-02	-3.4046341e-02	2.0307675e-01	-3.2630453e-01	1.5201080e-01	1.9142017e-01	1.4335881e-01	-2.1403861e-01	5.0244905e-02	1.7124228e-01	-1.1674587e-01	-1.5734988e-01	-1.7194192e-01	1.8779442e-01	-2.2223596e-01	-8.9239273e-03	2.4487641e-01	2.4171318e-01	-2.4903400e-01	-2.8596875e-01	-2.0387904e-01	3.1235630e-02	-1.0497214e-01	-2.0458383e-02	5.9340466e-02	-3.4394814e-03	-2.1767744e-01	7.5428709e-02	9.6321695e-02	-2.1077435e-01	-2.2393094e-01	1.3831539e-01	-7.1146086e-02	2.0703420e-01	1.8289059e-01	-2.6789647e-01	-3.8605571e-02	-1.6399325e-01	1.8971613e-01	-9.4482467e-02	1.0432851e-01	2.3375070e-01	8.9982152e-02	1.1567840e-01	4.2570233e-03	-2.5451273e-01	1.3630830e-01	-1.7548565e-02	2.2609481e-01	3.8756851e-02	-2.3269403e-01	-3.6839291e-01	-1.2075974e-01	2.0596223e-01	1.4031395e-01	6.4696662e-02	-1.1733442e-01	2.2943428e-01	9.2083074e-02	-2.7485937e-01	1.9899769e-01	-2.7161831e-01	-3.1274498e-01	2.1647689e-01	2.1401854e-01	1.1485080e-02	-1.0498506e-01	2.2197810e-01	2.0115963e-01	2.5807706e-01	1.0562190e-01	5.6465641e-02	4.7669783e-02	-1.7038172e-01	-1.0104975e-01	2.7937124e-02	1.9663351e-02	9.6330727e-03	1.3858312e-01	-7.3016949e-02	-3.0582371e-01	1.8902788e-01	-2.7944681e-01	-1.7351535e-01	-3.6484241e-02	-2.9085869e-01	-2.5062591e-02	1.0090547e-01	-2.3339540e-01	9.9824071e-02	-1.9594363e-04	-2.7254030e-01	-1.6315524e-01	-1.2986298e-01	-8.9463651e-02	-2.9806194e-01	1.8842562e-01	1.5472829e-01	1.3231725e-01	-2.6544216e-01	8.5348070e-02	-1.8849975e-01	1.9202584e-01	-1.6028839e-01	2.3894130e-01	-1.9016849e-01	-4.4358671e-03	3.0001147e-02	2.8561747e-01	-5.5405907e-02	-8.8796049e-02	1.3041075e-01	-1.0615818e-01	-7.2713365e-04	-1.9129457e-01	2.2911998e-02	2.5550655e-01	2.0089458e-01	-1.0141191e-01	2.0993985e-02	6.4278238e-02	-2.5525393e-02	2.6660988e-01	-2.1542412e-01	8.9257978e-02	8.0520011e-02	2.8283277e-01	-1.9559307e-01	2.1319591e-02	-2.2896941e-01	2.5565675e-01	-2.1568321e-02	2.3461607e-01	-1.9993250e-01	7.0891276e-02	2.8257436e-01	1.6329447e-02	1.4061256e-01	-2.7629682e-01	3.7871268e-01	-9.7275183e-02
2.2894323e-01	9.0872729e-03	-3.1074932e-01	2.7146715e-01	1.3912889e-01	1.6829145e-01	-1.7510103e-01	-1.3834810e-01	-3.3809501e-01	-1.5569577e-01	7.0949048e-02	5.0392445e-02	6.2277883e-02	-4.5186307e-02	3.8063951e-02	-2.5379083e-01	9.3152598e-02	2.9230353e-01	-1.2306882e-01	-2.7141070e-01	-3.8970876e-02	4.2151641e-03	8.0553098e-03	-2.7377328e-01	1.9317192e-01	-1.9902676e-01	-2.1476769e-01	1.3210680e-01	1.5830955e-02	-1.7884313e-01	1.7910080e-01	-2.0771962e-01	-3.5689157e-02	4.9779289e-03	-2.0696458e-01	-2.4052794e-01	2.4897613e-01	7.0685893e-02	-6.5536842e-02	-6.7090683e-02	1.9578132e-01	9.2729758e-03	1.6315183e-01	3.2234797e-01	1.2061464e-01	-1.2546507e-01	1.2023716e-01	8.1099987e-02	-1.6636530e-01	7.3813513e-02	1.7316964e-01	1.0309217e-01	5.6556992e-02	-2.6003292e-01	-1.1022580e-02	-2.6943865e-01	2.2932552e-01	-2.5788540e-01	-2.7038130e-01	1.4039400e-02	8.3461374e-02	-1.0498691e-01	1.7338334e-02	-4.0467322e-02	2.5242203e-01	2.8565300e-01	3.0341464e-01	-1.7616093e-01	-1.5923369e-01	-2.9991689e-01	6.0306359e-02	1.0441717e-01	-2.0437853e-01	2.9068100e-01	-2.3131813e-01	-3.3577539e-02	-1.9757530e-01	-9.4210327e-02	-1.9306075e-02	-1.6384688e-01	-1.0458383e-01	-6.2855482e-03	-2.0923093e-01	3.0896065e-01	1.3265464e-01	3.5113767e-01	-5.8025811e-02	-6.4459845e-02	1.0320705e-01	2.3808387e-01	-1.5520665e-01	1.3601243e-01	1.0892750e-01	-2.3191081e-01	1.3854408e-01	-4.3299362e-02	-1.3207519e-01	-2.8858545e-01	-2.4770728e-01	-3.1533560e-01	-1.6832702e-01	-1.5139064e-01	-1.0067393e-01	-5.7451762e-02	1.8095750e-01	-1.0959149e-01	-2.8259659e-01	-2.0586555e-01	5.2666277e-02	-1.5720677e-01	3.3044342e-02	1.1973065e-01	2.4809773e-01	-2.2014859e-01	-2.2259396e-01	-1.4258833e-01	5.9086785e-02	3.3146612e-02	4.7211658e-02	-7.2273850e-02	-2.2357595e-01	5.8777928e-03	-2.5798160e-01	1.3152948e-03	1.3961497e-01	3.9144903e-02	-1.7292121e-01	2.2641290e-02	-3.0379695e-01	-2.8023413e-01	2.8872478e-01	-9.6699566e-02	-1.0907797e-01	-9.9326059e-02	1.6878146e-01	-2.0459345e-01	1.0803204e-01	2.6024154e-01	-5.2940432e-02	2.6724371e-01	-2.4744909e-01	1.4952092e-02	2.2026313e-02	-8.5410185e-02	-4.2875312e-04	3.9505661e-02	2.4823025e-01	8.5320212e-02	-8.8623829e-02	-1.3233678e-01	-2.9106814e-01	-1.6348298e-01	-1.7473039e-01	-1.8251002e-02	-1.3821177e-02	-1.1735301e-01	-7.7430442e-02	-5.3847712e-02	9.2930548e-02	-3.5445011e-01	-6.9159679e-02	-3.2542504e-02	1.6883308e-01	1.7139502e-01	2.3454873e-01	4.3037665e-01	-2.1281530e-01	-2.9777971e-03	1.9322716e-01	-1.5664464e-01	-2.3573831e-01	1.7938310e-01	2.8026226e-01	2.2789931e-01	2.4083479e-01	1.9613598e-01	1.3930824e-01	2.6569411e-01	2.1007177e-01	-3.1049064e-01	-2.1973684e-01	5.3962197e-02	8.5739113e-02	-1.0315368e-01	-2.4064691e-01	3.7583709e-02	-3.1821296e-02	-8.0018781e-02	2.7417129e-02	-2.0275266e-01	-5.0730571e-02	-1.3186770e-02	1.7847478e-01	3.0434683e-01	-1.3161071e-01	3.2898405e-01	1.9930618e-01	-2.1528947e-01	5.2297497e-01	3.4540921e-01	2.1215066e-01	-6.9125697e-02	-4.9660248e-03	1.1487629e-01	-2.8561449e-01	-2.2662652e-01	2.4702430e-01	6.3635870e-03	-2.6949234e-02	-6.1631508e-02	-1.6385141e-01	-7.7452734e-02	-1.6635320e-01	2.6019862e-01	7.6963708e-02	-2.5204733e-01	-1.3021891e-02	2.7195695e-01	-2.2510958e-01	1.9387950e-01	4.4583865e-03	-5.6920677e-02	-1.2069867e-02	1.3959092e-01	2.1697356e-01	-2.7327710e-01	2.7237606e-01	2.7951318e-01	-1.9619447e-01	-1.7841600e-01	-2.3223060e-01	-4.8926499e-02	-2.3558401e-01	2.2231320e-01	2.2062788e-02	3.9608292e-02	-2.4093598e-02	1.5118346e-01	1.1743131e-01	-1.7960635e-01	-8.3974255e-03	-2.7057597e-01	1.2709180e-01	-2.6235875e-01	-5.1958542e-02	-2.0735425e-01	-2.5901841e-02	-1.2383860e-01	3.0294254e-01	-3.6283642e-02	-1.1854569e-01	-1.2644075e-01	1.0198423e-01	1.9406730e-01	-2.9665777e-01	-3.0128810e-01	2.0890768e-01	9.1000624e-02	3.3367708e-02	-1.3995212e-01	-1.6731869e-01	2.4133801e-01	-3.6772555e-01	3.2687992e-02	-1.0264908e-01	-1.2281840e-01	-6.3582234e-02	-2.8981984e-01	4.0152103e-02	2.1270484e-01	1.5527624e-01	-1.8943121e-01	2.4134703e-01	-2.1615106e-01	-6.5185726e-03	-8.2311802e-02	-3.1146759e-02	2.5285578e-01	-1.6458713e-01	-8.7794892e-02	3.6708415e-03	2.1611157e-01	-2.5430816e-01	-3.3702530e-02	1.2595449e-01	-9.5712781e-02	2.9782298e-01	1.9092467e-01	2.5494003e-01	1.9478852e-01	1.9629091e-02	-9.1942459e-02	8.5980631e-02	2.8522232e-01	-9.8421186e-02	-2.1219061e-01	-5.8484260e-02	2.3413296e-01	1.5452981e-01	-1.6126232e-01	2.0556465e-01	4.0975105e-02	-1.6815217e-02	-1.2913556e-01	1.7259773e-02	1.2099116e-01	-1.4015166e-01	2.0931797e-01	-2.7671272e-01	-1.6339196e-01	-4.8950009e-02	-1.0323225e-01	-1.4728424e-01	-2.1571344e-01	-3.1277457e-01	-2.5692683e-01	4.2580098e-02	-1.6513355e-01	1.5183167e-01	-9.8795861e-02	1.0712196e-01	-1.4567697e-01	7.3397733e-02	5.7306617e-02	2.0814855e-01	-1.2356958e-01	2.7637708e-01	-6.0492840e-02	2.1004879e-01	-1.2157438e-02	-1.9358695e-01	-2.1772115e-01	7.8722283e-02	-5.4442633e-02	2.4073580e-01	5.4408498e-02	-1.0966090e-03	2.2563764e-01	-2.7255988e-01	1.5768556e-02	1.5328485e-01	-2.4797001e-01	-2.5645474e-01	2.5160047e-01	8.1257604e-02	-7.9249397e-02	-2.1880014e-01	1.0159897e-01	-6.5100059e-02	-1.4017408e-01	1.4370123e-01	-2.1775903e-01	6.1566915e-02	4.1651405e-02	-1.7853165e-01	-1.2309846e-03	-2.6640689e-01	-2.0964870e-01	-1.4576384e-01	-1.8526097e-01	-3.3339567e-02	3.0052945e-01	2.2229198e-01	-8.6654954e-02	-1.0851890e-02	-2.1818098e-01	-1.1367802e-02	6.1223619e-02	-7.2142580e-03	-1.4656514e-02	6.0794353e-02	1.1517675e-01	-2.7675372e-01	-1.6585450e-01	-2.5490713e-01	1.5393737e-01	2.5333562e-01	-2.0370281e-01	2.2264244e-01	-2.1537278e-02	1.1123729e-01	3.0907974e-01	6.5706186e-02	-2.1382838e-01	6.6302083e-02	6.7193550e-04	-3.9099161e-02	-1.2449913e-01	-2.3183787e-01	-1.7290576e-01	9.8610893e-03	7.1587592e-02	2.4800619e-01	-2.8611138e-01	-6.6024780e-02	-3.0887580e-01	2.3959795e-01	-3.5455725e-01	-7.0340522e-02	2.8337759e-01	3.4061396e-01	-2.6799566e-01	-1.0186706e-01	3.3833630e-02	-1.2785566e-01	2.6126111e-01	-1.2142955e-01	-9.5223777e-02	-3.9692044e-02	4.2093039e-02	2.4894638e-02	2.4684097e-01	-2.5293103e-01	-2.7257746e-02	4.5481056e-02	-2.4856661e-01	1.9448027e-02	3.9942312e-01	-1.4175773e-01	-1.3635346e-01	-3.4104845e-01	2.2192198e-01	5.0293589e-01	4.5629825e-02	6.2112343e-02	-1.3831043e-01	1.2171352e-01	-2.2262549e-01	2.6075509e-01	1.4256319e-01	9.8571710e-02	-5.6314897e-02	1.2423738e-01	-2.1581303e-01	1.4938095e-01	-1.4342714e-02	-2.4229230e-01	-3.0141199e-01	-3.5345939e-01	-1.5958929e-01	1.3383195e-01	3.4682393e-02	-2.0667246e-01	-2.3702836e-01	-2.9749268e-01	-1.2886320e-01	-1.1374397e-01	1.1520873e-01	7.4592851e-02	2.9270932e-01	-2.0958446e-01	2.6496479e-03	-1.9413194e-01	-1.3666837e-01	2.3348938e-01	-5.0896388e-02	-1.3535129e-01	1.7008677e-01	-2.0598820e-01	1.3057387e-01	-1.4845714e-01	-3.0298814e-01	1.9097975e-01	-6.7055695e-02	-8.0196016e-02	-9.1019079e-02	3.9033055e-02	2.0017992e-01	-1.2122227e-01	2.1255478e-01	2.7907988e-01	-1.3084067e-01	1.7169532e-01	3.0115843e-02	-7.3551327e-02	-2.3466074e-01	-6.8719141e-02	1.8550074e-01	2.2361895e-01	-1.4721906e-01	-1.2860389e-01	1.3835260e-01	1.3078521e-01	-2.9648921e-01	2.7654117e-02	-2.7224004e-01	-1.7653705e-01	9.0595186e-02	-9.1045231e-02	1.5013206e-01	-1.2137586e-01	2.2836624e-01	-4.7418922e-02	-3.1935990e-02	-5.4837473e-02	-3.4009878e-02	-1.1704160e-02	-1.4467587e-01	9.8640144e-02	5.2184958e-02	5.7567623e-02	-1.2294367e-01	-1.0829905e-01	2.2704765e-01	2.5277820e-01	7.9825521e-04	1.1706585e-01	-7.5901635e-02	-6.5669119e-03	1.0148782e-01	-4.5991194e-02	-4.9641829e-02	3.3125663e-01	-4.6660602e-03	-4.3945052e-02	-3.9649408e-02	6.3492775e-02	-7.1854077e-02	2.8604922e-01	3.5453275e-02	-1.2977539e-01	-1.0966999e-01	2.3966029e-01	-2.6660806e-01	1.8244803e-02	-3.3039182e-01	-9.9361921e-04	-3.9200789e-01	2.7377903e-01	-1.1874726e-01	-1.4497963e-01	2.6231657e-03	9.5060304e-02	2.8228173e-01	-2.6298174e-01	-8.4482729e-03	2.6263019e-01	1.0290885e-01	-1.4290586e-01	-1.8614405e-01	-9.6168429e-02	1.6236870e-01	1.3011925e-01	1.8517655e-01	-7.9182006e-02	1.2065917e-01	1.8881182e-01	9.9037945e-02	-2.1808840e-01	4.5797774e-01	-1.4978699e-01	-5.3995311e-02	1.4209674e-01	-1.1181922e-01	-2.5960499e-01	4.6467370e-01	2.0295545e-01	7.7501298e-03	-1.6538727e-01	2.5841638e-01	-8.7195532e-03	-1.5167111e-01	6.7432821e-03	-6.9849998e-02	1.0594556e-02	-5.8403528e-01	-2.3533602e-01	-4.2333197e-02	2.3493773e-01	-9.1570571e-02	-4.4912323e-01	-6.0065586e-02	1.9945192e-01	7.6155320e-02	2.6369774e-01	-7.2521158e-02	-2.3327090e-01	-5.9967082e-02	2.3091227e-01	3.3021769e-01	-2.8870550e-01	1.6447748e-01	-2.0092723e-01	-2.9408973e-01	1.2894097e-01	-3.0735585e-01	1.7478783e-01	2.0532873e-01	1.9848534e-01	-3.5469446e-01	1.4323099e-01	2.0965800e-01	-4.2013805e-02	-8.6177769e-04	1.6415524e-01	-1.4555329e-02	3.2507145e-01	1.0210008e-01	1.1642496e-02	-5.0956845e-02	-1.5770373e-01	1.5106663e-01	2.0564391e-01	-2.3611055e-01	-8.3696030e-02	2.7021903e-01	6.9233455e-02	-2.1176986e-01	-2.3823862e-01	2.3086326e-02	-1.9957840e-01	-2.5667697e-01	-7.9599703e-03	1.2774163e-01	2.1009023e-01	-9.3657132e-03	-1.1594831e-01	-2.9321179e-01	3.0568805e-01	3.6657846e-01	1.6924232e-01	2.7147058e-01	1.2014908e-01	-1.1158641e-01	8.6152833e-03	-1.2952004e-01	-1.9036177e-01	-3.5284930e-01	7.0583954e-02	1.5696298e-01	-2.9111063e-01	-1.7503048e-01	-1.5302698e-01	-2.7906305e-01	-6.5134610e-03	-2.0343114e-01	-8.9330807e-02	-7.0144469e-03	-2.6936540e-01	-4.7923662e-02	-2.7790779e-01	1.5631576e-01	2.1708675e-01	1.1863559e-02	-1.2448514e-01	-2.4327305e-01	-4.6428785e-02	-3.2536425e-02	-1.3764676e-01	2.9481063e-02	1.1110186e-01	-4.0200021e-02	1.0817963e-01	3.6293745e-02	-2.3328820e-01	3.3513936e-01	-2.3964904e-01	-2.6059788e-01	1.4084691e-01	1.6437048e-02	1.4253147e-01	2.0427707e-01	-3.9534375e-02	-2.8986686e-01	2.2565010e-01	-3.7966162e-02	-1.8545493e-01	2.4760585e-01	-2.1699280e-01	2.7389231e-01	2.2968863e-01	-2.4104249e-03	-1.3320543e-01	-1.5555058e-02	9.5557064e-02	-8.4301047e-02	2.7975529e-01	-1.6632117e-01	-7.7940985e-03	2.2189452e-01	2.8420344e-01	-9.5454045e-02	5.0483178e-02	-1.0315948e-01	1.3327086e-01	1.5418293e-01	1.7830601e-01	-1.1678843e-02	1.6050161e-01	-2.8016609e-01	1.0350096e-01	-4.9773440e-02	2.1078356e-01	-1.3748381e-01	7.3130988e-02	-1.2303793e-01	-8.0695145e-02	-9.8210111e-02	-7.7298597e-02	4.6883214e-02	9.1333371e-03	-3.2901588e-01	-7.5073871e-03	-1.4702263e-01	-7.0924520e-02	2.3539992e-01	-2.7668059e-02	1.0066210e-01	-3.1486624e-01	-3.5889156e-03	7.8438297e-02	-2.5095141e-01	1.3500383e-01	5.4311544e-02	1.3946740e-02	-1.9336297e-01	1.9682083e-01	6.5570228e-02	2.5688148e-01	-2.6545447e-01	-1.5055130e-01	1.8900222e-03	2.5703546e-01	-3.1241986e-01	3.9236128e-02	1.5949432e-02	1.6408823e-01	-1.1416925e-01	-8.0237687e-03	-2.8354010e-01	1.7467763e-01	-1.3836476e-01	-2.7110767e-01	1.2787035e-01	-9.4879314e-02	-1.2375058e-01	-2.3611991e-01	-1.2352467e-01	5.5686831e-03	1.2507367e-01	-1.1879716e-01	-2.3997021e-01	9.6413612e-02	-7.4335933e-04	-1.3021842e-01	-2.4770465e-01	3.0510321e-01	2.3680086e-01	2.6697096e-01	-1.1500818e-01	1.6966641e-02	-1.8013769e-01	-2.9287934e-03	-1.9895107e-02	-1.6534930e-01	2.8127953e-01	-1.6851221e-01	-2.9940197e-01	-2.9319572e-01	2.8697547e-01	2.1573243e-01	-2.9276907e-02	-2.1774448e-01	-1.6133443e-01	2.9233098e-03	-7.8940824e-02	-2.4340332e-02	-2.2810319e-01	2.0609546e-01	-1.7517212e-01	1.2612486e-01	2.0315537e-01	4.6141561e-02	2.8932309e-01	-3.3091497e-01	7.2731511e-03	4.2974755e-02	1.6998832e-01	-2.9351220e-01	1.5647328e-01	-1.3816288e-01	2.1436873e-01	-9.6700750e-02	-3.1732124e-01	2.4899915e-01	1.3614634e-02	-1.1612064e-01	1.3766317e-01	1.3458298e-01	3.1713465e-01	-1.6117148e-01	2.2890678e-01	-1.3467893e-01	1.5348044e-01	-1.9307284e-01	2.3061746e-01	1.5637664e-01	-2.3944019e-01	2.4405238e-01	3.1619886e-01	-1.0459268e-01	-2.1089925e-01	-3.6266923e-02	-3.1207818e-01	-2.8693238e-01	2.9338226e-01	2.2578441e-01	-1.5124841e-01	1.7272189e-01	1.0561389e-01	-1.6576244e-01	-2.1553674e-01	9.1306448e-02	-2.8266081e-01	-2.7252904e-01	-9.7916678e-02	2.5390971e-01	-6.6364527e-02	-4.7214389e-02	-1.5577856e-01	1.1308864e-01	2.6689228e-01	-1.9431655e-01	9.4384521e-02	-2.5263768e-01	2.6147541e-01	2.0818891e-01	3.0360538e-01	5.0057068e-02	-1.5324521e-02	1.0227418e-01	-1.6057307e-01	2.6191056e-01	-1.7068674e-01	-2.5041872e-01	9.9109367e-02	1.4050780e-01	1.6419415e-01	-4.0723461e-01	2.8537570e-02	2.1799083e-01	-5.3325228e-02	6.7692317e-02	1.4682247e-01	2.8750190e-01	2.3862728e-01	1.9966061e-01	-8.5332505e-02	1.3154641e-01	-2.7786782e-01	-1.9197208e-01	1.9379066e-01	4.9849425e-02	-2.8804278e-01	-8.5788444e-02	2.0447187e-01	8.6116239e-02	7.6706946e-02	-1.7985369e-01	1.8361016e-01	-2.4293233e-01	1.3359562e-02	2.2597554e-01	-9.4869345e-02	2.7968812e-01	-2.9426759e-01	-2.9714179e-01	-2.8571913e-01	-3.4813204e-01	-1.3330711e-01	1.4909139e-01	-2.1905474e-01	2.2048591e-01	3.2767063e-01	1.8131608e-03	5.0348282e-04	-6.6858232e-02	4.7210775e-02	7.0275500e-02	1.2438025e-01	1.8407539e-01	2.3989582e-01	-7.3830277e-02	-1.0137087e-01	-2.2783440e-01	-1.6460963e-01	9.5622368e-02	1.9946872e-01	1.4932680e-01	2.0386875e-03	-2.7629557e-01	2.6359358e-01	-2.6575792e-01	7.7212259e-02	-2.8527707e-01	-3.1931368e-01	1.7530380e-01	1.8181989e-02	-2.3761050e-01	3.6413886e-02	-1.5927896e-01	-2.3597258e-01	-1.2190231e-01	5.4641470e-02	2.3465249e-01	-1.5899922e-01	6.4951017e-02	-2.2832400e-01	-8.3908662e-02	9.5387194e-03	1.4837886e-01	4.9147066e-03	1.2079627e-01	2.7793744e-01	-7.8551590e-02	7.0358336e-02	1.3313447e-01	-2.9209617e-01	-2.4893707e-02	1.2021001e-01	-4.1099936e-02	8.2854450e-02	-2.7799082e-01	-1.3425712e-01	-2.0385125e-01	1.1961454e-02	-1.5599705e-01	-2.9979146e-01	1.7211823e-01	7.6185152e-02	-9.9465605e-03	4.1311496e-01	3.5318440e-01	2.8965151e-01	2.2748379e-02	-9.7199745e-02	1.5188375e-01	-2.1795429e-02	2.9669571e-01	1.5179862e-01	-2.2397228e-01	-6.3870378e-02	-2.1413562e-01	-4.4050598e-01	8.6726509e-02	1.2842083e-02	4.3728381e-02	1.0718720e-01	-3.1250209e-02	-1.0546393e-01	-1.4177417e-02	-1.6582032e-01	-2.8626013e-01	1.7949477e-01	2.8690150e-01	2.3249723e-01	2.9144832e-01	2.1743898e-01	-3.3541278e-03	1.2654356e-02	1.8938890e-01	1.2713283e-01	-2.3504435e-01	-1.5712807e-01	-6.9444925e-02	4.1179413e-01	3.4519739e-02	-1.2990162e-01	2.9796448e-02	-2.4757309e-01	-2.6787999e-01	1.0986457e-01	1.4411348e-01	6.7816988e-02	-2.7963483e-01	1.5152554e-01	2.3737159e-01	1.5286222e-01	-6.3549921e-02	2.2943750e-01	2.4402934e-01	-1.0270853e-01	-3.3927787e-02	7.8232743e-02	2.6372460e-01	6.8460286e-02	-2.9173782e-01	-1.6619693e-01	-7.9724774e-02	-8.7188363e-02	7.3883362e-02	-1.0813235e-01	2.5757546e-02	-2.1818826e-02	1.4584702e-01	1.8603811e-01	-3.5428293e-02	2.9908496e-01	-7.1035922e-02	2.8422454e-01	1.7995381e-01	-5.2299565e-03	1.0447870e-01	1.3352720e-01	-3.0485573e-01	1.9865902e-01	-2.2032957e-01	-2.8396648e-01	9.0241507e-02	5.5298522e-02	1.3117707e-01	3.6573434e-01	3.0431268e-01	2.7033743e-01	9.0965167e-02	-1.5716067e-01	-2.8191268e-02	-1.0889687e-01	3.1906730e-01	3.9935118e-01	-1.8532053e-01	1.4599842e-01	3.2959378e-01	-1.3006243e-01
-1.4494707e-01	-2.9557070e-01	9.5722079e-02	-2.4102946e-01	-1.4033651e-01	-1.9301328e-01	3.4172401e-01	-1.1552001e-01	-1.0589785e-01	2.7605227e-01	1.3261048e-01	1.5517280e-01	-6.7691103e-02	4.7075555e-01	1.2844042e-01	1.6398181e-01	7.7412322e-02	-2.3671222e-01	-4.2195834e-02	-3.3623356e-01	2.1669421e-01	1.4269301e-01	-1.6183606e-01	2.2040829e-01	1.6736849e-01	-5.3222340e-02	-1.6932392e-02	-3.6358390e-02	-2.7910134e-01	4.6444917e-01	-1.9841325e-01	1.7127377e-01
