9
input	24
dense	32
relu	0
dense	32
relu	0
dense	32
relu	0
dense	1
linear	0
7.999999979801942e-06
1.8840062e-02	-1.6357513e-02	-6.6696323e-02	-4.2994305e-02	-5.1926117e-02	6.2417079e-02	-2.9514285e-02	0.0000000e+00	6.0632400e-04	-2.8164400e-02	-2.1514943e-02	-1.0381216e-01	1.4186461e-02	-1.0577911e-02	-5.2230127e-02	-3.7106946e-02	2.0671025e-02	1.4492555e-01	-1.2869778e-01	1.3669438e-02	6.9514900e-02	1.4001002e-02	-4.8378338e-03	0.0000000e+00	-9.2964172e-03	-6.9675982e-02	5.5506560e-03	1.1214380e-02	-2.3965593e-02	-4.3867407e-03	-1.3736556e-02	-2.5827240e-02
-3.2703508e-02	-5.8948672e-03	4.3938257e-02	-6.3160889e-02	-1.2454477e-02	0.0000000e+00	-7.4458338e-02	-6.9093049e-02	-3.1930253e-02	2.3452109e-02	-5.8156215e-02	-3.5893023e-02	-2.5788080e-02	-3.6039628e-02	-4.8115016e-03	-5.7946872e-02	2.7349576e-02	1.1652335e-02	-1.0523735e-02	-1.7561926e-02	-7.2941378e-02	2.1391297e-02	-3.9535098e-02	-4.4190187e-02	-4.5443472e-02	-1.1644416e-01	-2.3779461e-02	1.7908670e-02	-2.8904241e-02	-3.5944704e-02	-1.9583357e-02	-2.5212888e-02
1.8282946e-02	-5.4645207e-02	-2.2610003e-02	2.2585408e-03	-3.0951979e-02	-3.1748574e-02	-9.8727055e-02	-1.5799344e-02	-4.5317423e-02	-2.2304425e-02	-1.2073778e-03	-3.8482159e-02	-2.0966655e-02	3.2520066e-03	-7.5587626e-03	-2.9083699e-02	-4.4993367e-02	-6.3344538e-02	-5.7819352e-02	-1.9075621e-02	-2.2221910e-02	2.5897957e-02	-3.3350967e-02	-2.0177487e-02	-2.3866158e-02	1.1073581e-02	1.0253689e-02	-6.2755458e-02	-3.5882946e-02	-5.7480102e-03	-3.3710245e-02	-4.5133337e-02
-6.2859082e-03
-3.1643757e-01	-1.1899673e-01	-3.5377383e-01	-3.7390617e-01	-1.3911189e-01	1.4582269e-01	1.8614639e-01	-1.6017455e-01	2.3218706e-02	2.9062763e-01	-1.2295424e-01	-1.1608197e-02	-2.9243612e-01	2.0167184e-01	1.5794119e-01	3.3298466e-01	-1.3634463e-01	-1.8106467e-01	-5.2899096e-02	-5.6757212e-01	-5.1134485e-01	1.1410680e-01	1.4709237e-01	2.4634758e-01	-8.1052467e-02	2.2401658e-01	-2.1813352e-01	2.9544532e-01	1.0598210e-01	1.3786621e-01	6.1324919e-03	-3.0485234e-01	-1.4917062e-01	-8.5133851e-02	-3.6215227e-02	-2.4965657e-01	1.0117642e-01	-1.8137449e-01	1.0966990e-01	2.5776830e-01	2.2704017e-01	-7.4384682e-02	-1.6377175e-02	3.9885808e-02	1.2316046e-01	1.2497558e-01	1.3562240e-01	1.5310356e-01	4.4369161e-01	1.9867560e+00	2.1361678e+00	1.7776693e+00	1.1817890e+00	-3.2988086e-02	-1.2291595e-01	3.6414403e-02	9.7416162e-02	-1.2549381e-01	1.1380001e-01	-7.4221119e-02	5.4207053e-03	-2.6821241e-01	-2.7979940e-01	-2.5912458e-01	-2.2183083e-02	1.1126662e-01	3.5720262e-01	-7.3803544e-02	2.1255155e-01	1.6849685e-01	1.5810347e-01	-2.9087391e-02	4.2908311e-01	8.4255111e-01	1.7163635e+00	6.8425494e-01	6.1557561e-01	-3.8642772e-02	-3.5785121e-01	-3.1809995e-01	-1.1782800e-01	2.0006031e-01	1.9169968e-01	1.3048147e-01	1.2678948e-01	-1.7292045e-01	2.2755525e-01	-3.6943862e-01	1.5692684e-01	2.7741900e-01	-3.4498584e-01	1.7714155e-01	-1.5338184e-01	-1.2112338e-01	1.7979191e-01	-7.5641908e-02	-5.6627598e-02	-2.8019473e-01	-2.4468055e-01	-1.6712873e-01	-2.9637176e-01	-9.9032678e-02	5.0155576e-02	-5.7824995e-02	-3.9381828e-02	1.1353988e-01	-1.1042931e-01	9.8378614e-02	1.2849994e-01	1.5467450e-01	-9.5914684e-02	-4.5153028e-01	-4.5920017e-01	-2.9213760e-02	-2.2160685e-01	-5.3522192e-02	-2.3026571e-03	1.7795485e-01	6.3624337e-02	9.0651788e-02	-2.0757547e-01	-1.4571199e+00	-2.0420976e+00	-1.6699955e+00	-4.0712979e-01	2.4483930e-01	2.3264214e-01	1.5959443e-01	1.5114959e-01	9.3942672e-02	-1.4278501e-01	-1.2561932e-01	3.0003086e-01	-2.0616503e-01	7.6635867e-02	5.8999568e-02	-3.1475601e-01	-2.2508654e-01	2.3876223e-01	-3.0024394e-01	5.6181785e-02	-1.3747548e-01	-2.0118400e-02	-5.0825298e-02	-7.2966851e-02	9.1704570e-02	-1.4364699e-01	-6.1443067e-01	1.4376324e-01	-4.0288782e-01	5.1002872e-01	-8.4712170e-02	-2.3230878e-01	1.6442265e-01	3.8532943e-02	-5.5558179e-02	3.4698699e-02	7.4971259e-02	-2.2512496e-02	9.0500191e-02	4.5098019e-01	7.0923708e-02	8.1252985e-02	5.2485758e-01	4.2893207e-01	-1.3149850e-01	-1.1979027e-01	1.5984294e-01	-2.0056985e-01	1.7687649e-02	-2.2234987e-01	-7.0596188e-02	-1.2123883e-02	3.2676119e-01	-3.0355904e-01	1.3526040e-01	1.1543912e-01	8.5198581e-03	2.0905495e-02	-2.6528439e-01	1.3905653e-01	-1.5859115e-01	2.9900759e-01	2.1886230e-02	3.2025772e-01	-1.6726732e-02	-2.6551002e-01	-1.1161987e-01	9.2552334e-02	1.8174541e-01	-2.5180215e-01	3.3174276e-02	1.9035164e-01	-5.7749593e-01	-6.7438978e-01	-6.3900095e-01	-4.6130362e-01	1.0341515e-01	-9.5870577e-02	-1.6128613e-01	5.3174518e-02	2.1139415e-01	-8.4529333e-02	1.7468031e-01	2.0630945e-01	7.7983446e-02	1.4279559e-01	-2.3981701e-01	1.4783920e-01	-1.6860069e-01	2.7379736e-01	-1.6376647e-01	-5.0825578e-01	-1.0232884e-01	2.3016395e-01	-3.7717134e-01	1.7330286e-01	2.9329008e-01	-3.1423515e-01	1.3811652e-01	2.5561711e-01	-1.5716934e-01	-2.8271639e-01	-1.4570898e-01	-1.2257759e-01	1.9049463e-01	1.4652954e-01	-9.8367453e-02	2.1890801e-01	-3.7236001e-02	1.0901725e-01	-2.2935182e-01	-2.7759844e-01	-2.4582893e-03	3.1144959e-01	-1.1613083e-01	-9.4494753e-02	2.4909666e-01	4.9382403e-02	2.5046965e-01	1.1041231e-01	-6.4940229e-02	7.5017542e-02	-3.0083364e-01	-6.1193671e-02	2.7933666e-01	-1.3769403e-01	1.7004953e-01	2.8442132e-01	-1.6385972e-01	-2.8192407e-01	1.7190361e-01	2.5272781e-01	-8.5507005e-02	2.9650611e-01	-8.9275926e-02	1.0536747e-01	-2.0510872e-01	-5.9934728e-02	2.2096643e-01	-1.1750882e-01	1.3364163e-01	1.3154843e-01	1.2780818e-01	1.2062529e-01	9.2766058e-01	1.7687086e+00	1.4246629e+00	7.7243412e-01	1.5415412e-01	-1.5883864e-01	-6.6219233e-02	1.9891086e-01	1.4034560e-01	2.4043989e-01	3.9895918e-02	2.6560301e-01	-1.4152828e-01	-5.9342455e-02	-1.4868356e-01	-3.2212925e-01	2.5480351e-01	-1.9586758e-01	2.9106125e-01	-2.5946927e-01	-8.2543544e-02	9.6352972e-02	-4.9784467e-02	3.0764794e-01	2.1372773e-01	-3.8079816e-01	3.9186019e-01	-8.7437235e-02	3.7426630e-01	1.6739108e-02	-2.8170985e-01	3.2457151e-02	2.0044453e-01	7.4066095e-02	-1.9268375e-02	2.0787074e-01	1.0708532e-01	-1.5940051e-01	2.3926720e-01	1.3885772e-01	-1.5622838e-01	8.7039612e-02	3.7252549e-02	3.6904284e-01	-2.4243130e-01	2.3093933e-01	-8.6717553e-02	1.6274869e-01	8.5260555e-02	8.6524171e-01	-7.0552123e-01	2.5301579e-01	-6.4117271e-01	3.1134892e-01	5.7915950e-01	-3.6187652e-01	9.8537862e-02	-6.1473634e-02	-9.6728064e-02	1.9584469e-01	9.4639339e-02	4.6024628e-02	-2.9582712e-01	-5.8997374e-02	-7.8010917e-02	-2.6778507e-01	2.2040300e-01	-3.2926577e-01	-7.8822589e-03	3.2479815e-02	1.9425319e-01	3.8382176e-01	1.5742378e+00	1.9599141e+00	1.6225022e+00	1.1965945e+00	-1.7458718e-01	-2.0994473e-01	-5.0637193e-02	1.6106850e-01	1.1955022e-01	-1.5990390e-01	-1.4370243e-01	-2.6740104e-01	-2.3113033e-01	8.5587233e-02	-5.2800518e-02	-2.1474276e-01	-4.1826883e-01	3.6733013e-01	-1.2750074e-01	1.1386171e-02	-3.6006314e-03	-1.4891793e-01	4.1748166e-02	-4.2703009e-04	1.1786780e+00	1.1772035e+00	1.4496042e+00	1.0517845e+00	4.5142409e-01	3.8565767e-01	2.6164225e-01	-7.7728182e-02	1.6521040e-02	-8.2117043e-02	1.7064981e-01	1.8252926e-01	1.0521650e-01	2.9198450e-01	7.3954493e-02	-4.3392664e-01	1.2293487e-01	-2.3743546e-01	-7.3516801e-02	2.9271409e-01	-2.7076897e-01	2.2848165e-01	-1.4451089e-02	-2.6526123e-01	-6.9104511e-01	-1.2966018e+00	-4.2689577e-01	-1.4063527e-01	3.7579301e-01	-1.2193701e-02	1.0214142e-01	2.3433781e-01	1.0341462e-01	-1.7432740e-01	-9.2099123e-02	2.8319085e-01	-2.7780595e-01	-9.0466380e-02	2.8834647e-01	8.9325808e-02	-2.1703359e-01	2.8808331e-01	8.1441998e-02	-1.1316867e-02	-1.1017760e-01	9.4571441e-02	6.3276136e-01	-1.0325963e+00	-2.1920652e+00	-2.5431566e+00	-2.2397957e+00	-1.2721885e+00	-1.3629235e-01	7.7185221e-02	7.3232099e-02	1.6775783e-02	6.4799294e-02	1.1502128e-02	-1.4200883e-01	-3.1000501e-01	1.6262890e-01	4.3635093e-02	1.7783993e-01	3.0731561e-02	-3.1503078e-01	-4.2161387e-03	-2.3583120e-02	-1.4537103e-01	1.1160258e-02	1.6980737e-01	-2.0296743e-02	1.3093346e-01	2.2530471e-01	3.2928911e-01	6.6681224e-01	7.0061928e-01	1.5753829e-01	2.4573576e-01	1.3397998e-01	2.4078327e-01	2.5864929e-01	-1.4661661e-01	4.2646444e-01	3.9650056e-01	1.0219350e-01	2.2145663e-01	2.2275011e-01	-2.5759351e-01	1.3452795e-01	-3.1838301e-01	-9.1844425e-02	1.9837205e-01	6.6881850e-02	4.3477062e-02	-7.2427867e-03	1.7929056e-01	-3.3731940e-01	-3.1521398e-01	-6.1058629e-01	-4.4377622e-01	-1.9154178e-01	-3.1789571e-02	3.9364591e-01	5.1888451e-02	2.0412283e-01	1.8274511e-01	-1.1847758e-01	2.9906172e-02	-2.1534820e-01	-1.9849166e-01	-2.0018111e-03	3.8370401e-01	3.5566962e-01	-4.3074733e-01	-1.7330140e-01	1.9090346e-01	-4.7528777e-02	1.5672736e-01	5.9845999e-02	-1.9241454e-02	-1.7508213e-01	3.2983330e-01	-1.9669064e+00	-4.7691047e-01	-9.6261495e-01	2.9216392e-02	7.2854662e-01	-3.4661025e-01	-1.5879953e-01	-1.6716883e-01	1.5555166e-01	2.6164857e-01	1.4167635e-01	-8.6556152e-02	-2.7209759e-01	3.4433800e-01	4.3106246e-01	-4.2329523e-01	9.5640220e-02	2.3296475e-02	-1.5704516e-01	-3.3012092e-02	2.4737047e-02	-6.5696925e-01	-2.1935070e+00	-2.7007947e+00	-1.8694627e+00	-9.4324529e-01	-6.6342376e-02	-2.8631482e-01	1.5308464e-01	-6.2910870e-02	-1.5608624e-01	2.6300386e-01	7.5542472e-02	2.7299743e-02	-9.9665172e-02	-9.0291515e-02	4.2643577e-01	-2.0384242e-01	-3.5517064e-01	2.3890673e-01	-3.9476608e-03	-1.9827534e-01	-1.1867688e-01	3.0310323e-02	-1.5966821e-01	6.4255215e-02	9.7477049e-02	-2.2313006e-02	-1.8014623e-01	7.2155237e-02	9.6221507e-02	-7.4184261e-02	-2.2548133e-01	1.1414920e-01	1.8469308e-01	3.0692703e-01	-2.4086627e-01	2.3279990e-01	3.6140770e-02	-2.3697478e-01	2.6001358e-01	-3.4910772e-02	1.1067885e-01	2.0933864e-01	2.4922007e-01	-2.6407081e-01	1.3314880e-01	-5.0329272e-02	-2.4304105e-01	-1.8385780e-01	-3.0081689e-02	2.5698096e-01	-3.1172368e-01	1.5477675e-01	-2.6873139e-01	1.2893260e-01	1.2138614e-01	1.0634267e-01	-9.7560599e-02	-3.1248161e-01	2.7679890e-01	7.7808857e-02	-8.3126098e-02	2.9953682e-01	1.6803759e-01	3.1338066e-02	-6.9323331e-02	6.8588883e-02	-1.0211311e-01	1.0431004e-01	8.1459701e-02	-2.7574733e-01	1.9218028e-02	-5.1205182e-01	-8.7077355e-01	-1.3744990e+00	-1.6174345e+00	-9.1701877e-01	-1.2321822e-01	2.1620348e-02	-3.4130430e-01	3.0763420e-01	-2.2272964e-01	1.5076223e-01	-3.4112625e-02	-1.9462641e-02	-5.3725820e-02	-2.9587108e-01	3.0078387e-01	1.7056859e-01	2.0727989e-01	-2.6656580e-01	1.7119741e-01	-6.7461140e-02	-2.5890043e-01	-1.7512615e-01	8.7541685e-02	-3.6449009e-01	-9.0256132e-02	-4.7496355e-01	4.3258321e-02	-1.8559545e-01	4.8199274e-02	-7.0143926e-01	-3.0657163e-01	1.0438599e-01	-1.9639391e-01	7.9146042e-02	5.8297735e-02	-8.7739140e-02	-1.7192115e-01	2.5645060e-02	3.0307040e-01	1.3127713e-01	-2.8635749e-01	1.7173487e-01	2.7080989e-01	-1.0352039e-01	-1.8093666e-01	-7.5010829e-02	-6.4529136e-02	1.6260575e-01	-6.8111318e-01	-1.0189768e+00	-3.6290792e-01	-3.2719547e-01	5.1407152e-01	2.9606286e-01	-1.7517591e-01	1.9424599e-01	1.6612267e-01	1.8167374e-01	-5.1450502e-02	2.1351704e-01	-7.7013388e-02	-1.4753333e-01	4.4872728e-01	-7.7700183e-02	7.9149678e-02	-2.9743532e-02	-3.1098019e-02	5.7122611e-02	-1.9823037e-01	-2.0241024e-01	-3.8370825e-02	2.2443606e-01	-7.5072333e-02	-3.2026187e-01	-1.5870181e-01	2.6567918e-01	6.1061162e-01	3.8362560e-01	1.0757488e-01	3.1368613e-01	-6.0568269e-02	-1.7181905e-01	9.0957113e-02	1.4640430e-01	-3.6269058e-02	2.2843716e-01	3.6537323e-02	2.5564390e-01	-4.1415840e-01	2.3782672e-01	1.1776044e-01	3.2358125e-01	-1.6550866e-01	-2.5998449e-01	3.4969357e-01	-1.1504960e-01	6.5298557e-02	-2.7991900e-01	3.6699331e-01	-2.8624588e-01	-3.2058991e-02	-3.2543525e-02	1.5404746e-01	-2.2946455e-01	7.5946704e-02	1.8392608e-02	-3.3579993e-01	2.2452894e-01	2.7420875e-01	1.6294238e-01	1.5795209e-01	-1.0211055e-01	-1.1935771e-01	-5.9064526e-02	-2.7661723e-01	3.3032843e-01	1.2627788e-01	-2.2660694e-01	-8.6039260e-02	-5.0623737e-02	-1.0203660e+00	-1.2886385e+00	-7.9008216e-01	-6.1767250e-01	-1.3607299e-01	-3.8973849e-02	-1.9116182e-02	-8.0943488e-02	2.2059727e-01	-2.3597513e-01	1.0931900e-01	6.3622519e-02	-2.2296546e-01	2.0091866e-01	1.5628366e-01	1.5697215e-01	-2.6549670e-01	-2.1102838e-01	2.0724168e-01	6.6807199e-01	-7.7037759e-02	3.8212396e-02	6.4792712e-03	-1.6749759e-01	-1.7194667e-01	-2.4361339e-01	1.4979352e-01	-1.7528808e-01	-2.1263307e-01	-6.2076449e-02	5.9210628e-02	1.3801593e-01	-1.7352457e-01	1.0171905e-01	1.0133259e-01	9.1788426e-02	1.0254638e-01	2.9075980e-01	-2.4004152e-01	2.3826259e-01	-1.8542066e-01	-2.6221126e-01	6.7017928e-02	2.4066192e-01	2.6155165e-01	-2.2953536e-01	-3.7330922e-02	4.2803428e-01	9.5737356e-01	9.1421425e-01	5.3181384e-02	-3.1849140e-01	-8.2024181e-01	-4.4217363e-01	2.3872849e-01	3.0596212e-02	1.8521616e-01	1.2284410e-01	-9.4319150e-02	-1.3960385e-01	1.8213396e-01	-2.2313623e-01	-3.0897075e-01	2.9960865e-01	2.7286041e-01	2.3095417e-01	3.8999442e-02	-7.3605262e-02	-2.2684635e-01	1.2852921e-01	3.8912099e-02
1.2796229e-01	4.9942870e-02	1.3175002e-01	-1.8357212e-02	3.1912032e-01	5.4698844e-02	2.1158767e-01	2.1755275e-01	-1.6145608e-01	6.8655007e-02	-1.2474163e-01	-2.5572452e-01	-2.2636168e-01	-3.0532727e-01	-1.5959996e-01	-1.6923285e-01	6.7145474e-02	2.1913050e-01	-6.7072483e-03	2.0041271e-01	6.6437110e-02	5.0216335e-01	-1.8394798e-02	-2.1912387e-01	1.3269883e-01	-1.6867742e-01	-3.0433020e-01	-4.3076050e-01	3.0165845e-01	-2.1264377e-01	1.8642744e-02	-6.4014313e-03	-1.3093024e-01	-4.5954376e-02	-1.8847492e-01	2.3218387e-01	7.9420224e-02	-1.6616139e-01	-2.1471751e-01	-1.4277041e-01	-1.2670591e-01	2.4381885e-01	2.3942113e-02	-1.4379428e-01	-1.6664690e-01	5.0287731e-02	-5.0700758e-02	-1.1044078e-01	-2.9934618e-01	-2.8475640e-02	-2.9260966e-01	-2.9594553e-01	-2.3448431e-01	1.0734307e-01	-2.1494067e-01	-1.6672800e-01	-3.0222741e-01	2.3395482e-01	-2.9575434e-01	-2.1791424e-01	-2.8311312e-01	2.3141265e-01	-8.7268725e-02	1.0002894e-01	7.8998342e-02	1.9116215e-01	2.2343017e-01	2.0770043e-01	-2.1506119e-01	1.7841984e-01	3.1752579e-02	2.5266871e-01	-4.4715222e-02	-1.3818167e-01	-5.9627108e-02	2.5759891e-01	8.9070946e-02	4.0455654e-02	4.8640180e-02	1.4036399e-01	1.1222108e-01	-2.1966107e-01	5.0017577e-01	-6.9653124e-02	-7.1628809e-02	-5.7160519e-02	-4.7644988e-02	-2.6622576e-01	-1.6194749e-01	1.6948316e-01	-1.2899996e-01	-1.1240511e-01	-1.4995080e-01	-3.4409702e-01	4.6538096e-02	-1.7242697e-03	-2.8212261e-01	2.8767470e-01	-2.3780178e-01	-3.0434281e-02	1.7321163e-01	9.2943557e-02	-1.3476454e-01	-7.9252824e-02	3.0978850e-01	2.2253084e-01	-4.8925716e-02	4.7344256e-02	-1.0424520e-01	1.6911381e-01	-3.1023657e-01	-9.3772270e-02	-1.3756134e-01	-4.2059720e-02	-2.3446685e-01	-3.9534390e-01	-5.1504362e-01	2.4990770e-01	-3.2905642e-02	1.7126885e-01	3.1966862e-01	8.0004886e-02	1.0907070e-01	-1.9672863e-01	-1.4373221e-01	-9.6795417e-02	-3.0009800e-01	-8.9454636e-02	2.7656212e-02	-6.9487050e-02	-2.0324305e-02	3.4321725e-04	1.4248687e-01	-4.4336475e-02	7.5239420e-02	2.9040536e-01	9.7567476e-02	2.8893664e-01	-1.5948190e-01	2.6377300e-02	-2.9545540e-01	-1.9260867e-01	-3.1803850e-02	1.2239676e-01	1.0790504e-01	-5.7409685e-02	-1.7550434e-01	-9.9281758e-02	-1.7884071e-01	-1.9066557e-02	-1.3795340e-01	1.6607523e-01	-9.0038784e-02	-1.8733345e-01	-1.0154530e-01	-7.1708530e-02	1.8063962e-01	-1.8349563e-01	-1.9909474e-01	-6.5765209e-02	5.0016582e-02	2.1136746e-01	9.5513403e-02	-2.7288091e-01	-2.6765198e-01	3.1552345e-02	2.5313661e-01	1.6548356e-01	2.7269217e-01	-2.6274890e-01	2.1005884e-01	-1.2408417e-01	-2.0217937e-01	-2.4755333e-01	-2.7393031e-01	-1.4196536e-01	5.9733748e-02	-1.8789747e-01	-1.0418870e-01	-2.9392362e-01	1.6654417e-01	2.1973863e-01	-8.5758865e-03	8.4132463e-02	1.2411031e-01	2.2981504e-01	-2.3916076e-01	-1.4991350e-01	-1.8863982e-01	-2.0623791e-01	-1.7083208e-01	-3.0420974e-01	-1.2325597e-01	-1.4094803e-01	-1.7458767e-01	1.4167446e-01	1.7559806e-01	1.9550712e-01	1.8868291e-01	6.3171983e-02	8.7836497e-03	-6.4077914e-02	-1.3248964e-03	2.4049294e-01	-2.0607743e-01	-6.2409323e-02	3.1035110e-01	3.3685789e-01	-2.9482928e-01	-3.1669661e-02	-8.5444134e-03	-9.4124369e-02	-4.0246740e-01	9.2824183e-02	2.2314212e-01	-7.0794478e-02	-3.0239195e-01	1.2703355e-01	8.4308036e-02	-1.6396286e-01	1.7321211e-01	6.9138738e-03	-2.1002506e-01	-7.8726448e-02	1.4123190e-02	-2.3963667e-01	1.6263755e-01	2.4262057e-01	-8.9892425e-02	-2.5730422e-01	3.8289063e-02	-1.1207816e-01	-1.2154887e-02	-7.2862580e-02	4.1585319e-02	-9.5015205e-02	-7.7731937e-02	-2.7454928e-01	-1.8458796e-01	2.1987851e-01	-2.9160407e-01	-1.7351717e-02	-1.8806615e-01	-3.3008131e-01	-2.7322690e-03	-1.5424895e-01	8.7316245e-02	9.8981857e-02	-3.6416355e-01	-1.9302318e-01	-6.8334796e-02	5.1392388e-02	1.4185885e-01	8.1587754e-02	-1.0426185e-01	2.2467762e-01	-2.9895192e-01	4.8407316e-03	2.4734828e-01	-8.9739554e-02	-1.3525271e-01	-2.3308854e-01	-4.2011417e-03	4.8691839e-02	1.2751363e-01	7.1122050e-03	1.3178891e-01	-3.1926957e-01	-8.3416164e-02	2.4176945e-01	-1.9011545e-01	1.7706820e-01	5.3955972e-02	2.3903984e-01	9.4696254e-02	-2.0276549e-01	-2.6525739e-01	1.7914683e-01	1.0694015e-01	-1.0325277e-01	-3.2485384e-01	-2.2267978e-01	5.1916629e-02	1.2138893e-01	1.3221067e-01	1.6778931e-01	-7.0723161e-02	-5.0876737e-02	-4.7361564e-02	-2.8315404e-01	-2.3254293e-01	1.5399550e-01	-1.2444537e-01	2.0066424e-01	-4.1479506e-02	-6.8781137e-02	-8.8306367e-02	-5.9017561e-02	-2.4960862e-01	-1.2020279e-01	1.8904264e-01	-2.3045151e-01	2.0487487e-01	9.3406990e-02	3.7663385e-01	-1.3952470e-01	-5.5544585e-01	1.3092540e-01	-5.1267290e-01	2.3766105e-01	1.5731184e-01	-1.1740698e-01	2.1316662e-01	-7.7207267e-02	2.8908765e-01	3.0643705e-01	1.7800824e-01	-1.2278860e-01	1.2788974e-01	-3.7759045e-01	-2.2865342e-02	-9.2883371e-02	-2.2938535e-01	-1.9655369e-01	1.4157888e-01	-8.0224395e-02	1.3501349e-01	1.2486535e-01	2.1085677e-01	-2.6672444e-01	2.0321432e-01	1.7363712e-01	1.6862227e-01	-1.8483870e-01	2.3469286e-02	-3.5147220e-01	1.9169217e-01	1.0892414e-01	-1.0145359e-01	4.9086779e-02	1.2341687e-01	3.8920447e-02	2.6756749e-01	2.2945437e-01	-3.7273966e-02	-1.4994314e-01	-7.3910989e-02	-6.6088349e-02	-1.4469002e-01	-5.4121628e-02	1.4722043e-01	-1.3776420e-01	2.1030992e-01	-3.4973525e-02	-1.8710776e-01	-1.5897052e-02	-2.8370303e-01	1.4399383e-02	-2.5982386e-01	-5.9592336e-02	4.3806039e-02	2.7397472e-01	1.9627997e-01	1.5505889e-01	3.5071024e-01	-2.3152021e-01	2.7809131e-01	1.4799608e-01	1.7530844e-01	1.1689443e-02	-9.8743089e-02	-1.5748094e-01	-2.7244708e-01	3.6246684e-01	-2.2833383e-01	1.6305366e-01	-2.3865603e-01	2.2105150e-01	-1.3013975e-01	1.4818925e-01	-1.2973969e-02	3.4093785e-01	6.1742928e-02	-3.5487553e-01	-2.9322225e-01	2.2111852e-01	-4.2306715e-01	-3.5907412e-01	-3.1836239e-01	-2.3237205e-01	-5.4472785e-02	-1.3141841e-02	2.7184615e-01	-3.0258662e-01	8.0545709e-02	-3.5140854e-01	-1.3631019e-01	5.9405737e-02	1.4770378e-01	1.6962354e-01	2.5603253e-01	1.5282257e-01	3.2156732e-02	-2.6504472e-01	3.1362876e-02	2.7938417e-01	-2.0797642e-01	-2.6400897e-01	1.5204743e-01	-1.1172800e-01	1.3349944e-01	2.7009869e-01	2.4101323e-01	-9.8662814e-03	-1.7076197e-01	1.7204700e-01	-1.3486779e-01	2.4505764e-02	-3.0863866e-02	-2.8185213e-01	-2.2089297e-01	9.4081191e-03	1.3103509e-01	-1.2144062e-01	2.3881637e-01	-2.0891850e-01	2.5242117e-01	1.5868315e-01	1.4582771e-01	3.3183884e-02	-5.7634123e-02	-2.3853490e-01	8.1466794e-02	1.0138042e-01	-2.8644723e-01	-2.7594346e-01	1.3698222e-01	-1.6043651e-01	3.8272768e-02	-2.2400600e-01	2.6745083e-02	1.7908581e-01	-2.1346122e-01	-1.9895372e-01	1.9040695e-01	4.2341575e-02	-1.1771412e-01	6.0548652e-02	-1.7405650e-01	-7.0266910e-02	-4.9682509e-02	1.6270797e-01	-1.9014704e-01	1.5519322e-01	2.4814200e-01	8.7854773e-02	-2.4503236e-01	-2.2888213e-01	1.8984519e-01	2.5852051e-01	-3.3164859e-01	3.4628156e-01	1.2439865e-01	3.4138614e-01	-1.7809179e-01	-3.3406475e-01	1.4554176e-01	9.6642837e-02	2.4222025e-01	-1.2177401e-01	3.0096066e-01	-5.0308943e-02	-3.3392084e-01	-9.8995402e-02	2.5569093e-01	2.7462015e-01	5.8849834e-02	-1.1103285e-01	1.4777866e-01	7.1022756e-02	5.7678893e-02	-6.1261185e-02	2.4308930e-01	-1.4447322e-01	-1.1586268e-01	-1.3194813e-01	1.5599467e-01	6.4360142e-02	-2.9091945e-01	2.7465189e-01	-3.0294448e-01	-7.6502085e-02	1.4454797e-01	-1.8517140e-01	9.0845838e-02	2.1778405e-01	6.3033916e-02	-3.7775838e-01	-6.4107716e-02	7.4309446e-02	1.7078598e-01	-2.3889443e-01	-8.3728716e-02	-6.7631230e-02	2.9672074e-01	1.6021062e-01	-2.0994283e-01	-1.8840477e-01	-2.3634391e-01	3.6046028e-01	7.3854603e-02	-2.7491516e-01	-1.9689973e-01	-1.4817059e-02	1.7043568e-01	-6.2724538e-02	-1.5678591e-01	-1.6588123e-01	-1.3205528e-02	-2.8166223e-01	2.4711664e-01	3.7802354e-02	-1.9822136e-01	3.7930127e-02	-1.7532904e-01	-2.9189857e-02	3.7467408e-01	-2.4251748e-02	1.9917734e-02	-1.9787540e-01	-1.9807583e-01	2.8943196e-02	1.5418112e-01	3.2851547e-01	2.9619226e-01	-1.1804748e-01	-3.1018749e-01	-1.2880614e-01	-1.0654619e-01	9.3323123e-03	-1.2343676e-01	1.6237451e-01	2.6536283e-01	-3.9199289e-02	-1.5673037e-01	2.6453015e-01	4.4285265e-01	1.9942008e-01	2.6599884e-01	-1.8230687e-01	-2.3654737e-01	-8.9118987e-02	-7.0183337e-02	1.7456868e-01	-8.8733397e-02	1.5825647e-01	-2.1668239e-01	1.3534568e-01	2.9393762e-01	3.0929902e-01	1.5147795e-02	-5.8668065e-01	2.5835237e-01	-3.6160223e-02	-2.1176608e-01	-3.7312314e-01	-1.8210113e-02	-4.7974020e-02	-9.6508704e-02	-7.4885033e-02	-1.3632175e-01	-4.9148705e-02	-1.8900202e-01	-4.4299731e-01	5.1811282e-02	-9.7103134e-02	1.9278547e-02	-2.7711299e-01	-3.4235176e-01	1.7379388e-01	1.3291699e-01	-3.1981915e-01	-1.2943220e-01	6.5583795e-02	1.0194267e-01	2.3288809e-01	-2.5661603e-01	-1.1477635e-01	-1.1510283e-01	9.0287201e-02	-7.9883583e-02	-7.0886105e-02	2.4947539e-02	-4.3511663e-02	2.5091656e-02	1.6429044e-02	2.3913874e-01	-1.6715052e-02	-2.0480964e-01	-6.0437545e-02	1.9185334e-01	3.0264670e-01	-4.9027704e-02	1.9250020e-02	-1.6949196e-01	-7.5198822e-02	-1.7621362e-01	-2.0543690e-01	-2.5652447e-01	8.0284767e-02	-2.7307841e-01	2.3569648e-01	-1.9749904e-01	1.4833696e-02	-8.2809366e-02	-1.9544654e-01	-1.2584677e-01	4.6656288e-02	-1.8632770e-01	-2.6058993e-01	1.9663323e-01	3.0889103e-01	1.3043846e-01	-9.8728061e-02	-1.7056799e-01	-2.7781159e-01	2.8989857e-02	6.9349137e-04	-1.9925928e-01	1.6537569e-01	-2.1072021e-01	3.5242289e-02	-9.6687591e-03	-2.5573960e-01	6.0574789e-02	2.4296343e-01	-7.4731246e-02	-1.3010131e-01	-1.5142569e-01	-2.1929078e-01	-1.8334374e-02	1.2656100e-01	-1.0451088e-01	-1.2063006e-01	-6.2814601e-02	5.0710957e-02	1.3204403e-01	-2.6793820e-01	2.6612413e-01	-2.9490131e-01	2.1890445e-01	3.1050101e-01	-1.1867779e-01	-2.1104504e-01	-6.7991436e-01	1.0106403e-01	7.5470641e-02	7.0100636e-03	2.7560240e-01	-3.9844301e-02	2.2073671e-01	-2.7618665e-01	1.0209608e-01	2.7966306e-01	-2.8859329e-01	-2.9427364e-01	1.8282770e-01	-2.2487843e-01	-2.1156797e-01	-1.1469826e-01	-2.9002094e-01	1.9214796e-01	-2.5747335e-01	-1.4777103e-02	-2.5482985e-01	3.4770885e-01	-1.6380665e-01	-3.3953297e-01	2.8175896e-01	2.0008686e-01	2.1672191e-01	1.9824529e-02	-2.1591543e-01	-1.4639930e-01	-2.9083377e-01	1.3929978e-01	9.0053491e-02	-9.3658753e-02	-3.7418082e-02	2.7484813e-01	2.1605100e-01	3.3644909e-01	2.9347965e-01	-1.8294536e-01	4.7196716e-04	-1.6374074e-01	1.5238184e-01	-7.5753435e-02	-1.1906690e-02	1.4185096e-01	1.4654297e-01	2.2627816e-01	-2.8581205e-01	1.9962715e-01	-7.7413008e-02	2.0196913e-01	6.9123708e-02	4.6139336e-03	1.5591624e-01	-2.8795752e-01	-3.3707434e-01	1.2462154e-01	9.2062332e-02	2.3384991e-01	-2.8731799e-01	-8.8729285e-02	-8.6372038e-03	1.9175020e-01	2.1879408e-01	1.6150725e-01	-1.8098971e-01	-5.0268941e-02	1.3847880e-01	7.1609408e-02	-4.7086364e-01	1.0607110e-01	-2.0924266e-01	-3.0429924e-01	-1.9956467e-01	4.9939994e-02	8.5935481e-02	2.2305898e-01	9.3252053e-03	1.8340768e-01	1.2826665e-01	2.7226046e-01	5.5200391e-02	-2.9075050e-01	1.4871129e-01	9.7110055e-02	-1.3785543e-01	-4.2312345e-01	9.0462275e-02	6.7068547e-02	8.0697723e-02	1.8692730e-01	1.0834249e-02	5.2582201e-02	-4.3139908e-02	1.4471239e-01	3.1091103e-01	1.7411083e-01	1.0726883e-01	-7.1015775e-02	2.1362753e-01	-5.3000517e-02	-7.3546313e-02	-2.5123489e-01	-2.8299680e-03	-1.9180655e-02	-2.4924895e-01	2.1345487e-01	2.7343605e-02	-4.5133403e-01	-4.8341036e-02	-3.9889649e-01	2.9338881e-01	1.5499154e-01	3.4745906e-02	-1.3759016e-01	3.5993242e-01	-1.3335896e-01	-7.7056199e-02	-5.6143444e-02	2.9769579e-01	-2.4024576e-01	-1.5512821e-01	-2.4259186e-01	2.5475177e-01	-4.8793979e-02	5.3750388e-02	4.3866722e-04	3.1685191e-01	-1.3537812e-01	-7.3335178e-02	-2.9903415e-01	1.8758531e-01	-5.4464132e-02	3.0951437e-02	3.1660385e-02	-1.7770976e-01	-1.2338944e-01	1.0845624e-01	3.8714983e-02	-1.5709598e-01	-2.7230999e-02	1.3799377e-01	-2.3073296e-01	4.8071887e-02	3.5329494e-01	-3.6065646e-02	-1.1462840e-01	-1.2724695e-01	7.9533393e-03	3.3755545e-02	2.5159025e-01	-4.2281350e-01	-2.1454930e-02	-1.1017042e-01	-2.1949494e-01	7.1859948e-02	2.4293365e-01	-1.4352956e-01	-3.1779742e-01	1.3547987e-01	3.2409680e-01	2.2156414e-01	-9.6840642e-02	-2.0454428e-01	-1.8660142e-01	-8.0848211e-01	1.7962812e-01	-2.1884495e-01	-2.9641336e-01	-5.1164322e-02	-1.2322100e-01	2.2432555e-01	1.9824795e-01	1.2592031e-01	1.8487367e-01	1.6699652e-01	-3.9471504e-01	-5.5797882e-02	-1.7947929e-01	-2.7514009e-02	-2.7392727e-01	-2.0051903e-01	-1.5060361e-01	2.7843621e-01	1.2378991e-01	2.6374659e-01	-8.9522511e-02	-2.4643445e-01	2.1478520e-01	-7.8113541e-02	5.6111328e-02	2.0969413e-01	2.2586679e-01	1.6387936e-01	3.0729856e-02	-1.3694887e-01	2.6770709e-02	-2.9031014e-01	-2.8428811e-01	9.8787365e-04	1.4328507e-01	-3.8104817e-01	2.6566663e-01	1.6999929e-01	-2.8903019e-01	-8.8291101e-02	-5.3489334e-03	-6.2614858e-02	-2.8736797e-01	-1.3111764e-01	-1.8616708e-01	4.2280057e-03	-6.9028102e-02	-1.6955897e-01	5.1587399e-02	1.7458457e-02	-2.0372748e-02	2.3686418e-01	-8.8591455e-03	2.1749461e-01	1.2201764e-01	-1.6022104e-01	-3.0998081e-01	-2.2475487e-01	2.2792974e-01	2.9277584e-01	2.7780515e-01	-2.8949589e-01	-1.0174993e-01	-3.6613926e-01	2.5868028e-01	1.2412827e-01	-2.2697216e-01	7.8838974e-02	1.4249073e-01	1.7963225e-01	-2.2948440e-02	2.8843799e-01	2.4003454e-01	-1.3364342e-01	7.3457472e-02	4.8923384e-02	2.8317410e-02	-2.0910059e-01	9.5811181e-02	-1.9848913e-01	9.5291868e-02	9.4153568e-02	-1.5311465e-01	3.2777759e-01	-2.7193901e-01	5.3802371e-02	-1.5621579e-01	2.6152670e-01	-4.6060121e-01	1.3238972e-01	1.4840710e-01	5.4278362e-01	1.4611550e-01	3.2096144e-02	-2.1693030e-01	-4.5610228e-01	2.3864116e-01	-1.1636208e-02	1.2332550e-01	3.2088853e-02	3.1491131e-01	2.8832883e-03	1.3594688e-01	-2.1883777e-01	1.4807318e-01	6.6172183e-02	-6.7397468e-02	-2.1999069e-01	-2.5231838e-03	-2.2457211e-01	-2.2625010e-01	5.1192295e-02	-1.5555052e-01	-2.7745634e-01	1.7686084e-01	-1.5110491e-01	2.9776207e-01	1.5142351e-02	1.5797356e-01	-1.4232923e-01	-2.0407897e-01	-1.5746026e-01	6.3378617e-02	-1.9304132e-01	1.3722320e-01	-6.6235155e-02	1.8149550e-01	-2.2114694e-02	-5.0684944e-02	2.6477852e-01	-2.5152010e-01	-2.1485811e-01	5.7383057e-02	1.2417557e-01	-1.5967636e-01	1.9239372e-01	-1.3767906e-01	-2.6328450e-01	-2.1677296e-01	-1.2485146e-01	1.2477979e-01	-9.5809013e-02	-9.9951737e-03	2.1243149e-01	-2.4230173e-01	3.5177612e-01	-1.2875840e-01	-2.1489356e-01	1.8881382e-01	1.6818181e-01	8.3031960e-02	6.0913209e-02	2.6961836e-01	-3.7945077e-01	9.0713441e-02	1.0925828e-01	4.7035985e-02	1.2399403e-01	7.6154806e-02	-5.4701198e-02	6.2782720e-02	6.4850748e-03	2.2149250e-01	-3.2545444e-01	-2.5935767e-02	-2.0076893e-01	3.7404612e-01	3.5477117e-02	5.1855136e-02	1.6115656e-01	1.6788006e-01	-2.2756402e-01	-1.4434631e-01	1.3418202e-01	2.0924978e-01	1.7001760e-01	2.0276307e-01	8.1312597e-02	-2.6241499e-01	3.1085655e-01	-4.4401392e-02	-2.5518203e-01	-1.4844467e-02	-8.4558003e-02	8.5723303e-02	-1.5867107e-01	-4.2085677e-02	3.5907485e-02	9.8896781e-03	3.9369726e-01	6.7908973e-03	1.9513522e-01	-2.3150410e-01	1.1733667e-01	-7.5517595e-03	2.3670813e-01	-2.0069867e-01	-7.5444050e-02	-1.4910430e-01	2.6926088e-01	1.1421579e-01	1.4133017e-01	2.8060013e-01
-1.6121562e-01	-2.7104142e-01	2.5760692e-01	2.2821981e-01	1.8020794e-02	-2.4565591e-01	1.2065007e-01	-1.5656352e-01	-1.0938352e-01	-1.9200501e-01	2.9640600e-01	-1.4513046e-01	3.5844058e-02	1.7682889e-01	3.3090311e-01	6.3503966e-02	-1.0652770e-01	-3.3443221e-01	2.5390336e-01	2.2878467e-01	-7.5346097e-02	2.6782396e-01	1.3432412e-01	-2.8124225e-01	1.1750228e-01	-5.4631114e-02	-6.4245947e-02	9.8829821e-02	-3.3686510e-01	-2.7805454e-01	1.2923868e-01	-2.0029211e-01	1.8885417e-01	2.7243271e-01	7.8415021e-02	-8.0937393e-02	2.2109732e-01	1.2524098e-02	2.7468663e-01	2.5689900e-02	-8.3411530e-02	-2.5056940e-01	5.5356890e-02	-1.3399686e-01	2.0650566e-01	-2.8871807e-01	-4.7891591e-02	-1.6620189e-01	-6.1225433e-02	-2.1872516e-01	-1.0507265e-01	1.0201180e-01	2.8852788e-01	3.5034630e-02	1.6019171e-01	-3.1006840e-01	-8.6969942e-02	1.1028962e-01	1.3194962e-01	-1.7914599e-01	-3.4601370e-01	-1.5649404e-01	-1.9113220e-01	-1.6764390e-01	-2.8745690e-01	2.8974980e-01	-2.4406068e-01	1.9975810e-01	2.6161990e-01	1.7415375e-02	-2.0202069e-01	1.1104244e-01	-4.2318076e-02	-9.6986987e-02	-1.7646684e-01	2.4635720e-01	1.0605928e-01	2.5351229e-01	-2.4850273e-01	1.4073040e-01	-2.8062332e-01	-3.0195901e-01	1.7707515e-01	-2.9467764e-01	2.1488366e-01	2.0614924e-01	-1.0871387e-01	-7.6789893e-02	-1.5598032e-01	4.7553189e-02	-1.1286943e-01	-8.7845363e-02	-1.9303234e-01	3.5224915e-02	2.0076236e-01	-2.1327379e-01	4.3789603e-02	1.2010733e-02	-2.4299492e-01	1.6078387e-01	2.8649071e-01	7.6921850e-02	-7.5070485e-02	2.0642622e-01	1.9443557e-01	3.9263431e-02	-2.3510333e-02	-5.7268724e-02	3.3014518e-04	1.2624004e-01	6.3161828e-02	-2.2338262e-01	-1.5642057e-01	8.7254018e-02	3.1028569e-01	2.3714456e-01	-2.7747077e-01	1.8046336e-01	1.9474338e-01	2.0479722e-01	-2.0316313e-01	5.2540815e-01	1.0219850e-01	1.6308054e-01	1.6303831e-01	-8.2062304e-02	-2.3005867e-02	4.0241539e-02	2.0444061e-01	1.7098755e-02	-2.7992386e-01	-3.1478566e-01	1.0235652e-01	3.1656504e-02	-3.2302991e-01	-2.4865451e-01	7.3295669e-03	1.7303750e-01	1.4254133e-01	2.0184138e-01	7.2355717e-02	-1.9681716e-01	-3.4258597e-02	-4.3205830e-01	-6.6357240e-02	-1.2437651e-01	-1.6480587e-02	9.5917903e-02	-2.6375329e-01	-3.0009785e-01	2.5190553e-01	-2.5148746e-01	-1.7650712e-01	1.2437104e-01	-2.6439166e-02	1.4511914e-03	1.5641558e-01	-2.4257071e-01	4.3552946e-02	7.5246155e-02	-6.1884645e-02	1.1397557e-01	-2.3821817e-01	2.1020804e-01	1.8046336e-01	2.6219359e-01	2.1354687e-01	-1.6586997e-01	1.8965313e-01	1.8346015e-01	2.7412206e-01	1.8515529e-01	2.4878475e-01	2.0129012e-02	-2.2311872e-01	-5.5811405e-02	-3.1560829e-01	4.2072377e-01	-2.2297247e-01	4.9372848e-02	1.5416160e-01	-1.3441999e-01	6.0838807e-02	3.0526546e-01	1.0731238e-01	5.6984704e-02	1.7704920e-01	-1.7940651e-01	1.8260092e-01	-1.0742419e-01	2.2156427e-02	1.3998637e-01	-4.2442057e-02	1.5285611e-04	2.4415782e-01	-2.0311816e-01	9.7787082e-02	-6.5473333e-02	-1.5607277e-01	9.4788589e-02	2.5987694e-01	1.2487561e-01	1.7177877e-01	2.0253339e-01	-2.9385421e-01	-2.9546818e-02	1.3315600e-01	-9.5840253e-02	2.7125412e-01	1.1614382e-01	-3.0361950e-01	3.3806017e-01	1.1071117e-01	-1.1519792e-01	-3.2843700e-01	-1.1974529e-01	-9.2191286e-02	-1.7121752e-01	-2.9416723e-02	-2.7845597e-01	-1.1733734e-01	-3.4414977e-02	5.7553791e-02	3.3492438e-02	-2.3097622e-01	2.2243294e-01	1.2481197e-01	-2.4673127e-01	-1.5396628e-01	8.0996752e-02	-1.1306010e-01	1.4649704e-01	-8.1316710e-02	-3.4252189e-02	-6.9368385e-02	-8.8363081e-02	-9.8100811e-02	-1.0017497e-01	-4.5750458e-02	1.2375507e-01	1.3891278e-01	-1.6579622e-02	-1.4161676e-01	2.8449577e-01	-1.9231158e-01	9.8781228e-02	-4.6456389e-02	-7.9988666e-02	-2.0810285e-01	2.1746089e-01	8.5706033e-02	-1.9688952e-01	-2.0813702e-01	-3.0610383e-01	2.0087363e-01	2.7582356e-01	-1.6619129e-01	-1.1877982e-01	-8.0207922e-02	4.7822438e-02	2.4308541e-01	1.8814474e-02	-9.0160936e-02	1.2760288e-01	-4.0583879e-02	-1.8859005e-01	-7.9522736e-02	-2.7444103e-01	5.5907886e-02	2.1014947e-01	2.0187299e-01	-3.8231961e-02	-1.8375944e-02	-2.5740376e-01	-2.2940028e-01	5.9261393e-02	-4.2717695e-02	1.1386035e-01	-2.1353981e-01	-2.0894131e-01	1.8766101e-01	-1.3501395e-01	2.9137775e-01	-3.1653938e-01	-7.3042661e-02	-1.6705774e-01	1.2452485e-01	-3.3078793e-01	-8.7393157e-02	1.2937005e-01	-1.8780422e-01	1.9985670e-01	-8.7001793e-02	-3.2061338e-04	3.8186116e-03	2.5241345e-01	-1.7132781e-01	1.3625670e-02	-1.5821822e-01	2.8205987e-02	3.1882882e-02	-1.6761635e-01	-2.1165324e-02	-6.1435781e-02	1.4874291e-01	-1.2194257e-01	7.9606093e-02	2.4398237e-01	8.5457958e-02	-5.3162124e-02	1.6645074e-01	1.2009759e-01	-8.4535383e-02	5.8505839e-01	-2.1639839e-01	1.4734599e-01	3.1197473e-02	-9.1217801e-02	1.3658774e-01	1.8607970e-01	-2.4380405e-01	-2.2242840e-01	7.8062281e-02	2.9664344e-01	-1.6330253e-01	2.5388429e-01	1.4046285e-02	-1.2796780e-01	2.4787536e-01	1.7928590e-01	1.3654383e-01	2.9393253e-01	2.5816080e-01	2.4151975e-01	-4.0151650e-01	7.8450590e-02	-7.9167627e-02	-3.2271278e-01	-1.6576734e-01	-1.9042850e-01	3.3521120e-02	-3.4792489e-01	2.2028200e-01	-6.2944911e-02	-4.4315025e-01	3.6831632e-01	3.2624578e-01	-1.9716175e-02	1.0789910e-01	-8.9477181e-02	-3.6053351e-01	-1.0075220e-01	-4.1133538e-01	-1.4883927e-01	2.8227928e-01	-1.2680976e-01	-1.9909006e-01	-3.9680719e-02	1.9460948e-01	1.4968389e-01	-2.3935512e-01	-1.7192174e-01	2.2980361e-01	-1.3281409e-01	1.7483783e-01	-1.1903717e-01	8.2696810e-02	2.1108791e-01	2.1390215e-01	3.9049691e-01	7.7855200e-02	-7.0028819e-02	3.9711708e-01	-2.9733464e-01	2.5630522e-01	3.8231939e-01	3.5079071e-01	3.5701489e-01	1.1939561e-01	-1.5500101e-01	-1.8036339e-01	-2.1618091e-01	-1.2906195e-01	5.9607405e-02	-6.5486282e-02	4.9886201e-02	7.3679090e-02	-1.4986601e-01	-1.5495969e-01	-1.4662395e-01	-2.2801934e-01	-2.0301460e-01	-2.5320250e-01	2.2166057e-01	-1.0181831e-01	3.0841786e-01	-6.8502598e-02	-7.7532880e-02	-3.5685983e-01	-3.1296429e-01	7.1898803e-02	-2.6296401e-01	1.0546614e-01	-2.3926057e-01	-4.0760401e-01	-8.8690240e-03	1.2057786e-01	1.9399169e-01	-1.8872929e-01	-5.1976431e-02	-7.1569808e-02	-1.2500054e-01	3.3350283e-01	-6.2605210e-02	1.5128575e-01	-3.6088377e-01	5.1338661e-01	-3.5446584e-02	-3.9872034e-03	2.0492834e-01	-1.9355306e-01	-1.1923279e-01	1.9077246e-01	2.6441440e-01	-1.1885777e-01	-5.2507608e-03	4.7360413e-02	1.2552299e-01	-3.0117137e-02	1.5002133e-01	-5.7007495e-02	2.5896335e-01	-1.3060571e-01	-1.8627967e-03	2.5318968e-01	1.8131125e-01	1.2572260e-01	-1.2842298e-01	-1.9751666e-01	1.1427484e-01	1.5879041e-01	-3.5911437e-02	4.7241505e-02	-2.8886926e-01	2.2646588e-01	-9.1361493e-02	3.6158109e-01	-2.3862374e-01	-2.5196218e-01	1.7060673e-01	1.1447477e-01	7.5144977e-03	9.5146209e-02	-2.9305118e-01	-9.4089210e-02	-2.4830976e-01	-1.2009551e-01	-2.6585135e-01	-1.6452909e-01	3.3404973e-01	-1.3627519e-01	-2.5451738e-01	9.9792846e-02	1.8839413e-01	-4.3770637e-02	3.0674028e-01	-1.9795063e-01	2.4343613e-01	-1.0090906e-01	-1.5057339e-01	-1.5780322e-01	1.3167083e-01	1.7737573e-01	-1.0959395e-01	-2.9782990e-01	-1.7053437e-01	-2.7919182e-01	1.9405216e-02	1.1843363e-01	-3.1767729e-01	-4.1413172e-03	2.5471321e-01	3.3878606e-02	-1.9783825e-01	2.0954767e-01	2.6569337e-02	-7.9591550e-02	1.2258396e-01	-2.6616842e-02	-2.1818557e-01	-2.9614332e-01	-3.3292443e-02	9.4801575e-02	-2.3786983e-01	5.0142795e-02	5.3582728e-02	-5.1737487e-02	-2.0637931e-01	-1.3995753e-01	-1.2638260e-01	2.5283644e-01	-8.9097030e-02	-2.4509892e-01	-1.9543150e-01	2.1114863e-01	-3.0250168e-01	-2.6181865e-01	2.4009380e-01	-1.9912204e-01	1.8308297e-01	-1.7164612e-01	-2.4424660e-01	-1.8284409e-01	-3.8867712e-02	-2.9764995e-01	1.7811622e-01	-4.9248248e-02	2.7672806e-01	-2.6879790e-01	-1.0854135e-01	-1.7867731e-01	-2.1887172e-02	1.9861922e-01	-2.4765693e-01	1.5862270e-04	1.4167035e-01	-6.0323577e-02	-2.1240419e-01	-2.7600754e-02	-1.5914249e-01	-1.8431765e-01	1.0846257e-01	-2.9905152e-01	2.2707948e-01	-3.0839407e-01	-3.0372551e-01	-1.5515924e-01	-7.1399391e-02	-3.9331868e-02	4.4891585e-02	-9.3969107e-02	-1.5836017e-01	2.1450941e-01	-3.4511074e-01	-3.8456850e-02	-3.5021234e-02	-1.0637306e-02	-2.5955772e-01	1.7404076e-01	1.7779019e-01	2.9921437e-02	-2.8364408e-01	9.6008778e-02	-1.0611845e-01	2.6524439e-01	-3.1875765e-01	4.3715004e-02	-1.6855429e-01	-2.4203662e-02	-2.2908472e-01	6.0309157e-02	-1.3776256e-01	2.6681471e-01	-2.7479041e-01	3.4366298e-01	-1.5532278e-02	-2.3560163e-01	-2.1888556e-01	-8.0278330e-02	-1.8319374e-01	1.8503624e-01	1.9177018e-01	-4.0418599e-02	-1.8623394e-01	2.6148221e-01	-7.8069881e-02	-3.5134324e-01	1.5869301e-02	1.9699445e-01	-6.5154888e-02	1.9158489e-01	-3.1295896e-02	-3.1866264e-01	-2.2754967e-02	-4.4521540e-02	-2.0898992e-01	-1.4334585e-01	-2.7819559e-01	2.8125703e-01	-7.5364895e-02	-2.2423536e-01	-1.2618758e-02	2.3704663e-01	-2.7609006e-01	9.1990061e-02	1.2534003e-01	1.3346270e-01	1.6948447e-01	-1.1823522e-01	3.2037567e-02	-2.1506166e-01	-3.0251750e-01	-2.4218684e-01	-1.2286218e-01	2.5948507e-01	7.6154172e-02	-2.5035137e-01	-3.1095818e-01	6.9430903e-02	-1.0867634e-01	-3.8828421e-01	-1.8752627e-01	2.3514244e-01	3.3320785e-02	-2.3549670e-01	6.1330035e-02	2.6430443e-01	5.6386206e-02	2.2429478e-01	3.1103149e-01	2.8588426e-01	-2.9252794e-01	-3.4759140e-01	-1.3350457e-01	-4.8252651e-01	2.7927354e-01	-2.7560589e-01	3.0812022e-01	1.0563023e-01	-1.3120241e-01	-3.0817649e-01	-2.1643169e-01	-5.5947745e-01	3.9273933e-01	-3.5152469e-02	1.3379777e-02	5.1635116e-01	-1.8289754e-01	-8.4373906e-02	-3.3035991e-01	-3.9588660e-02	9.7873718e-02	-3.0990887e-01	2.9232714e-01	1.2176335e-03	2.3336110e-01	-2.3290791e-01	-1.9118112e-01	1.4203757e-01	5.4491684e-02	-8.7334052e-02	1.0248145e-02	-2.8410432e-01	2.9249543e-01	-9.7580813e-02	1.4418399e-01	-2.8953576e-01	-7.1955375e-02	-5.6309223e-02	5.6138095e-02	1.5230814e-01	-3.0226257e-01	-1.9071369e-02	-2.8001869e-01	1.5188065e-01	-1.1751422e-01	2.7963695e-01	-2.0501697e-01	1.0652724e-01	-2.5469264e-01	-2.4520987e-01	-2.0273264e-02	8.7254997e-03	-2.5941378e-01	6.2302530e-02	1.4267779e-02	-1.0549301e-01	2.1541926e-01	-1.1790727e-01	-9.3967922e-02	1.8657275e-01	-2.7281573e-01	-1.2310731e-01	6.9281958e-02	-1.0782678e-01	1.5448368e-01	-2.4528605e-01	-2.1186829e-01	1.1663765e-02	-5.7113606e-01	-7.9548836e-02	-2.0765732e-01	1.5442447e-01	3.5001975e-02	-1.5687760e-02	1.5215820e-01	2.9692650e-01	1.6207939e-01	2.8166100e-02	2.8306463e-01	1.6860212e-01	2.7848557e-01	-8.8182837e-02	1.8784721e-01	-4.2863515e-01	-2.4718995e-01	-3.1280166e-01	6.2871438e-01	-2.9551837e-01	1.1084971e-01	2.3823117e-01	1.3323607e-02	-1.1607718e-01	1.6292779e-01	-8.2817018e-02	3.8382623e-01	4.4438872e-01	-1.3569242e-01	-2.4694625e-01	-2.3554362e-01	-9.7579144e-02	2.5549853e-01	-2.4236819e-01	-1.7219616e-01	-3.6350867e-01	-4.4974965e-01	1.5812711e-01	1.6390330e-01	-3.2114029e-02	2.4518792e-01	1.4755967e-01	1.8838468e-01	3.5409716e-01	-2.9833147e-01	-4.2582941e-01	-2.4988875e-01	-2.7521601e-02	-2.0639589e-01	8.6593688e-02	1.4194475e-01	-1.7195074e-01	2.9713580e-01	-2.7298993e-01	-2.7734828e-01	2.6216838e-01	-1.7714915e-01	-1.5557837e-01	-1.4145795e-01	-4.9350042e-02	-1.4066729e-01	-8.6508632e-02	6.1207857e-02	3.6443137e-02	9.2046574e-02	-1.2830941e-01	-1.1031090e-01	-9.8502219e-02	1.5789945e-01	2.5998574e-01	4.0892321e-01	1.8784750e-01	-2.4465060e-01	-1.5312581e-02	-3.2189116e-01	-1.3357201e-01	-2.8413823e-01	-2.4280979e-01	-1.4748400e-01	-2.3356847e-01	4.6151996e-02	1.3921063e-01	1.8703200e-01	1.8408212e-01	1.3044333e-01	-2.6230067e-01	1.2396148e-01	3.5625547e-02	-1.5151981e-01	1.2949032e-01	6.1117806e-02	-1.4716636e-01	-2.7968946e-01	-2.7787262e-01	-2.6800218e-01	-1.0402584e-01	-4.2140651e-02	-2.5962076e-01	-9.4453067e-02	-2.6054865e-01	-2.1917012e-01	1.1267075e-01	-1.1805193e-01	3.8696729e-02	-2.8080243e-01	6.2340885e-02	-7.0611283e-02	-9.0346783e-02	2.1737924e-01	-1.1889842e-01	-9.2677891e-02	2.8465873e-01	-2.0215642e-01	2.5404012e-01	6.5990053e-02	8.6400017e-02	2.6957884e-01	-8.5796006e-02	-3.1058294e-01	2.8403324e-01	-9.2640430e-02	-7.8507841e-02	-1.2371136e-01	-1.1469210e-01	-2.5520900e-01	-6.3634776e-02	2.9328039e-01	-1.5634714e-01	1.6172439e-01	6.3458785e-02	-1.2975790e-01	2.4913101e-01	1.9975820e-01	2.9225576e-01	2.0545003e-01	3.2049483e-01	-8.8100314e-02	-2.9994193e-02	-1.6890636e-01	1.8285528e-01	2.7698857e-01	-5.0112430e-02	2.9943725e-01	-1.7830065e-02	-2.8086004e-01	-2.2459500e-01	-8.4039189e-02	-9.7468942e-02	1.2899214e-01	4.5942351e-02	1.1819080e-01	-1.7711598e-01	-2.7380452e-01	-2.3470698e-01	8.6904533e-02	4.8530471e-02	-1.0238957e-01	1.5258276e-01	-1.9398542e-01	-1.9056664e-01	2.5100005e-01	1.7978158e-02	-1.5400650e-01	9.2706412e-02	1.8676239e-01	9.5876150e-02	3.7511843e-01	3.0683079e-01	-5.0074089e-01	-9.9326822e-04	3.3337238e-01	-1.1370643e-02	-2.3476778e-01	7.6386079e-02	3.1355977e-01	-4.4947726e-01	-5.0814983e-02	5.3784322e-02	-2.5098792e-01	-1.7706020e-01	2.7881089e-01	1.6106679e-01	4.9321759e-02	2.4944930e-01	-2.6183501e-01	2.1829562e-01	-3.7634563e-02	6.2979370e-02	2.0796156e-01	3.4480956e-01	1.0871408e-02	-1.7037612e-01	-2.2094028e-01	2.0551060e-01	-3.0039927e-01	-1.8818943e-01	2.0584394e-01	2.5953358e-01	5.4876104e-02	2.9433587e-01	-3.4355035e-01	-4.3659195e-02	1.0165717e-01	-2.1659188e-01	2.7167571e-01	1.7000987e-01	4.7061577e-02	2.0344022e-01	1.2132378e-01	-1.7875034e-01	1.6274895e-01	-2.9990003e-01	-1.9743668e-01	-1.1578592e-01	-2.2022445e-01	9.0826966e-02	-1.0033518e-01	-2.1009672e-01	3.5052422e-01	-1.6940357e-01	-6.8677038e-02	1.0292280e-01	-2.6515217e-02	6.8609923e-02	3.3230269e-01	1.3941908e-01	2.7963036e-01	-2.9226094e-01	1.6910228e-01	3.5569268e-01	-9.3366519e-02	3.3330882e-01	3.0589932e-01	-1.5414034e-01	-2.6964504e-01	-1.4718361e-01	-1.9145596e-01	-1.7525944e-01	-7.2677787e-03	1.7696980e-01	-1.5190132e-01	-1.7156607e-01	-2.7591264e-01	-1.9786444e-01	-1.2564844e-01	1.0049022e-02	-1.3015658e-01	-2.4517681e-01	2.6535025e-01	-1.4519282e-01	1.9957912e-01	7.2820097e-02	-3.0357105e-01	3.2217726e-01	1.0576943e-01	2.8948528e-01	-5.2951436e-02	9.6619934e-02	-3.0212736e-02	-2.4247409e-01	1.1082989e-01	-1.4351172e-02	1.4948033e-01	1.3284302e-01	2.8241876e-01	-4.0706582e-03	-1.2351406e-01	3.2181272e-01	-1.9595911e-01	-9.3947060e-02	5.3022303e-02	5.1348027e-02	-2.7831924e-01	1.1581254e-01	-2.0347328e-01	-2.9373321e-01	-2.5721955e-01	1.0179019e-01	2.5656882e-01	-1.6159336e-01	-1.1692344e-01	-1.1116733e-01	-7.1712323e-02	-1.8428519e-01	2.7719232e-01	-9.3350187e-02	6.9282144e-02	1.6064793e-01	1.4168757e-01	-2.4197567e-01	-1.1230402e-01	1.0471955e-01	-7.7113174e-02	-2.2137892e-01	-2.3958379e-01	-5.9301191e-04	-2.9409742e-01	2.1018597e-01	-1.9094047e-01	-2.1937223e-01	-2.6717886e-01	9.8485187e-02	-2.2130764e-01	-3.2192162e-01	-1.5999460e-01	-5.5202808e-02	2.9989308e-02	-1.8687467e-01	-1.1567409e-01	-3.1883737e-01	1.9879235e-01	1.1662951e-01	-3.2310778e-01	6.8567373e-02	-2.3100892e-01	4.1624453e-02	-1.6014090e-01	7.1625508e-02	8.7783150e-02	2.3356195e-01	-1.7812119e-01	1.0666066e-01	-1.0092353e-01	-2.9540372e-01	1.8744621e-01	5.2384973e-02	-1.8963312e-01	2.8853622e-01	-1.1226121e-02	-2.6406448e-02	-3.6344208e-02	-2.5074419e-01	2.8647524e-01	-1.5259404e-01	1.5257858e-01
-1.7845222e-01	-2.3777832e-01	-3.6918244e-01	-5.5571441e-02	-1.2098431e-01	-9.0897791e-02	2.6887131e-01	-7.2597481e-02	-1.8889505e-01	-2.1096621e-01	-2.6800492e-01	4.3007186e-01	-1.7740130e-01	1.1830162e-01	-2.9467681e-01	2.9689237e-01	2.8771599e-04	-2.5623897e-01	-1.8716718e-01	-3.8323158e-01	4.1123936e-01	-1.9927055e-01	-6.8572408e-01	5.4131591e-01	8.3708689e-02	6.0430031e-02	3.0341905e-01	6.0644925e-02	1.8084574e-01	-1.1929326e-01	3.7870345e-01	-2.3851687e-01
