9
input	20
dense	32
relu	0
dense	32
relu	0
dense	32
relu	0
dense	1
linear	0
7.999999979801942e-06
-5.9807375e-02	-9.8186582e-02	-4.0856753e-03	7.2906263e-02	-8.5903388e-03	-5.0861491e-03	8.9055181e-02	-2.1865189e-02	-8.3062805e-02	7.9453968e-02	-1.0101081e-01	-8.7008558e-02	0.0000000e+00	-1.3191310e-02	0.0000000e+00	-8.9071818e-02	-1.2207778e-01	7.2232395e-02	-7.1238697e-02	-1.0759143e-01	-6.5757006e-02	-1.0919086e-01	2.5255861e-02	1.8064845e-02	-1.0956673e-02	-2.4457013e-02	-1.8105723e-02	0.0000000e+00	3.9273772e-02	-3.6848795e-02	-8.9432128e-02	5.3932834e-02
-2.3414066e-02	0.0000000e+00	-1.1575212e-02	-3.4633569e-02	-1.1834987e-02	-3.8073059e-02	-5.7808883e-02	-4.9954858e-02	-6.7221217e-02	-6.3853748e-02	0.0000000e+00	1.0519986e-02	-7.5083271e-02	8.4973080e-03	3.0797620e-03	-1.9625226e-02	-5.0476406e-02	1.3877003e-02	1.3158745e-03	3.3487827e-02	1.5823834e-02	-2.9633280e-03	2.1354113e-02	-4.6058614e-02	-3.6777329e-02	-7.3100887e-02	3.6755659e-02	-2.6715556e-02	-5.1702134e-02	-1.0019362e-02	5.0074913e-02	-4.7743287e-02
-5.1542777e-03	-5.0135162e-02	-6.8429403e-02	-6.6074744e-02	-2.2641389e-02	-2.5330927e-02	-3.6133014e-02	3.5746027e-02	-1.0986991e-02	-2.5472922e-02	1.6499676e-02	-5.1930528e-02	-5.5963058e-02	-6.3530482e-02	-5.0473802e-02	6.6661770e-03	7.3757925e-04	-7.2375038e-03	2.2366997e-02	-4.1814450e-02	-8.4112309e-02	-6.1578367e-02	-2.7374893e-02	3.8059894e-03	-3.4365028e-02	3.6774930e-02	-8.6345665e-02	-3.2375392e-03	3.3217460e-02	-4.6725810e-02	-5.2238520e-02	3.3761352e-02
-1.4112947e-02
-7.7954002e-02	1.0847859e-01	6.3751185e-01	1.0789396e+00	9.1762096e-01	6.6524796e-02	1.3505302e-01	-4.2081830e-01	-2.1500044e-01	4.0351126e-02	1.6377294e-01	2.1165529e-01	-2.9668164e-01	1.3509685e-01	-1.8205239e-02	-8.9156657e-02	-5.7675429e-02	1.0766847e-01	7.9498447e-02	-4.9477495e-02	-4.0805586e-02	4.0945593e-01	7.2317797e-01	7.9349852e-01	8.6571890e-01	2.0334372e-01	4.3587100e-02	2.3136725e-01	1.8946669e-01	-1.5067428e-02	1.1548666e-01	-1.9663098e-01	-3.0243713e-01	8.2672156e-02	-1.4788842e-01	-2.0677516e-01	1.7011583e-01	3.0675933e-01	9.1424204e-02	-9.9495664e-02	1.2811646e-01	-1.0066339e-01	-1.3180746e-01	-5.4862399e-02	1.4651337e-01	-2.0881707e-02	-2.2737722e-01	9.1447204e-02	-7.3647872e-02	2.1810333e-01	-1.8826467e-01	4.5050062e-02	2.2432365e-01	3.2084489e-01	1.0356875e-02	-1.7563729e-01	-1.9499700e-01	6.7741580e-02	-1.9728854e-01	-2.8831753e-01	-9.0364054e-02	1.6578355e-01	5.2940536e-02	-4.1669074e-01	-3.5267819e-02	-6.4533293e-01	-6.8618590e-01	-2.2524451e-01	-4.1908604e-01	-2.9562417e-01	1.1075062e-01	-1.8238461e-02	-1.9218251e-02	3.7936487e-03	6.5349251e-02	9.4617866e-02	4.7830023e-02	-9.6956557e-03	-3.1488454e-01	5.2916013e-02	2.8686637e-01	-9.8445915e-02	-2.9909867e-01	-1.9814293e-01	7.1721725e-02	7.1533829e-02	1.4349394e-01	-4.8197093e-03	2.3277815e-02	1.8662289e-01	-2.1582974e-01	-2.9549891e-01	7.7783018e-02	-1.9760700e-01	2.3793654e-01	1.6589196e-01	-2.7453941e-01	2.2097671e-01	1.4064609e-01	-1.3115497e-01	1.4511780e-01	-1.4917167e-01	4.4836348e-01	7.1060932e-01	8.0811411e-01	7.6149720e-01	2.2462374e-01	-5.8896370e-02	-8.6051084e-02	7.3877744e-02	-1.8182489e-01	-1.6743006e-02	2.7652711e-01	-2.2033918e-01	-2.3893420e-01	3.2958943e-01	-9.7273402e-02	-2.5938293e-01	-1.6064382e-01	2.1965507e-02	-4.2531781e-02	-4.7954381e-01	-6.4599240e-01	-1.1496201e+00	-4.2497966e-01	-1.7636655e-01	1.7976867e-01	3.4745806e-01	-1.4667779e-01	-1.1593404e-01	3.9205462e-02	-2.2255011e-02	3.1990400e-01	3.1444117e-01	-1.0196070e-01	-3.1483564e-01	1.8165284e-01	-2.0709871e-01	-1.1491073e-01	4.5496544e-01	-3.6000293e-01	-2.7170593e-01	-5.5331278e-01	-7.5071728e-01	-8.0174249e-01	-2.0691292e-02	4.3553621e-02	-2.9482377e-01	1.5729882e-02	-6.7703389e-02	5.3450901e-02	1.2367280e-01	-1.5263556e-01	1.7800274e-01	4.1100821e-01	-7.6689944e-02	8.1487127e-02	-3.1109712e-01	8.6312935e-02	-2.4155194e-01	-4.1733021e-03	-7.5587228e-02	-9.3001194e-02	-4.5289594e-01	1.9450390e-01	4.6982139e-01	-1.1024977e-01	7.1385615e-02	9.4286792e-02	1.2751903e-01	-2.0649690e-02	2.2607498e-01	2.2366579e-01	2.9864910e-01	-1.7227447e-01	-5.5040622e-01	1.0279481e-01	3.7328938e-03	-2.4464758e-01	8.0944665e-02	-7.5358652e-02	-1.0799047e+00	-1.5286658e+00	-1.5782938e+00	-1.0805048e+00	-6.2224370e-01	4.0064082e-01	-3.5501763e-02	7.3067404e-02	-1.9577515e-01	5.9271321e-02	7.8169018e-02	-2.3670489e-01	-6.7304857e-02	1.7874725e-01	1.9315101e-01	1.1924326e-01	3.2235712e-02	1.0809995e-02	6.7977101e-02	-2.1954398e-01	1.2531920e-01	-1.8981783e-01	-7.0076972e-02	-1.3680087e-01	-1.9109900e-01	4.8827487e-01	-1.8495566e-01	1.4432766e-01	-6.2628284e-02	1.0851818e-01	1.7940190e-02	-9.2740014e-02	-2.2338419e-01	-7.8088321e-02	-3.7513250e-01	3.3410594e-01	1.3077755e-02	-1.7628846e-01	8.5889563e-02	3.9489311e-01	-1.0195494e-01	1.8683033e-02	6.4181978e-01	6.2324673e-01	5.7705145e-02	2.0845921e-01	-1.8394481e-01	1.9538839e-01	2.5872165e-01	2.5111312e-01	7.4600503e-02	-9.8113380e-02	-9.9340519e-03	-3.4218892e-01	-2.4413015e-01	-1.9225445e-01	2.6281220e-01	1.8382035e-02	-1.3510233e-01	-1.7600717e-01	-8.6117387e-03	-2.8465438e-01	-9.2127308e-02	-1.9078085e-01	-1.5231103e-02	-2.3069242e-01	1.7801976e-01	5.9396356e-02	-3.0625081e-01	-8.4617883e-02	-1.3925293e-01	1.9374704e-01	1.0944024e-01	-1.5111937e-01	1.6321981e-01	3.2323825e-01	3.3283430e-01	2.2012454e-01	-9.9388495e-02	1.7464544e-01	-1.9250439e-01	-1.7293429e-01	-2.9262477e-01	1.3383700e-01	2.3966441e-01	2.4647763e-01	-2.8437185e-01	-2.8662476e-01	-1.8045346e-01	2.9133308e-01	1.8028793e-01	1.5351346e-01	2.9344243e-01	-2.7137306e-01	1.2372994e-01	-2.9639542e-01	2.0056897e-01	-5.6789916e-02	-2.1180649e-01	-1.9336076e-01	-1.0967438e-01	5.5600643e-02	-2.5567585e-01	-8.6492091e-02	-1.2543458e-01	1.3452551e-01	-1.1507612e-01	9.2161953e-02	1.9591093e-02	1.6768426e-01	2.6274443e-02	3.2578415e-01	3.2646328e-02	3.8642585e-02	1.4015609e-01	1.7784095e-01	2.6494664e-01	1.1503994e-02	3.3531374e-01	3.0180410e-01	1.0804811e+00	1.3805732e+00	1.3333218e+00	8.9401084e-01	3.0291826e-01	-8.6564466e-02	1.4368974e-01	1.7329036e-01	2.1522152e-01	-2.0886047e-01	5.3849272e-02	2.5156307e-01	-2.6311532e-01	-2.9970127e-01	1.5080167e-01	-1.9977767e-02	-2.2561938e-01	5.8367763e-02	-9.6527278e-02	3.2302900e-03	1.9736721e-01	-1.7533043e-01	5.8966535e-01	2.3242107e-01	1.5293677e-01	2.1523765e-01	-1.8590245e-01	-4.4709530e-02	2.7178431e-01	1.7160895e-01	2.5076821e-01	1.2179541e-01	-1.8989733e-01	1.2744744e-01	1.4972843e-01	5.0658644e-03	3.4991536e-01	-2.3805790e-01	-2.2043318e-01	-4.7019709e-02	-6.3853568e-01	-6.1052519e-01	-5.5882144e-01	2.7138779e-01	5.4806507e-01	3.2314700e-01	2.2905476e-02	-2.3348825e-02	-1.0702559e-01	2.7234867e-01	-1.5739365e-01	2.3540753e-01	3.1020133e-02	-1.7754753e-01	1.6113685e-01	-9.1902387e-01	1.6442994e-03	-9.0430034e-03	-2.2505243e-01	2.7090436e-01	1.7963549e-01	7.4678940e-01	1.4034672e+00	9.4575030e-01	5.2169335e-01	1.8199532e-01	5.9311196e-02	-3.3336458e-01	-7.2858326e-02	1.3364725e-01	8.2969390e-02	8.9802267e-04	-1.4397997e-01	-3.1191364e-01	4.8872910e-02	-1.7253964e-01	-1.5605445e-01	7.4204779e-03	1.7353660e-01	5.1779479e-01	8.6925989e-01	1.1174999e+00	1.2462159e+00	8.7738466e-01	1.1503550e-02	5.2776422e-02	-1.5700024e-01	2.6554167e-01	-2.1810994e-01	-1.7080909e-02	-3.9900221e-02	-1.3024063e-01	-1.9075729e-01	-4.6513274e-01	-7.3163673e-02	-2.1579988e-01	-9.2754178e-02	1.6700712e-01	-1.5665610e-01	2.4650064e-01	4.2088231e-01	4.1862422e-01	3.5895774e-01	2.8094500e-01	9.8832302e-02	2.1554680e-01	2.1831164e-01	-1.9065286e-01	1.3429043e-01	2.6088282e-01	-4.5386486e-02	1.5187380e-02	-2.8291732e-01	3.9059439e-01	2.7381697e-01	7.0091522e-01	1.3713169e-01	6.0148090e-02	5.4863429e-01	2.2048731e-01	7.2352064e-01	1.4145256e+00	1.2963064e+00	1.6245284e+00	8.7156540e-01	1.6148973e-01	-2.4885079e-01	9.1746524e-02	-6.7368805e-02	1.4707072e-01	-2.3335548e-01	-3.4416384e-01	-2.7056941e-01	4.3350261e-01	-3.2442415e-01	1.1261231e-01	-2.0648253e-01	5.7781716e-03	2.3985839e-01	-4.3003765e-01	-6.2524337e-01	-1.1619327e+00	-1.1842222e+00	-1.4555639e+00	-8.3598435e-01	-2.0873852e-01	-4.1477360e-02	-1.8777673e-01	2.1405715e-01	-1.5033595e-01	-5.1497567e-02	-1.1557687e-01	1.8349777e-01	-7.5321496e-02	1.2090507e-01	7.1018040e-02	-2.7074078e-01	3.8114488e-02	1.0341629e-01	-2.7012157e-01	-7.0995921e-01	-1.0222857e+00	-1.1399299e+00	-9.1293162e-01	-2.9533729e-01	9.9540658e-02	-3.1067565e-01	-8.4564433e-02	1.8010469e-01	2.6758477e-01	-3.0396402e-01	1.2314103e-01	1.1570972e-02	-1.7308444e-01	9.0112239e-02	1.1746261e-01	-3.1511721e-01	2.3320666e-01	6.2354365e-03	-1.5851040e-01	1.5125506e-01	6.1116545e-03	2.4089377e-01	-3.3836094e-01	1.0356244e-01	-1.8185827e-01	2.2621994e-01	1.0047609e-01	2.4740285e-01	-6.4018175e-02	1.4671137e-02	1.9446017e-01	-8.5852392e-02	1.4085543e-01	3.0738521e-01	1.3783903e-01	-2.6554424e-01	-3.1908673e-01	-6.5601487e-03	-1.7453933e-01	-4.7207379e-01	-1.3460703e+00	-1.0235130e+00	-2.0960030e-01	4.4249722e-01	4.6800327e-01	2.6226372e-01	-1.3314520e-01	1.0389060e-01	-1.5300928e-01	5.2402556e-02	2.2291094e-01	2.4154037e-01	-2.5427073e-01	-2.2927848e-01	2.9732648e-01	-1.4680450e-01	2.0048100e-01	-2.5713900e-01	2.2544505e-01	2.9763919e-01	1.2921408e-01	-5.8303755e-02	-2.7749732e-01	-2.3753354e-01	-6.2944151e-02	-6.9298640e-02	-2.4053963e-01	-2.1697421e-01	-1.6368712e-01	-2.2819789e-01	3.5291097e-01	-3.1242815e-01	-1.0503234e-01	3.2275435e-01	-2.5953633e-01	1.4518073e-01	2.7521318e-01	4.5797918e-02	3.2380253e-01	3.0324936e-01	-1.1534303e-02	-3.1404781e-01	-1.9430482e-01	1.0511872e-01	-1.7386238e-01	-1.8190145e-01	-1.7996550e-02	6.7621112e-02	-3.4181207e-02	2.1880275e-01	-9.5444441e-02	1.8928427e-01	2.4487764e-01	1.0402572e-01	1.8137050e-01	2.3856449e-01	1.7972714e-01	2.0209080e-01	-2.4731921e-01	-1.0831299e+00	-1.1416042e+00	-7.5526124e-01	-5.9751427e-01	5.1400906e-01	2.6130754e-01	-1.5362462e-01	2.5444683e-01	9.8490492e-02	-2.5258213e-01	1.3002002e-01	7.6064263e-03	-1.5809150e-01	3.7765610e-01	-2.3438476e-01	-8.2752686e-03	4.4221006e-02	-1.8463004e-01	-2.5606152e-01	1.0619471e-01	1.0085593e+00	1.6077112e+00	1.2869742e+00	1.0283663e+00	7.0792250e-02	-2.5967365e-02	-1.3402516e-02	-6.5436806e-03	-9.7949721e-02	-1.2750885e-01	-2.1453339e-01	1.1251877e-01	-3.7903547e-01	-3.1001737e-02	9.4229057e-02	8.7128252e-02	-2.1463154e-01	-4.9660075e-02	5.8489531e-02	-1.9368915e-01	5.9165392e-02	-2.2114408e-01	-1.1957289e-01	7.9957873e-02	3.1691343e-01	1.7497090e-01	-6.6776867e-03	1.0121541e-01	-8.5887775e-02	2.6062840e-01	1.4471103e-01	1.4897005e-01	2.7937987e-01	4.8677910e-02	-2.3386067e-01	-2.2356726e-02	1.7176896e-01	1.5234882e-01	-1.3777851e-01	-1.9932672e-01	-1.2273173e+00	-1.2869275e+00	-1.8347095e+00	-1.4716083e+00	-6.5072727e-01	5.0345026e-02	1.5414632e-02	1.8924214e-01	-1.0828456e-04	-9.0064719e-02	-7.0317626e-02	-2.1589166e-01	3.7625104e-01	1.8534514e-01	-1.9416411e-01	-2.3485269e-01	-2.5690719e-01	-6.0314998e-02	-1.7769596e-01
-2.4397629e-01	-5.8900446e-02	2.7388079e-02	-8.7522015e-02	1.2462576e-01	-2.3218805e-02	1.7138590e-01	3.7509865e-01	-2.6211839e-02	-1.5682084e-02	-2.0721093e-01	1.5512136e-02	-1.7238539e-01	-2.1122463e-01	-2.6749203e-01	9.4263479e-02	-1.3864502e-02	3.8958785e-01	-3.4338798e-02	-4.4990201e-03	2.3340180e-03	-8.9349717e-02	-3.6454968e-02	-1.1972091e-01	6.1566159e-02	1.2392952e-01	-9.0149284e-04	-1.9147998e-01	3.6116225e-01	9.6594475e-02	9.6823554e-03	-1.7906053e-02	-2.8342038e-01	-6.6384599e-02	1.7770740e-01	-2.3313078e-01	6.1274350e-02	-2.2929505e-01	7.5018108e-03	-7.4444950e-02	-2.7273661e-01	3.0456552e-01	2.6440379e-01	-1.6226052e-01	2.5265226e-01	-1.8488330e-01	2.7145150e-01	1.1013621e-01	-2.1095762e-01	2.1282509e-01	-1.9433510e-01	-2.4512315e-01	1.5449736e-01	-1.6386586e-01	-3.2405704e-02	-1.8521968e-01	-2.8865108e-01	-1.0997990e-01	9.5829695e-02	-1.8888350e-01	-2.7881667e-01	-1.1731295e-01	1.5965959e-01	-3.6212921e-02	1.6522637e-01	7.6730520e-02	2.2825727e-01	-2.4394068e-01	7.6755494e-02	1.3466673e-01	-1.8330580e-01	2.9840031e-01	7.9462349e-02	1.4628117e-01	7.3547103e-02	-2.0193566e-01	-2.1256632e-01	-6.2320292e-02	-1.0058548e-01	-1.8475406e-01	-2.3924071e-01	-2.6176441e-01	-3.0908996e-01	-1.4189111e-01	-8.4257603e-02	1.9629651e-01	-7.7812791e-02	-2.4913740e-01	-2.7181694e-01	-1.7441911e-01	2.4667367e-01	1.0714683e-01	-1.9817281e-01	-7.4595518e-02	2.4374405e-01	1.7885236e-01	-2.1716690e-02	1.2023131e-01	3.2319210e-02	-1.4971122e-01	-2.2740801e-01	-3.3769456e-01	-3.2381730e-03	1.3588266e-01	2.5986049e-01	-1.3101992e-01	1.9376649e-01	-2.1844018e-01	-1.1352926e-01	-5.6585971e-02	2.2191510e-01	-7.5255260e-02	3.7159342e-02	-1.1146299e-01	2.2712076e-01	-2.4338464e-01	3.1115003e-02	3.1143698e-01	1.0532105e-01	1.6588626e-02	6.6482529e-02	2.6824052e-02	1.5993412e-01	-7.9807267e-02	2.1586365e-01	-2.9277182e-01	-5.9592132e-03	3.3451328e-01	1.2489756e-02	1.6369368e-01	2.3547812e-01	4.2720982e-03	2.7924556e-01	-5.0658181e-02	-2.2674245e-01	-2.1476223e-01	2.7878344e-01	-3.0616564e-03	-2.3566473e-01	2.4948196e-01	-2.0689754e-01	-7.7355467e-02	1.6537866e-01	-1.7065911e-01	9.8090649e-02	3.4298584e-02	2.1931535e-01	2.1660119e-01	-1.6276322e-01	2.6204708e-01	5.0165564e-02	-2.9346269e-01	-7.0616670e-02	2.0770654e-01	2.5819862e-01	-1.2884220e-01	6.6823207e-02	1.4552625e-01	2.3593931e-01	-1.9783229e-01	-2.3162702e-01	8.1036128e-02	-1.1992966e-01	9.5445830e-03	-5.7649434e-02	1.7668162e-01	-1.8924798e-01	-6.1536774e-02	2.1603394e-02	-5.1547714e-02	-3.0083790e-01	2.8472719e-01	-1.2502749e-01	3.2726198e-02	1.4185774e-01	-1.1758197e-01	-1.9234882e-01	-1.1648206e-03	1.4222804e-02	2.2573227e-01	-2.4066137e-01	-1.5310398e-01	1.3475892e-01	-2.9590747e-01	-7.9972908e-02	-2.9887667e-01	-2.1599282e-01	2.5438547e-02	1.1404100e-01	-2.7298915e-01	8.4125921e-03	-1.6176890e-01	-3.0043855e-01	-1.9879092e-02	1.1394078e-01	8.4746964e-02	-1.5256912e-01	1.0754769e-01	1.2406435e-01	-2.6523188e-01	5.5161655e-02	-2.6846388e-01	-2.3070665e-01	3.2135282e-02	-8.6520612e-02	3.0472159e-02	8.8140130e-02	-1.2010239e-02	6.0865551e-02	3.7004586e-02	1.2178700e-01	1.4334460e-01	-3.0199534e-01	2.5121028e-02	-3.2701054e-01	-3.9986920e-02	-1.9724305e-01	-8.7799914e-02	-2.0348601e-01	1.5129936e-01	1.4664502e-02	-1.0878680e-01	-6.1860967e-02	-1.4586622e-01	2.8779858e-01	-8.4513776e-02	-5.8076382e-03	-9.2700012e-02	8.0529071e-02	-1.9747587e-01	-3.4253586e-03	3.6739284e-01	1.3926588e-01	-2.7117452e-01	3.4550661e-01	-3.4033144e-01	-1.2767142e-01	1.1930320e-01	2.5231645e-01	6.6287339e-02	1.3681848e-01	-7.9416648e-02	-3.0856526e-01	2.0845050e-01	2.9637346e-01	7.3225975e-02	1.1756331e-01	-2.1495344e-01	2.3767523e-01	2.5184155e-01	-1.4656607e-02	2.1177068e-01	-3.2168981e-01	-3.7281211e-02	-5.2631211e-02	-1.9762097e-01	-1.8413390e-01	2.1445720e-01	-2.7004421e-01	8.4911831e-02	-1.0324815e-01	-2.8863603e-01	1.7266726e-01	-1.4097340e-01	2.5237063e-01	-4.3865538e-01	1.7141987e-02	-8.5239798e-02	-1.3190129e-01	1.6489425e-01	1.5317452e-01	1.9616057e-01	8.8066489e-02	-2.0549320e-01	-2.9944924e-01	2.1924557e-01	2.1264200e-01	1.7002003e-01	8.9592814e-02	-2.4407986e-01	8.2823381e-02	-1.4899720e-01	-2.9461041e-01	3.9217472e-02	-1.9222550e-01	-1.5412642e-01	1.0577334e-01	8.3894268e-02	1.1398100e-01	-6.4594150e-02	-2.4287218e-01	1.6001891e-01	-1.0881830e-01	-1.4848841e-02	-4.5943749e-01	-1.3816574e-01	7.1911700e-02	-3.3096391e-01	6.7943506e-02	5.2772865e-02	2.5611451e-01	2.6387566e-01	-2.4816245e-01	2.5398746e-01	-3.8451377e-02	-2.8513840e-01	5.1632848e-02	2.2022854e-01	-3.3063644e-01	3.0578926e-01	-2.7158269e-01	-1.7808726e-01	2.1487210e-02	-1.6793282e-01	9.2202626e-02	1.0006812e-01	-3.2122149e-03	1.7217861e-01	-6.1348464e-02	-5.5517346e-01	-2.5136176e-01	-2.1480291e-01	-1.2197702e-01	1.3479680e-02	1.8060699e-01	1.3899481e-01	-5.5630893e-02	1.8813664e-01	-2.1010284e-01	-2.6806566e-01	-3.0890107e-03	-2.1044442e-01	-5.5931509e-02	2.7680579e-01	1.5371263e-02	1.2342879e-01	1.5654203e-01	-1.7229064e-01	3.7633181e-03	-2.9220429e-01	2.8782487e-02	-4.9097419e-02	-2.5780457e-01	7.8574121e-03	-5.7062000e-02	-2.2873469e-01	-2.2630093e-01	1.7089868e-01	1.7640617e-01	-2.3677802e-01	-3.4199953e-03	4.2966545e-02	5.3234402e-02	-2.5820142e-01	1.2949693e-01	1.2940539e-02	-1.8774572e-01	1.9428480e-01	-1.1952007e-01	-9.1248445e-02	2.3080754e-01	1.7267564e-01	6.8123356e-02	-2.0659175e-03	1.9892630e-01	-1.4176582e-01	9.1479182e-02	7.1022898e-02	9.8043596e-03	1.2322351e-02	7.6054752e-02	-6.9138415e-02	2.9927516e-01	8.9385763e-02	-3.1680423e-01	2.3709084e-01	2.2435566e-02	1.4889620e-01	2.7079633e-01	-1.8809232e-01	3.2256562e-01	-2.0261753e-01	2.2200148e-01	-4.7512356e-02	8.6208612e-02	2.5922838e-01	-1.0145009e-01	-4.6459031e-01	-5.5341847e-02	5.8069617e-02	2.0718488e-01	-3.0934793e-01	2.0864056e-01	-2.1697654e-01	2.2177903e-01	4.0343385e-02	8.8832617e-02	-2.5431651e-01	1.1394435e-01	-8.2582697e-02	-2.6202613e-01	1.9756912e-01	-1.7638411e-01	1.8502085e-01	2.6967738e-02	-7.3854327e-02	-2.1825504e-01	1.8143126e-01	2.9982844e-02	2.9100174e-01	1.2072370e-02	-2.9891133e-02	2.4250531e-01	-8.3585858e-02	1.2479237e-01	-7.4450006e-03	2.3914848e-01	-1.3846351e-01	-1.2613843e-01	1.8418607e-01	1.9395815e-01	-1.1223675e-01	-6.1219919e-02	-4.6573289e-02	-3.4420583e-02	4.1420159e-01	4.1106950e-02	6.5378048e-02	2.0857355e-01	1.1256905e-01	-4.5181513e-03	2.3377147e-02	2.1274625e-01	3.2091933e-01	2.5671732e-01	-2.5302771e-01	-4.6797004e-02	-2.4942625e-01	2.7265435e-01	1.2946483e-01	1.9206965e-01	-1.1065110e-01	2.2806416e-01	-9.3772113e-02	-1.1312949e-02	-1.1839204e-02	1.5175669e-01	-5.8778241e-02	2.0609035e-01	3.1805554e-01	-2.2506356e-01	5.1572803e-02	2.8711683e-01	2.3178963e-01	2.5851035e-01	-1.9388923e-01	-7.0461541e-02	-2.1391195e-01	-2.2517787e-02	-2.2227003e-04	-5.0518095e-02	-2.4659562e-01	1.9228423e-01	-2.5354143e-02	3.6751553e-01	-4.1593689e-02	1.5862393e-01	1.3583179e-01	5.3164039e-02	-2.9463527e-01	-2.7762744e-01	1.3790496e-01	-1.3044290e-01	1.9260575e-01	-1.8828243e-01	9.3316585e-02	-1.6046181e-01	1.1912389e-01	2.5483054e-01	-8.5128948e-02	-1.8790987e-03	2.4164164e-01	-2.4167162e-01	-2.7106637e-03	2.2147050e-01	6.0489107e-02	2.1455218e-01	8.0787614e-03	-2.6493853e-01	-2.4297728e-01	-1.7895555e-01	-9.6946014e-03	1.1986169e-01	-1.5601814e-02	-1.2601972e-01	-5.1641431e-02	-2.3639134e-01	2.0510006e-01	1.0492457e-01	-2.9374132e-01	6.9791518e-02	9.8711617e-02	-1.3212572e-01	-3.2909688e-01	-3.4258789e-01	-2.0178118e-01	-2.3227943e-01	-5.5131137e-02	1.8204048e-01	2.0502314e-01	-2.5077310e-01	-1.8298303e-01	1.1673088e-01	-2.7628029e-02	4.1128993e-02	-3.6268342e-01	-8.3917072e-03	-1.1163362e-02	2.6105574e-01	-2.2424351e-01	4.1791686e-01	-2.1513464e-01	1.0589126e-01	7.6454610e-02	-1.5252379e-01	8.0375284e-02	1.2859830e-01	-1.8593606e-01	3.5779807e-01	1.3133770e-02	-2.4539694e-01	9.0527125e-02	-1.1040878e-01	2.5858107e-01	-2.8922719e-01	1.0780777e-01	-7.7908441e-02	2.9592473e-02	1.2950419e-01	2.5315553e-02	1.0768123e-01	8.2921684e-02	-2.7228677e-01	1.2721772e-01	1.4668828e-01	-1.1085355e-01	3.0227581e-01	-9.6016638e-02	2.8571448e-01	-4.4178974e-02	-3.7780660e-01	-1.1045637e-01	-6.5378301e-02	1.6159434e-02	-2.8004363e-01	-3.6034156e-02	-1.7460416e-01	-1.4221954e-01	1.7653161e-01	1.0731241e-01	-2.0554940e-01	3.3545172e-01	2.4273159e-01	-1.9679983e-01	-1.1179040e-01	2.0852329e-01	-1.6824460e-01	-2.7241129e-01	6.7857094e-02	1.2215031e-01	-8.4606916e-02	4.0420234e-02	1.9584075e-02	-3.6454368e-01	-2.2118847e-01	1.6631505e-01	8.3304897e-02	7.9682358e-02	-1.5456966e-01	-1.6210072e-01	-2.5675688e-02	2.1203703e-01	-6.9634743e-02	-3.8828245e-01	-1.2828591e-01	-4.8313107e-02	2.8272113e-01	3.4088388e-02	1.4023745e-01	2.3582761e-01	3.6890566e-02	-1.8945958e-01	-2.1388090e-01	-1.4018965e-01	2.2447337e-01	1.1176644e-01	-1.6164061e-01	-3.0818993e-01	-5.8543887e-02	2.4102791e-01	-3.3449557e-02	-3.0278745e-01	1.1429818e-02	1.4146006e-01	4.6819090e-03	-1.3065505e-02	2.2593489e-01	4.8038725e-02	-6.7858353e-02	2.3547371e-01	-2.4634004e-02	2.6354289e-01	-1.4126390e-01	-1.8145481e-01	2.3905896e-01	-1.7798679e-01	2.8512377e-01	3.6708063e-03	-1.4088124e-01	-1.0489733e-01	1.9599697e-01	8.6633846e-02	2.3942217e-01	-2.3195504e-01	-2.6159972e-01	-2.7330992e-01	2.3451397e-01	2.4384132e-01	-5.1767971e-02	-2.5281841e-01	-2.5797248e-01	6.0886867e-02	1.5045407e-01	1.4374867e-01	1.7131563e-01	1.0478446e-01	-1.1439958e-01	-5.2973382e-02	1.4405262e-02	-9.6586622e-02	1.8990278e-01	2.1512896e-01	-2.3301858e-01	2.0631599e-01	7.4729912e-02	1.4728023e-01	-2.2961499e-01	1.2974128e-01	9.9440448e-02	-4.4142492e-02	-3.1798851e-01	-4.0393393e-02	8.1302613e-02	-2.9309544e-01	2.6668966e-02	2.2695704e-01	1.5336543e-01	-1.8426186e-01	5.2429382e-02	-2.6946759e-01	2.2958763e-02	1.3288553e-01	1.7065725e-01	2.4747063e-01	-9.1703020e-02	-2.8495762e-01	-1.5648027e-01	8.9115560e-02	-3.2196650e-01	6.4397834e-02	-2.6006052e-01	-2.4372607e-02	-9.2981737e-03	-3.8215700e-01	-1.6160132e-01	-3.5981891e-01	-8.1724182e-02	-4.9353600e-03	7.2830729e-02	-1.2842721e-01	-2.9960933e-01	2.0837095e-02	2.5783017e-02	3.8656378e-01	1.5491053e-01	-1.1972870e-01	2.8075400e-01	2.2572358e-01	-2.5101522e-01	-1.1635514e-01	-7.2894422e-03	5.2669700e-03	-2.7387580e-01	-1.3346948e-01	2.0048673e-01	-2.6335185e-02	-3.0487174e-01	1.9367078e-01	2.4038722e-01	2.9111484e-01	-7.8807458e-02	1.9840446e-01	-2.1057504e-01	-4.0178367e-01	1.5189601e-02	1.0951962e-02	1.8885657e-01	-2.1153101e-01	-2.4574079e-01	-7.5689510e-02	-1.7483465e-01	-1.6463803e-01	-9.7735478e-03	-8.5075218e-03	2.2299735e-01	-2.7442825e-01	-1.5306070e-01	1.0508704e-01	-2.2918174e-01	2.0955884e-01	-1.5536749e-01	-3.0975884e-01	-1.4471343e-01	-3.2653451e-01	2.1649653e-01	2.6495579e-01	-1.1756887e-01	1.8462512e-01	2.8065190e-01	1.8826486e-01	2.1360002e-01	-2.3628469e-01	-1.7076601e-01	-3.2584317e-02	-1.1634197e-01	-3.1177208e-01	-5.8928777e-02	7.5412311e-02	2.8190970e-02	-2.2814664e-01	2.9134861e-01	9.0877227e-02	-1.1114005e-01	2.6223529e-02	-2.0145510e-01	-2.3472823e-01	-2.0480083e-02	-3.5408590e-02	1.7716131e-01	-2.1521619e-01	-2.2569773e-01	2.6135314e-01	2.7032217e-01	-1.3558596e-01	2.7030993e-01	4.2161711e-02	8.1048384e-02	3.1051940e-01	-1.5824836e-01	-1.9981298e-01	1.3932629e-01	4.6631940e-02	1.9131771e-01	6.4140409e-02	-1.3692842e-01	-1.4088586e-03	-1.0789286e-01	-5.3232718e-01	1.8339780e-01	-2.5532430e-01	2.1643904e-01	2.6691884e-01	-1.7261052e-01	-3.5772335e-02	4.3595780e-02	1.2302629e-01	-3.0390599e-01	-1.0609705e-01	1.1020674e-02	-2.2694647e-01	-1.0538876e-01	-1.9072166e-01	2.9274073e-01	-1.5304501e-01	1.0289294e-01	1.0065504e-01	-2.7916557e-01	-2.7783707e-01	1.5155390e-01	-1.4675443e-01	-2.0734054e-01	2.1889213e-01	5.6599647e-02	-2.3172665e-01	-2.8581384e-01	2.4682263e-01	7.6611184e-02	2.2569830e-02	1.6066670e-02	8.9286357e-02	1.1200017e-01	-1.2472740e-01	-5.8290228e-02	-2.3754463e-01	-3.5572052e-04	-2.8311405e-01	-1.2592630e-01	2.5311884e-01	3.9990470e-01	-9.8913059e-02	9.4216257e-02	3.1542361e-01	-8.3260924e-02	9.2071556e-02	1.2401563e-01	-1.1707206e-01	2.2144310e-01	7.8731000e-02	-1.6768701e-01	7.7441871e-02	3.1085584e-01	1.4892603e-01	-3.8905743e-01	-2.6652584e-02	-1.4960916e-02	1.7750135e-01	-1.9748703e-02	2.6624808e-01	1.3025941e-01	-4.4484872e-01	-5.2866831e-02	-5.6420946e-01	3.7115898e-02	-1.7103657e-01	2.9802898e-01	1.1964479e-02	1.2612824e-01	2.6417211e-01	1.2852979e-01	1.1088225e-01	-3.2419294e-01	3.7359205e-01	-1.5938547e-01	-9.4684502e-03	2.2379956e-01	2.2353786e-01	-1.0750307e-01	1.5278897e-01	-4.7437724e-01	1.6087006e-01	1.4685483e-01	-2.5752831e-01	-1.3942550e-01	3.1222606e-02	-1.4136839e-01	-2.3092338e-01	1.0497286e-01	5.1532522e-02	1.5825419e-01	2.3382452e-01	2.1535283e-01	2.0202500e-01	-2.4547515e-02	-1.6969402e-01	2.9824605e-02	-1.6806386e-01	2.3088863e-01	3.1111568e-02	1.0336089e-01	1.0902999e-01	-4.6273749e-02	2.6940745e-01	-2.6119590e-01	-4.2381406e-02	-2.4661732e-01	-2.9672515e-01	1.7683369e-01	-1.9012925e-01	2.7047548e-01	1.1900157e-02	-4.8337638e-02	8.8534817e-02	-2.9633290e-01	-1.1161846e-01	-1.4163473e-01	-1.0460885e-01	1.7370188e-01	-2.2327819e-01	-2.6780355e-01	2.6574141e-01	-1.4173092e-01	-3.3199370e-02	1.5503740e-01	-1.9305068e-01	-3.9623301e-02	4.0652100e-03	1.9127400e-01	-3.0600475e-02	7.6680370e-02	1.2315043e-02	1.8049534e-01	4.4820376e-02	-2.2667676e-01	-3.7486494e-01	1.0182172e-01	-1.0691506e-01	3.1138474e-01	5.7967119e-02	-4.4763088e-05	-1.1073038e-01	3.0138454e-01	1.3951531e-01	-1.6240621e-01	-2.0055400e-01	2.8897378e-01	2.0313206e-01	2.0474877e-02	-1.6587441e-01	-1.0859952e-02	-1.2605242e-01	-1.2899426e-01	7.3233962e-02	-1.2863239e-02	2.2010550e-01	-2.6324660e-01	1.1955800e-01	1.0223002e-01	7.7476889e-02	3.7099671e-01	1.6136922e-01	1.3741213e-01	1.4124660e-01	2.3119697e-01	-4.1597572e-04	-3.8707860e-02	-2.3348527e-02	-8.8021725e-02	3.7134975e-01	-1.4871903e-01	-1.0860197e-01	-2.1907380e-01	-2.0990998e-02	1.9999316e-01	1.4937025e-01	-1.5657145e-01	-4.3653700e-01	-2.3748221e-01	-2.8045294e-03	1.1537798e-01	-2.2148253e-01	-3.0356288e-01	1.1200697e-01	-6.6733919e-02	2.5034320e-01	2.8556594e-01	-1.1450046e-01	-3.1584910e-01	1.7780578e-01	-8.8309504e-02	5.5106733e-02	1.1103437e-02	-4.3124381e-02	7.7627391e-02	1.4285298e-01	2.4676599e-01	-8.1434637e-02	8.5972823e-02	-2.3988734e-01	-2.5806034e-01	4.4070712e-01	6.5352015e-02	-1.0077819e-01	2.8849378e-01	-2.0227763e-01	1.6823092e-01	5.6133822e-02	-3.3386480e-02	-1.6587533e-01	-1.2241140e-01	2.1807535e-01	-1.3617215e-01	-4.6617517e-01	1.7311253e-01	2.4729843e-01	3.7531403e-01	-3.7728358e-02	2.4515863e-01	1.4439729e-01	9.5514737e-02	-1.1978084e-01	-1.7221574e-01	-7.8386478e-02	2.3289664e-01	-3.1002715e-01	-2.7777737e-01	-1.4231366e-01	4.5628529e-02	-3.3961359e-01	1.8106185e-01	-1.5216377e-01	-7.2018519e-02	-3.8314918e-01	-3.0385265e-01	-3.3248290e-02	8.1030607e-02	-1.4844175e-01	2.4543706e-01	1.6702911e-01	-2.7002400e-01	1.3865252e-01	-8.7443680e-02	-3.2018048e-01	-7.7852318e-03	2.6867077e-01	1.8000387e-01	2.3720700e-01	-3.2597697e-01	-4.0258467e-02	-2.4398941e-01	9.3465000e-02	-1.9464001e-01	-2.3634917e-01	3.8438678e-02	4.7540266e-02
-3.5366288e-01	2.8115928e-02	5.1836193e-02	2.1781164e-01	3.3340493e-01	-1.3537444e-01	6.0175255e-02	-3.7408948e-01	1.5713673e-02	2.9170675e-02	9.8039657e-02	3.7306452e-01	-7.0463829e-02	-2.5912330e-01	2.3466536e-01	-5.4343175e-02	-4.9324811e-01	3.3532310e-02	-1.9946228e-01	3.8820285e-01	-1.0024460e-01	-9.7422265e-02	-2.2985838e-01	1.5622129e-01	-1.1129290e-02	2.0895849e-01	1.9158896e-02	-2.4314286e-01	-3.1502906e-02	3.1822249e-01	-2.2217481e-01	1.3921410e-01	-5.7429850e-02	-1.7471886e-01	-2.6811269e-01	-2.8697056e-01	-8.6857937e-03	8.9833267e-02	1.2659648e-01	-3.0003425e-01	-3.0858043e-01	-1.0253920e-01	2.1436325e-01	4.8256367e-03	2.5618788e-02	-5.7145830e-02	-2.9507807e-01	-1.5854391e-01	2.8385600e-01	-8.0590412e-02	-1.4228562e-01	2.5827929e-01	1.3128437e-01	-2.3098858e-02	-9.4278485e-02	2.3601423e-01	-4.3399751e-02	-1.2310958e-01	-2.8501800e-01	-2.2495151e-01	-2.4917041e-01	1.3756563e-01	2.3051237e-01	-1.5449987e-01	-5.5576779e-02	-1.5053825e-01	2.6184669e-01	-2.9851800e-01	-1.8451187e-01	-1.6304389e-01	-2.4887332e-01	-3.0045259e-01	1.8992594e-01	2.5763932e-01	-1.9060946e-01	-9.1474131e-02	-2.5013372e-01	1.5703213e-01	-4.2468477e-02	2.3596022e-01	1.7362595e-02	1.0207665e-01	-9.6626163e-02	2.1347955e-01	-3.6971070e-02	-6.2968768e-02	-1.1910190e-01	5.6183472e-02	1.0887015e-01	1.9289854e-01	-1.0970361e-01	9.6885145e-02	1.8745930e-01	-9.7601205e-02	2.0485483e-01	3.1979382e-03	5.8624249e-02	2.4259457e-01	-1.5392657e-01	-7.4542969e-02	-1.2993984e-01	-2.3916684e-01	-2.0105429e-01	-1.4752655e-02	-1.2920122e-01	2.2097942e-01	-5.3672433e-02	-2.1924314e-01	-3.0720007e-01	4.7860730e-02	-1.6956978e-01	-2.3809144e-01	-2.7157775e-01	2.1488944e-01	-1.5706143e-01	1.4881733e-01	-2.5608799e-01	-2.0493656e-01	-2.0719139e-01	1.6141070e-01	-1.2433508e-01	2.3936450e-01	1.6445462e-01	-1.6913709e-01	-1.6592342e-01	1.9521496e-01	1.3133729e-01	1.6018474e-01	-2.9294848e-02	4.3481946e-02	2.3931953e-01	-1.0560654e-02	-3.5294199e-01	2.6333070e-01	-2.8282616e-01	-1.1280488e-01	-1.8458094e-01	2.7180552e-01	-4.1751236e-02	-2.9291913e-01	-3.4551519e-01	5.6499701e-02	4.4486430e-01	4.5836553e-02	-4.5824610e-02	8.9657649e-02	2.5013685e-01	-8.0744691e-02	8.3650179e-02	1.9910759e-01	1.1742493e-01	3.0206433e-02	-8.6387098e-02	-3.9500991e-01	-1.7500424e-01	-2.9542006e-03	5.4679269e-01	-3.6096346e-01	1.6198376e-01	2.4092509e-01	-2.8357300e-01	-1.5699652e-01	1.6509891e-01	-2.4371445e-01	-1.4328690e-01	5.2815646e-02	6.5053225e-02	-1.2927531e-01	-2.2005966e-01	-2.5375104e-01	2.2971004e-02	-1.1658224e-01	8.4255040e-02	-2.1913068e-01	-2.9317224e-01	-2.6236644e-01	2.7617231e-01	-1.6342209e-01	1.2231202e-01	-2.5869203e-01	-6.5604419e-02	1.4007643e-01	2.2997539e-01	-1.7444566e-01	-3.0455226e-01	-2.2441226e-01	-3.8711634e-03	-2.2015180e-01	8.3078165e-03	-2.8446913e-02	-2.2460724e-01	-1.5583603e-01	-2.9657833e-02	1.2918115e-03	3.0608156e-01	1.5353416e-02	4.7498639e-03	1.2972637e-01	1.3422693e-01	-6.5766838e-03	1.8888436e-01	2.7238682e-01	1.7983538e-01	1.7817707e-01	1.8818411e-01	-2.5495037e-02	2.2101282e-01	1.7577450e-01	1.9924973e-01	-1.1975610e-01	2.7032251e-02	-1.7503050e-01	-1.0897006e-01	2.2463550e-01	9.5317783e-03	-2.8012997e-01	1.1859542e-01	1.6505010e-01	-7.4180715e-02	-1.4241137e-01	4.5992523e-02	2.2590639e-01	-1.6447668e-01	-3.1142005e-01	1.8667808e-02	-1.8081526e-01	2.2348797e-01	1.4082541e-01	-2.0424396e-01	-1.4174365e-01	-2.6192979e-03	1.2101988e-01	2.6602396e-01	3.7310308e-01	-2.9375637e-01	-3.6776426e-01	-1.2617129e-01	1.8413226e-01	-3.7867197e-01	-2.1019961e-01	-3.5569209e-01	-3.2584112e-02	2.8421399e-01	3.9369337e-02	5.3071383e-02	-1.6456194e-01	6.9493592e-02	1.6865334e-01	7.6584078e-02	-3.0285326e-01	1.9198488e-01	2.8279942e-01	-8.5128687e-02	-3.5826728e-02	1.7646548e-01	-2.4528618e-01	2.0122894e-03	-1.5443166e-01	4.5417905e-02	4.5588754e-02	-2.3180680e-02	-1.1041360e-01	1.3780402e-01	3.5144079e-01	-3.3525046e-02	-1.4653344e-01	8.4453672e-02	-1.5821767e-01	-1.4542285e-01	-1.7138655e-01	-2.9902056e-01	1.9797274e-01	-1.4256488e-01	2.6837140e-01	3.0032143e-01	6.0881663e-02	8.5408054e-02	2.0438527e-01	2.8204048e-01	-1.8896167e-01	-1.3166576e-02	1.9619374e-01	1.3792210e-02	-1.2721252e-01	-2.3040570e-01	2.4193317e-01	2.3672384e-01	2.3938608e-01	-2.4640891e-01	-3.9154530e-02	-2.8551751e-01	-6.3828595e-02	-2.1526295e-01	-2.1291052e-01	2.9151365e-01	2.4389681e-01	1.8572828e-02	-2.4972139e-01	1.1990950e-01	-8.1967294e-02	6.6261061e-02	-1.4826207e-01	-1.7387372e-01	-1.6254610e-01	2.2755019e-01	2.0229378e-01	-1.6265692e-01	-1.0018930e-01	-3.1682724e-01	2.4840657e-01	-3.4710053e-01	-2.4589290e-01	-9.2438549e-02	-1.6696112e-01	-1.7349865e-01	-2.0042050e-01	3.9107300e-02	-1.7047742e-01	-1.5582873e-01	3.0856457e-01	3.1598082e-01	7.3172390e-02	-2.9205218e-01	1.4534040e-01	-2.9822987e-02	-7.0862144e-02	-1.4587149e-01	1.3453549e-01	-1.1672343e-01	2.4175335e-01	-6.6157207e-02	-1.9461158e-01	-3.6316320e-01	2.3786645e-02	-2.6655665e-01	5.1027555e-02	-2.7649179e-01	-1.3278249e-01	3.8522113e-02	1.2638000e-01	7.9704903e-02	1.2666927e-01	1.8783943e-01	1.6005488e-01	9.8837830e-02	-3.6726713e-01	1.8566780e-01	-2.7155921e-01	2.0451328e-02	-2.1461956e-01	6.6477228e-03	1.2925617e-01	-2.5162494e-01	-2.8321341e-01	-1.6071035e-01	5.4597497e-02	-1.9747895e-01	-2.6933369e-01	-1.9812617e-01	-1.7476717e-01	1.4865188e-01	-4.6128422e-02	-3.0065030e-02	-4.9988143e-02	-1.9373363e-01	-2.0177986e-02	-1.5926448e-01	-2.1617925e-01	-2.8793985e-01	-2.3440929e-01	-2.7043051e-01	-1.9863665e-01	-1.0540218e-01	1.5981989e-01	-2.5547194e-01	-2.9674938e-01	-1.2438990e-01	-7.4658468e-02	-2.7926550e-03	9.7554207e-02	4.5080733e-02	-1.9826597e-01	1.7165504e-01	-2.0450240e-01	-1.5572318e-01	-2.1586324e-01	-2.3451509e-01	2.6440236e-01	-3.3056074e-01	1.8719909e-01	2.3015161e-01	-1.1770927e-01	-3.1291464e-01	-6.8865217e-02	-1.3492796e-01	-1.2856382e-01	1.8710831e-01	-8.9480616e-02	-2.8536105e-01	3.1023625e-02	2.6856046e-02	1.6281593e-01	8.4454305e-03	-2.3673102e-01	1.5905274e-01	-2.3188854e-02	1.9267647e-01	-1.0117416e-01	-1.4457761e-01	2.6448050e-01	-1.3525271e-01	7.8266293e-02	4.9630418e-02	-2.4364738e-01	-6.1870366e-02	-2.4538329e-02	-9.2885070e-02	-1.2344317e-01	1.6094118e-02	2.0081231e-01	-3.4172156e-01	-2.1826613e-01	-1.9750734e-01	1.1730096e-01	-1.7588787e-01	1.4668222e-01	-2.5251448e-02	2.0192535e-01	-2.9975393e-01	-1.1738004e-01	-2.1050304e-01	2.3110864e-01	-2.7080569e-01	-7.7583261e-02	-1.0333233e-01	2.5429693e-01	-2.6658925e-01	-1.5208563e-01	-1.8443294e-01	-8.9816898e-02	-9.4408974e-02	1.7274193e-01	-1.7660709e-01	2.3424384e-01	1.8521956e-01	1.6347998e-01	-3.4027675e-01	-1.4511156e-02	-1.3338079e-01	1.7285106e-01	2.0403126e-01	-2.5681594e-01	-2.8723744e-01	1.0792860e-01	1.7152524e-01	-8.5644223e-02	2.7796185e-01	8.5868753e-02	1.6593951e-01	-1.8502922e-01	2.5273067e-01	-3.1008411e-02	-2.5407222e-01	2.8120103e-01	5.1145826e-02	-2.7540347e-01	1.4052564e-01	2.2859892e-01	1.2436108e-01	2.2965226e-02	-3.7090252e-03	4.8413210e-02	1.3189486e-01	1.0652064e-01	-5.5809278e-02	-2.2537777e-01	2.5153965e-01	1.7508924e-01	6.7502901e-02	2.6671275e-01	-2.7309781e-01	-6.3199654e-02	-1.7110755e-01	-2.3843311e-01	2.3103866e-01	-2.2195546e-01	6.4044580e-02	-1.0927413e-01	2.1538636e-01	-1.8184465e-01	2.7454361e-01	-2.2584635e-01	1.6775097e-01	2.3120165e-01	-1.0365020e-01	-1.2176353e-01	1.1497891e-01	-2.2131956e-01	2.3280510e-01	8.0585703e-03	1.7266282e-01	1.6257089e-01	8.0289871e-02	-3.1434047e-01	-2.0203492e-01	-6.7379519e-02	2.7980918e-01	1.3418846e-01	-1.6701495e-02	1.8452759e-01	2.7419245e-01	2.2050971e-01	-7.1862862e-02	2.0561823e-01	-9.7166091e-02	-1.7777450e-02	2.6430431e-01	-2.6222056e-01	2.8606531e-01	9.1447130e-02	9.3844876e-02	4.6103609e-01	2.0528764e-02	-1.8418346e-01	-1.2574184e-01	2.5754112e-01	2.4217783e-01	1.7022192e-01	7.5656146e-02	-2.6487294e-01	2.3309839e-01	-2.0724863e-01	1.6050269e-01	2.4228488e-01	-1.5291174e-01	1.2612462e-01	2.7098787e-01	8.4708720e-02	2.1584217e-01	-8.4188737e-02	1.0754521e-01	-2.5552624e-01	1.8037820e-01	1.7771782e-02	-1.4331513e-03	2.2776157e-02	-2.4415164e-01	-6.5650712e-03	-3.1511132e-02	-1.5506134e-02	3.2669961e-02	1.3231902e-01	2.2771160e-01	3.7366664e-01	-6.5728769e-02	-9.7080618e-02	3.6643669e-01	1.5261434e-01	-1.8025081e-01	-1.2664637e-01	1.6063125e-01	9.2586637e-02	-1.9644858e-01	-5.7065725e-02	2.5789171e-01	-2.5967997e-01	-4.5497562e-03	-7.4943185e-02	-1.7257292e-02	3.0371347e-02	-2.2127879e-01	-2.7522951e-01	1.1536344e-01	2.4289216e-01	2.1898128e-01	2.4332584e-01	-8.4522106e-02	-1.8970242e-01	2.9956934e-01	3.1931788e-01	4.6208300e-02	-1.3227136e-01	2.2226141e-01	2.9327053e-01	1.1974791e-01	-3.4600988e-01	-1.1162978e-01	-7.8124806e-02	1.9275922e-01	2.2290026e-01	-2.1030821e-01	-1.3631603e-01	-4.0179938e-02	-1.7515208e-01	1.3217236e-01	1.4590344e-01	2.6175496e-01	2.1379247e-01	-8.9426860e-02	-1.7314257e-01	-5.1794253e-02	-2.3914815e-01	2.0618629e-01	-2.6521572e-01	-1.5249550e-01	4.6998233e-02	-9.5207006e-02	-2.8981447e-01	-2.0825168e-01	3.0037853e-01	-4.3699980e-02	-2.9884005e-01	-9.8046593e-02	1.8952560e-01	2.6040140e-01	1.9298235e-01	2.0067140e-01	-1.9024752e-01	2.9206857e-01	-3.0222440e-01	-2.9863244e-01	-3.0684856e-01	-2.1222019e-01	1.0320365e-02	6.2777981e-02	1.7616288e-01	-2.1076800e-01	-1.8454158e-01	2.5695646e-01	2.2531237e-01	1.7570636e-01	-2.3367620e-01	2.1735057e-01	-2.2568832e-01	-8.4077261e-02	1.5304096e-01	1.2565066e-01	-4.6261447e-03	-2.2219990e-01	-8.6118981e-02	1.5183884e-01	6.6803038e-02	1.7344892e-01	7.8755282e-02	-6.3900679e-02	1.3797943e-01	-2.9241940e-01	2.4284746e-02	1.3091709e-01	-8.6653665e-02	-1.6363008e-01	1.4821874e-01	-1.4227510e-02	1.5456846e-01	2.7313489e-01	-1.2807070e-01	1.9979751e-01	2.1572934e-01	-6.6320620e-02	-1.8482959e-01	-3.5611942e-01	1.3933647e-01	-2.1900019e-01	2.3578876e-01	2.7562121e-01	5.1960605e-01	-2.1135065e-01	1.4122835e-01	8.3397359e-02	-1.7784271e-01	1.9503760e-01	-1.8480471e-01	-2.2366919e-01	1.1112535e-01	1.1986417e-01	-7.0356630e-02	2.2630182e-01	-1.3331236e-01	9.8769516e-02	8.4005445e-02	6.0576547e-02	6.3598102e-01	-1.6527011e-01	1.3093303e-01	-1.3201530e-01	-2.7697035e-03	1.7543787e-01	-9.6452906e-04	8.3287984e-02	-2.4236496e-01	-8.8856459e-02	-1.9717574e-01	2.2930682e-01	-2.3344989e-01	-3.7185290e-01	1.9140683e-01	1.8721107e-01	2.3579222e-01	-2.6899716e-01	-2.2576138e-01	4.9219392e-02	6.0871568e-02	-9.6186891e-02	4.1646504e-01	-2.1392487e-02	2.3286065e-01	-8.4805779e-02	9.5201999e-02	1.7717384e-01	5.3037375e-02	2.7961046e-01	-1.6074958e-01	-2.1810912e-01	-1.8626040e-01	2.0349273e-01	-1.2241627e-01	-2.6666215e-01	1.6817196e-01	1.7462862e-01	2.7842367e-01	2.9240912e-01	-2.4606389e-01	2.7335423e-01	2.3953332e-01	-3.5654076e-03	-2.8378975e-01	3.2631755e-01	1.5738997e-01	1.8494879e-01	-2.9838973e-01	1.1288106e-01	1.4889601e-01	1.0698405e-01	2.2234601e-01	3.9506964e-03	2.2962086e-01	2.3578353e-01	-2.4037206e-01	8.1056103e-02	3.5207146e-01	2.3078129e-01	-6.3249923e-02	9.9056475e-02	-2.6236758e-01	1.8056761e-01	-1.7172463e-01	-8.1790388e-03	1.5840670e-01	1.0004061e-01	-2.3468849e-01	-2.3355281e-02	2.0486802e-01	2.1549420e-01	1.5318096e-01	4.6313830e-02	-2.9605347e-01	2.5559878e-01	-2.5146505e-01	-1.5821616e-01	1.2263327e-02	-1.1155115e-01	-2.8234217e-01	3.2539392e-01	-1.1805566e-01	4.2991001e-02	-3.0177274e-01	-1.7630763e-01	-1.7893577e-01	-1.1883019e-01	2.7115586e-01	7.2868347e-02	-1.0689677e-01	-1.1685900e-02	-1.2942171e-02	-2.5794685e-01	2.2097063e-01	-2.5584820e-01	-1.4616565e-01	2.3405173e-01	1.5084650e-01	4.7995070e-01	6.9566980e-02	2.2672106e-02	-1.0396740e-01	-2.2878355e-01	-3.4247163e-01	-7.6546770e-01	-1.5959345e-01	-4.5079783e-01	3.0349141e-01	-2.4039841e-01	-6.7410477e-02	-2.0482914e-01	1.5453547e-01	1.2100598e-01	2.2463238e-01	4.7870061e-01	-2.8829437e-01	1.4892581e-01	-3.4298256e-02	2.7056560e-01	-8.0033243e-03	-2.0453489e-01	3.6252415e-01	-2.2001791e-01	2.5058258e-01	1.2666291e-01	1.8573479e-01	2.5396230e-02	-1.6299622e-01	-2.2361538e-01	2.0868437e-01	-2.7594827e-02	-1.8571191e-01	-4.3909511e-01	-1.1375180e-01	2.2460251e-01	-7.7727966e-02	-3.6151301e-02	-2.6634556e-01	-7.2445667e-01	1.8647492e-01	1.2024185e-01	-6.8527997e-02	2.2925124e-01	-1.8085064e-01	-6.7311235e-02	-2.6559240e-01	-5.6758922e-01	3.5090768e-01	-6.1195618e-01	3.5132967e-02	2.8487018e-01	1.4944527e-01	2.8111759e-01	-3.4420289e-02	1.4764857e-01	2.0970503e-02	-1.3845482e-01	-4.8664294e-02	-5.5663828e-03	8.5820571e-02	-2.6064438e-01	7.3935829e-02	2.1517099e-01	-2.8460881e-01	-1.6230632e-02	-4.1243091e-02	-2.2990331e-02	-3.5835087e-01	1.5362218e-01	1.1647690e-01	-2.5970978e-01	1.9399187e-01	5.2468561e-02	-2.0339161e-01	2.8319582e-01	1.9419019e-01	-8.6014591e-02	-1.8810102e-01	-6.8601921e-02	1.9334574e-01	2.2538260e-01	1.9488473e-01	-6.9240250e-02	-1.2972406e-01	-1.2033252e-01	6.3321672e-02	1.1320806e-01	1.9519760e-01	-1.5098871e-01	-2.5922978e-01	1.2671293e-01	3.8248929e-01	2.6373306e-01	-1.2791835e-01	3.4247103e-01	-7.7019341e-02	2.8265625e-01	-7.4591450e-02	2.6384798e-01	-2.2361679e-01	-1.8254218e-01	1.2487570e-01	2.2709389e-01	2.0842503e-01	-3.0343518e-01	1.9997774e-01	3.0469149e-01	1.5336990e-01	-2.2126881e-02	2.4602593e-01	2.9011166e-01	-3.9019465e-02	-1.0946971e-01	-2.0207299e-01	-1.3652469e-01	8.5267574e-02	1.3005544e-01	-5.7496674e-02	2.0048186e-01	5.1665571e-02	-2.1864013e-01	-3.3014551e-01	-1.3412669e-01	4.9196097e-01	1.2399417e-01	2.7891433e-02	4.6151966e-02	1.8886274e-02	1.7864129e-01	4.9704867e-03	-3.1076354e-01	1.4290351e-01	3.6296663e-01	-6.6654333e-03	-6.9574982e-02	-2.9822999e-01	-1.7794433e-01	3.0378866e-01	1.5732622e-01	4.0630966e-02	-8.7145813e-02	-1.3027690e-01	-8.6030118e-02	-2.4707776e-01	5.3493865e-02	-1.5253128e-01	-1.4118142e-01	2.3152530e-02	1.1250097e-01	1.6768442e-02	3.8563281e-01	-2.3919280e-01	2.0626235e-01	4.3849219e-02	9.7964229e-03	-2.6922601e-01	-4.5833141e-02	2.3944929e-01	6.4992562e-02	-7.2165206e-02	3.6784852e-01	-2.0527872e-01	2.0450619e-01	-1.2006795e-01	-8.7267987e-02	-2.7196115e-01	-4.6844281e-02	6.6310965e-02	-3.8509580e-01	5.7385702e-02	-2.2148609e-01	1.8574083e-01	-1.9611874e-01	-7.0268929e-02	2.4070053e-01	1.6361828e-01	-1.1961105e-01	-1.3285564e-01	1.4655699e-01	1.9959328e-01	3.4211457e-02	-2.2261794e-01	6.2104139e-02	1.9059499e-01	1.6318927e-02	1.0402196e-01	1.5367903e-01	5.2222323e-01	-3.0448970e-01	1.6688696e-01	-2.6780504e-01	6.8765253e-02	-7.6541968e-02	-8.0422550e-02	-1.0918743e-02	-1.2961884e-01	3.0786371e-01	2.9689560e-03	-9.7342961e-02	6.1130417e-03	3.0025346e-02	-1.9234963e-01	2.4809852e-01	-6.8880990e-02	-4.3181099e-02	2.2120318e-01	3.1173596e-01	-2.8606254e-01	-1.3166361e-01	2.3566967e-01	1.2150912e-01	-9.0744793e-02	2.5500885e-01	3.3835718e-01	-2.8489447e-01	-2.4371234e-01	1.5076432e-01	1.8537775e-01	-2.3540946e-02	-2.4782911e-01	-3.1985313e-02	1.0056559e-01	4.1836694e-02	-2.0433900e-01	-2.9965749e-01	5.1914155e-03	1.8924923e-01	3.1834610e-02	1.8920831e-02	-2.6300073e-01	-1.6545027e-01	-2.9157925e-01	-1.8743497e-01	-5.0376832e-01	-2.1540582e-01	-9.9978402e-02	-3.7221432e-01	-1.2736212e-02	-2.5882101e-01	1.4357243e-01	-7.1971834e-01	2.0257029e-01
7.6328062e-02	-1.8950531e-01	8.8888429e-02	-5.9475219e-06	-1.8044369e-01	-1.9079804e-01	1.1786383e-01	1.5991238e-01	1.0777932e-01	6.3930817e-02	1.1238067e-01	1.1195817e-01	2.8423849e-01	2.4735959e-01	3.0752772e-01	-2.5073913e-01	3.1264687e-01	1.4684340e-01	-2.1433827e-01	2.3909937e-01	2.7024150e-01	4.1786745e-01	-6.0664304e-02	-2.1887498e-01	1.8713626e-01	-2.3588400e-01	7.7189584e-03	3.7217665e-01	1.0666133e-01	1.7513612e-01	-2.9867828e-01	-8.5012239e-01
