9
input	21
dense	32
relu	0
dense	32
relu	0
dense	32
relu	0
dense	1
linear	0
7.999999979801942e-06
1.1767469e-01	-5.0269984e-02	3.2904882e-02	-1.7442344e-01	0.0000000e+00	-1.7366804e-02	-4.1407965e-02	-8.9681357e-02	-2.9932419e-02	1.4941457e-02	0.0000000e+00	6.2442400e-02	-9.3071917e-03	-2.2458432e-03	0.0000000e+00	-1.2538260e-01	2.8191650e-02	7.7136949e-02	3.6312971e-02	-9.1848113e-03	-2.6377842e-02	-1.4808930e-02	1.7474890e-02	-7.4005879e-02	-1.2611155e-01	-9.4749644e-02	-1.0826012e-01	-4.3815423e-02	-9.4518706e-02	-1.0610839e-01	-5.6434963e-03	-4.0577534e-03
-9.6843680e-03	1.9718768e-02	-1.6542235e-02	-1.7995130e-02	2.7356567e-02	-5.6110665e-02	-2.2635514e-02	-5.8500882e-02	-6.4935975e-02	8.7912090e-02	-7.1545698e-02	-7.9589054e-02	-2.5148025e-02	-5.8687855e-02	-2.8352944e-02	-5.6927074e-02	-6.3973842e-03	-6.1502971e-02	-2.6358975e-02	5.2708395e-02	3.7396505e-02	-6.8041772e-02	-7.0250936e-02	-4.9123127e-02	6.2584328e-03	-4.8615318e-02	-5.2906442e-02	6.9054507e-02	-7.9356946e-02	-6.7632264e-03	-1.8051328e-02	-4.2401738e-02
1.0091338e-04	-1.3264010e-02	-3.2818634e-02	-1.2582205e-02	-1.7418414e-02	-4.9572926e-02	1.5448548e-02	-9.2419693e-03	-4.1343015e-02	-1.6396515e-02	-4.4217743e-03	9.2265233e-03	-4.5919634e-02	-1.9126879e-02	-1.2722787e-02	-3.5542708e-02	-4.5965098e-02	-1.4364052e-02	1.1748849e-02	-2.4356727e-02	-1.8411795e-02	-3.8403057e-02	-6.7801118e-02	-1.6913472e-03	8.6465161e-03	-1.5272581e-02	-5.2571423e-02	-4.1015670e-02	-2.3579789e-02	-4.1030146e-02	1.5304381e-02	-2.6139177e-02
7.8412279e-04
-5.8726376e-01	-8.8116795e-01	-1.1805072e+00	-8.8537121e-01	-3.4095645e-02	-9.4057187e-02	-4.6562888e-02	2.4343045e-01	-8.6362273e-02	1.4327735e-01	-4.6562445e-03	-9.3378842e-02	1.8439589e-01	5.8561362e-02	4.0435567e-02	4.0741169e-01	4.1721839e-02	7.7877082e-02	-1.8693081e-01	5.9030220e-02	5.1946528e-02	-1.4722742e-01	2.6276842e-01	2.3736893e-01	5.5302376e-01	1.9624136e-01	-6.8482414e-02	2.0431460e-01	1.2927313e-01	2.3761991e-02	4.2775538e-02	1.9855864e-01	2.1370168e-01	1.8514112e-01	2.3120612e-01	-4.9674496e-01	-2.7257088e-01	-2.0574537e-01	-3.7081569e-02	-7.6217532e-02	2.1577780e-01	-1.6238694e-01	1.1514522e-01	-1.4629059e-01	1.7724217e-01	-1.0550429e-01	-2.1460070e-01	3.2609931e-01	-2.3673254e-01	3.4581080e-01	-2.5671768e-01	-1.2177827e-01	-1.8014961e-01	3.2358441e-01	9.5351145e-02	2.9682717e-01	3.0004153e-01	2.5683969e-01	-2.8162289e-01	-1.3840947e-03	-1.3941874e-01	1.2030052e-01	-3.8528484e-01	-1.8687691e-01	-4.9478531e-01	-3.3148488e-01	2.1893924e-01	1.2667552e-01	1.0914753e-01	-1.3529126e-01	1.7589243e-01	1.5831922e-01	1.0580131e-01	1.6547018e-01	3.2845384e-01	-1.2251360e-02	-3.3606051e-03	1.8379891e-02	-4.0198469e-01	-2.2348183e-01	1.2235298e-01	-9.5973790e-02	-1.2982029e-01	5.8486447e-02	1.1823165e-01	-1.6032101e-01	-5.2697688e-02	-2.4017559e-01	4.4973195e-03	1.7667809e-01	3.1126469e-02	-1.0445490e-01	-2.2081992e-01	-4.4890374e-02	1.1111894e-01	-1.3029949e-01	3.7381381e-02	2.9444841e-01	-2.0598596e-01	1.1598584e-01	-2.6140895e-01	1.4904371e-01	2.4147484e-01	-1.4242509e-01	-1.0204865e-01	1.8459164e-01	1.6176251e-01	-2.6097855e-01	1.7871849e-01	2.0561847e-01	2.7802732e-02	1.4062610e-01	-3.0474398e-02	9.5322140e-02	1.5977502e-01	3.0820468e-01	3.4306836e-01	-3.0930859e-01	2.9518589e-01	-2.4544433e-01	-8.0164388e-02	-2.7480090e-01	-1.5153028e-01	2.9224041e-01	1.3021523e-01	-1.3467410e-01	-1.2227287e+00	-1.4736565e+00	-8.7244081e-01	1.6375379e-01	2.9896671e-01	-4.9710114e-02	2.0939410e-01	-2.3650482e-01	4.0374242e-02	-4.9831457e-02	2.3465875e-01	-1.8138638e-01	1.7197885e-02	8.0208980e-02	-7.1775548e-02	-2.2681102e-01	9.8384626e-02	4.0449601e-02	-1.8025680e-01	1.3915977e-01	9.6707225e-02	1.3282277e-01	7.0544675e-02	3.2618070e-01	5.5261213e-01	2.6350677e-01	-7.6800250e-02	-7.7768527e-02	1.2202540e-01	3.0023459e-01	3.3930239e-01	2.3717381e-01	2.6310691e-01	-1.4726710e-02	-1.3275529e-01	-2.5201452e-01	-1.6482328e-01	-5.4784465e-01	-1.8791636e-02	3.2800949e-01	3.9402481e-02	1.1762676e-01	-2.4638439e-02	3.0537820e-01	-1.3352965e-01	2.7911264e-01	1.3736624e-01	2.2282609e-01	8.3070830e-02	5.5498234e-03	-5.5120170e-02	1.0093948e-01	3.6999989e-01	-2.5306469e-01	2.8538567e-01	-1.9130199e-01	2.4353075e-01	-2.0900910e-01	-3.5424430e-02	9.4015077e-02	3.5418397e-01	2.6556427e-02	3.2121512e-01	6.0627867e-02	1.3118738e-02	-4.6984354e-01	8.1316181e-02	3.1438082e-01	-7.8111976e-02	-1.0089882e-01	1.2098929e-01	-3.2546014e-02	6.0290392e-02	2.3483431e-02	2.4839913e-02	4.1380826e-02	-1.5737633e-01	5.0267231e-01	1.8081264e-01	9.8709598e-02	-1.0134598e+00	-8.3743401e-02	1.5818335e-02	-4.2695564e-01	3.2164499e-01	-2.1788231e-01	1.6739312e-01	-3.3268529e-01	-3.0486178e-01	-1.7368972e-02	1.9935378e-01	-1.0625517e-01	-9.2966557e-02	-5.1470190e-02	2.4816272e-01	2.1162853e-01	1.1963707e-01	2.1773389e-01	-7.1932554e-02	1.8594036e-01	1.5135980e-01	-6.4145774e-02	3.6864132e-02	9.0989798e-02	-2.0229083e-01	-6.1741632e-01	-8.3006722e-01	-6.8614936e-01	-7.7313179e-01	-5.6257308e-01	1.1009802e-01	6.5145217e-02	-7.2735056e-02	-1.8810867e-01	1.0043123e-01	-5.3690922e-02	1.7547598e-01	1.2125152e-01	1.6332923e-02	2.6798180e-01	-1.5867996e-01	2.1000406e-02	-2.1114454e-01	-3.1344163e-01	6.6917120e-03	-5.6697887e-01	-7.5380661e-02	4.2071074e-01	2.7975896e-01	-1.2778504e-01	-6.6087078e-03	9.2391863e-02	-4.6384346e-02	-2.7088553e-01	-4.1597044e-01	-6.7018920e-01	4.5606881e-02	3.1075308e-01	1.9390070e-01	2.4163775e-01	-3.7232739e-01	9.8986149e-02	-1.8532659e-01	-1.6286901e-01	-2.1474281e-01	-4.8181147e-04	-2.7561742e-01	1.0201745e+00	5.8946323e-01	-4.2343718e-01	-1.0763307e+00	-1.0411462e+00	-2.7267420e-01	1.9312631e-01	-1.9344954e-02	9.2362396e-02	-5.3822629e-02	4.9650423e-02	-1.2401078e-01	-2.3089784e-01	-2.6050225e-01	3.8069636e-01	-5.4004811e-02	-1.8940397e-01	9.7199224e-02	-1.0091170e-02	1.0569210e-01	-6.0184635e-02	-3.0955580e-01	-6.5541327e-02	-2.6851651e-01	-2.3218738e-01	2.8388962e-01	3.3260676e-01	-1.9302024e-01	2.1706757e-01	9.4432950e-02	-2.6112971e-01	-2.5521690e-01	8.8288248e-02	3.2643566e-01	-1.4382924e-01	7.3797733e-02	3.1105199e-01	1.8416950e-01	-3.9286435e-02	3.2395914e-01	1.5165508e-03	2.3793307e-01	7.4888366e-01	2.4833755e-01	3.9606822e-01	3.3617055e-01	3.0030230e-01	-1.5038747e-01	5.4132589e-03	-1.5718715e-01	2.1125905e-02	1.4992118e-01	6.5129988e-02	2.0673582e-01	-2.5987560e-01	-1.2804931e-01	2.4983651e-04	-1.9409712e-02	-3.4363616e-01	-7.5172141e-02	-4.8175909e-02	9.0558164e-02	-2.8756747e-02	-3.4860319e-01	-1.7717443e-02	-3.9582741e-01	-2.9165053e-01	1.3742253e-01	1.9600360e-01	-1.0014125e-01	7.4312188e-02	-2.5070792e-01	1.1294331e-01	-9.2031687e-02	2.4254058e-01	-1.6549755e-02	-1.1835551e-01	2.5000075e-01	2.5936177e-02	-2.2579239e-01	3.7149835e-01	1.7722481e-01	3.3737695e-01	-5.1006949e-01	-1.5493032e-01	-1.1603326e-01	-6.9719285e-01	-1.0615536e+00	-1.0286255e+00	1.5723294e-01	3.3276893e-02	-1.0745703e-01	-3.4303400e-01	-1.4506187e-01	4.1987857e-01	-1.2719429e-01	-2.4349655e-01	-2.6514739e-01	1.3787404e-01	-2.2333558e-01	-4.1290063e-01	-2.7916202e-01	1.7121996e-01	-6.5931410e-02	4.3425150e-02	9.4874553e-02	8.4008045e-02	3.8653087e-02	-1.2148821e+00	-1.7602911e+00	-7.1796781e-01	-2.4336967e-01	1.2122408e-01	-6.3068070e-02	5.1705725e-02	-5.5683963e-02	1.7839314e-01	1.6549705e-01	2.1112838e-01	-2.9429762e-02	-1.0583116e-02	-4.2780567e-02	1.4513563e-01	-2.8437376e-01	1.0111500e-01	-6.6353008e-02	-1.3871006e+00	-1.1258383e+00	-7.5257003e-01	1.7747574e-01	2.4240258e-01	4.9295072e-02	-1.0871471e-01	1.2832481e-01	-2.2286995e-01	7.2332449e-02	-2.0061514e-01	-8.0981568e-02	2.6457781e-02	3.5074598e-01	4.5361048e-01	-2.1569829e-01	-1.4567542e-01	-1.9023374e-01	-1.4831956e-01	3.9965119e-02	-1.0283629e-01	-2.6764566e-01	5.3853400e-02	1.3289542e-01	1.6356601e-01	2.5644875e-01	1.8848643e-01	1.1626944e-01	-3.4995928e-01	-3.0034536e-01	2.3555252e-01	1.7158172e-01	-3.1070718e-01	3.4781697e-01	2.0689571e-01	-3.7939370e-02	-2.6641071e-01	3.8177021e-02	-1.1590178e-01	3.2954049e-01	5.1144574e-02	-1.2307493e-01	-2.8015381e-01	2.7224028e-01	5.7026204e-02	-2.4898732e-01	-2.4478573e-01	-1.2867049e-02	3.0091959e-01	-6.0652070e-02	1.1982695e-01	-2.5486761e-01	5.3812873e-02	1.2397285e-01	-1.9288248e-01	9.6830674e-02	3.1203616e-01	-1.4374842e-01	7.8951895e-02	7.4269772e-02	1.8425357e-01	-3.1388876e-01	1.5497476e-01	-7.8577894e-01	-1.0377853e+00	-5.5559015e-01	-3.1073764e-01	-2.7540127e-02	5.1162880e-02	-2.1306498e-01	7.1017757e-02	2.9422918e-01	-2.3090008e-01	2.0778248e-01	1.0176868e-01	-2.2568676e-01	2.9409349e-01	-2.8538191e-01	-2.9274818e-01	-8.6091526e-02	-9.6487783e-02	-2.1767099e-01	-6.1594244e-02	-1.9804743e-01	2.7536708e-01	8.1509340e-01	8.5595602e-01	7.8380793e-01	-5.7452090e-02	-7.1376815e-02	7.8243427e-02	-8.1128851e-02	-3.6990699e-01	3.3135739e-01	3.2162201e-01	-1.0553768e-01	-1.4588548e-01	-1.3100359e-01	-2.7136064e-01	-2.6611051e-01	3.4979171e-01	-2.0528045e-01	-1.7823079e-01	1.4611317e-01	-2.4984306e-01	8.7232701e-02	1.0561041e+00	8.2648927e-01	9.1078311e-01	4.7906950e-01	-1.3899708e-02	-1.6785595e-01	1.5818889e-01	-9.3704328e-02	1.6140735e-01	-1.4138319e-01	1.7795552e-01	-3.3324140e-01	9.7368294e-03	-2.9610911e-01	-1.4797266e-01	-1.2145824e-01	6.6176549e-02	-1.0082666e-01	-1.0219163e-01	-2.2029254e-01	-3.4583509e-01	2.8343285e-02	-3.3813769e-01	9.9840999e-02	2.2933973e-01	4.4115588e-02	8.0336437e-02	1.0829573e-01	9.6182086e-02	1.2624891e-02	-6.2382706e-02	1.0368283e-01	-8.8308662e-02	6.1121866e-02	3.6834490e-01	-2.0136125e-01	-5.0071156e-01	-8.2743980e-02	1.1554646e-01	-4.5510402e-01	-1.8744342e-01	1.8095869e-01	2.1636022e-02	5.9943837e-01	3.6667016e-01	8.4394261e-02	-2.6648030e-01	2.0736499e-01	-4.5919482e-02	-5.7636742e-02	-1.2443773e-01	-1.9586103e-01	-2.1787974e-01	-1.2283290e-01	3.6215630e-01	-2.3400362e-01	-1.7006651e-01	3.0022731e-01	-1.0731956e-01	-2.0576148e-01	1.0395207e-01	-1.2943561e-01	2.2270122e-01	9.4945610e-01	7.8996474e-01	6.0667747e-01	1.6914452e-03	-1.8782799e-01	-2.0402512e-02	2.1915603e-01	2.6428886e-02	-1.8765755e-02	-7.8242131e-02	1.1159665e-01	1.2635151e-01	-2.5136504e-01	-4.7590080e-01	-3.6297807e-01	8.3542265e-02	-1.7842543e-01	6.0218532e-02	1.3505504e-01	1.2080033e-01	9.9453646e-01	1.0079252e+00	1.4456961e-01	2.3247324e-01	-9.4151206e-02	-2.4370138e-01	1.0567750e-01	-4.5922019e-02	6.9632240e-02	-2.1045804e-01	-6.8418927e-02	-1.1944482e-01	-2.8787291e-01	2.4453732e-01	-1.5525089e-01	1.6245878e-01	-2.8326849e-02	-3.6650094e-01	-1.8149710e-01	1.4372581e-02	-1.2681761e-01	1.0364658e+00	9.8834503e-01	-6.1129909e-02	-9.8693676e-02	-3.2693997e-01	-1.5809685e-01	2.6748806e-01	1.0940769e-01	1.3354055e-02	-2.7612142e-02	1.8956029e-01	2.9297194e-01	-2.0498069e-01	-8.8579081e-02	9.6305899e-02	-1.7122458e-01	-3.5994276e-01	-1.0759666e-01	-2.2790202e-01	-2.3041824e-01	-2.0798422e-02	-1.6172969e-01	-2.8371793e-01	-1.6784692e-01	4.4484835e-02	3.1375578e-01	1.2525979e-01	-1.0103850e-01	1.1364866e-01	-5.4344893e-02	-1.3636145e-01	8.0574781e-02	-1.1162427e-01	1.4533512e-01	7.2761342e-02	-3.1619650e-01	1.3908599e-01	1.1964428e-01	2.7537456e-01	3.0431166e-01	1.8588945e-01	3.6353040e-02	-2.2849126e-01	7.3253877e-02	-7.0878342e-02	1.7009030e-01	2.9486212e-01	1.2105776e-02	1.2422406e-02	1.7963804e-01	-3.0990365e-01	-2.0653303e-01	2.0384373e-01	-8.6315915e-02	-9.6190915e-02	1.9331929e-01	5.2070864e-03	-5.4516058e-02	-2.7719268e-01	-8.1157386e-03	2.2656041e-01	-9.9119477e-02	-7.6962769e-02
4.4979975e-02	8.8477150e-02	1.3635658e-01	2.6259977e-01	-7.4758708e-02	1.3757256e-01	1.6819129e-02	1.3605446e-01	4.7125813e-02	1.4620118e-01	9.9467635e-03	4.8722140e-04	-4.0468651e-01	-6.1865114e-02	-1.7796993e-01	2.5976416e-01	1.2921296e-01	5.2657478e-02	-2.8330928e-01	-3.0292401e-02	-2.4434869e-01	-1.4628652e-01	-3.8911495e-02	-1.1597786e-01	-5.9140798e-02	9.0473883e-02	1.9907726e-01	-2.8157604e-01	1.9378577e-01	-2.3699448e-01	-1.9913459e-01	2.9242089e-01	1.5144455e-01	1.7893560e-01	-1.0044279e-01	2.3230918e-01	-9.7256869e-02	-2.3065138e-01	-1.8147301e-03	2.3161808e-01	-1.8347132e-01	-5.1505458e-02	-1.7543361e-01	1.5211719e-01	1.2154067e-01	1.6442147e-01	1.1044696e-01	-2.1250784e-01	-2.6152727e-01	-2.3843674e-01	-1.0171634e-01	-1.7897774e-01	-2.9981437e-01	-2.2636652e-03	-9.7241007e-02	-2.4217294e-01	-2.0066725e-01	-3.7813863e-01	-2.6348021e-02	7.4048549e-02	-1.1703873e-01	5.2760072e-02	1.6598383e-01	-1.7705774e-01	2.7235085e-01	-8.5761666e-02	7.1360342e-02	-1.2175733e-01	-2.6316938e-01	-6.6571392e-02	-1.4192402e-01	9.3770243e-02	1.1389703e-01	1.0957098e-01	3.0070662e-02	-1.8618935e-01	5.7544392e-02	-1.1327499e-01	2.7056268e-01	-1.4787713e-01	2.8702687e-02	-3.1507334e-01	1.5575716e-01	8.0378100e-02	-1.5080334e-01	-2.9306021e-02	1.4487006e-01	2.4324289e-01	7.2146351e-03	-2.2650214e-01	1.2776245e-01	-1.6480762e-01	-3.7293938e-01	7.4956134e-02	1.0220216e-01	1.9313747e-01	-2.0601159e-01	-1.0674907e-01	2.0434900e-01	-4.0123507e-02	-1.7934884e-01	-2.0004533e-01	-3.0704150e-01	-6.2683553e-01	-1.7312057e-01	8.8183060e-02	2.7867928e-01	-1.0226237e-01	9.8463155e-02	2.2360186e-01	1.4154553e-01	2.3920004e-01	1.7874719e-01	-1.2294924e-01	3.2464537e-01	-1.8639815e-01	2.7456322e-01	-2.8819349e-01	-2.2306064e-01	-1.4923973e-01	1.3966495e-01	-2.0458058e-01	1.8921004e-01	1.7725194e-01	1.9179443e-01	-6.0642492e-02	3.0588123e-01	2.9594502e-01	6.1024610e-02	-4.5036753e-03	1.2853050e-01	-1.6600795e-01	1.0062146e-01	-1.8034616e-01	3.1257119e-02	3.7434721e-01	1.9570972e-01	-1.7775181e-01	-1.4515731e-01	-2.1982227e-01	7.7878259e-02	2.9505366e-01	-6.8827555e-02	2.0186494e-01	1.0795670e-02	-3.4045792e-01	-7.8153834e-02	-4.7323663e-02	1.8317202e-01	-2.9098549e-01	-1.9809781e-02	1.7456032e-01	-1.2710574e-02	-4.1457950e-04	-3.0392203e-01	6.6329405e-02	-1.4642215e-01	1.0744667e-01	-4.1027203e-02	-2.6692945e-01	-4.1904397e-02	1.4853954e-01	3.2117859e-02	1.7187175e-01	3.3527821e-02	2.3599226e-02	-1.3472882e-01	3.9007828e-01	3.2510764e-03	8.8600501e-02	2.2264150e-01	-2.3703490e-01	-2.8994319e-01	1.1394931e-01	2.6790807e-01	2.3075077e-01	-2.6876435e-02	-1.6402070e-01	7.0780821e-02	1.7201401e-01	-1.3489620e-02	6.2850878e-02	2.4038250e-02	8.1164725e-03	-7.9090580e-02	-1.4092837e-01	2.1724561e-01	1.1699959e-02	3.2309104e-02	3.1338361e-01	-1.1364283e-01	1.5099032e-01	1.7916980e-01	1.5387857e-01	-2.3322117e-01	6.0187664e-02	-2.8198743e-01	1.5315992e-01	1.5400234e-01	2.4803737e-01	-1.9558293e-01	6.3017607e-02	1.3923347e-01	7.3962748e-02	3.0194795e-01	1.2530138e-01	-9.3984112e-02	7.2359785e-02	-1.3759460e-01	2.3953526e-01	1.0459282e-01	-2.8526729e-01	-8.0211915e-02	-1.6592592e-01	-2.1953790e-01	-1.4023252e-01	9.2332907e-02	1.5749499e-01	2.0089909e-01	-1.8494149e-01	1.9869313e-01	-1.0006598e-01	2.6027808e-01	-8.8863827e-02	-3.1754431e-01	8.8555396e-02	-3.5000075e-02	-1.9966675e-01	-2.1448280e-01	-9.5588572e-02	2.7320716e-01	-1.5107122e-01	-2.4206573e-01	-2.2716569e-02	8.3137691e-02	1.2225110e-01	-1.7991638e-01	2.1666119e-01	2.1023646e-01	2.8288332e-01	2.3399718e-01	-9.4461888e-02	-2.8725800e-01	-7.1656294e-02	2.3704258e-01	1.9084662e-01	3.1225946e-02	2.2433810e-02	2.5982872e-01	-4.4651300e-02	-9.3824483e-02	-1.4097515e-01	-2.8215006e-01	-1.2887004e-01	2.1107905e-01	-5.7251289e-02	-3.6074021e-01	-4.6532772e-02	1.2416091e-02	1.3520454e-01	-4.5094073e-02	1.2765406e-01	-1.3808419e-01	1.6653652e-01	-9.6722268e-02	7.9596387e-03	-9.9876046e-02	-3.8678211e-01	1.9778253e-01	-1.5766990e-01	-1.7082012e-01	2.4083392e-01	-2.5786574e-03	-2.6977560e-01	1.1987793e-01	-1.7011814e-01	2.1085885e-01	-1.9418202e-01	-1.9990088e-01	1.5558045e-01	3.2440564e-01	1.7371196e-01	-5.9960622e-02	1.8738607e-01	2.6439577e-01	5.5646151e-02	1.4614502e-01	1.0500076e-01	4.7544349e-02	1.3417646e-02	-3.4403503e-02	3.8421485e-01	-8.6208165e-02	-2.3922947e-01	2.3752575e-01	-5.5094528e-01	1.2425850e-01	3.3996326e-01	1.5295494e-01	1.0800590e-01	-1.7355205e-01	-4.3901113e-01	-3.0444479e-01	2.0308518e-01	-2.9045829e-01	-2.3120636e-04	-4.4648433e-01	4.9588936e-03	1.8009411e-01	2.0554650e-01	1.8885916e-01	-1.5687753e-01	-2.0038646e-02	2.3653598e-01	1.3628028e-01	-4.2021078e-01	-2.2821936e-01	4.2945668e-03	1.8393371e-01	-6.9498874e-02	-3.3399156e-01	1.8701953e-01	-9.0850189e-02	2.7882260e-01	1.3124773e-01	2.8713634e-02	2.1735413e-01	3.3059984e-01	-1.2742935e-01	-9.6260913e-02	-3.0078292e-03	-3.3793229e-01	9.6837565e-02	-2.9471785e-01	2.3894444e-01	-1.2966664e-01	-6.8150409e-02	-2.8915384e-01	-2.7553397e-01	-1.6006198e-02	-1.7424427e-01	9.0441354e-02	2.1768005e-01	3.0167726e-01	2.5659505e-01	1.4611317e-01	1.6980577e-01	1.6846466e-01	-9.6900016e-02	-1.3924135e-01	8.3850011e-02	3.0009291e-01	1.0345900e-01	-1.2460992e-01	-1.9287969e-01	-2.1812411e-01	-3.0343863e-01	2.0083246e-01	-1.8010309e-01	-2.5126842e-01	-1.5615359e-01	-2.9748350e-02	-1.1888830e-01	-8.3881706e-02	-2.7778181e-01	6.6578142e-02	-1.6220766e-01	-1.8045828e-01	1.4321089e-01	-1.9933024e-01	3.3385925e-02	-1.3446561e-01	2.2979006e-01	2.8037068e-01	1.8449423e-01	-8.7426141e-02	3.2750670e-02	1.9465655e-01	-1.5797421e-01	1.8149555e-01	-2.9325077e-01	-1.3580112e-01	3.0817896e-02	5.5425555e-02	1.6827260e-01	-1.9810809e-01	-2.5042415e-01	2.1007371e-01	4.6085000e-02	8.9615762e-02	-2.0416972e-01	1.0259213e-03	3.7851691e-02	-2.5759017e-01	-2.9966635e-01	2.3905213e-01	-1.7675027e-01	-1.3800809e-01	2.5303784e-01	1.5579918e-02	2.4334999e-02	1.3158849e-01	1.4779934e-01	-2.8214870e-02	2.9016760e-01	-1.8100412e-01	-3.9307061e-01	-2.7277388e-02	-5.2573949e-02	-1.6527772e-02	9.1969356e-02	-1.0786016e-01	-2.8289321e-01	-2.3899339e-01	9.7562373e-02	-1.8325078e-01	-2.2369686e-01	-1.2260115e-01	7.4916272e-03	2.0331410e-01	2.0751378e-01	2.3150471e-01	1.9357567e-01	-4.7986921e-02	2.5095192e-01	-5.9833683e-02	-2.9431459e-01	3.0133544e-02	1.7359625e-01	1.2567948e-01	1.1411414e-01	5.6514144e-02	1.7383227e-01	8.7806702e-02	4.8809472e-02	1.0247137e-01	1.7965856e-01	1.8435555e-02	-1.7661639e-01	-2.5142390e-01	1.9074109e-01	2.1447096e-02	-2.7184659e-01	1.3787376e-02	-3.1083819e-01	1.1209375e-01	-2.4133132e-01	-4.2719431e-02	-2.6256505e-01	-1.3947710e-01	-4.2213559e-02	1.9192682e-01	-2.0596132e-01	-2.3994040e-01	2.5765485e-01	2.6356485e-01	-2.4129274e-01	-5.7941869e-02	1.5534577e-01	-2.1492629e-01	8.6751312e-02	9.6065469e-02	7.9467237e-02	1.1237942e-01	-2.2390759e-01	2.1844351e-01	-3.5864841e-02	-2.9280880e-01	2.4446189e-02	1.2279639e-01	-2.9331374e-01	-9.3897142e-02	-1.6671669e-01	2.8433663e-01	-3.1538227e-01	-1.0930649e-01	-1.8751377e-01	1.7135409e-01	-1.4076786e-01	-7.7821285e-02	-3.5957685e-01	3.1315726e-01	-2.2762425e-01	-2.3669568e-01	-1.1171432e-01	-2.8979474e-01	-1.8518692e-01	6.1435574e-01	3.1793049e-01	-4.8499312e-02	-2.0372400e-01	-1.4319080e-01	-1.5551144e-01	9.7513840e-02	-4.6992242e-02	6.4407468e-02	8.4313028e-02	-7.6871201e-02	-1.2067800e-01	7.5600937e-02	-7.6145470e-02	1.5263414e-01	6.9705978e-02	3.1408135e-02	-9.8967336e-02	-1.9724043e-01	2.5229621e-01	-2.7464671e-02	1.2830006e-01	4.1481055e-02	1.2094990e-01	-1.1164868e-01	1.6015956e-01	8.5094929e-02	-3.3826537e-03	8.7341756e-02	2.2862330e-01	-8.6480349e-02	6.0304888e-02	-4.8986700e-01	2.6975271e-01	2.5845209e-01	-2.1632880e-02	-2.1037038e-01	3.3191457e-02	1.1268746e-01	-1.0314465e-02	1.7500405e-01	1.2963986e-01	-3.8688082e-01	2.5197843e-01	5.1652052e-02	-2.0970330e-01	-2.8878367e-01	-1.4940874e-01	-1.9799215e-01	1.6131718e-01	-6.3497543e-02	1.8368144e-01	-2.0953296e-01	-2.7390710e-01	-7.4682176e-02	-2.6335675e-01	2.0321542e-01	-3.9516702e-01	1.5502833e-01	-2.6805267e-01	5.0661214e-02	2.1954402e-01	-6.2016916e-02	3.3864982e-02	2.6657566e-01	2.9193965e-01	-4.1515696e-01	1.3690335e-01	8.9284303e-03	-1.6030157e-01	-3.0048332e-01	2.7354440e-01	-1.3194934e-01	-1.8876651e-01	-5.3306621e-01	5.9854981e-02	1.3668521e-01	1.7228504e-01	4.0959407e-02	7.4263349e-02	-6.9050831e-03	2.3550957e-01	1.9194581e-01	2.1430112e-01	3.7471682e-01	-2.1779993e-01	1.5778849e-01	-3.1035643e-02	2.4205282e-01	-2.1309941e-01	1.9348332e-01	-9.6747488e-02	3.5977620e-01	-2.2428632e-01	1.2797670e-01	3.0783474e-01	-9.6600197e-02	-5.9079822e-02	-9.1348760e-02	-1.7759813e-01	-1.9038831e-01	-9.3663901e-02	1.0694950e-01	2.0888075e-01	2.0965186e-01	-1.2823015e-01	-3.1866410e-01	-2.5582659e-01	1.2183572e-01	1.4965994e-02	2.1730182e-01	-2.2374786e-02	-1.4538887e-02	1.8750444e-01	4.0945458e-01	-2.0218742e-01	-4.1765761e-02	2.7960739e-01	1.0593192e-01	-2.6665193e-01	-1.1849058e-01	1.8300717e-01	-2.8113589e-02	-1.2907241e-01	4.8135435e-03	1.4937964e-01	1.0459298e-01	-3.2213941e-02	-2.7224046e-01	1.5604994e-01	-1.2418974e-02	2.8621390e-01	2.3335281e-01	-3.1377557e-01	2.2343639e-02	-4.2583942e-02	1.3858062e-01	6.8114668e-02	6.5021113e-02	2.4376850e-01	-3.0627632e-01	-2.3657683e-01	1.0449275e-01	-1.7913163e-01	-6.9689035e-02	-1.9747753e-01	1.8322188e-01	-1.8803430e-01	-1.2173102e-01	-5.3721271e-02	2.2362837e-01	2.5064376e-01	-1.8270132e-01	2.4369955e-01	2.4826284e-01	-2.9783016e-01	2.9231736e-01	-1.7196804e-02	1.4296412e-02	-2.2649623e-01	2.8828153e-01	-8.2746118e-02	2.4907161e-01	-3.6439002e-02	-9.8921120e-02	2.0120582e-01	-2.3308501e-01	2.7715322e-01	2.1680593e-02	-6.0912009e-02	-1.7511970e-01	-3.0573422e-01	-1.2668611e-01	-4.5625895e-02	-2.4626298e-01	-2.2523516e-01	-7.6228291e-02	3.5900860e-03	1.2354740e-01	-1.6596584e-01	-5.4556977e-02	-1.1047021e-02	-2.9573530e-01	-1.4818908e-01	-1.8816787e-01	-9.2025749e-02	1.7688927e-01	2.1607685e-01	3.9062065e-01	-2.6073277e-01	-2.2764322e-01	2.1834454e-01	6.8625547e-02	-7.6315790e-02	1.1440083e-01	9.5178843e-02	-1.9706148e-01	-9.2333190e-02	-2.2345084e-01	1.4585570e-01	2.4693738e-01	1.1375057e-01	-2.9056048e-01	-8.6990014e-02	-1.9051895e-01	5.8918856e-02	-2.0232451e-01	-8.2905479e-02	1.6838773e-01	2.6139796e-01	-4.8124328e-02	7.1004719e-02	-1.4353937e-01	1.2837417e-01	1.0188365e-01	-2.9712850e-01	-9.2738435e-02	2.4034588e-01	1.9829768e-01	2.5494900e-01	1.1438356e-02	-2.7657607e-01	1.6055325e-01	3.2801370e-03	-3.0445156e-01	-1.6550736e-01	-1.1635528e-02	-1.8974856e-01	-3.8973078e-02	7.6459713e-02	-1.1603977e-01	1.1657703e-01	-1.2765355e-01	2.0648411e-01	2.4546026e-01	-8.6827666e-02	-3.4030423e-01	-3.0160844e-03	-1.4458856e-01	-2.3752223e-01	-2.0956691e-01	4.3432668e-02	-2.2784311e-01	-8.3563931e-02	6.8490729e-02	-3.0470818e-01	2.4679959e-02	-1.5836039e-01	3.5086274e-03	-5.6354485e-02	-3.0403203e-01	-2.8975323e-01	-1.7451819e-02	1.9482389e-01	-1.3899796e-01	-9.1950558e-02	-2.5983769e-01	1.0925114e-01	2.0287482e-01	1.7683089e-01	1.5809727e-01	1.2871645e-01	2.6042214e-01	-1.2247722e-01	-1.9431931e-01	9.5491871e-02	8.2346603e-02	-1.8140441e-01	6.7031518e-02	1.8407539e-01	2.2949764e-01	-1.2396017e-01	2.3587519e-01	-2.1040207e-01	-2.3525703e-01	-2.3535663e-01	5.0343554e-02	-2.9198766e-01	1.0788351e-01	2.7522352e-01	-2.6647311e-01	2.4187464e-01	2.7257556e-01	1.7161936e-01	-2.2209802e-01	-2.2959793e-01	2.8089219e-01	1.5675491e-03	-4.2984641e-01	-3.0643600e-01	1.5051499e-01	-2.8971827e-01	3.9312042e-02	-1.1093450e-01	-7.6882509e-03	1.0674000e-03	-2.7121821e-01	1.4058809e-01	-3.3195573e-01	1.5424818e-01	-4.9589588e-03	-6.6117465e-02	-2.3430331e-01	-1.0405441e-01	-5.6823835e-02	1.6941775e-01	1.8703800e-01	1.8306030e-01	-3.3961430e-01	1.9791684e-01	9.5561989e-02	2.4065332e-01	-2.4401313e-01	-2.3591321e-02	1.5196747e-01	2.5955251e-01	3.1445643e-01	-2.3789281e-01	-1.5877391e-01	4.9495745e-02	7.9362981e-02	-2.7274655e-02	-2.1585345e-02	9.2479557e-02	-1.8322776e-01	-2.5094023e-01	-2.6960727e-02	-1.5684760e-01	-3.9591541e-04	1.1690451e-01	-7.7850953e-02	-4.7690935e-02	3.8514015e-01	-5.2495869e-03	2.7974334e-03	2.0592220e-01	-8.6539902e-02	3.2315776e-01	3.0620718e-01	4.0246822e-02	-2.3495038e-01	2.8983740e-02	-7.7133052e-02	1.7823541e-01	-2.9201537e-01	-4.6457220e-02	3.0306059e-01	2.6074824e-01	7.9029845e-03	2.2045889e-01	-1.6856399e-01	-2.1980387e-01	6.8070132e-01	-2.5346166e-01	-3.1857401e-01	-8.2418650e-02	-3.8074696e-01	-1.1513483e-01	-9.4053559e-02	2.3663977e-01	2.2566135e-01	-2.0726831e-01	-2.4522790e-01	-1.4881068e-02	1.3018297e-01	1.7240071e-01	2.4814084e-01	-4.0057197e-02	1.2167271e-01	-5.4074362e-02	2.5776628e-01	-1.6397193e-01	2.1136303e-01	1.0656872e-01	-1.8624064e-01	1.7538586e-01	-2.7560166e-01	1.5953192e-01	-5.0150804e-02	-1.1408877e-01	4.9360204e-01	2.1185240e-01	2.5470650e-01	1.5173575e-01	-3.1412721e-01	1.2111855e-01	1.7496587e-01	2.1205315e-01	-6.5776452e-02	-8.7820873e-02	-6.3184068e-02	-2.6547897e-01	-2.1875440e-01	2.8306344e-01	-1.9401564e-01	-2.6324728e-01	-1.3646343e-02	2.9980448e-01	1.2980843e-01	1.6888440e-01	-1.6360639e-01	-4.0138870e-02	1.7869544e-01	1.8615220e-01	-2.5421232e-01	2.5085509e-01	2.0373513e-01	3.0526844e-01	1.8677542e-01	-2.5586289e-01	2.1286634e-01	1.3889971e-01	-1.5703450e-01	2.6211950e-01	5.1445022e-02	1.2220523e-01	-2.5213566e-01	-2.9765230e-01	-2.4553573e-02	-8.5652426e-02	1.4921103e-01	-5.3397443e-02	1.6409129e-01	1.7279595e-01	-1.1155600e-01	-5.5374939e-02	-3.5966811e-01	1.1689088e-01	3.5380341e-02	-1.3775474e-01	1.7609242e-01	-1.9243930e-01	8.4688090e-02	-1.1336338e-01	1.4629431e-01	2.2721065e-02	-3.7087822e-01	-6.7338131e-02	1.1825831e-01	2.8524337e-02	5.6399889e-03	-1.2148582e-02	-1.6539100e-01	-2.2468987e-01	-2.4140763e-01	1.4004764e-01	2.0330855e-01	-1.6735879e-01	2.2184417e-01	1.7454094e-01	-9.4551131e-02	-1.7395271e-01	2.3104273e-01	-1.4968866e-01	-4.3895755e-02	1.3270664e-01	2.6256227e-01	-1.5710260e-01	-7.7618271e-02	7.6892450e-02	-1.9887719e-02	1.7742270e-01	-2.6880383e-01	-2.3437080e-01	-2.4565184e-02	-2.2877041e-01	1.5145236e-01	-2.7019063e-01	-1.6061637e-01	2.4047999e-01	-9.0636685e-02	2.7351150e-01	1.9080845e-01	5.4003935e-02	-3.7295692e-02	2.5315627e-01	-1.2061787e-01	1.9349012e-01	-5.1068209e-02	-6.2883660e-02	2.3163566e-01	-2.5559407e-01	-2.0907953e-01	1.3797385e-01	-4.9679168e-02	-7.6044366e-02	-1.4550579e-01	2.2836688e-01	2.1488769e-02	-3.9793685e-02	3.7270147e-01	7.8741208e-02	2.5264123e-01	-1.4232948e-01	-1.9136043e-01	-3.2663602e-01	3.8403463e-02	1.4420962e-01	7.7432908e-02	2.0947060e-01	-2.2858395e-01	-2.4101277e-01	-2.8004786e-01	-9.1293693e-02	8.7537497e-02	-2.7846974e-01	-3.0616954e-02	1.5811306e-01	4.7101047e-02	-1.5068994e-01	-4.3383192e-02	9.4975181e-02	5.6059438e-01	3.7357756e-03	-2.4239646e-01	-8.1232101e-02	-1.2297615e-01	2.3413883e-01	-1.8044995e-01	2.9920697e-02	1.7919454e-01	-6.8264484e-02	-1.3418368e-01	-2.0455885e-01	1.2580170e-01	-8.7199956e-02	2.1878253e-01	-8.7325595e-02	1.5345405e-01	1.7595637e-01	-7.3961556e-02	3.1089303e-01	-1.0638761e-02	-2.8263772e-01	1.3519808e-02	1.7936865e-02	-1.4687340e-01
2.0585060e-01	-2.6641491e-01	6.2836520e-02	2.4360619e-01	3.0774578e-02	-2.1244742e-01	-3.2121181e-03	-9.1814823e-02	-2.2838496e-01	1.3881341e-01	-4.2607881e-02	1.4202692e-01	-4.7553614e-02	-8.2896106e-02	5.3409003e-02	-3.1254685e-01	9.5041737e-02	1.9923151e-01	2.5676015e-01	1.4923611e-02	1.6765304e-01	3.1015286e-02	2.2869061e-01	9.9848799e-02	-3.7201695e-02	1.1130385e-01	2.3704349e-01	-8.8146314e-02	9.9307001e-02	6.6458642e-02	2.8243482e-01	-3.0280167e-01	-3.8358587e-01	9.8626435e-02	-8.6381085e-02	-3.1362634e-02	6.0114521e-01	5.4369316e-02	-5.1976317e-01	3.2920566e-01	-1.4589508e-01	4.3427905e-01	2.2882263e-01	1.1966389e-01	1.3616912e-01	2.7320293e-01	6.6205040e-02	1.1235246e-01	-4.8225511e-02	2.9242691e-01	4.6006244e-01	1.9122984e-01	2.2703214e-01	-3.2655925e-01	3.1340316e-02	2.5092063e-02	-9.4886951e-02	-2.6169246e-01	-3.6166278e-01	3.9475672e-02	7.6604664e-02	-2.3391005e-01	-1.3989174e-01	-1.5927154e-01	-2.1134950e-02	1.3266626e-01	-2.6665330e-01	3.9816478e-01	3.1341869e-01	2.7613392e-01	-2.7954614e-01	1.0313267e-01	5.4389524e-01	-4.7302583e-01	3.1083155e-01	-1.3409686e-01	4.4674955e-02	-1.1955646e-01	-1.0457830e-01	3.4031928e-02	-2.3072641e-01	3.3616149e-01	6.8647519e-02	-8.2238413e-02	-7.4164137e-02	3.2328519e-01	-2.6150579e-02	2.5272074e-01	-8.6883582e-02	1.4785254e-01	-1.8156996e-01	-1.4180382e-02	-8.2788438e-02	-8.6303577e-02	-9.5229834e-02	1.9529076e-01	2.7528059e-01	-5.6457933e-02	-7.0137046e-02	-1.3540158e-01	-8.6366162e-02	-3.1433341e-01	-1.9388388e-01	-2.2192726e-01	-1.5835175e-01	3.5727480e-01	-1.4572881e-01	-2.6039639e-01	1.4389694e-01	-4.5376472e-02	-2.5377327e-01	-8.4071010e-02	1.0658344e-01	-3.9896682e-02	-2.0678933e-01	-7.4119672e-02	2.9386953e-01	-4.0814894e-01	-1.8740991e-01	-1.0763647e-01	9.6413627e-02	-4.3633851e-01	1.5992427e-01	1.9678855e-01	-6.8572283e-02	2.2954918e-02	1.8221098e-01	3.4262025e-01	7.1719177e-02	4.3929413e-02	-1.8394601e-01	2.3485357e-01	-2.0057037e-01	-2.5299263e-01	-1.1034123e-01	-1.5074138e-01	-5.7955328e-02	2.0161301e-01	-3.6928204e-01	1.8018712e-01	2.1823367e-01	1.4122154e-01	-2.7826273e-01	2.0613438e-01	8.9580707e-02	-1.7671786e-01	9.7919509e-02	1.6656919e-01	-6.4586714e-02	-8.6762041e-02	3.9151769e-02	-1.3618979e-01	-6.9579057e-02	1.3795903e-01	-3.0041698e-01	-2.0659727e-01	2.1957907e-01	2.1659063e-01	-1.4888160e-01	-8.9263894e-02	1.3974008e-01	-3.2323423e-01	-7.4602258e-01	-2.8535850e-02	4.8464173e-01	-1.0360323e-01	1.6594534e-01	2.8110600e-01	-1.0606717e-01	8.3110787e-02	2.6113066e-01	1.0841550e-01	2.1432327e-02	-5.0505009e-02	-1.3340095e-01	-2.1325570e-01	-2.0871004e-01	-1.2908532e-01	1.5298750e-01	1.9427702e-02	1.0577809e-01	-4.2174149e-02	-2.9201230e-01	-2.1059924e-01	-2.2841403e-02	-1.4742807e-01	1.3115007e-02	2.2867472e-01	-2.2300510e-02	4.2907715e-02	-1.1371194e-01	-1.8689521e-01	-3.3020332e-01	2.1469966e-01	1.5180349e-01	-1.3919683e-01	-4.0287629e-02	-7.2076030e-02	3.4808453e-02	8.9491941e-02	5.0594383e-01	8.6706981e-02	3.0724835e-01	-8.6721107e-02	-2.1707210e-01	-4.7479574e-02	-2.3878200e-01	-1.1633473e-01	9.7530158e-03	2.9250091e-01	-1.3693574e-01	-7.3314354e-02	-3.2412317e-01	-1.2207152e-01	-7.9716250e-02	2.5398746e-01	-1.7982572e-01	1.5313801e-01	3.4747517e-01	-1.3993789e-01	-8.7500818e-02	1.3553691e-01	1.2081236e-01	2.0156607e-01	1.3563409e-01	1.9224431e-01	-3.4689000e-01	2.9524869e-01	6.6124558e-02	1.3671294e-01	-6.6354789e-02	-7.1545690e-02	1.6979285e-02	1.2876056e-01	8.5944831e-03	2.3650047e-01	2.0282976e-01	-1.1275884e-01	9.4251953e-02	1.9718328e-01	5.1733408e-02	1.5148064e-01	1.8073903e-01	-2.8843331e-01	1.9656216e-01	2.5844708e-01	1.5393944e-01	-1.8387589e-01	-3.8074419e-02	2.9171953e-02	2.3575382e-01	-1.5647607e-01	-1.4357933e-01	8.6902857e-02	-1.3444246e-01	2.8568390e-01	1.5799385e-02	-1.8024440e-01	-1.9360374e-01	-9.6377663e-02	-2.0004071e-02	1.9984896e-01	1.3023867e-01	-1.7725900e-03	-3.0828625e-02	7.7858016e-02	-1.0399185e-01	-1.4645427e-02	-2.4632211e-01	2.5010827e-01	1.1864820e-01	3.5202000e-02	1.0516676e-01	-1.5796520e-01	-5.9517048e-02	3.8368806e-02	-5.0948352e-02	-7.9651237e-02	-1.0955299e-01	1.0214666e-01	-1.5380496e-01	-2.5450757e-01	2.4124852e-01	-1.1574341e-02	-2.1061833e-01	2.1614161e-01	2.6692355e-01	-3.0878469e-01	-2.6029253e-01	-1.6902755e-01	-9.6740872e-02	-1.5391329e-02	1.0875837e-01	-7.0181936e-02	5.4088723e-02	-6.8681255e-02	-3.5813096e-01	2.3681961e-01	-2.2071888e-01	1.9348659e-02	5.5232100e-02	2.2002168e-01	2.2982961e-02	2.4377815e-01	-6.9244094e-02	1.3721918e-01	2.3480567e-01	-1.2857201e-02	2.1070813e-01	-3.6595097e-01	-2.2703436e-01	-1.9307774e-01	-2.8095955e-01	2.3418829e-01	-5.4701041e-02	4.0545929e-02	2.1115567e-01	-1.4973609e-01	1.5543315e-01	-1.1252775e-01	-2.1846393e-01	-8.4818587e-02	-1.4463213e-01	-1.2405785e-01	-3.5321751e-01	2.7015792e-02	-1.0133538e-01	-3.4991103e-01	5.1116991e-01	-1.3820526e-01	5.9856129e-01	-2.9300675e-02	-4.6074197e-02	-2.6983458e-01	-1.2274376e-01	-4.7475494e-02	-1.9896907e-01	9.7482271e-02	2.9341909e-01	-1.8661997e-01	-2.4307396e-01	2.2126535e-02	2.9921988e-01	8.7614655e-02	-1.6453208e-01	2.4374314e-01	2.3738246e-01	-1.4027126e-01	9.7228840e-02	1.3512915e-01	5.0136298e-02	1.6113394e-01	1.9115387e-01	-1.2674457e-01	2.9917929e-01	-2.6731092e-01	-1.1891221e-01	1.0694534e-01	3.3543515e-01	1.7416704e-01	1.3044237e-01	2.3554017e-01	-3.3758640e-01	1.5398473e-01	-1.7700206e-02	-1.3473925e-01	-2.6475248e-01	1.4421846e-01	-8.1249392e-03	-1.9344637e-01	2.0594425e-01	-3.0211565e-01	-1.0407086e-01	7.8660548e-02	-4.9577966e-02	-1.2394142e-01	3.0335045e-01	-1.7254996e-01	2.0188586e-01	1.1929528e-01	2.6130224e-02	-5.8561265e-02	-3.5345841e-02	3.2403115e-02	2.2120029e-01	-8.8174343e-03	5.3470131e-02	-1.1150073e-01	-2.6202896e-01	-2.3640543e-01	-9.2284732e-02	-5.7873696e-02	-2.6703846e-01	1.7330712e-01	-1.7023392e-01	3.9540142e-02	-2.8642252e-01	-8.0884606e-02	5.2931786e-02	-2.2376647e-02	1.4933732e-01	-8.5007384e-02	-2.4512739e-01	-9.6798539e-03	2.6355436e-01	1.3353235e-01	2.2919819e-01	2.4592941e-01	-1.6069877e-01	-3.0886665e-01	2.7208671e-01	-8.0962211e-02	-7.4541971e-02	3.0198929e-01	-2.6248634e-02	-1.9843277e-01	1.7518483e-01	-3.0249000e-02	-3.0002871e-01	-2.6204684e-01	1.0374406e-01	-1.7766382e-01	-2.0896833e-01	-1.0344154e-01	-8.7963253e-02	-7.7710763e-02	-8.4704727e-02	-1.4968984e-01	1.4993638e-02	2.5578848e-01	2.5149807e-01	1.4049507e-02	-3.0288061e-01	-4.4100970e-02	-2.7219185e-01	-9.0391099e-02	-5.6603849e-03	-9.5436752e-02	1.5279251e-01	-2.3923880e-01	-1.6911267e-01	7.1905628e-02	-1.6087635e-01	-1.8685801e-01	1.8656889e-01	1.6618735e-01	-3.5815161e-02	7.1950525e-02	-2.0975178e-01	1.2683712e-01	-2.0193586e-01	-3.7892938e-02	2.5086883e-01	3.1586194e-01	1.0803808e-01	1.1383826e-01	-2.6363876e-01	-3.1035576e-02	-2.2693187e-01	8.1996858e-02	2.0641397e-01	-1.1653291e-01	1.5369119e-01	2.8302111e-02	-1.9201294e-01	5.3813819e-02	3.0972371e-01	2.5605097e-01	-2.9611787e-01	-3.8946237e-02	2.6777133e-01	-2.7031213e-01	3.3780429e-01	-1.7711861e-01	-2.5202927e-01	-1.5958045e-01	-1.1740479e-01	-1.0511291e-01	-5.3000342e-02	2.0010270e-01	-3.0263188e-01	1.8277098e-01	-3.4161933e-02	-1.4415959e-01	9.4834343e-02	3.6781609e-02	-1.8842702e-01	2.9007730e-01	-1.4376198e-01	-5.4919321e-02	2.9502052e-01	-1.0012886e-01	-2.4588476e-01	3.0324170e-01	-2.7842700e-01	2.9669935e-01	-2.3250114e-02	3.2167699e-02	-2.4656315e-01	-1.8471831e-01	1.4730512e-01	-1.8759154e-01	2.7014604e-01	2.3158394e-01	-2.0992908e-01	6.4928010e-02	1.6315153e-01	-1.3994431e-01	-1.1964396e-01	2.2691607e-02	-1.7291191e-01	-2.8837330e-03	-7.8404680e-02	-1.8780178e-01	1.6058670e-02	-7.1017034e-02	2.3543109e-01	-3.0652419e-01	1.6667101e-01	-1.0864364e-01	4.4373706e-02	-1.5956599e-01	-8.5059032e-02	-1.4742945e-01	1.1072209e-01	-9.2780285e-02	5.1739097e-02	2.9800389e-02	-2.9915670e-01	1.4472207e-01	1.0794565e-01	-1.8722530e-01	-8.8195384e-02	6.7934841e-02	1.9117674e-01	-2.2621904e-01	-2.3395413e-01	-8.2220197e-02	-9.8871633e-02	1.0198490e-01	2.7472678e-01	-3.6971450e-02	-1.2964927e-01	-3.3382021e-02	3.7850365e-02	8.4280789e-02	1.2514311e-02	-9.5958002e-02	5.5948302e-02	4.2808838e-02	8.4632851e-02	2.3690151e-01	3.7661341e-01	-3.5657242e-02	9.0888962e-02	-7.4091487e-02	1.7835259e-01	1.6700652e-01	1.1510346e-01	5.3165477e-02	-1.6995247e-01	-1.6381083e-01	1.3504271e-01	8.5596271e-02	-6.8478450e-02	1.1217380e-01	6.6646035e-03	-9.0916812e-02	2.2141492e-01	-2.7638307e-01	2.1964824e-01	1.6309959e-01	1.3840200e-01	1.4474317e-01	1.7316355e-01	-1.7255789e-01	9.0796709e-02	-7.2334833e-02	7.8173220e-02	-2.5443740e-02	-6.8389103e-02	-1.6656685e-01	-1.1165936e-01	-2.7015838e-01	1.1923275e-01	-1.3313705e-01	2.3316018e-02	-2.3761214e-01	-1.3258402e-01	7.3065194e-03	-2.4522319e-01	8.0330625e-02	1.1162946e-01	1.5418683e-01	1.1847373e-01	-6.1699118e-02	-2.8419560e-01	2.7661324e-01	-2.7458885e-01	-2.2745541e-01	1.6996330e-01	-6.8326384e-02	2.9717466e-01	-2.9612318e-01	-1.0066009e-01	-1.2671731e-01	1.6693063e-01	4.9133234e-02	-1.4364284e-01	2.0511892e-01	-2.3906027e-01	-2.2152278e-01	-1.8926360e-01	2.1801506e-01	-1.8836942e-01	-2.1158084e-01	-5.6815255e-02	6.7559563e-02	3.4821007e-02	3.2781810e-02	6.7677066e-02	-1.0175411e-01	-1.7520927e-01	2.3772345e-01	-1.7622715e-01	5.7369158e-02	-1.0512157e-01	-4.2104477e-01	2.7223057e-01	1.0691895e-01	1.4306277e-02	8.7542251e-02	-1.9441605e-01	2.1909678e-01	-2.0042369e-02	2.3615497e-01	1.1670369e-01	1.5052050e-01	-5.3354349e-02	-2.1200536e-01	-5.2559566e-02	1.6351750e-01	1.7234011e-01	-9.9351129e-04	-1.8560475e-01	1.3288498e-01	1.8887332e-01	-4.7421470e-02	2.4761240e-01	3.1929497e-02	4.0650377e-01	6.7149803e-02	1.5916736e-01	-1.7094670e-01	1.3323621e-01	1.2622409e-01	-4.5045678e-02	1.6453181e-01	1.2802550e-01	-1.0591909e-01	1.9415070e-01	-5.2363966e-02	9.0715468e-02	1.8799065e-01	-8.7702483e-02	8.7253368e-03	6.3643739e-02	-5.0153244e-02	2.8818375e-01	4.7331713e-02	-3.2347539e-01	1.6716845e-01	2.2575782e-01	-1.9202663e-01	-3.7014991e-02	1.0375093e-01	1.7077741e-01	2.8671977e-01	8.2626171e-02	1.8274923e-01	-1.5074863e-01	-1.9476447e-01	5.2174844e-02	9.6795328e-02	-2.5584725e-01	-4.4487603e-02	-6.6787288e-02	2.9602244e-01	5.3192511e-02	-5.1575866e-02	-1.7240415e-03	5.4596711e-02	2.8342906e-01	1.9397493e-02	-2.2767431e-01	7.3517457e-02	3.7246089e-02	-2.5402063e-01	6.8088107e-02	-6.6591315e-02	4.2407191e-03	1.9564642e-01	3.5968974e-01	2.7747616e-01	2.8085902e-01	-4.8855275e-02	-8.8955194e-02	6.1444134e-02	2.1484137e-01	9.5807640e-03	-1.7370790e-03	1.2838428e-01	-1.8475366e-01	9.7771727e-02	1.4682391e-01	-6.3986018e-02	1.5739962e-01	-1.8105705e-01	-1.1974664e-01	-1.7403558e-01	-2.4249375e-01	4.2602081e-02	3.9186299e-02	1.1051792e-01	9.7556889e-02	-1.0666814e-01	2.4812230e-01	3.5585605e-02	-3.2017082e-01	-3.2990944e-02	2.4785577e-01	-2.7559432e-01	-2.0646903e-01	-6.6176176e-02	-7.8658927e-03	-2.2475402e-01	1.6860677e-01	2.9335259e-02	-1.1319756e-01	-1.0986878e-01	1.8548757e-01	3.8885811e-01	1.1915336e-01	1.5074548e-01	-2.4510242e-02	-2.4047695e-01	-3.0441070e-01	-2.0152681e-01	-9.1922730e-02	-1.7988528e-01	-1.6004140e-02	-4.1779578e-02	-1.8746074e-01	5.8647003e-03	1.8840323e-01	2.3523527e-01	-1.1455555e-01	2.6919705e-01	-9.3648396e-02	-2.6304907e-01	-1.6596717e-01	9.9258296e-02	8.3636552e-02	2.4690980e-01	2.0529112e-01	-2.6798263e-01	9.4778605e-02	-2.3281053e-01	2.4868107e-01	-2.1500716e-01	7.1028650e-02	-1.5485482e-01	-6.0790166e-02	4.4303620e-01	-1.1195316e-01	-1.3161848e-01	-2.9745960e-01	7.0139036e-02	-2.0159544e-01	2.3440975e-01	3.3368129e-01	3.8533438e-02	-9.3357027e-02	1.6619152e-01	1.0552001e-01	1.1848423e-01	2.1840644e-01	-2.1463400e-01	-1.1870267e-01	1.6686559e-01	1.2113376e-01	1.6564862e-01	-3.3338121e-01	2.4452981e-01	-1.9089895e-01	4.5249805e-02	1.5567881e-01	-1.9468938e-01	-1.7374179e-01	6.0535442e-02	-1.2878591e-01	1.9316815e-02	2.3072793e-01	2.3445903e-01	1.2039690e-01	2.2941291e-02	-1.5552281e-01	-2.4295877e-01	2.2935918e-01	-2.2764222e-01	-2.6575500e-01	2.8909054e-01	-2.3680320e-01	-1.1186960e-01	-2.8236806e-02	1.2241544e-01	-8.1024393e-02	-1.0861539e-01	-3.0111751e-02	6.1494589e-02	1.4275551e-02	-1.0926923e-01	1.9765392e-01	-2.5872728e-01	-2.5516841e-01	-1.8256286e-01	1.0537965e-01	1.7527167e-02	2.5939518e-01	2.5332883e-01	-2.1785179e-01	1.9991510e-01	9.0458922e-02	1.8838613e-01	1.3107707e-01	-1.3768877e-01	2.1016763e-01	-1.9786523e-01	7.5069658e-02	2.0163643e-01	-3.2650054e-02	-9.4879635e-02	1.0314806e-01	1.0155448e-01	1.3350978e-01	2.5392663e-01	9.8831788e-02	1.5579228e-01	-1.7982011e-01	5.1746212e-02	-6.4594492e-02	1.5743656e-01	-2.1251015e-01	-1.2314639e-01	9.0569943e-02	2.1433899e-01	-2.5258127e-01	-1.9508567e-01	-7.7483147e-02	2.7104813e-01	6.4825714e-02	-1.6410494e-01	-4.4106543e-02	-1.2976743e-01	-1.4195067e-01	-2.6405969e-01	-6.1722662e-02	5.5248149e-02	1.1838289e-01	2.1955708e-01	-1.4440939e-03	2.5054741e-01	2.7024621e-02	-1.2626150e-01	2.4916790e-01	-1.2151690e-01	-1.1489145e-01	4.9949072e-02	-2.0280375e-01	2.3854661e-01	2.0391148e-01	5.6414422e-02	-5.8701362e-02	1.5932602e-01	-7.7703662e-02	-1.2315010e-01	7.0452631e-02	-2.4921967e-01	-2.9345790e-01	-5.6356885e-03	-1.6873730e-03	-3.3274299e-01	6.2903024e-02	3.0900896e-02	1.3163710e-01	-8.8295922e-02	-1.9244608e-01	-3.0424651e-02	-5.4211882e-03	3.5049137e-02	-6.6740535e-02	2.8375974e-01	1.4652722e-01	-2.8516138e-01	-5.0859865e-02	1.1692784e-01	-2.8748435e-01	2.2706538e-01	2.4739994e-01	3.9883468e-02	-1.9184621e-01	-6.0719486e-02	2.3668876e-01	-1.1437169e-01	3.0268115e-01	1.9425063e-01	1.6934842e-01	1.5037894e-01	2.6459736e-01	-4.8976608e-02	1.2060277e-01	-2.2839315e-02	-1.2675792e-02	2.8487077e-01	-4.7435094e-02	1.9472158e-01	-2.2310467e-01	-1.0714288e-01	2.9964130e-02	-1.3546348e-02	-1.7837964e-01	-2.5999641e-01	-9.6123904e-02	-2.9953814e-01	-2.1945667e-01	-6.4298466e-02	-5.9803963e-02	1.9203514e-01	2.2468865e-03	-1.8881802e-01	5.1517248e-02	2.6144364e-01	-1.2551455e-01	-3.4931131e-02	-1.6704242e-01	-4.5658231e-02	1.7042814e-02	1.7786205e-01	-2.1004072e-01	-2.8663808e-01	2.2019598e-01	2.0796795e-01	-1.3202174e-01	-4.2156905e-02	-2.6864654e-01	-1.4511672e-01	2.4092868e-01	1.2439537e-01	-4.1805327e-02	3.0284557e-01	6.3153200e-02	-2.4561091e-01	-5.3098645e-02	-2.5308961e-01	-4.8505131e-02	1.0207286e-01	-1.5202676e-01	-2.7963778e-01	-1.1919279e-01	3.2598642e-01	-2.3676641e-01	2.0963904e-01	-2.5672540e-02	-1.6741826e-01	9.5360549e-03	1.3990532e-01	2.4500196e-01	-1.3656982e-02	2.6547560e-01	-5.6370545e-02	3.3788237e-01	-2.1935630e-01	3.0693332e-02	2.3200551e-01	1.1676793e-01	3.4353587e-01	1.1275430e-01	8.4241860e-02	-7.3952436e-02	5.4260038e-02	3.6809093e-01	2.2138883e-01	2.3820643e-01	-1.0146970e-01	3.0233935e-02	2.0271878e-01	7.8338817e-02	6.8273425e-02	2.1263008e-01	-2.2687735e-01	-6.4262305e-04	5.0496992e-02	3.7893471e-01	1.1846987e-01	-1.1729761e-01	-2.7204594e-01	1.5844221e-01	2.0763482e-01	4.4186935e-02	3.3889505e-01	-2.5278759e-01	1.9247967e-01	6.6943914e-02	-2.4274127e-01	-2.5643131e-01	-2.8359240e-01	1.9712101e-01	1.6895391e-01	5.0713778e-02	5.3191531e-02	-2.4181610e-01	-2.7546218e-01	1.7980887e-01	-2.1710134e-01
-2.0820458e-01	-1.8126458e-01	3.8527483e-01	2.5141808e-01	1.7576224e-01	-1.6347595e-01	2.0265460e-01	2.3956349e-01	1.0188575e-02	-4.4370151e-01	3.6310390e-01	-1.4357816e-01	-2.4625051e-01	-1.5358414e-01	-4.5611143e-02	-2.0674776e-01	3.4007472e-01	1.9417858e-01	1.7532139e-01	1.3304168e-01	3.3076036e-01	-6.5658987e-02	9.3356296e-03	-9.5788300e-02	-3.2304606e-01	-3.9301625e-01	2.6554236e-01	-3.0384013e-01	-7.7058047e-02	-2.4745481e-01	-3.5106754e-01	2.1247627e-01
