9
input	19
dense	32
relu	0
dense	32
relu	0
dense	32
relu	0
dense	1
linear	0
7.999999979801942e-06
-1.3339020e-02	9.0099379e-02	1.6777068e-02	-1.5222185e-02	-1.8936262e-01	-2.0502493e-02	-7.5278424e-02	3.6013875e-02	-1.3933296e-02	-1.0566603e-01	-4.9946487e-02	9.8613717e-02	5.0884709e-02	-3.2309342e-02	-8.5884988e-02	7.7456012e-02	1.6991958e-02	-9.1849249e-03	6.9281459e-02	1.0948648e-01	5.8480542e-02	1.7811302e-02	-1.4850453e-01	4.5322301e-03	0.0000000e+00	-1.2246697e-01	-6.3121915e-02	-1.3667264e-03	0.0000000e+00	1.0133497e-01	3.0051334e-02	-1.3982317e-01
3.4158170e-02	1.4100797e-02	-7.1030281e-02	-2.8735932e-02	-3.0232282e-02	4.9357146e-02	-9.0620860e-02	-3.1244198e-02	-4.0546037e-02	4.3862704e-03	-7.3458232e-02	-1.9017018e-02	3.1582285e-03	-7.2568715e-02	-1.4079859e-02	-6.9618538e-02	4.2698290e-02	2.3578722e-02	9.0810969e-02	-1.0120085e-02	-7.8533567e-02	-3.5784211e-02	-6.6979013e-02	-8.9513808e-02	-1.6438067e-02	-3.3747803e-02	6.1369400e-02	-1.3987100e-01	4.6819169e-02	-1.2029269e-01	-4.4591535e-02	-8.7413572e-02
-6.5668918e-02	-4.0839147e-02	-2.8925501e-02	-6.3230507e-02	-3.1670578e-02	-6.3527137e-02	-5.0719157e-02	-3.8361903e-02	9.9473186e-03	3.0795841e-02	-5.5295028e-02	-7.6855689e-02	-3.2587696e-02	3.9361272e-02	-2.6266545e-02	-7.0031658e-02	-4.2300262e-02	-5.9962220e-02	-5.2904919e-02	-6.4223640e-02	-6.4023845e-02	8.9296903e-03	-8.9489825e-02	-5.0921168e-02	-4.9306102e-02	-2.6411192e-02	-3.5226785e-02	1.0642055e-02	-5.2793037e-02	-4.7642309e-02	-6.5886974e-02	-5.9183709e-02
-2.0750558e-03
-2.0158826e-01	-2.4381647e-01	-9.9606574e-02	3.3312193e-01	2.0998193e-01	-4.1859720e-02	-2.5727910e-01	2.8814906e-01	4.0148348e-02	-2.2005686e-01	1.6785325e-01	2.2838175e-01	-2.4532658e-01	-1.7708716e-01	7.8680739e-02	-2.5544694e-01	1.9845027e-01	5.1877663e-02	-3.2092810e-01	1.3655774e-01	-7.7053475e-01	-8.0219281e-01	-7.6380211e-01	-8.4547269e-01	-6.9862747e-01	-4.2820647e-01	-2.7575761e-01	1.7266996e-01	-1.0929520e-01	-9.0429410e-02	-5.8379793e-01	2.3535574e-02	-1.6454260e-01	-1.4404376e-01	-8.0815129e-02	2.3824233e-01	6.5723486e-02	1.8606828e-01	1.4066097e-01	-2.8914774e-03	-7.8273319e-02	-3.1769907e-01	-6.8514401e-01	-1.0754788e-01	1.9760696e-02	3.0358264e-01	-2.1292228e-01	-6.4699322e-02	1.1468860e-01	-6.7530788e-02	-2.7424937e-01	-3.7789810e-01	5.8773562e-02	1.8672824e-01	1.6411492e-01	1.0741068e-02	-5.6286258e-01	1.4698541e-01	3.9363250e-01	4.8231167e-01	7.2019619e-01	6.7819011e-01	5.5019009e-01	1.3096498e-01	-1.8968937e-01	-1.3992643e-01	-1.8113990e-01	-1.7806453e-01	2.5828025e-01	1.4124359e-01	-3.2690367e-01	-1.8749005e-01	2.1585394e-01	-2.7847144e-01	1.5604450e-01	-1.5594516e-02	-1.3691321e-01	-1.0087164e-01	-2.0701884e-01	-4.3190137e-01	7.3741697e-02	5.8904248e-01	4.3387499e-01	-2.2756104e-01	2.0145854e-01	1.5477718e-01	-2.3096527e-01	7.8540772e-02	4.4483215e-02	-2.8046840e-01	-3.3357981e-01	6.6248067e-02	-1.9103704e-01	-2.4000453e-02	2.9791288e-02	-1.0101529e-01	-1.6986240e-01	-7.9685390e-02	5.7067496e-01	4.5200238e-01	6.5752470e-01	8.6592659e-02	1.1904383e-01	-1.4049421e-01	-2.5635803e-01	-2.3198830e-01	-3.3497185e-01	-1.7908862e-01	-9.0629212e-04	-2.9821593e-01	7.8187175e-02	-8.5996808e-03	-2.3223188e-02	-1.9291624e-01	-2.9907224e-01	-6.9928944e-02	-6.0916726e-02	-6.5547682e-02	-7.9391515e-01	-5.8144206e-01	-2.3609473e-01	-3.7174949e-01	-3.5281491e-04	2.4994004e-01	2.1158242e-01	-6.0408078e-03	-2.8740618e-01	-4.7102794e-02	-4.5408732e-01	9.2255779e-02	8.7959945e-02	-7.8579478e-02	3.3422880e-02	-1.2088270e-01	-5.2055061e-01	-1.5158629e+00	-9.4537896e-01	-7.6701897e-01	1.4031838e-01	1.9184081e-02	8.2332976e-02	-2.3440082e-01	9.6783370e-02	1.5296005e-01	-1.3310438e-01	-3.0020756e-01	2.7842519e-01	-4.5134667e-01	-4.2372037e-02	1.4185020e-01	-2.8428459e-01	-1.0153095e-01	-7.5105406e-02	9.5701903e-02	-2.2814845e-01	1.2689069e-01	1.0353315e-01	-1.9095162e-01	-2.3929784e-01	9.1937907e-02	-2.3515856e-01	2.5623888e-01	-1.5529312e-01	2.1438502e-01	-2.0921107e-01	4.6763740e-02	-3.1207612e-01	-2.8619573e-01	3.1695962e-01	8.6515769e-03	-3.2270682e-01	-2.2468661e-01	-4.1528133e-01	-1.0781704e-01	4.2757607e-01	5.2708226e-01	4.3015227e-01	-1.4123279e-01	5.5981688e-02	-5.1955089e-02	-1.5628107e-01	2.2030668e-01	-2.2747263e-01	-3.8394213e-01	-2.6144058e-01	-5.0928641e-02	-6.2353749e-02	9.6605882e-02	4.6641912e-02	1.1834943e-01	3.0320225e-02	-9.1774970e-02	-2.8360603e-02	4.2017907e-02	-1.7092951e-01	-9.5328055e-02	-4.6193719e-01	9.7792014e-02	2.1232113e-01	-1.3496615e-01	2.7766204e-02	-3.3803976e-01	-1.3501242e-01	-4.1532349e-02	2.0506737e-01	-5.4784808e-02	1.5730476e-01	-2.3153739e-01	-4.1870099e-01	2.3949239e-01	7.8463459e-01	1.2135968e+00	1.6399784e+00	5.8429223e-01	-1.4934071e+00	-1.8254161e+00	-9.3278027e-01	-2.0443127e-02	-5.8757875e-02	-1.4342633e-02	1.6625234e-01	-1.6766210e-01	-2.5053373e-01	2.0573215e-01	-1.0344482e-01	3.5454299e-02	3.2979488e-02	-7.4315391e-02	-6.7655100e-03	2.1753027e-01	-2.2894882e-01	-1.9179556e-01	-4.5357957e-01	-2.1668354e-01	2.0832776e-01	2.4363384e-01	2.2016759e-03	-2.2116464e-01	-3.2731697e-01	4.0434240e-03	5.4916006e-02	-2.5835684e-02	3.9314455e-01	5.9289314e-02	-2.9795358e-01	-4.8305716e-02	-1.2138509e-02	3.4802419e-01	1.9966397e-02	8.0783218e-02	-3.1859440e-01	-4.2411858e-01	-1.1796279e-02	-1.2522830e-01	1.4192607e-02	6.2625422e-03	-2.2496435e-01	1.5786771e-01	9.8946705e-02	5.4493133e-02	-2.3987563e-02	-2.3234043e-01	-7.9351664e-02	-1.8976727e-01	2.0802581e-01	-2.5762102e-01	8.4914170e-02	-3.6883602e-01	-2.2945349e-01	5.4819673e-01	4.8671702e-01	2.7830076e-01	3.0420226e-01	8.3678320e-02	-6.2879071e-02	2.1548828e-01	2.1639930e-01	1.5516892e-01	-1.0340901e-01	2.7306052e-02	-1.7238156e-01	-3.2530699e-02	-1.1452656e-01	-2.1178344e-01	-1.5593520e-01	-1.1951633e-01	5.9218693e-01	3.8418686e-01	-4.6110746e-01	-4.4460082e-01	-3.8862479e-01	-5.9613191e-02	2.4554983e-01	4.9348738e-02	1.4637859e-01	1.1498389e-01	1.2875099e-01	3.4167075e-01	4.4798082e-01	7.4823689e-01	2.5884515e-01	2.5389153e-03	1.0324354e-01	-2.3251460e-01	6.4707153e-02	-1.5693592e-01	9.1521896e-02	6.2851888e-01	5.9432250e-01	1.3855313e-01	4.7849971e-01	3.7203345e-01	-2.7296463e-01	-2.8010020e-01	-7.8066774e-02	2.0484133e-02	-7.4821693e-04	-1.3194595e-01	-2.7627739e-01	5.9265479e-02	5.4338712e-02	4.5738947e-02	-4.7243655e-02	-2.9938793e-01	2.3453051e-01	4.9637049e-02	2.5267934e-02	-3.0610612e-01	-2.7305624e-01	3.2537743e-01	-9.2219807e-02	-2.0775974e-01	-1.1075754e-01	-2.1046326e-01	2.1897750e-01	-2.5405991e-01	1.2929200e-01	2.3637827e-02	2.5810397e-01	2.7925435e-01	2.4222529e-01	1.5381254e-01	-5.5882651e-02	4.4776130e-01	4.1815022e-01	6.4545453e-02	-1.8547738e-01	-4.2025316e-01	3.3572230e-02	5.8356274e-02	-1.9730093e-01	2.3712122e-01	-1.0554376e-02	5.5151891e-02	3.7777072e-01	-3.3508234e-03	9.8955065e-01	2.8875610e-02	-2.2887397e-01	2.1195294e-01	-6.9250278e-02	-2.2629680e-01	2.0385043e-01	6.5928832e-02	2.8221273e-01	5.0823163e-02	-1.0196031e-01	-4.1229832e-01	-2.4031112e-02	-2.6237094e-01	2.9587543e-01	-3.6918867e-02	1.3189203e-01	-5.2425668e-02	4.3605673e-01	-4.9341209e-02	-2.3281893e-02	2.5723753e-02	2.4613093e-01	-8.2936794e-01	8.5285250e-03	2.0566991e-01	-2.8590989e-01	-6.1040777e-01	-3.8146651e-01	-2.2619107e-01	3.4696916e-01	-1.1669768e-01	-1.0249711e-01	-2.3625491e-02	-3.8545267e-03	-4.8254162e-02	2.1593277e-01	4.2416042e-01	4.8674819e-01	-2.2820969e-01	-1.7055595e-01	8.6780423e-03	4.3009236e-01	-2.3370542e-01	2.3094859e-02	3.3844972e-01	1.5713254e-02	-6.8575889e-02	4.7555942e-02	2.4500796e-01	-9.9592827e-02	4.8437402e-02	-3.1866559e-01	-1.0117806e-01	1.7569588e-01	1.4536636e-01	2.1627299e-01	-4.1944504e-02	-5.2126925e-03	1.6937967e-01	1.7269979e-01	3.1009009e-01	-3.0765563e-01	-1.4080080e-01	3.8773857e-02	5.8758643e-02	6.4060438e-01	3.3884063e-01	-1.2317311e-01	3.0894566e-02	-5.6580506e-02	-1.6004434e-01	-5.1638160e-02	-1.1626661e-03	-2.0938134e-01	-1.8377975e-01	-2.1424352e-01	1.4997210e-01	-2.4825947e-01	1.2792549e-01	1.6069047e-01	-2.3059955e-01	-2.6012143e-01	1.2511547e-01	1.3885255e-02	-2.0723446e-01	1.6803658e-01	3.4762621e-02	-4.9310468e-02	-1.3973968e-01	-2.0478185e-01	-9.4569974e-02	-2.6591307e-01	2.8989160e-01	-1.1509568e-01	1.0447159e-01	2.1257824e-01	2.7924967e-01	1.3068476e-01	1.9416399e-01	-3.6953598e-02	2.7126977e-01	2.6408187e-01	1.8856853e-02	-2.8861716e-01	1.7448077e-01	1.1360708e-01	8.6206257e-02	-1.1597477e-01	-5.1235020e-02	-1.9495474e-01	-3.0123413e-01	3.3986595e-01	-5.2996278e-03	3.0890283e-01	3.1845918e-01	2.6115474e-01	-2.9962558e-01	-3.2846278e-01	4.1281688e-01	-5.3165084e-01	-3.3786064e-01	3.1381321e-01	3.9218795e-01	9.9988788e-02	-5.0471306e-02	1.7217502e-01	1.1826874e-01	2.1330851e-01	3.3138677e-01	2.6430514e-01	-7.7655979e-02	4.4766586e-02	-1.1829538e+00	6.3909069e-02	3.5943270e-01	1.7872562e-01	-1.7484656e-01	-1.5867355e-01	-4.7343343e-02	3.6841354e-01	7.4879658e-01	4.5080301e-01	4.8216063e-01	3.4045318e-01	-1.4892514e-01	-8.4686480e-02	2.4692160e-01	9.8165408e-02	-3.6261985e-01	-4.5820063e-01	3.6672361e-03	-5.1596755e-01	-3.3009205e-02	3.0290878e-01	6.2129375e-02	-2.2937748e-01	8.6824894e-03	2.1489120e-01	1.1103705e-01	-1.9814877e-01	1.5651798e-01	-1.5478133e-01	-5.7675336e-02	-3.4330871e-02	-2.3229598e-01	-1.2912861e-01	2.4000239e-01	1.3772376e-01	-1.2589623e-01	3.4204265e-01	1.4275564e-01	2.6996738e-01	3.7903622e-02	1.8949227e-01	-3.4032485e-01	-1.7422497e-02	-1.2069428e-01	-1.1096233e-01	3.3459768e-01	3.2524645e-02	-9.6413821e-02	-2.2048408e-01	2.7285603e-01	1.6355178e-01	1.5094003e-01	-2.2938125e-01	2.0480779e-01	2.0370772e-01	3.2139638e-01	-2.8819388e-01	2.1741548e-01	2.7366784e-01	-1.5905255e-01	4.4141531e-02	-3.3248651e-01	3.8339362e-01	-2.3456411e-01	-2.4662274e-01	1.7386022e-03	-4.1799986e-01	-2.4629644e-01	-9.2489757e-02	-1.6597517e-02	-1.1280661e-01	-1.1313528e-01	-2.8147092e-01	-1.6914073e-01	4.6941048e-01	3.2536671e-01	-2.3107903e-02	-3.2303783e-01	-6.1891671e-02	-9.0337351e-02	3.2269035e-02	8.2882412e-02	1.1854225e-01	1.2015042e-01	2.2100051e-01	7.6610112e-04	1.0990468e-01	-5.7780147e-02	-9.7982153e-02	-3.1439345e-02	-1.9908644e-02	1.7921631e-01	2.6140660e-01	3.4179452e-01	2.1903983e-01	2.0633748e-01	-2.2511239e-01	1.3474089e-02	-3.7694135e-01	-2.3129770e-01	2.6574403e-01	4.7654420e-02	2.0475292e-01	5.4764265e-01	3.4709159e-01	2.1439691e-01	-1.0206746e-01	6.4714551e-02	-1.1928269e-01	-6.6843994e-02	-1.0921480e-01	-1.8353991e-01	-4.3369573e-01	-2.3592076e-01	-1.2543936e-01	-2.0576039e-01	1.4350156e-01	-1.3034271e-02
2.1427625e-01	-1.8458334e-01	-1.6467489e-01	-1.2861145e-01	1.3564222e-01	-1.2474044e-01	-3.6899768e-02	2.5309074e-01	2.4393012e-01	-2.9635876e-01	-2.0602478e-01	-4.4639182e-01	-1.1823077e-01	-1.4797761e-01	-1.7235056e-01	2.3796076e-01	-3.8174767e-02	-8.0486029e-02	-3.2612076e-01	-2.7894002e-01	-5.9258632e-02	2.6451039e-01	1.5454517e-01	2.5862888e-01	-1.0403781e-01	-2.4692695e-01	6.0945239e-02	-2.5403616e-01	2.6081517e-01	1.8440327e-01	7.0654221e-02	1.7979150e-01	-2.6586181e-01	-2.3491306e-02	2.5970645e-02	1.9999851e-01	1.0075175e-01	-1.6502166e-01	9.0155333e-02	-1.7704611e-01	-2.2063872e-02	-2.9621975e-02	-2.0036501e-01	-2.5588053e-01	-2.1956655e-01	-2.2276637e-01	3.2832885e-01	2.7028976e-02	4.6143883e-01	1.5306579e-01	3.2803917e-01	-2.7538025e-01	1.1532997e-02	-8.1227526e-02	-2.4838284e-02	2.6380625e-01	9.0947658e-02	-1.4985999e-01	-4.1964671e-01	-2.9237995e-01	5.4769218e-03	-3.6488843e-01	1.2488456e-01	-4.9641144e-02	5.6048345e-02	-3.1863630e-01	1.4515803e-02	-9.6634574e-02	1.2632547e-01	-9.5233753e-02	-1.4027937e-02	-1.0103041e-01	2.1188836e-01	2.5130251e-01	3.4169769e-01	-5.2540076e-01	1.0521628e-01	2.7776110e-01	3.6890857e-02	-4.0250111e-01	1.8827919e-02	2.1753599e-01	-2.1051371e-01	-2.1285808e-01	-2.5587976e-01	-1.1901302e-01	1.5394695e-01	2.4099307e-01	6.1641634e-03	2.4225745e-01	3.1602001e-01	-2.2204249e-01	-2.1126312e-01	-2.8487274e-01	6.6408753e-02	2.3798603e-01	-1.6977940e-01	-1.9441047e-01	-3.2028943e-01	1.8270904e-02	-8.1803948e-03	2.3210976e-01	-1.2851207e-01	-1.1129986e-02	-1.6913557e-02	2.1799447e-01	1.2321140e-01	-1.0709827e-01	-6.7660451e-02	2.2748442e-01	2.8295228e-02	-8.4977053e-02	-2.0723112e-01	-2.4448358e-02	2.8113645e-01	5.5933032e-02	-1.6744760e-01	-1.2585900e-03	2.5989139e-01	7.0150532e-02	1.2320766e-01	-9.0538613e-02	-5.2130026e-01	-1.1792689e-01	2.6033476e-01	1.1996409e-01	-1.7127196e-01	-3.1041437e-01	2.3718571e-02	-2.8524768e-01	9.2095591e-02	-2.3255883e-02	2.4548003e-01	-3.5672957e-01	-9.4404696e-03	1.1814415e-01	-3.5149980e-02	2.4175873e-01	-5.0602011e-02	-1.1462151e-01	-6.2605068e-02	-8.7493867e-02	-2.3397829e-01	2.6281163e-01	1.0447535e-01	2.4901834e-01	2.7338710e-01	2.3264011e-02	-8.3761498e-02	-1.9335046e-01	8.1625342e-02	1.4933111e-01	2.0039946e-02	-2.1924591e-01	2.3692223e-01	1.9460066e-01	-1.4955822e-01	-2.6649228e-01	4.9150031e-02	2.0648281e-01	-2.5312501e-01	-2.5186038e-01	1.7631959e-02	3.1034800e-01	-2.7758354e-01	-1.0383247e-01	-8.0838956e-02	-2.6159257e-02	5.2291125e-02	4.2374758e-03	-2.4337354e-01	-1.6629297e-01	5.6361578e-02	-5.8304165e-02	3.7237957e-02	2.1851021e-01	-8.2416728e-02	8.3480150e-02	-1.0287120e-01	-4.3431904e-02	-8.0773592e-02	-1.6604662e-01	-2.7575018e-02	3.0325907e-01	-1.3189203e-01	-1.0363326e-01	-1.8303992e-01	-1.0296282e-01	-6.6589579e-02	1.1248538e-01	8.4253959e-02	-2.7018681e-01	2.6729485e-01	3.1498838e-03	-5.4239541e-01	3.6358226e-02	-2.8702024e-01	-4.5775432e-02	2.1546417e-01	1.3277727e-01	2.3167056e-01	-2.4583185e-02	-1.1512267e-01	8.0322221e-02	-2.7123952e-01	1.8310043e-01	1.5005554e-01	-2.9230115e-01	-1.3543184e-01	2.6883194e-01	-9.4609246e-02	-2.1226639e-02	-2.0791931e-01	-2.7593389e-01	-1.0165480e-01	2.0802726e-01	-2.1156228e-01	2.7246484e-01	4.3584767e-01	1.0528810e-01	1.7475528e-01	1.6709308e-01	7.2900280e-02	-3.0269308e-02	-1.1802480e-01	-1.8660927e-01	2.1724974e-01	3.8312051e-02	3.4241158e-01	-2.5988975e-01	2.4317962e-01	3.3347082e-01	-1.5485437e-01	-2.1229438e-02	-7.8014103e-03	-4.0492091e-01	-2.9588366e-01	3.7015772e-01	-1.7283650e-02	-2.7600163e-01	2.6134096e-02	-4.8694022e-02	-1.9756041e-01	-1.6099866e-01	-7.8976907e-02	-1.1474596e-01	-1.2197166e-02	-3.4720924e-02	2.5985876e-01	2.8532809e-01	-1.7099358e-01	-1.4933749e-01	-1.1043593e-01	-2.6459065e-01	-4.0339997e-01	2.2574255e-01	-1.3872975e-01	1.0139665e-01	-1.6703628e-01	-1.4216480e-01	-3.0599698e-01	-1.1036308e-01	2.4112457e-02	-2.2508740e-02	2.7543157e-02	-2.8904253e-01	-2.6236433e-01	1.4675376e-01	-2.3021683e-01	-1.5363659e-01	-1.3180912e-01	2.3580815e-01	6.8777218e-02	-6.7909062e-02	1.7711018e-01	-3.1065831e-01	-2.6719835e-01	-9.9919930e-02	-2.9096070e-01	1.6228160e-01	-1.3546459e-01	1.3444804e-01	9.6851334e-02	-9.6479997e-02	-6.6732764e-03	-2.7633506e-01	-2.5988415e-01	-1.2131754e-01	-1.2999262e-01	4.7468394e-02	4.0951222e-02	-3.3157030e-01	9.7016938e-02	-1.4185831e-01	-2.8440464e-01	-3.0048099e-01	2.6596901e-01	-1.8000168e-01	2.9545823e-01	6.4716093e-02	-2.2956152e-01	-5.2817728e-02	-8.1258051e-02	-9.0013698e-02	-6.7117497e-02	-2.0726904e-01	1.0673493e-01	1.8773582e-02	-6.1898991e-02	-2.4070005e-01	1.3397944e-02	-2.1042272e-01	1.4345559e-01	6.6819042e-02	-1.5275729e-01	2.7457896e-01	1.2300640e-02	1.2820236e-01	3.3074096e-02	-1.7297760e-01	1.5086487e-01	-1.1801370e-01	1.7840359e-01	4.2015389e-02	-1.9901063e-01	-3.4540591e-01	-1.5120296e-01	1.0107502e-01	1.0297470e-01	1.6799657e-02	-4.0815461e-02	1.8945470e-02	9.8181084e-02	2.1402676e-02	-1.7871521e-01	-5.1303428e-02	-3.0605796e-01	-2.5420293e-01	-2.7488250e-01	-2.3883051e-01	1.8164891e-01	-2.2428404e-01	8.5538194e-02	-1.1201984e-01	-3.0614907e-01	6.6116340e-02	-2.2114639e-01	-1.4278665e-01	8.5190177e-02	-5.0347213e-02	-9.3626246e-02	8.0749854e-02	-9.1798559e-02	1.2964049e-01	-1.0906119e-02	-1.2988092e-01	-9.2426151e-02	1.1155395e-01	-3.6967628e-02	-3.8854510e-02	-5.4439336e-02	1.9918904e-01	1.7725322e-01	-1.1511227e-01	-7.7618128e-03	-3.4293797e-02	-6.2382247e-02	2.0460267e-01	-2.1591137e-01	-3.4421153e-02	2.0885083e-01	1.7442067e-01	-1.9950642e-01	-2.4735259e-01	2.0760986e-01	-3.0168217e-01	-1.4143895e-01	-3.3368296e-03	4.3244146e-02	-1.9698294e-01	-2.7347684e-01	-1.4173551e-01	-2.5143055e-02	-2.9619062e-01	1.7231509e-01	-1.1234334e-01	-1.9942769e-01	1.1142554e-01	1.9466892e-01	-1.8217009e-01	2.1478072e-01	-2.5995564e-01	-1.3952634e-01	1.4433219e-01	-2.1070707e-01	2.3636584e-01	1.2062428e-01	-1.7766179e-01	-2.6725316e-01	-5.7473816e-02	1.0890067e-01	-3.4303367e-02	2.7818137e-01	-1.3886997e-02	1.7097971e-01	8.8958144e-02	-2.1647044e-01	-2.9476941e-01	-3.9745480e-02	-2.7603039e-01	-2.9870319e-01	-2.4624941e-01	2.8530076e-01	-2.7627039e-01	-5.8859631e-02	-2.4511464e-01	1.4758374e-01	-2.0234050e-01	-1.0928650e-01	-1.1447947e-01	-2.0184064e-01	-3.1867114e-01	1.4357053e-01	1.5201224e-01	2.4690625e-01	-7.9729445e-02	-2.7551484e-01	2.2527882e-01	-2.8432032e-01	-2.1185149e-01	1.9626024e-01	-4.8606999e-02	-1.0757452e-01	-5.7068720e-02	5.8840021e-02	-1.8697318e-01	-5.6135690e-01	-6.2242329e-02	-1.7774801e-01	-1.0931860e-01	-2.8035545e-01	3.0813202e-01	2.1463978e-01	2.6544109e-01	-1.5755446e-01	-1.8335269e-01	-2.9218417e-01	-5.7353668e-02	2.6633188e-01	2.8782334e-02	4.3718286e-02	1.2987228e-02	-3.2507861e-01	-1.1514790e-01	8.4234314e-04	-1.9068852e-01	-2.5195321e-01	1.5429285e-01	-2.0004776e-01	1.7303090e-01	-1.3743527e-01	2.3871066e-01	-1.9994459e-01	-2.0421040e-01	1.0237075e-01	-4.5001209e-03	-2.1593140e-01	-2.8481689e-01	2.3016015e-01	2.2947313e-01	2.2334979e-01	-1.2091917e-01	1.7471942e-01	1.8758668e-01	-1.5594442e-01	1.7734051e-01	1.7955017e-01	-2.6493752e-01	-2.5630852e-02	-2.7668065e-01	-2.8446606e-01	-3.6505777e-01	-5.7175964e-01	1.1433004e-01	1.5222996e-01	2.8636673e-01	3.6007649e-01	1.3445470e-01	4.0312849e-02	1.6749923e-01	1.2286814e-01	-3.3392966e-01	8.6101405e-02	2.1577092e-01	2.8800997e-01	-4.9945864e-01	-3.2966754e-01	7.7780909e-03	-3.6498475e-01	2.0423910e-01	2.6627922e-01	2.9426876e-01	2.0855848e-01	1.2998614e-01	-1.9834524e-01	3.4740651e-01	4.6568967e-02	2.3942398e-01	2.9635665e-01	-2.0264818e-01	-1.0124023e-01	1.4685986e-02	5.7897598e-02	-1.0972285e-01	1.1152327e-01	-2.9840544e-01	-3.8656965e-01	-5.0393071e-02	8.4609464e-02	-3.5952011e-01	3.0929911e-01	-6.9278963e-02	2.8644723e-01	2.0427752e-01	1.2315547e-01	-2.2688456e-02	-1.7560710e-01	4.9210344e-02	-1.9441931e-01	2.9913506e-01	-6.1062727e-02	-1.0695534e-01	-2.5158948e-01	1.6648726e-01	1.9609611e-01	-5.8075760e-02	-1.4123513e-01	-7.5805351e-02	3.1386891e-01	-2.5432760e-01	9.6276909e-02	9.8570429e-02	-2.3864257e-01	1.2025668e-01	-2.9556021e-01	-2.6766357e-01	-1.9095799e-01	4.4854220e-02	-3.0664435e-01	-2.1895467e-01	-1.1257243e-01	-1.3450646e-01	1.5053862e-01	2.7586824e-01	1.3341343e-01	1.2089079e-01	-1.2159613e-01	-2.7309322e-01	-5.8474019e-02	1.6277638e-01	9.8976502e-03	2.3512274e-02	2.0708025e-01	1.0912550e-01	-1.1944348e-01	-4.6982884e-02	7.7146083e-02	1.4248139e-01	1.5236631e-01	5.4195318e-02	-1.5363316e-02	2.0429914e-01	4.7392279e-02	-2.7997011e-01	3.0376444e-02	-1.8604018e-01	-2.3447457e-01	2.3324889e-01	4.4258654e-02	-2.4235699e-02	-8.0306530e-02	3.0223101e-01	-3.0122331e-01	2.8092852e-01	1.5549180e-01	-3.7046486e-01	-3.1284621e-01	-2.4280362e-01	8.9744948e-02	4.1969649e-02	1.1719134e-01	5.7010554e-02	-1.2976900e-03	-1.5997311e-01	6.9691487e-02	6.0615797e-02	4.4182360e-01	-3.0154896e-01	-3.9275756e-01	1.7809008e-01	-1.9052449e-01	-1.7616698e-01	-9.1316104e-02	7.5859837e-02	-2.1588901e-01	-9.7111724e-02	1.3650236e-01	-2.5837043e-01	5.5137962e-02	-3.5351355e-02	-2.8045243e-01	-2.9681826e-01	-1.4360233e-01	-2.1316932e-01	2.0426728e-01	7.8251973e-02	-1.1567752e-01	-1.0663929e-01	3.8022369e-02	6.5014370e-02	-4.0371576e-01	-2.5341285e-02	-2.1792056e-01	2.5744867e-01	-3.3225507e-01	3.9819706e-02	3.0393419e-01	-2.9040173e-01	-1.4052497e-01	1.1915778e-01	1.0799494e-01	-5.1772453e-02	1.6838643e-01	3.4512762e-02	8.1053503e-02	1.4541353e-01	7.5404018e-02	-9.1669455e-02	-3.1816164e-01	2.0559406e-01	-9.7451828e-02	-3.3234259e-01	-4.4729799e-01	-4.6332333e-02	2.0131534e-01	6.1019685e-02	3.8645022e-02	4.4944769e-01	1.0127202e-01	6.3760631e-02	9.6393712e-02	-4.0129068e-01	5.7015374e-02	1.2291629e-01	4.1963734e-02	8.2831658e-02	-6.1318990e-02	-2.6271880e-01	-2.8023702e-01	2.9789996e-01	8.6783543e-02	6.6654436e-02	1.3670789e-01	2.8589377e-01	5.7620972e-02	1.9001557e-01	4.4167152e-01	2.5579226e-01	-7.4783266e-03	1.2192050e-01	4.9953028e-03	-9.5079336e-03	-1.2927845e-01	-1.6388929e-01	-2.5464350e-01	9.8222762e-02	-1.1644882e-01	1.4775331e-01	-2.5080746e-01	1.6642375e-01	2.2647634e-01	-1.5544464e-01	-1.7629695e-01	8.7042019e-02	-9.5058061e-02	-8.8551588e-02	9.0204664e-02	-2.2943580e-01	-5.9045143e-02	7.9742074e-02	1.1158170e-01	2.0924927e-01	-2.6356235e-01	-2.2120541e-01	-3.2847202e-01	-2.7572510e-01	7.8830093e-02	-6.4923115e-02	-2.1854720e-01	1.3475096e-01	2.3662868e-01	-9.9468708e-02	1.8065199e-02	1.2823598e-01	-9.9068405e-03	-2.1062441e-01	3.3058330e-01	-4.5106169e-02	3.4623170e-01	-4.0271857e-01	3.4932360e-01	7.4981838e-02	-2.4092378e-01	2.8562728e-01	-2.7825642e-01	1.2741287e-01	-2.0153148e-01	-1.3190759e-02	-4.3281931e-02	1.1592986e-01	-5.7704180e-01	8.2600407e-02	-1.5523107e-01	-1.6808946e-01	-2.1421356e-01	1.6360316e-01	-1.1629716e-02	-2.1345648e-01	-3.4701526e-03	7.3358811e-02	-1.3467537e-01	-4.4729024e-02	2.8025100e-01	-2.1350987e-01	1.5166567e-01	3.2864422e-01	1.9996452e-01	-2.9186782e-01	-2.7012360e-01	2.7510005e-01	1.9667618e-01	4.3407226e-01	-7.6565909e-01	8.0812529e-02	-2.4305508e-01	3.0199453e-01	6.0405694e-02	-6.3786954e-01	-2.1543004e-01	-1.6115211e-01	2.5026405e-01	-5.3890742e-02	2.9509282e-01	2.1193253e-01	-2.1342553e-01	-1.8059224e-01	-2.9623011e-01	-1.4592260e-01	1.7813328e-01	-2.2949536e-01	-1.3233878e-01	2.2351173e-01	3.8562992e-01	8.9321941e-02	3.0448982e-01	-2.0719898e-01	-4.2539278e-01	3.4724701e-02	-2.8260261e-01	1.6681460e-01	-7.4511662e-02	4.5375884e-02	1.1713720e-02	-6.2631495e-02	-1.0232836e-01	-6.8499617e-02	1.9856283e-01	-9.1723472e-02	2.8085420e-01	2.4942228e-01	1.4425421e-01	-1.2304293e-01	-1.4171153e-01	-2.7594745e-01	-8.6977959e-02	1.4465937e-01	-2.7348521e-01	1.9576076e-01	1.1622288e-02	1.2745529e-02	-1.2340722e-01	2.3263782e-02	2.9675683e-01	-2.4005055e-02	1.5215507e-01	-2.3433433e-01	-3.3561915e-02	-1.6257192e-01	1.1759561e-01	-2.7033561e-01	2.7101114e-01	-3.2800037e-01	-1.1824133e-01	2.8866684e-01	8.9539744e-02	-1.4881052e-01	3.3405323e-02	-1.2455938e-01	2.5411043e-01	5.4623824e-02	-2.0878504e-01	3.8036218e-01	1.5044227e-02	-2.0170143e-01	-4.6645775e-02	-2.7472010e-01	6.9706738e-02	-1.9878998e-01	9.7486839e-02	1.0244247e-01	7.9593305e-03	2.6673838e-01	1.7962646e-01	1.3072465e-01	2.3416492e-01	2.5572428e-02	2.9904938e-01	-1.6074991e-01	6.3401639e-02	-1.9244452e-01	-1.5875790e-01	2.4586655e-01	-1.8829921e-01	3.7902415e-01	-4.4892499e-01	4.1753277e-02	-3.9074641e-01	-3.6444715e-01	8.6747125e-02	-7.8566656e-02	7.2226256e-02	-1.5967706e-01	-1.0301040e-02	6.7933127e-02	-1.5728873e-01	-2.7044114e-01	-1.3069937e-01	9.0182237e-03	-3.1341422e-01	4.6373188e-02	1.0993863e-01	1.1437248e-01	-8.5376576e-02	-1.4955667e-01	-3.6531065e-02	1.0488047e-01	7.2458684e-03	-1.5906027e-01	-3.9447245e-01	-1.7061910e-01	2.1615437e-01	2.8714484e-01	-5.6629632e-02	-2.4735142e-01	2.0236596e-01	-1.6695049e-01	-5.6106608e-02	-2.8883225e-01	-3.5354283e-01	-2.4356693e-02	1.4164719e-01	1.9026801e-01	9.7221106e-02	-2.9944107e-01	-1.9659595e-01	-2.0888278e-01	-2.5788364e-01	1.5937871e-01	1.1093993e-01	2.2742817e-01	2.9694691e-01	-2.2908458e-01	-3.2928011e-01	1.9045994e-01	2.5534121e-02	-2.6308951e-01	-2.7950823e-01	2.1145335e-01	1.3377938e-01	2.0317568e-01	-9.0754971e-02	-6.5889075e-02	2.2319317e-02	1.7057052e-01	-2.5684056e-01	-3.5485482e-01	1.2827525e-02	-7.0364326e-02	1.3111876e-01	-9.9467538e-02	2.3510297e-01	-1.7755620e-01	7.0370488e-02	3.0969962e-01	1.7712614e-01	-1.3416316e-01	-2.2362506e-01	-2.7032122e-01	-1.0086957e-01	1.6660841e-01	7.0627451e-02	5.1514953e-01	2.9639751e-01	1.2117100e-01	-1.4434214e-02	-7.6755092e-02	1.8712319e-01	-1.3836219e-02	6.4245149e-02	-2.3760054e-01	2.3011157e-01	-2.7941194e-01	-3.3689234e-01	1.7897852e-01	-2.3300010e-01	1.3536642e-01	-1.2307511e-01	-6.7802459e-02	-3.9953291e-03	2.4431086e-01	3.3873260e-02	7.9488330e-02	2.4633826e-01	2.9136980e-01	-1.2115972e-01	8.5513450e-02	-2.7968615e-01	-1.9704509e-01	-1.9935066e-01	3.6744308e-01	1.1684847e-01	3.4255099e-01	-2.8590780e-01	7.8720793e-02	-2.7246696e-01	1.9703999e-01	-1.9532488e-01	-6.1590326e-01	2.2198929e-01	-1.9334966e-01	3.6597688e-02	-6.0221966e-02	-2.3192838e-01	-4.5139286e-01	-1.9349450e-01	1.3383636e-02	-2.1038646e-01	-2.0894797e-01	8.7274827e-02	-1.6525365e-01	2.3110108e-01	-2.7391770e-01	2.3346411e-01	2.2172610e-05	2.2641177e-01	-1.6603096e-01	-2.8776649e-01	-2.8317192e-01	2.3658678e-01	-3.9118480e-02	4.2319339e-02	-5.3123611e-01	-2.1796583e-01	-1.7308201e-01	-2.0265970e-01	3.5786319e-01	4.0418130e-01	1.0862487e-01	-3.3474069e-02	4.4423417e-04	-2.8713429e-01	-1.8093459e-01	2.8921583e-01	1.0583758e-01	1.0612467e-01	-3.2957315e-01	3.2698050e-01	-6.8816267e-02	9.2105895e-02	-5.5697776e-02	-1.4748999e-01	-5.0214905e-02	1.1898604e-01	-1.3984716e-01	1.6569148e-01	2.2668457e-01	-1.2963571e-01	1.6632102e-01	1.8860614e-01	-1.5540370e-01	-1.4016758e-01	-2.9791594e-01	-1.6382498e-01	-1.5670525e-01	-3.4763407e-02	-3.0860698e-01	1.6516006e-02	7.7178478e-02	1.9330494e-01	-6.5219298e-02	1.8623935e-01	-1.2802577e-01	-6.4990617e-02	2.8401372e-01	-6.7785680e-02	-4.0006012e-02	1.5020806e-01	-1.3258703e-01	-2.7430870e-02	1.9943431e-01	3.4747064e-02	2.3188628e-03	4.9121741e-02	-3.4674248e-01
-1.4746250e-01	-1.0059443e-01	1.9856584e-01	-1.8044153e-01	-9.8794945e-02	1.0860851e-01	-6.4602077e-02	1.9154535e-01	-2.3695490e-01	-1.1457513e-01	9.4392687e-02	-2.3142512e-01	1.3509965e-01	-2.4371392e-01	2.7668759e-01	2.7373452e-02	-1.1745543e-01	8.1502706e-02	1.1696679e-01	2.4471673e-01	-1.9407564e-01	5.7351947e-02	-1.6426368e-01	1.1069464e-01	6.5804690e-02	-5.1813968e-02	-6.0161948e-03	-4.4344813e-02	1.6273072e-03	-1.4813119e-01	2.3118751e-01	-6.1473787e-02	1.6097093e-01	-5.6738615e-01	1.0021390e-01	-2.5786730e-02	1.3760811e-01	6.4031906e-02	7.7035800e-02	-2.2371666e-01	-2.0557886e-01	2.2147129e-01	-1.1128338e-01	-3.5603487e-01	-1.2761493e-01	8.1403866e-02	4.4132385e-02	1.2383387e-01	2.2783586e-01	-2.5353885e-01	6.4949006e-02	-2.6439775e-02	-1.0883342e-02	1.0576961e-01	5.4458030e-03	-5.3508833e-02	2.8590870e-01	2.4536972e-01	-2.5308481e-01	-8.4290966e-02	-1.4437100e-01	-2.1668330e-01	3.5943165e-01	-3.9386898e-02	-2.7450088e-01	-1.7433973e-01	4.6910059e-01	2.8915784e-01	2.0231345e-01	-3.9399734e-01	-7.7451564e-02	-7.5322248e-02	2.8975204e-01	1.3661900e-01	2.1508907e-01	-1.1702472e-01	-6.5501846e-02	1.1684310e-02	-1.5534510e-01	-5.4194048e-02	1.3090676e-01	-1.9424595e-01	-9.4974615e-02	1.3084272e-01	2.0860904e-01	3.1751528e-01	5.6963760e-01	4.6887615e-01	-1.4286757e-01	1.6823877e-01	-8.8856354e-02	6.8903461e-02	3.6257666e-02	-3.3502214e-02	1.8744726e-01	-1.1799741e-01	-8.4510423e-02	7.5057730e-02	-1.0720671e-01	-1.5600657e-01	-2.2260505e-01	2.6467717e-01	4.6433431e-01	1.9875133e-01	-1.3567060e-01	2.8824347e-01	1.5817024e-01	6.0772955e-02	2.0478964e-02	3.4058210e-01	1.5631981e-01	1.8635620e-01	-2.3379646e-01	-5.5412032e-02	-3.6452660e-01	-1.7738537e-01	-1.6181339e-01	-3.7454091e-02	2.8757742e-01	2.5527394e-01	9.4495416e-03	1.1383122e-01	2.1680666e-02	1.6132951e-01	-2.6043711e-02	1.0910690e-01	-3.4634852e-01	2.0116153e-01	-2.0328780e-01	3.0984482e-01	1.9951494e-01	-2.4576487e-01	2.0390706e-01	3.0593751e-03	8.1147723e-02	4.7013539e-01	8.1303246e-02	1.5344764e-01	-1.7853282e-01	1.2532079e-01	5.6152791e-02	4.6227619e-01	2.5704050e-01	1.2265956e-01	-2.0592013e-01	-1.8672626e-01	-1.3140837e-02	-1.8786527e-01	7.0717230e-02	-2.4453923e-01	2.0761722e-01	4.5054871e-01	2.8888911e-02	-7.4835904e-02	-1.7225364e-02	1.7084561e-01	-1.3543871e-01	9.9705018e-02	3.1637225e-02	1.4402552e-01	-1.5970333e-01	-1.5783592e-01	1.6861233e-01	2.4908599e-01	7.8921326e-02	-9.1436520e-02	2.8096557e-01	2.5543423e-02	-2.5838208e-01	6.4420648e-02	-4.1621495e-02	2.4789624e-01	-2.2406098e-01	2.5049788e-01	-9.0732649e-02	2.3020096e-01	-9.3452521e-02	-2.3333959e-01	1.7920995e-01	2.2722355e-01	-2.9059583e-01	1.1069151e-01	-2.7584839e-01	-1.2188011e-01	2.6022676e-01	2.7525169e-01	-2.1952824e-01	-6.1597154e-02	-2.3380825e-01	-4.0314633e-02	-2.5670463e-01	-2.5370669e-01	-1.5938072e-01	-3.3083069e-01	-2.2959509e-01	-1.7950812e-01	2.0989531e-01	-1.2234658e-01	1.8913133e-01	-1.9952539e-02	-1.7235422e-01	5.3978603e-02	-4.6179913e-02	-1.6909875e-01	-1.0796274e-01	2.5553295e-01	-2.7476397e-01	1.6748174e-01	-8.3296716e-02	-1.6175368e-01	2.4494553e-01	2.0441253e-01	1.7459169e-02	3.5485674e-02	7.9520810e-03	-1.0067917e-01	-1.7105469e-01	-7.2781388e-03	2.4937177e-01	4.1111618e-02	-1.6802081e-01	1.7369680e-01	-2.4194150e-01	-1.0832555e-01	4.0449098e-02	-2.8364727e-01	-7.2466759e-03	7.9096586e-02	-2.3648617e-01	1.2831825e-01	1.6505665e-01	-1.6127321e-01	7.7858001e-02	2.5930372e-01	-1.6214073e-01	-1.7517926e-01	1.9072790e-01	5.3025007e-02	-3.8253665e-03	2.0464525e-01	-1.5406297e-01	-1.0975382e-01	2.7205139e-01	9.8681450e-03	-1.6798982e-01	2.3751357e-01	-2.5133747e-01	-2.3151104e-01	2.0432094e-01	-1.8723661e-01	2.4289423e-01	2.4005917e-01	-3.0077335e-01	2.7099982e-01	5.4977685e-02	1.7099202e-01	7.8328345e-03	4.8127770e-01	-1.5492077e-01	-2.0384636e-02	2.4474904e-01	2.1968712e-01	1.4643195e-01	1.1470336e-01	-2.9571825e-01	2.4077633e-01	-2.8444612e-01	2.6937613e-01	7.0627093e-02	7.8839324e-02	2.7884990e-01	-7.6820165e-02	-4.0992981e-01	-3.3731334e-02	-1.6914748e-01	9.5972009e-02	-1.0674360e-01	1.1280948e-01	-9.8978512e-02	-5.4819489e-01	9.7694576e-02	-7.9654623e-03	-3.3081353e-01	-1.4258531e-01	1.3809617e-01	-4.4491595e-01	-3.7675899e-01	3.7343133e-02	-3.9766142e-03	-8.6006247e-02	-6.8862746e-03	1.5140823e-02	1.8437573e-01	1.5366612e-02	5.4898810e-02	1.3203160e-01	2.4916677e-01	-2.0341416e-01	1.9789530e-01	2.7128506e-01	-2.0196013e-01	-1.7154150e-01	-2.9458836e-01	-4.8232316e-03	4.3210024e-03	-6.6478685e-02	2.3514181e-01	-3.3895674e-01	2.1884282e-01	3.4307316e-02	-1.0883423e-01	-2.7571201e-01	2.8103398e-02	-1.1434066e-01	-1.9535735e-02	7.9836063e-02	1.3432658e-01	-1.8805486e-01	-1.1265834e-01	2.6031607e-01	-1.5972878e-01	-3.6016986e-02	-2.7763230e-01	-2.1585283e-01	1.0170210e-01	-2.9341164e-01	1.3315919e-02	-8.8431135e-02	1.7736498e-01	-2.8824717e-01	6.9580786e-02	1.4856835e-01	6.9719344e-02	-1.5764134e-01	3.2390893e-02	-2.6841098e-01	-9.7700015e-02	-2.4689122e-01	1.4171389e-01	9.9889472e-02	-2.7533174e-01	1.0291964e-02	1.4385326e-01	-2.2551507e-01	3.0201653e-01	-3.7167706e-02	-6.1445236e-03	1.5388021e-01	1.5338963e-02	2.5060281e-01	8.2781911e-04	-2.3480110e-01	8.5013963e-02	-1.0891045e-01	1.3328084e-01	-1.9319719e-01	1.8550944e-01	8.8772595e-02	-1.8423346e-01	-1.6827904e-01	1.7590505e-01	3.3883750e-02	-2.6735967e-01	-2.3219442e-01	-1.4747025e-01	1.1993322e-01	2.4285778e-01	-1.8386857e-01	-8.9950107e-02	1.9792417e-01	-9.7096995e-02	1.4813885e-01	3.4222577e-02	2.9581395e-01	-2.0507382e-01	-1.4727828e-01	-1.2183854e-01	-1.8537436e-01	2.9160905e-01	-3.0095100e-01	-1.3395902e-02	-2.7596775e-01	9.3203895e-02	-2.3534620e-01	-1.8613474e-01	3.0044323e-01	1.9336551e-01	-1.6858234e-01	1.1759034e-01	1.3618413e-01	7.3413879e-02	-2.8575927e-02	-5.3103495e-02	9.1398181e-03	2.6910639e-01	2.8570884e-01	-2.8128195e-01	2.4761593e-02	-9.7347252e-02	8.0092870e-02	-3.3392569e-01	9.6654883e-03	1.2614505e-01	-8.6957768e-02	-1.3861388e-01	8.7442905e-02	5.9702450e-01	1.8092108e-01	-6.5649480e-02	1.7439525e-01	-1.0444773e-02	-2.2797082e-01	3.0848950e-01	-3.3284655e-01	2.0274603e-01	2.7531534e-01	2.1994524e-01	-4.8954766e-02	1.0029722e-01	-2.0034450e-01	-3.4688768e-01	1.0317458e-02	-6.8066591e-01	2.0540076e-01	2.6171014e-01	1.2799020e-01	-1.2759243e-01	-1.1716596e-01	2.9396218e-01	-2.2896363e-01	-1.3841328e-01	5.9350934e-02	-2.3888420e-01	-2.1986593e-01	1.3582583e-01	-2.9863417e-01	3.4202497e-02	-2.0795989e-01	-4.8936403e-01	8.6202450e-02	5.4172076e-02	-2.0896322e-01	-1.2547669e-01	-1.6558869e-01	5.2330017e-02	-2.3474877e-01	8.8960992e-04	-1.1614614e-01	1.9631031e-01	-4.5649782e-02	3.5605419e-01	-3.5830092e-01	-1.3844843e-01	-1.9288519e-02	3.0368540e-01	-2.2609615e-01	2.3640278e-01	-3.1424829e-01	-2.2837409e-01	2.0695932e-01	1.0486585e-01	2.7085346e-01	1.4402149e-02	-1.4209436e-02	1.3625115e-01	-1.2050109e-01	-1.4708765e-01	1.1768650e-01	2.7642190e-01	-3.3151783e-02	-1.9919357e-01	2.1325409e-01	-4.0794641e-02	1.9462265e-03	-2.0515038e-01	2.5254580e-01	1.7256294e-01	-1.4035271e-01	2.2695304e-01	1.0348314e-01	-2.9145223e-01	-2.2390148e-01	-8.4785193e-02	-4.6938017e-02	2.2339520e-01	-1.6426043e-01	6.0575954e-03	3.5782970e-02	2.0046741e-02	8.4423311e-02	2.5549829e-01	-9.5400892e-02	-1.5262386e-01	1.3696796e-01	-2.5067449e-01	-6.4859755e-02	2.0941104e-01	5.7199538e-02	4.9298402e-02	1.6483079e-01	-1.0921407e-01	-2.3758131e-01	2.5800046e-01	6.9655113e-02	-9.8277047e-02	-3.2947391e-02	2.1863292e-01	-2.9945487e-01	-9.4799228e-02	1.8108753e-02	9.4326794e-02	2.7187285e-01	3.1520051e-01	2.2408614e-01	-3.6487764e-01	-8.3000131e-02	1.2779067e-01	-3.6994316e-02	7.8529179e-02	4.4925353e-01	-1.1500348e-01	1.1193912e-01	1.5904436e-01	-7.8123100e-02	1.4534447e-01	-3.8379136e-01	2.3558858e-01	7.2741359e-02	-2.3739451e-01	-4.7036903e-03	1.8001691e-01	2.7921939e-01	3.0448358e-03	2.5619856e-01	-1.9714619e-01	-1.7371532e-01	7.9579435e-02	1.0118345e-01	-1.7420334e-01	2.7567628e-01	1.7874460e-01	-9.8950684e-02	-4.0653247e-02	1.8713275e-01	-1.2103610e-01	-2.7865985e-01	-2.2923832e-01	-1.7510876e-02	1.4029624e-01	1.7340222e-01	-5.9300959e-02	-2.0580079e-01	1.3317528e-01	-2.3193233e-01	-1.6387632e-01	-1.5986882e-02	5.3185612e-02	-2.9009560e-01	2.4262187e-01	-1.2590338e-01	-1.7868078e-01	-1.6875084e-01	-1.7948833e-01	-1.5503874e-01	8.9493118e-02	1.9175673e-01	-1.0354888e-01	-1.8600476e-01	1.9500634e-01	-9.5394947e-02	2.2197905e-01	-8.5531458e-02	-4.1186068e-02	2.3129094e-01	-2.5535929e-01	2.6719967e-01	-2.6545703e-01	-2.9863406e-02	-7.6151952e-02	-5.2560341e-02	2.9771471e-02	2.3286730e-02	1.5536076e-01	-2.0659402e-01	-9.4313562e-02	7.1254015e-02	7.8806289e-02	-1.4839084e-01	-2.8324509e-01	-2.8275439e-01	-3.0043146e-01	2.4356873e-01	-1.8868333e-01	5.1973283e-02	-1.7226076e-01	9.3209840e-02	-1.3821824e-01	-2.8858283e-01	-8.8585235e-02	5.6388222e-02	1.6773117e-01	6.7152619e-02	1.8940538e-01	-2.1492635e-01	-1.4756571e-01	-3.0860418e-01	2.4281599e-01	-1.0872671e-01	2.1986546e-01	-2.8008819e-01	3.5298496e-01	-2.3449698e-01	2.4348049e-01	-1.2920997e-01	2.1080799e-01	3.5057697e-01	-1.8244959e-01	2.7457622e-01	1.7671943e-01	1.3577440e-01	2.7189404e-02	3.9524084e-01	-1.8922320e-01	2.9716548e-01	-2.9610315e-01	5.9739698e-02	-8.2964405e-02	3.5964772e-02	-2.6043355e-01	3.4015602e-01	3.7308407e-01	4.4600597e-01	-1.4811076e-01	1.8683189e-01	1.7080827e-01	-1.4334108e-01	4.4399239e-02	-5.5399206e-02	1.1363650e-02	1.5687369e-01	-2.6958936e-01	-1.1937059e-01	2.6987046e-01	-1.5407896e-01	-8.1110507e-02	2.0623872e-01	-1.9815266e-01	-2.4933899e-02	-1.6252507e-01	9.0404451e-03	-3.0487213e-01	-1.8689533e-01	-2.8358573e-01	2.0319253e-01	-2.1170974e-03	2.0479573e-01	2.5250983e-01	3.6066830e-02	3.2976218e-02	-1.5207648e-02	-6.4410232e-02	-2.1050066e-01	6.0231164e-02	-2.1855839e-01	2.4995598e-01	-2.5471774e-01	-1.6095471e-01	1.0618681e-01	-3.1756421e-03	9.2557080e-02	-2.0982684e-01	1.8361390e-01	-4.4567749e-01	-1.1032663e-01	-3.8096604e-01	-1.4505386e-01	-2.3210502e-01	-2.5323668e-01	1.7131650e-01	5.6933910e-02	2.2553316e-01	-7.4614532e-02	6.2940896e-02	-9.4674982e-02	5.5458397e-02	-1.6553292e-01	-6.6301674e-02	1.5478556e-01	-4.6745890e-01	2.3731521e-01	-1.6633809e-01	-1.4443724e-01	2.1002457e-01	-6.3867576e-02	-1.5667716e-01	-1.3657600e-01	-2.5371969e-02	-9.3947195e-02	-3.4634677e-01	2.9370901e-01	-1.0937620e-01	-3.9623582e-01	9.3179502e-02	-1.3881284e-01	4.3214864e-01	-3.6176282e-01	9.4932549e-02	-1.4876361e-01	1.0064878e-01	9.5928252e-02	3.0068314e-01	-1.1551480e-01	1.3338007e-01	-2.2721818e-01	-1.7118394e-01	1.2187322e-01	1.4887917e-01	1.8033196e-01	-9.6795425e-02	1.2998122e-01	-1.1797632e-01	1.1985578e-01	4.7773705e-03	4.6201099e-02	3.2521952e-02	2.9767516e-01	-2.0663705e-01	4.9022409e-01	-1.5792561e-01	2.9665533e-01	1.4608237e-02	1.7374897e-01	-3.2972828e-01	1.2743360e-01	1.7206512e-01	7.1491614e-02	-4.3021977e-02	-1.8398069e-01	-1.1280137e-01	7.0342466e-02	1.6235891e-01	-4.7390461e-03	1.5988874e-01	-3.5209082e-02	2.6564708e-01	-2.1041726e-01	-1.0254612e-01	1.3403435e-01	-2.1158439e-01	-1.0535756e-01	-1.3350847e-01	-2.0124668e-02	1.4153074e-02	-1.9512388e-01	-3.5857465e-02	3.0792990e-01	-2.6661137e-01	-2.5746658e-01	2.5165781e-01	-1.2253095e-01	3.0516651e-01	-5.1206179e-02	-2.9162741e-01	5.1089823e-02	-1.6088906e-01	-2.1679819e-02	4.9537223e-02	4.1167736e-02	-2.0320266e-02	1.8339923e-01	1.0837557e-01	1.4981566e-01	9.4949804e-02	1.1358023e-01	2.2045957e-01	-2.0599805e-01	1.4640027e-01	2.9158351e-01	1.4661470e-01	-3.0211872e-01	-3.2154381e-02	-1.1078174e-01	6.5443516e-03	-2.7928168e-01	-1.1987716e-01	-1.3602728e-01	6.1953545e-02	-1.7738591e-01	-2.1228331e-01	1.6630292e-01	-2.9202156e-02	-1.3470709e-02	-2.9972824e-01	-5.6613348e-02	-2.6202452e-01	-1.0949226e-01	-2.6211342e-01	2.0483080e-01	1.3507783e-02	2.0730355e-01	-1.2762505e-02	2.8880012e-01	-2.6815516e-01	1.7423090e-01	-8.5166574e-02	-2.0973223e-01	-2.3797324e-01	1.3612511e-02	1.3663398e-01	-9.4984829e-02	-9.7749710e-02	-6.6113226e-02	4.0096462e-02	-2.4308592e-01	-2.6414201e-01	-6.8924248e-02	-9.5661238e-02	6.7001149e-02	-9.9705957e-02	-7.7332228e-02	3.5913810e-02	1.0777417e-01	-2.6192880e-01	1.4191629e-01	9.2166096e-02	1.4751507e-01	-2.0692436e-01	7.7023350e-02	2.2962080e-02	-7.5945683e-02	-9.7017251e-02	-6.3526765e-02	2.4419451e-01	-5.2199669e-02	-1.4651588e-01	-2.1488366e-01	3.7048656e-02	6.5399267e-02	-3.9338231e-01	2.3616470e-01	1.8029113e-01	3.0082656e-02	-1.0296267e-01	1.5129671e-02	2.7115741e-01	-1.7875595e-01	-1.8976223e-01	3.0546489e-01	-1.3127790e-01	-2.6558292e-01	-1.4241500e-01	1.3252692e-01	1.4408949e-01	3.1384923e-02	-2.7746198e-01	-1.5905294e-01	1.3904732e-01	-7.4032597e-02	-9.1926426e-02	2.6141784e-01	8.3865866e-02	-1.4950615e-01	3.1343958e-01	1.1530991e-01	-1.1475954e-01	4.1179113e-02	-2.8474590e-01	-1.7429446e-01	1.3326666e-01	-1.3648914e-01	-1.0005670e-03	2.8911126e-01	9.0703264e-02	1.0772397e-01	2.8439168e-02	2.3448165e-01	1.1687271e-01	-2.5227484e-01	9.5911443e-02	1.1120616e-01	-1.1913070e-01	6.9062851e-02	2.0662266e-01	-9.0210214e-02	1.8118984e-01	1.7427905e-01	-4.2497990e-01	-1.4004688e-01	3.0370932e-02	-7.8595780e-02	-1.4050137e-01	-2.2515315e-01	5.9906069e-02	-3.5352507e-01	-1.6934487e-01	6.1588533e-02	-6.7160018e-02	-2.0574072e-01	-2.7246341e-01	1.2174214e-01	-2.9836771e-01	9.3962789e-02	1.4983764e-01	-2.5451976e-01	-1.4808375e-01	2.1347108e-01	-2.6790375e-01	2.9074684e-01	2.4711516e-01	1.9002947e-01	-2.5031033e-01	1.1471615e-01	-2.7161069e-02	1.2356594e-01	-2.9163247e-02	-2.0573683e-01	-1.6505471e-01	-1.0803596e-01	-8.9522108e-02	2.1232311e-01	-9.6404508e-02	-2.2440796e-01	2.3037478e-01	9.7553760e-02	-2.2895537e-01	1.7106605e-01	1.7087896e-01	2.1294257e-01	-6.6771202e-02	-1.3744523e-01	2.3475766e-01	-2.2925471e-01	-3.1727090e-01	-1.8770447e-01	4.7601971e-01	1.9775984e-01	2.2899328e-01	1.8193844e-01	1.2746386e-01	-2.2489212e-01	1.2576392e-01	1.8248588e-01	1.1298087e-01	3.8028267e-01	-4.6695012e-01	1.8318227e-01	-6.4601876e-02	4.0375635e-02	2.3506270e-01	-1.1147910e-01	2.9620361e-01	3.9088476e-01	5.7648480e-02	-1.3207568e-01	-1.9493045e-01	1.7616539e-01	-2.8121200e-01	-3.2248151e-02	-1.7666826e-01	2.7339858e-01	2.1191004e-01	-8.8507280e-02	2.3451702e-01	-9.3496786e-03	2.1710172e-01	-1.3478503e-01	-3.0457690e-01	-2.2633667e-01	6.4224601e-02	1.3160476e-01	1.5668130e-01	-1.9467552e-01	-8.9870319e-02	2.1399465e-01	-1.0276496e-02	-2.7217323e-01	-9.5377564e-02	-2.6548102e-01	-2.8414023e-01	-5.2120157e-02	-8.3384380e-02	1.3012409e-02	-2.0470986e-01	-2.5240171e-01	-9.2700183e-02	-1.1059763e-01	9.4558030e-02	1.6041848e-01	-1.4246292e-01	-6.3096151e-02	-5.3196371e-02	1.4234424e-02	-1.8021072e-01	5.2849267e-02	1.1291125e-01	-1.8426320e-01	-7.4149422e-02	-2.8546265e-01	-1.4144024e-01	3.4611002e-01	-2.6376233e-01	-2.9747653e-01	1.4632373e-01	2.7985412e-01	-1.1001837e-01	1.7997991e-01	-2.4611583e-01	1.0360350e-01	-3.6173579e-01	8.6118422e-02	-4.2390388e-02	4.4155863e-01	1.4861660e-01	-1.0985201e-01	3.9726716e-01	3.5607889e-01	1.8687606e-02	1.6197826e-01	-1.8176952e-01	1.0102658e-03	-1.4413357e-02	-2.8249657e-01	-1.2652051e-01	-9.6828081e-02
-1.0118187e-01	-1.4023583e-01	3.0829409e-01	3.3855665e-01	2.6548538e-01	-1.8182659e-01	-7.6824062e-02	2.3054256e-01	1.3921201e-01	-1.7274053e-01	-2.8214562e-01	-2.5692254e-01	9.2690222e-02	-1.2130917e-01	1.3397148e-01	-3.5105640e-01	-4.2798930e-01	-2.4327926e-01	-1.1433548e-01	3.0640796e-01	-4.2703185e-02	-3.2528946e-01	4.0417939e-01	-2.0786443e-01	3.5665864e-01	-2.1156022e-01	-1.5529427e-01	-2.7785978e-01	-3.9989614e-01	6.3509965e-01	-1.7656166e-02	1.7541696e-01
