9
input	24
dense	32
relu	0
dense	32
relu	0
dense	32
relu	0
dense	1
linear	0
7.999999979801942e-06
5.8808874e-02	-1.2905322e-01	-8.7999590e-02	2.0702085e-01	-2.9418340e-02	5.3118062e-03	9.2019588e-03	2.6059086e-03	-8.3078422e-02	-1.4900175e-01	7.7632643e-02	1.7985526e-01	2.2447839e-02	5.7396691e-02	4.4082496e-02	-6.9288746e-02	-9.5749043e-02	1.4208591e-01	-1.1795221e-01	-1.0768197e-01	0.0000000e+00	-1.2139314e-01	2.0571560e-02	-7.9048224e-02	-3.2761805e-02	-6.2825193e-04	-1.2814131e-02	-6.8209218e-03	-1.4265276e-02	-8.1118988e-03	-8.0119908e-02	6.9155544e-02
-1.5094574e-01	2.9071387e-02	-7.9726644e-02	-7.5311884e-02	1.7768167e-01	6.8001166e-02	1.1670216e-02	-3.4693819e-03	-5.2002847e-02	-9.3393631e-02	9.4577879e-02	-7.6579057e-02	-8.9761019e-02	-7.3642939e-02	2.1284420e-02	-3.4418839e-03	-1.1022426e-01	1.7205792e-02	-1.1104833e-01	-2.0350732e-02	-5.1554060e-03	-1.8404942e-02	-9.1121726e-02	5.2753083e-02	-3.9773136e-02	6.8175974e-03	-8.5417397e-02	-1.0252854e-01	-2.5070895e-02	-1.0744517e-01	-1.7272291e-03	-7.4441843e-02
-8.2731932e-02	3.1674501e-02	-3.5713989e-02	-7.0130996e-02	-4.0120866e-02	-8.3881967e-02	-5.8088664e-02	3.4838092e-02	1.8485352e-02	-3.7185322e-02	2.1117115e-02	-7.6156929e-02	1.7561929e-02	-2.5077904e-02	-4.0089864e-02	-1.6423076e-02	-5.0215643e-02	-3.0453816e-02	-2.7705189e-02	-3.5707387e-03	-3.8238071e-02	-1.3249696e-02	-4.6765596e-02	-2.2399357e-02	-1.2098124e-02	-1.9183548e-02	-2.1641294e-02	-7.3596150e-02	-3.3767890e-02	-4.4627786e-02	-5.9996102e-02	-3.5907194e-02
1.4841814e-03
5.4076236e-01	2.9571477e-01	1.2797616e-01	-1.4474784e-01	4.5134325e-02	-1.7614503e-01	-1.4262663e-01	5.1100530e-02	1.2154938e-01	1.2829344e-01	3.6127475e-01	2.0739999e-01	5.1775473e-01	1.0755488e+00	9.4697773e-02	1.4881955e-01	1.4432922e-01	6.0929369e-02	-3.4212467e-01	1.9707780e-02	2.4095628e-02	1.3307113e-02	1.0323154e-01	2.3907237e-01	-8.1292085e-02	6.7194469e-02	-3.2886420e-03	3.4959134e-01	3.4119141e-01	2.4534151e-01	-1.5177749e-01	-3.8907509e-02	3.3206880e-01	3.2199129e-01	1.3589963e-01	-1.0501977e-01	-5.6259876e-01	-9.8693156e-01	-1.0022245e-01	2.5618714e-01	1.0721122e-01	-1.8461519e-01	-6.9495693e-02	1.5642247e-01	1.7705569e-01	2.9446092e-01	3.8243604e-01	1.0364623e-01	-1.8533507e-01	-1.5357693e-01	3.2936090e-01	-9.2985682e-02	2.4948665e-01	3.7197322e-01	1.9964558e-01	9.3277246e-02	3.5471022e-01	-1.8169649e-01	-7.0601585e-03	2.4205919e-01	-5.2610177e-01	-4.9576327e-01	-3.8846746e-01	-2.0592706e-01	-9.5964916e-02	-4.9388508e-04	1.0026386e-01	1.2308308e-01	7.7704310e-02	-4.2840209e-02	-3.9455887e-02	-2.5445065e-01	-1.1680695e-02	5.6792873e-01	5.9095460e-01	-6.1654113e-02	1.3332452e-01	-6.3184321e-01	-4.1652310e-01	9.9603839e-02	1.7412087e-01	1.9877058e-01	1.0998793e-01	-1.5314457e-01	1.5862657e-01	2.5439042e-01	7.5619203e-01	-7.9066806e-02	-3.2331515e-02	-7.0164618e-03	-5.2905034e-02	2.2378949e-02	-7.8176223e-03	1.5956258e-02	1.5235564e-01	-7.9306237e-02	1.8817350e-01	5.5957198e-01	-5.4876272e-02	-7.8310847e-02	-1.6219880e-01	-1.1562022e-01	2.4289738e-01	1.1077825e-01	1.8919888e-01	-3.2388595e-01	2.0545337e-01	4.0765136e-01	4.7425997e-01	1.1596893e+00	-4.1921780e-02	2.2663052e-01	-2.1360111e-01	1.3368906e-01	5.7980951e-02	1.4651938e-01	-2.0867594e-01	-6.8518750e-02	-5.9848942e-02	-1.6433986e-02	-7.1033582e-02	3.3227026e-01	3.2763878e-01	1.3157213e-01	1.7054917e-01	-7.4355036e-01	-6.3018370e-01	-3.3745155e-01	-5.0503522e-01	-2.2304046e-01	1.1568990e-01	-2.6348156e-01	3.4731627e-01	3.4804299e-01	-3.4689182e-01	-9.4200805e-02	-3.6543056e-02	-1.2234607e-01	-2.5600420e-02	-1.3194586e-01	-1.9770232e-01	2.3187646e-01	1.0078131e-01	2.0572822e-01	-3.2040451e-02	-2.1337125e-02	2.8250766e-01	-6.6742286e-02	-2.9288986e-01	-1.5094245e-02	-2.8125203e-01	-1.4344276e-01	-9.4106592e-02	1.4430696e-01	-1.3770862e-01	1.1032503e-01	3.4219489e-01	4.0716887e-02	1.3701692e-01	-1.8522918e-01	-1.8600177e-02	1.4984500e-01	1.4837666e-01	-2.2643045e-01	-2.1614572e-01	-1.4251320e-02	-1.3024940e-01	-4.6266057e-02	6.1873257e-01	7.0896214e-01	8.4540653e-01	6.6629714e-01	2.3067811e-01	-6.9474989e-01	-5.2756643e-01	8.7885626e-02	2.2180364e-01	-9.4979256e-02	-3.8372733e-02	2.4325457e-01	1.8258253e-01	2.4210565e-01	5.4007864e-01	1.0002927e-01	-9.4232269e-02	6.2125456e-02	-5.5639055e-02	8.2030833e-02	-2.9642707e-01	-2.4634752e-02	-1.3912715e-01	-1.5049306e-01	-1.9026649e-01	1.6902758e-01	3.8476694e-01	2.1205480e-01	4.8435217e-01	3.2085150e-01	2.7278369e-02	1.8408670e-01	-2.5292131e-01	3.2902831e-01	-2.6655786e-03	-3.7674034e-01	-3.4553343e-01	-5.6753111e-01	-3.7776849e-01	-2.4055640e-01	6.3524485e-02	-2.1834210e-01	1.7023070e-01	8.1959926e-02	1.2970616e-01	-1.8163706e-01	8.7748274e-02	2.9864281e-01	-3.4082481e-01	-2.8183392e-01	1.4049174e-01	4.4572923e-01	3.2694364e-01	4.8464498e-01	-2.0394066e-01	8.9403294e-02	1.7361143e-01	1.7449102e-01	-1.5936615e-01	2.4816662e-01	-4.2237499e-01	-4.6831948e-01	-2.5682014e-01	1.3155228e-01	2.3656897e-01	4.5981970e-02	4.7557856e-04	-1.2405255e-01	-2.3533095e-01	1.3792145e-01	2.3194605e-01	-7.6443136e-02	3.8300484e-01	-5.1316631e-01	-4.4098669e-01	-8.7188447e-01	-6.7761528e-01	-4.3178943e-01	7.0692554e-02	-2.8717846e-02	-1.0625202e-01	-2.0740634e-01	-1.3677777e-01	-2.4271682e-01	-4.0454882e-01	1.2863144e-01	-1.8552014e-01	-2.5302464e-01	-4.3953653e-02	3.0168593e-01	-2.8875855e-01	-2.5143930e-01	1.7117321e-01	-2.7039599e-01	3.2754770e-01	-1.3143833e-01	4.9963063e-01	-4.6316426e-02	5.4317677e-01	2.1525547e-01	-8.2300508e-01	-1.1598784e+00	-6.7248166e-01	-2.2026269e-01	5.5238521e-03	-1.5619980e-01	-1.4258441e-01	1.0890615e-01	-1.9137958e-01	6.3867599e-02	-4.9251020e-01	-4.3366876e-01	4.9982004e-02	-1.2931153e-01	-2.7005496e-02	1.0209759e-01	8.6498350e-02	-2.7232574e-02	4.7874402e-02	-1.2748019e-01	-1.5466273e-01	2.4576503e-01	-9.1689348e-02	-1.8990394e-02	-2.4111672e-01	-1.3069224e-01	-2.4188934e-02	-4.2936018e-01	-6.9176115e-02	-1.3375166e-01	3.4596819e-01	1.7002277e-01	-2.3250039e-01	-2.3820712e-01	-3.7321830e-01	-1.2671059e-01	-2.4667799e-01	-7.5751342e-02	1.3569111e-01	-1.6447696e-01	2.2581092e-01	-1.2812136e-01	5.2710539e-01	-7.9375096e-02	-5.3392333e-01	-7.6891357e-01	-5.4528952e-01	-7.4573278e-01	-1.1549199e-01	-5.1685542e-01	-1.9660294e-01	6.9244578e-02	2.3543637e-01	-1.3103999e-01	-1.5988657e-01	-1.2806062e-01	2.5507757e-01	2.7243477e-01	-3.5182741e-01	-1.6285723e-01	2.1339316e-02	7.4827239e-02	-2.1332663e-01	1.6643596e-01	-1.8580286e-01	-2.6936723e-02	-7.4273939e-03	4.7369152e-03	2.6963151e-01	3.9477253e-01	1.3665684e-01	-2.5318974e-01	2.3553754e-01	2.3944958e-01	1.4024466e-01	3.0932149e-02	-2.6987481e-01	1.1355037e-01	-2.5763440e-01	5.0288245e-02	-1.3900535e-01	6.8775481e-01	9.6286081e-02	-2.7818659e-01	2.2013284e-02	1.3195707e-01	4.3113861e-02	3.9194217e-01	1.0500088e-01	-2.1351794e-02	-6.0991746e-01	6.8559712e-01	-3.6413431e-01	7.1789160e-02	-5.5234823e-02	3.2359275e-01	-1.0775491e-01	3.0956197e-01	1.0146327e-01	-2.6744073e-02	9.5072515e-02	-1.6424146e-01	3.0943751e-01	-6.8845779e-02	-8.0620594e-02	-3.9492619e-01	-1.8348426e-01	3.3458027e-01	-2.3539683e-01	-4.8623376e-02	-7.2926827e-02	8.7179154e-02	-1.6489735e-02	1.3008073e-02	4.3449289e-01	-9.3472731e-01	-2.1559678e-01	4.0101382e-01	-3.8838249e-02	2.8690755e-01	4.0773752e-01	2.1340653e-01	3.3238676e-01	9.2590585e-02	-2.3873734e-01	-3.2127905e-01	-6.6261515e-02	-1.9019583e-01	-1.0732988e-01	2.8686744e-01	9.3184710e-02	-1.0312007e-01	3.7403785e-02	-1.9233941e-01	-1.1431175e-01	1.6885902e-01	-1.2456682e-01	-3.4929067e-02	-1.9444303e-01	1.3337435e-01	-8.1127487e-02	2.3460962e-01	5.1629752e-01	4.2025775e-01	8.1934296e-02	-2.5521338e-01	-3.3411455e-01	1.8907027e-01	-1.3240121e-01	3.4424465e-02	1.7777780e-01	-5.3931426e-02	-1.5316471e-01	5.0628686e-01	3.1202495e-01	-1.8124048e-01	1.1123798e-02	-1.3456054e-01	1.4399727e-01	-8.1815459e-02	5.9797883e-02	-5.7129143e-03	5.0380558e-01	3.4083733e-01	-3.8984865e-01	-1.4066990e-01	2.4866071e-01	-9.3549648e-03	4.1025795e-02	3.1070921e-01	1.3559932e-01	-3.8220849e-02	-8.6899474e-02	1.9638361e-01	-7.5163037e-02	-4.8920784e-02	-2.8688062e-02	-4.5522439e-01	-5.7806332e-02	-2.7150688e-01	-1.3065422e-01	4.8899252e-02	6.4028844e-02	-6.5929495e-02	-7.1562640e-02	-2.9596052e-01	2.2309665e-02	-1.2015913e-01	-2.0759131e-01	-2.0128915e-01	-2.6797083e-01	-1.0624234e-01	3.2286978e-01	1.3018411e-01	1.6434260e-01	3.8211625e-03	-1.8809198e-01	2.4816160e-01	2.4133281e-01	4.6138287e-02	-3.4580204e-01	-4.2724732e-01	-2.3926438e-01	1.4275327e-01	-7.3873580e-02	-1.9290279e-01	1.6341509e-01	8.7383509e-02	-1.1005988e-01	1.8785758e-02	3.1716950e-02	-2.0500629e-01	-1.0232654e-01	-1.8375346e-01	2.0717281e-01	1.2871018e-01	-2.5325716e-02	-2.9973677e-01	1.4003533e-01	2.7364928e-01	-3.0594850e-01	-4.7490805e-02	2.0733637e-01	-3.0654490e-02	-1.3605344e-01	2.7729887e-01	1.9824976e-01	-1.6576692e-01	1.5932941e-01	9.5954508e-02	1.7244184e-01	-1.3173366e-01	3.2594848e-01	1.4249539e-01	1.4426163e-01	-7.7390254e-02	-2.4364646e-01	-3.1688637e-01	-2.9166855e-02	2.3334670e-01	4.0448895e-01	3.6111403e-01	3.0178550e-01	1.0949141e-02	2.8414586e-01	-1.3182645e-01	-2.7238122e-01	-3.8416910e-01	-3.4960636e-01	-4.7983450e-01	-5.0270146e-01	2.8483868e-01	-1.7380416e-01	2.7598250e-01	-7.3135085e-02	-1.5580195e-01	1.9313739e-01	-4.8283357e-02	3.3422911e-01	-2.2805560e-01	1.6444722e-01	3.0369094e-01	5.0286349e-02	-2.9933479e-01	-1.6566209e-01	1.6549619e-01	-1.6267145e-01	1.2644741e-01	-3.1787702e-01	1.6963696e-01	-2.0492874e-01	4.3243220e-01	5.3253073e-01	8.7789035e-01	4.8656985e-01	9.1162287e-02	7.8299992e-02	-1.2986405e-01	2.4196757e-01	-1.9513293e-01	-1.7355072e-01	1.0139555e-01	-5.9392029e-01	2.4692321e-03	-3.4035683e-01	-1.1968055e-01	3.4921023e-01	2.7851966e-01	1.2065075e-01	1.3547896e-01	5.8241729e-02	1.6240859e-01	2.2811599e-02	-8.6739518e-02	-2.4912982e-01	1.4656222e-01	-1.5451543e-01	-1.8164024e-01	-2.6387468e-01	-1.9308594e-01	-4.7037974e-02	2.2980006e-01	2.8181016e-01	-2.5724417e-01	1.5161110e-01	-7.4020654e-02	-1.8665393e-01	-3.1270185e-01	2.9814032e-01	-2.8173350e-02	9.5021017e-02	1.5568449e-01	1.9855428e-02	2.4572568e-01	-3.0508301e-01	3.9987762e-02	-1.2776008e-01	1.5182596e-01	-1.6411607e-01	7.2840981e-02	3.4531379e-01	-6.3005768e-02	2.0032268e-02	-3.2704931e-01	-1.6865936e-01	2.5090736e-01	-1.7644502e-01	-3.7337503e-01	-2.0576073e-01	1.8477358e-01	-9.9595940e-01	3.9165199e-01	1.3078251e-01	1.7078587e-01	-2.9421490e-01	-3.6641005e-01	-7.1912102e-02	1.4889455e-01	-2.5421822e-01	2.8917223e-01	1.8669176e-01	1.0061674e-01	2.5600621e-01	2.8658095e-01	-4.9134914e-02	-1.9748428e-01	3.0911788e-01	-1.7858216e-01	-1.0333662e-01	5.1843356e-02	-1.5742585e-01	-2.3611906e-01	-2.4722058e-01	-1.4871508e-01	1.0216354e-01	-5.7335265e-02	-1.6598731e-01	-1.6390303e-01	7.3026858e-02	-2.3664136e-01	2.9084083e-01	-8.4708035e-02	-5.6972180e-02	1.2069187e-01	-3.0119559e-01	8.1234975e-03	2.9717794e-01	-1.7531168e-02	5.0315086e-02	-1.2923700e-01	1.7281877e-02	-9.4116330e-02	2.0576608e-01	-3.5698742e-01	1.1459686e-01	2.3255536e-01	2.9249763e-01	8.8826306e-02	2.3789541e-01	1.2993129e-01	1.0619250e-01	-2.5154549e-01	-5.8592939e-01	-2.0963511e-01	4.5356847e-02	-4.9609020e-01	-7.3165029e-02	3.7329748e-02	2.5168228e-01	-5.0750334e-02	-3.2717857e-01	1.2851581e-01	2.7448991e-01	4.2785056e-02	-1.8496037e-01	7.4779637e-02	-9.9202096e-02	-2.8990058e-02	-4.9876750e-02	-6.2702455e-02	-2.1107228e-01	-1.2902987e-01	3.6469828e-03	-3.2800478e-01	-3.0256855e-01	-4.9547110e-02	3.0175027e-01	-7.8119271e-02	6.2995844e-02	1.8536529e-02	8.8282436e-02	-1.1003215e-01	-2.3721223e-01	-1.2119820e-02	-3.1506479e-01	2.7990067e-01	1.7628586e-01	-1.8103389e-01	3.8248101e-01	-8.7212145e-02	-9.1079272e-02	-3.1448373e-01	8.7435097e-02	-1.2919711e-01	3.0311820e-01	-2.8134048e-01	-8.1224546e-02	1.4931548e-01	-5.6798518e-02	1.5564442e-01	1.0275548e-01	1.0013306e-01	-1.2017204e-02	-6.0203206e-02	-1.0130681e-01	-2.3719309e-01	2.3973992e-01	-3.0881761e-02	2.6399830e-01	3.3078885e-01	-1.3528994e-01	1.0890206e-01	-1.8036648e-04	-1.5106943e-01	-2.2528031e-01	4.5878170e-03	-1.2409978e-01	2.9705471e-01	2.2383203e-01	1.9319017e-01	-3.1301403e-01	1.2282868e-01	-4.8793262e-01	1.0298028e-01	2.2637071e-01	1.6056576e-01	3.2051802e-01	2.3304497e-01	-7.6541208e-02	1.8816618e-02	1.1293556e-02	-2.5638604e-01	-2.7072269e-01	-3.7096655e-01	-2.6593122e-01	-5.0319523e-01	-2.8776834e-02	-6.1502755e-02	-6.5511670e-03	-1.1141609e-01	-9.6331745e-02	5.1786594e-02	-5.7914618e-02	-1.8636739e-02	-8.9250982e-02	-6.6259019e-02	-3.2164708e-01	-4.5560457e-02	-2.0412411e-01	-1.9446956e-01	-2.3917038e-02	-1.3290463e-01	-2.5063860e-01	3.4397993e-02	-6.1128806e-02	-1.9982454e-01	7.8884162e-02	1.0632071e-02	1.1080065e-01	-4.3488380e-02	2.0167831e-02	-2.0545048e-01	-1.1362988e-01	1.8046357e-01	1.9873503e-01	2.2260353e-01	2.3297970e-01	4.3758968e-01	5.8667991e-02	-2.4990058e-01
-1.1840776e-01	3.2095721e-01	1.9335821e-01	2.9163045e-01	1.4542639e-03	-4.6884134e-01	-3.6933047e-01	1.1751496e-01	-8.8008650e-02	2.9194584e-02	-1.8610705e-01	-4.3367174e-02	2.1925019e-01	-5.6146283e-02	-5.0641036e-01	2.2210598e-01	-3.6980495e-01	1.2371378e-01	1.7432514e-01	2.1515851e-01	2.0364943e-01	3.9025086e-01	-4.0517125e-01	2.5730613e-01	-1.4081095e-01	-2.2859323e-04	1.4515910e-01	9.6785851e-02	2.5394651e-01	-2.2433662e-01	-2.3208812e-01	-9.7198173e-02	2.4128461e-01	2.4701886e-01	-1.3855419e-01	2.0571354e-01	3.6383641e-01	5.5535298e-02	-2.2868489e-01	-5.4630780e-01	2.9543436e-01	-5.6679346e-02	-1.4530236e-01	-3.9208212e-01	-3.3423769e-01	-2.3450619e-01	-2.7726367e-01	2.5106984e-01	5.2873287e-02	-2.5601456e-01	9.5689192e-02	1.0090249e-01	7.1947247e-02	2.3898049e-01	1.7773853e-01	1.3404633e-01	-1.0671323e-01	-1.9439128e-01	-8.2582064e-02	-2.5030786e-01	1.7537729e-01	1.3765320e-01	1.9545847e-01	-2.5677699e-01	-4.2388371e-01	3.1223476e-01	2.7765545e-01	-1.8239133e-02	4.1976076e-02	1.4179407e-01	-3.6637130e-01	-4.0960655e-01	8.3395310e-02	-5.0526090e-02	-1.9962984e-01	-2.8824547e-01	2.1356408e-01	-2.1928614e-01	1.6519921e-01	1.5403089e-01	6.1819106e-03	9.9836029e-02	2.7103564e-01	1.9058375e-01	-3.9821267e-02	-1.4524229e-01	1.7630328e-01	2.2543350e-01	-2.9104447e-02	-8.8247560e-02	-3.5167709e-02	1.7579007e-01	7.8648522e-02	2.8910261e-02	-9.8291837e-02	-1.1214647e-01	-3.4325831e-02	3.1548616e-01	2.3296187e-02	-4.4142640e-01	-2.0995566e-01	-2.5140160e-01	4.1745223e-02	7.9255074e-02	1.7306468e-01	2.3784202e-01	-2.5930920e-01	-6.3337058e-01	7.3677255e-04	-2.2438534e-01	8.7236881e-02	2.8209597e-02	2.0576735e-01	-8.8318624e-02	-5.7817392e-02	1.4846452e-02	2.7221611e-01	2.6262552e-01	-4.4336200e-02	-2.3171610e-01	-1.0752663e-01	8.2414694e-02	-4.0004477e-02	2.4446990e-01	7.8520723e-02	-2.6567811e-01	3.8488090e-01	-4.1773751e-02	1.5141284e-01	5.4770235e-02	9.9032991e-02	-7.8484863e-03	3.4151849e-01	7.4669972e-02	5.3131800e-02	-5.1660520e-01	1.0982442e-02	-2.7785742e-01	1.3620456e-01	-2.7768654e-01	-1.7630365e-01	1.3593267e-01	5.2912090e-02	-8.5321799e-02	-1.1640334e-02	-2.7737409e-01	-2.0868730e-02	-2.7356678e-01	1.5145761e-01	-1.6912419e-01	3.8230764e-03	-4.0798086e-01	-8.8354908e-02	2.5712864e-02	2.6821839e-02	2.6407596e-01	1.7225404e-01	5.0359163e-02	-2.8021654e-01	-1.7251672e-02	-1.2620102e-02	-1.5047500e-01	-8.0723047e-02	-4.5647788e-01	2.8715336e-01	-1.4917560e-01	-2.7717906e-01	-7.3013526e-01	1.7027462e-01	2.8572968e-01	7.7385074e-03	-2.6912001e-01	-1.4404212e-01	1.4227381e-01	-1.9487245e-02	1.5975705e-01	-8.7219000e-02	-2.8669795e-01	1.7330928e-01	-5.0315317e-02	2.4785846e-02	-1.3558652e-01	3.8583692e-02	-1.2295265e-01	-4.3446802e-02	-1.4515524e-01	-1.9578132e-01	-3.7646553e-01	-1.4370230e-01	2.8517810e-01	-5.9557240e-02	1.3908719e-01	-2.1388449e-01	1.3452309e-01	5.2684550e-03	-3.4985593e-01	-2.3492585e-01	1.9594392e-01	9.9037752e-02	3.3172145e-01	-1.3109770e-01	-3.1943673e-01	-3.5993135e-01	-2.2581194e-01	-2.6019567e-01	1.6052578e-02	-3.3223504e-01	-3.1952935e-01	1.2086875e-01	-4.0559340e-01	2.1133567e-01	-1.8585116e-01	-5.5447459e-02	3.2053402e-01	-1.7284018e-01	4.2618990e-02	6.4115666e-02	-6.2174696e-01	1.6100726e-01	4.4873250e-01	-2.6426214e-01	-1.3879333e-01	1.2615654e-01	-3.8474259e-01	-4.2656904e-01	-5.0825734e-02	2.7780250e-01	-2.7335533e-01	2.3679315e-01	1.8667158e-01	-2.1144283e-01	-2.8525311e-01	1.6494033e-01	-2.4009936e-01	5.3276528e-02	-2.4428974e-01	-2.6563266e-02	-1.5566811e-01	1.6658296e-01	1.2315448e-01	2.7954707e-01	-1.4311975e-01	-5.8427732e-02	-1.8253289e-01	7.8731090e-02	-4.6166185e-02	-2.9673409e-01	8.8607237e-02	-2.4222863e-01	-3.2308143e-01	-2.0098588e-01	2.3969349e-01	1.6170253e-01	1.8976837e-02	-6.8439573e-02	7.0787431e-03	-5.9480616e-03	-2.7234009e-01	3.5801947e-01	-3.0201629e-02	1.9567622e-01	-2.9980406e-01	1.8317561e-01	-8.4201470e-02	-2.7870294e-01	-2.2203188e-01	-3.9417651e-01	-2.1689793e-01	7.3430151e-02	2.2752073e-01	-1.2871259e-01	-6.2777712e-03	-1.5399073e-01	-1.4825672e-01	-1.3908850e-01	-2.2320680e-01	2.2912434e-01	2.2403201e-02	-3.2520372e-01	-6.9584735e-02	-2.3358274e-01	-1.3379332e-01	1.4087978e-01	2.2985220e-01	2.9222926e-01	1.5903443e-02	2.3248355e-01	1.1449687e-01	-2.4985038e-01	2.1006231e-01	-7.4269630e-02	-1.6495897e-01	1.3828807e-01	-1.9439834e-01	1.4473815e-01	-1.3323916e-01	-2.6440324e-02	1.8900076e-01	-1.1224647e-01	-1.0601147e-01	2.3121959e-01	2.8955483e-01	-3.6800736e-01	-3.3042159e-02	-3.4528613e-01	4.4615719e-02	2.3391981e-01	1.8441935e-01	1.3121772e-01	-9.8424442e-02	-3.5547349e-01	2.9151392e-01	-1.5834990e-01	1.1555988e-01	-2.4885438e-01	6.4081237e-02	1.2556974e-02	2.6600155e-01	-8.1796512e-02	6.9185503e-02	3.6391211e-01	-9.8663002e-02	8.9381216e-03	-2.3241220e-01	4.0642303e-01	-2.7268559e-01	-1.9467358e-01	-2.5302505e-01	-3.7018505e-01	-1.0127485e-01	7.8876123e-02	-2.3400074e-01	-1.8390508e-01	-1.4297205e-01	2.2110470e-01	1.4385504e-01	5.5079475e-02	-1.5879641e-01	-2.7328694e-01	-2.6012376e-02	1.7423406e-01	-2.9226765e-03	7.2772682e-02	1.4584649e-01	1.0194579e-01	2.8011999e-01	1.9962211e-01	1.0313231e-01	-2.6443475e-01	1.5685105e-01	-3.7546778e-01	-6.2014181e-02	-2.3060918e-02	-8.3162636e-02	8.4153891e-02	2.3042224e-01	-6.1246309e-02	4.5647025e-02	-2.5797009e-01	2.4300180e-01	-6.4268388e-02	2.1522151e-02	-2.1531196e-01	9.6091516e-02	1.3583651e-01	6.5882720e-02	-5.9047986e-02	-1.8144892e-01	1.4753810e-01	-1.1449401e-01	-3.1789193e-01	-3.7791505e-02	-2.9030570e-01	-1.2722694e-02	-1.3618581e-02	-2.6828879e-01	-2.0556867e-01	-3.5436061e-01	-1.4415252e-01	-2.0230894e-01	8.4592633e-02	-9.9773049e-02	9.0318598e-02	3.6654323e-03	-2.2627266e-01	-1.2271164e-01	-1.7507653e-01	-5.3015415e-02	-2.6157737e-01	1.6032887e-01	-2.7646413e-01	1.1682495e-01	-9.5414415e-02	-2.3800460e-01	1.3014631e-01	1.9541822e-01	1.5705746e-01	-2.7998778e-01	-2.2800246e-02	-3.3657975e-02	5.7635095e-02	-1.6923709e-01	-1.2078674e-01	7.8597575e-02	-4.8612773e-02	8.3762392e-02	2.1027902e-01	-1.4996371e-01	-2.7957693e-01	-1.9844115e-01	-1.1597127e-01	-3.1762868e-01	-2.7175063e-01	-1.4623289e-01	1.5744969e-01	2.1172233e-01	-2.6118693e-01	2.4214689e-01	8.7258875e-02	-2.2809033e-01	-1.7777386e-01	-2.9878435e-01	1.3784045e-01	4.0649821e-04	3.0277869e-01	3.0367151e-01	-1.2203180e-02	-4.8274747e-01	-3.5553211e-01	-1.7446862e-01	-2.6333702e-01	2.2910006e-01	1.0868756e-01	-2.1860050e-01	-2.5525670e-02	3.0462551e-01	-7.0408016e-02	5.9859768e-02	-3.7644100e-01	1.2378335e-01	1.8192394e-01	2.2579561e-01	1.9015767e-01	-2.6879576e-01	-2.0667093e-01	-2.3650959e-01	-4.4665184e-02	1.1630439e-01	-3.9619061e-01	-3.6545023e-01	2.8232893e-01	-1.4606091e-02	1.0052285e-01	-1.3637976e-01	1.8035530e-01	1.1455961e-02	-8.5916273e-02	-2.4389328e-01	1.9589381e-02	-1.4823781e-01	-2.6040593e-01	2.2152592e-01	-2.5722468e-01	-9.8371744e-02	-4.3406710e-01	-2.5291932e-01	2.1175963e-01	2.2528780e-01	-1.8472758e-01	-2.0491295e-01	-4.8637271e-01	-2.1052362e-01	-7.6858975e-02	4.5471828e-02	-2.9674843e-01	1.5194416e-01	-2.0697147e-01	1.1630327e-01	-7.5941704e-02	1.9802934e-01	1.3571939e-01	-1.7195616e-02	-1.8379031e-01	-2.6775351e-01	2.5339597e-01	2.3432061e-01	-4.7247015e-02	6.3998893e-02	-4.1020695e-02	-1.5521967e-01	-6.2954849e-01	6.9819465e-02	-3.0350897e-01	-1.9224785e-02	-3.1157836e-02	3.9642438e-01	1.9552261e-01	-2.8278047e-01	2.9682714e-01	-1.7810423e-02	-6.6656157e-02	-3.6967289e-01	1.8941405e-01	2.3988368e-01	2.0259293e-02	1.9173943e-01	1.4304081e-01	-2.5054229e-02	-1.0058685e-01	2.0943052e-01	-3.6483446e-01	1.9750880e-01	-2.2369495e-01	2.1015033e-02	-8.0866896e-02	-5.6800630e-02	-7.7671498e-02	-8.6661972e-02	2.0393945e-01	-2.6736470e-02	1.9201720e-01	2.3381279e-01	4.3804470e-02	-1.3137230e-01	-1.4834262e-01	-1.1379274e-01	3.1129799e-03	-1.4519651e-01	-2.5306544e-01	-1.4083294e-02	-7.4809372e-02	-2.3909630e-02	5.9829444e-02	1.9075181e-01	-1.0601463e-01	-1.5599078e-01	-5.3505499e-02	7.7467151e-02	2.0668738e-01	2.1867970e-01	-6.0284067e-02	7.6213166e-02	-1.4204329e-01	-2.1362174e-01	-1.9635843e-02	-6.9808237e-02	-1.2723759e-01	2.2441821e-01	5.1868293e-02	-8.7521210e-02	3.6934983e-02	5.0065655e-01	4.5824789e-02	1.1523370e-01	9.2483364e-02	9.2333807e-03	9.5545754e-02	-2.7974045e-01	-1.2699436e-01	-1.1163814e-01	-1.5827620e-01	1.1879433e-01	-2.4044876e-01	-3.4656465e-01	-2.3005146e-01	1.5401348e-02	-2.0763171e-01	8.8398963e-02	1.3148881e-01	-2.7206075e-01	-1.0628243e-01	-1.0994735e-01	2.4493162e-01	2.7968785e-01	1.0716318e-01	1.2933600e-01	-3.8331154e-01	2.2364798e-01	2.8281397e-01	-7.8010405e-03	1.0856829e-02	-1.2146182e-01	-3.6784151e-01	-1.7571431e-01	6.4586334e-02	-9.8097391e-02	-2.4988484e-01	3.4778055e-02	1.4141713e-01	1.2404304e-02	-2.9240915e-01	3.3126044e-01	2.7301701e-02	-2.5532407e-01	-1.3756327e-01	4.6498489e-02	1.3838652e-01	-2.6213729e-01	1.7939746e-02	1.0052770e-01	-3.2987496e-01	2.0689094e-01	-8.3835296e-02	-1.6514166e-01	-1.9945353e-02	4.6196967e-02	9.5726019e-03	-2.0365663e-01	-4.4326937e-01	-2.7155364e-01	-1.1277290e-01	-6.2114894e-01	-1.2182570e-01	-5.2308617e-03	-1.5082008e-01	5.6399804e-02	3.3499092e-02	2.2953418e-01	-1.3502002e-01	-3.4348401e-01	7.7985935e-02	-2.8751057e-01	1.9674377e-01	-2.6366931e-01	-7.0908971e-02	3.0544249e-02	1.5263094e-01	1.7410438e-01	-4.7168165e-02	3.0230293e-01	-1.0681479e-01	-2.6749803e-02	2.8682494e-01	-1.1727390e-01	1.3841735e-01	-1.2620404e-01	-1.3334489e-01	1.5270072e-01	2.2901919e-01	-1.4131077e-01	2.9419488e-01	3.1761375e-01	-2.3493502e-01	-2.0103118e-01	1.5681109e-01	-2.4879022e-01	2.3171322e-02	9.2152543e-02	3.8901176e-02	1.2458231e-01	-2.9530358e-01	-8.3646514e-02	-4.9100816e-03	-1.7700402e-01	1.9002704e-01	-1.9269386e-01	1.1312824e-01	-1.7458528e-01	-3.8933587e-01	-4.3400159e-01	3.0040219e-01	1.1810719e-02	-2.4322025e-01	3.7990022e-02	-4.5162681e-01	6.2662669e-02	-2.1060969e-01	-1.2592363e-01	6.1465740e-02	-1.6649951e-01	8.9311838e-02	1.0666852e-01	4.1490230e-01	-3.7911081e-01	7.7083729e-02	1.2201472e-01	2.2068949e-01	1.1025367e-01	-3.5310605e-01	-3.5464248e-01	5.1556166e-02	2.0568833e-01	2.5251442e-01	1.0341764e-01	3.1093952e-01	-2.8005254e-01	-2.1028427e-02	-1.3545156e-02	1.3717888e-01	-2.1744677e-01	-3.3482474e-01	7.1334735e-02	2.1919337e-01	-1.7522873e-01	2.6242399e-01	-1.2769561e-01	-1.9125011e-02	-5.3689349e-03	-1.1414108e-01	9.6967265e-02	2.0328878e-01	4.0593918e-02	-1.0820712e-01	-2.7625206e-01	1.9054426e-01	1.4101879e-02	1.7355147e-01	2.0176028e-01	-2.7487454e-01	-3.0003697e-01	6.4862400e-02	1.5529973e-02	9.7109862e-02	-2.8530720e-01	-2.2858262e-01	-2.9714629e-01	2.8382394e-01	-1.4185731e-03	-2.4068721e-01	-1.6454215e-01	-2.8980318e-01	-1.2116463e-01	1.0725313e-01	1.0265351e-01	-3.3923775e-02	-2.3982622e-01	-2.3884441e-01	2.0735270e-01	-3.6655045e-01	-2.2654949e-02	9.9230230e-02	-2.5666460e-01	-5.3237956e-02	-2.5990260e-01	5.5213280e-02	1.9686173e-01	2.9046389e-01	-2.5048381e-01	1.1425994e-01	-2.8640413e-01	-2.1980432e-01	-3.3105358e-01	-2.1634659e-02	9.7872794e-02	-5.7790231e-02	1.6101072e-02	-8.2729995e-02	-4.1196444e-03	-3.6812976e-02	1.0846081e-01	1.7067687e-01	3.2761022e-01	1.3209476e-01	8.5820504e-02	2.5425735e-01	4.0550441e-02	-2.5670767e-01	-3.3556578e-01	1.2852123e-01	8.2544744e-02	-7.6013692e-02	3.3839679e-01	-1.2295409e-01	2.3036735e-02	2.2965951e-01	-2.6897752e-01	-1.5474981e-01	-3.0023053e-02	4.1646576e-01	9.2459626e-02	-2.9127851e-01	6.1012037e-02	-2.2681248e-01	-1.5249974e-01	1.2312171e-01	-1.6175587e-01	-1.8778764e-01	-1.6065893e-01	-6.4896114e-02	-3.2730481e-01	2.0420220e-01	9.1274731e-02	5.9682909e-02	-2.7862528e-01	-4.3014646e-02	3.9351225e-02	1.0101709e-01	-2.2977191e-01	-2.6377973e-01	1.9051878e-01	-1.5442445e-02	2.0665190e-01	1.7229618e-03	-1.7262758e-01	-2.9472327e-01	1.3605712e-01	1.3380054e-01	7.3569298e-02	8.1915654e-02	-3.2708338e-01	2.8500947e-01	3.8950432e-02	2.2809730e-01	2.7103558e-01	-2.2776164e-01	-6.7783028e-02	2.2707410e-01	-1.6905108e-01	2.8418851e-01	-2.0505594e-01	-1.2913926e-01	-2.7299637e-01	3.4844287e-02	1.9053876e-01	-2.9902366e-01	7.7176355e-03	-3.9119554e-01	1.4927013e-01	-3.1301954e-01	-2.6169235e-01	6.2422365e-02	-5.5187970e-02	-3.1148737e-02	-7.0622668e-02	1.9955373e-01	-2.6182008e-01	-2.1710056e-01	2.0373768e-01	2.8579572e-01	1.0564990e-01	1.3974099e-01	1.1331972e-01	-4.2477291e-02	1.4463529e-01	2.0618333e-01	-4.4842842e-01	1.2522353e-01	-3.6257118e-01	-1.6953502e-02	3.6061276e-02	-2.2154909e-01	1.2249284e-01	-1.7099063e-01	-1.8507044e-01	-3.1572598e-01	-1.1743021e-01	7.8570426e-02	3.0795589e-01	1.9368121e-01	1.6151072e-01	-5.1094651e-02	3.1348762e-01	5.4069340e-02	6.1728720e-02	1.4672603e-01	1.7875700e-01	-1.0287024e-01	-5.2980389e-02	-2.0555507e-01	2.5433537e-01	-1.3880479e-01	-1.9070274e-01	2.3151331e-01	-5.1579047e-02	-5.6731418e-02	5.4291513e-02	3.5284588e-01	-3.5118023e-01	-3.1823406e-01	-6.5481514e-03	2.6090330e-01	-1.7481419e-01	3.7330985e-01	3.0512044e-01	-2.4583313e-01	-4.5619953e-01	-6.4280041e-02	1.3987108e-01	2.1925347e-01	-1.3568167e-01	1.0255393e-01	-3.0309838e-01	-7.9452053e-02	3.0637097e-01	-8.6803049e-02	2.6669735e-01	-2.9494854e-02	-1.9473216e-01	-1.8022963e-01	1.7333326e-01	2.5735062e-01	5.3553943e-02	-2.3446064e-01	-1.6516379e-01	-2.1535957e-01	3.0079199e-02	-1.0764503e-01	8.1640497e-02	1.5689750e-01	-6.8105474e-02	-3.2303479e-01	3.6972097e-01	1.9349274e-01	-2.2606689e-01	1.3108599e-01	2.2379556e-01	-2.1903712e-01	2.7106093e-02	5.6978703e-02	-2.4847327e-01	1.6727693e-01	6.1497565e-02	2.1280371e-02	-3.1108609e-01	7.9493031e-02	-2.0405424e-01	-1.3274007e-01	2.5912982e-01	-9.0930976e-02	-1.9803520e-01	2.4208607e-01	-1.3423266e-01	3.1701964e-01	-2.5357249e-01	1.4309226e-01	-8.2904033e-02	-1.7458554e-01	-9.9904381e-02	-1.4763972e-01	2.4136321e-01	4.0224406e-01	-2.6625538e-02	1.4145947e-01	-2.4157234e-01	1.3970490e-01	-5.1119037e-02	2.5561261e-01	-4.3028276e-03	-7.7414222e-02	-9.4815457e-01	-7.6034091e-02	-1.8119876e-01	2.3163529e-01	8.8269882e-02	1.0210504e-01	-2.2918944e-01	-6.8328522e-02	-2.2092436e-01	6.6386431e-02	3.2228461e-01	-2.4252625e-01	1.4773206e-01	-6.7697959e-03	3.1292200e-02	2.2287084e-02	-4.8428208e-02	-3.3762600e-02	-7.2072208e-02	-5.2136429e-02	-7.4278288e-02	-2.6811606e-03	-3.5889670e-01	-7.1020760e-02	-4.8652980e-01	1.7850986e-02	-2.7945554e-01	-3.4711340e-01	7.6423883e-02	1.3788231e-01	2.4369316e-01	9.9708356e-02	-2.5176686e-01	-1.5559348e-01	1.3617381e-01	-3.4215745e-01	1.3691258e-01	-1.8500520e-01	1.6959551e-01	1.1160588e-01	-2.5777945e-01	5.2756488e-02	1.2588468e-01	-1.9553819e-01	-4.5945920e-02	-1.1610246e-01	2.7028480e-01	-1.5338041e-01	1.7268525e-01	2.7064136e-01	-2.0040166e-01	2.0349661e-02	-1.0650583e-01	-2.1944758e-01	6.7021735e-02	7.5798996e-02	-4.4519618e-02	-2.3130766e-01	-3.1897524e-01	-1.2101369e-01	2.0381015e-02	1.9075757e-02	-2.0506881e-01	-6.6236407e-02	4.1622040e-03	2.5960633e-01	-3.2396838e-01	-8.3275169e-02	-8.9121997e-02	1.0873555e-01	-9.2328601e-02	-8.6954832e-02	2.3470011e-01	-1.3702177e-01	2.2689560e-01	-2.9528588e-01	1.6514131e-01	-2.5750658e-01	2.8003929e-02	-3.2196939e-03	-2.3282938e-02	-6.5939641e-04	-1.0038100e-01	2.8025486e-02	3.2437362e-02
9.8802350e-02	1.1747534e-01	3.0536473e-02	3.2554126e-05	1.4796555e-01	2.1658295e-01	2.2645229e-01	-2.5649861e-01	-2.7540672e-01	1.4181963e-01	2.0047460e-02	-3.4104608e-02	2.0550917e-01	-3.2296628e-01	4.6441823e-02	-1.9026268e-01	4.2188283e-02	-3.0331177e-01	4.0714789e-02	-1.6881844e-01	-1.2216806e-01	-2.0570828e-01	-1.7784874e-01	-2.4096067e-01	-2.1887644e-01	-2.1301174e-01	2.8235352e-02	-2.4381489e-01	1.8204148e-01	-2.4214134e-01	9.6911877e-02	-2.0251125e-02	1.8203567e-01	-3.0859792e-01	1.0220261e-01	3.9319992e-02	1.1691977e-01	-4.9666822e-02	-2.4332318e-01	1.3934866e-02	-8.5598767e-02	-1.2610942e-01	-1.2745996e-01	-1.9394605e-01	2.7669352e-01	-2.7217820e-01	6.3395299e-02	2.4242499e-01	-1.6686070e-01	-1.0286921e-01	3.2672361e-01	-1.9131634e-01	-2.9691696e-02	-3.3813450e-01	1.9547798e-01	4.3893737e-01	-1.2731133e-01	-4.5612279e-01	5.2344274e-02	-4.0940508e-02	-3.1809786e-01	-4.5519739e-02	3.0934373e-01	-1.8807137e-01	1.2795836e-01	1.2050815e-01	-3.0062529e-01	1.7592606e-01	4.3398464e-01	3.4811074e-01	1.4962833e-01	-3.9617073e-02	1.2564795e-01	1.0386860e-01	-8.1079260e-02	4.5789644e-02	8.2591504e-02	1.3618147e-01	-2.5683919e-01	-1.8340804e-01	2.2036116e-01	-1.1016158e-01	5.4345213e-02	2.4909310e-01	-8.0154270e-02	-3.4262335e-01	9.7366035e-02	-1.5136983e-01	9.1895655e-02	1.4162825e-01	-1.1923538e-01	-1.6602355e-01	-3.2435897e-01	5.9302025e-02	2.1647831e-02	1.5999198e-01	-2.2923058e-01	-2.9049110e-01	-7.3278239e-03	-2.8227469e-01	-2.1969485e-01	7.1403682e-02	1.6570477e-01	3.6687136e-02	-2.1428402e-01	-2.1971771e-01	-1.3355504e-01	-4.8203796e-02	-1.8101478e-01	-3.0002198e-01	2.4220166e-01	-3.1513888e-02	-9.1984265e-02	-1.1130614e-01	2.2067872e-01	2.5886732e-01	2.8636822e-01	2.0888093e-01	-2.0578137e-01	-1.7841947e-01	-2.0597091e-01	1.9441742e-01	-2.5204712e-01	-2.0472352e-01	-5.7135809e-02	-1.7342602e-01	-1.0386961e-01	2.9468736e-01	-2.2206910e-01	-1.4230840e-01	1.5652181e-01	-1.4898415e-01	-2.0602746e-02	2.9675514e-01	-7.5584285e-02	-9.1813505e-02	-3.9593231e-02	2.3754534e-01	3.2156891e-01	-1.7680819e-01	1.5953124e-01	2.1286203e-01	-2.1832326e-01	2.1068063e-01	2.3458758e-01	-1.8384059e-01	2.8181356e-01	-1.6329546e-01	-2.6471259e-02	7.7423558e-02	-1.0219886e-01	3.4419519e-03	2.7600580e-01	2.1557640e-01	-2.6739287e-01	-2.2422986e-02	1.8882699e-01	-3.3709969e-02	-2.1016169e-01	4.9105857e-02	3.9263007e-01	4.6326898e-02	6.0332865e-02	4.9632218e-01	-3.2332206e-01	-1.1459391e-02	-3.8116360e-01	1.8551013e-02	2.2269022e-01	2.1735558e-01	-4.3510693e-01	2.6732913e-01	-2.5375021e-01	4.6931960e-02	-1.8734001e-01	-5.8987003e-02	2.7549122e-02	-3.3767347e-03	2.8053740e-01	4.0059510e-01	7.3618159e-02	-2.0571591e-01	3.5357621e-01	-2.1048024e-02	-2.2942050e-01	-6.5606755e-01	8.3804846e-02	2.5920674e-01	2.5736856e-01	3.9641452e-01	4.7418639e-02	1.9489290e-01	-1.6027434e-02	-1.8386313e-01	-4.1733518e-02	-4.7440864e-02	-1.3575664e-01	-3.4162053e-01	-5.9039656e-02	2.4813920e-01	-2.2708148e-01	-4.7985397e-02	1.4867976e-01	7.2224356e-02	6.6484302e-02	-2.4217983e-01	1.0792673e-01	-1.0776162e-01	-9.0935737e-02	-6.6142306e-02	2.5826901e-01	-1.4425382e-01	-4.4717759e-02	5.8015097e-02	-2.0533758e-01	1.1113218e-01	-3.3111075e-01	-4.8034705e-02	-6.4592566e-03	1.3595049e-01	-3.4304622e-01	1.2736221e-02	7.7245586e-02	-2.8928560e-01	-6.3697256e-02	2.6091754e-02	1.2677494e-01	-1.8395573e-02	-2.2966625e-01	5.9140915e-01	2.3173898e-01	3.0792832e-01	1.8360333e-01	-2.8013381e-01	4.8367283e-01	-2.2247419e-01	2.1309376e-01	-3.2854992e-01	4.0904745e-01	-1.0521112e-01	-1.0022635e-01	1.2617005e-01	1.5536308e-01	-1.6586769e-02	-4.0628050e-02	2.1652651e-01	3.0458096e-01	-2.1736801e-01	3.2020479e-01	3.0846968e-01	-2.6512325e-01	-9.5785700e-02	-7.7472753e-03	-4.5508128e-02	-6.4586274e-02	-2.4961327e-01	9.5296256e-02	-2.4204161e-02	2.0802638e-01	-2.3071547e-01	-3.9819497e-01	2.4823099e-02	-1.5742370e-01	1.0793544e-01	-8.4616512e-02	1.8498899e-01	8.2722060e-02	1.5728670e-01	2.4364227e-01	1.0983592e-01	1.1117951e-01	3.4618688e-01	-1.8648691e-01	-3.3861220e-01	2.6925117e-01	-3.7416313e-02	3.1145081e-01	2.2383316e-01	3.9815094e-02	-6.2933914e-02	2.1771958e-01	1.2543707e-01	-1.3488974e-02	-6.2021222e-02	3.4154285e-02	-1.4642529e-01	3.3426893e-01	-1.4247578e-01	-1.5514246e-01	-1.3584033e-01	2.1499895e-01	5.0719563e-02	2.0131066e-01	-1.9603822e-01	6.5494552e-02	-1.3845303e-02	-2.5063980e-01	-2.6637617e-01	2.1162906e-01	2.1266808e-01	1.7864984e-01	2.0110437e-01	-5.0559849e-02	-8.7746438e-03	2.1245819e-01	2.0849544e-01	-1.6335748e-01	8.9181580e-02	1.3844589e-02	4.0219124e-02	-2.7267757e-01	2.0235974e-01	1.9678583e-02	-2.4056533e-01	-1.8421362e-01	-2.4638256e-01	2.1682568e-01	-7.2005346e-02	-2.0957309e-01	-3.6081340e-02	-3.7152249e-01	1.2427968e-01	1.9886810e-01	4.0762603e-02	2.3052052e-01	-1.8307893e-01	-1.6333838e-01	-2.3085861e-01	1.4358503e-01	1.9384331e-01	2.7535263e-01	-4.2421442e-02	-2.9513519e-02	-3.2227919e-01	3.0715842e-02	9.5236659e-02	-1.0510921e-01	-2.5052011e-01	2.5887629e-01	-1.4295246e-01	-2.8961158e-01	3.8106162e-02	2.1729214e-01	-1.6260301e-01	3.1380033e-01	2.4069904e-01	5.6039393e-02	2.6535344e-01	1.7338340e-01	-2.3413064e-01	2.5972407e-02	-1.2294380e-01	-3.1874534e-01	2.2541547e-01	-7.0633262e-02	-9.2188068e-02	-3.1839263e-01	3.8494695e-02	2.1982750e-02	1.5000519e-01	1.6159765e-01	-3.2447147e-01	2.3510322e-02	-6.3458197e-02	-2.0991430e-02	1.3432942e-01	-2.7991199e-01	-3.5645530e-01	-3.0663535e-01	6.4636067e-02	1.8685278e-01	9.9052258e-02	3.6484744e-02	-4.6621254e-01	1.6780363e-01	7.9039350e-02	3.3654568e-01	1.4492346e-01	-2.9871684e-02	-8.7735116e-02	-1.0574340e-01	1.5501507e-01	-4.1572392e-01	-6.5243430e-02	-6.8232737e-02	1.6124621e-01	-7.5806417e-02	1.0992222e-01	2.5505120e-01	2.3278505e-01	-2.9448362e-02	-7.9977922e-02	-2.0449190e-01	-1.5540439e-01	-1.6815844e-01	-9.8135687e-02	-5.7426844e-02	5.7912428e-02	1.2515920e-01	-6.1045133e-02	5.5034474e-02	2.9315013e-01	1.4273524e-03	-3.0124724e-01	1.6961104e-01	3.0405965e-01	-2.5412816e-01	2.5687140e-01	1.6042669e-01	2.1269661e-01	2.5081041e-01	-3.3285860e-02	-2.9335731e-01	-1.6938709e-01	1.0218804e-01	-1.7489220e-01	-3.8632169e-01	1.1473104e-01	3.9278325e-01	3.2905687e-03	3.1567737e-01	3.2850388e-01	-2.3715237e-01	-2.2210354e-01	7.6141670e-02	-7.7794522e-02	2.7115501e-02	1.6668697e-01	1.4764777e-01	-5.3165574e-02	4.2481059e-03	-1.8223791e-01	3.0366758e-01	-1.0070315e-01	1.5293050e-01	-2.6445457e-01	5.5639289e-02	-1.3721797e-01	6.1746228e-02	8.4427573e-02	1.4294024e-01	5.7219382e-02	1.3205244e-01	-1.1273792e-01	-1.1149170e-01	2.8057364e-01	1.1651992e-03	-2.0357148e-01	-5.5396140e-02	3.4349221e-01	-7.3752232e-02	1.8645817e-01	3.2746624e-02	1.2085158e-01	2.3002212e-01	-4.3172935e-01	-2.2981562e-02	2.4453314e-01	-2.5803199e-01	8.7211728e-02	1.9446237e-01	-2.7823183e-01	-1.7135872e-01	1.1203091e-01	-2.6896670e-01	-2.6808962e-01	-5.4162969e-03	-7.6235153e-02	7.5380661e-02	1.4230849e-01	1.1787543e-01	1.0019123e-01	-1.5281872e-01	2.3159001e-02	2.4824604e-01	-5.0678883e-02	-2.2693934e-01	1.8579388e-01	-2.3730344e-01	-9.5378101e-02	1.6546422e-01	-1.5290248e-01	-9.7437516e-02	9.1042250e-02	6.7388460e-02	-1.3018914e-01	-2.2201074e-02	-3.3173746e-01	-2.9626280e-01	-6.6458322e-02	2.5631872e-01	-1.2458412e-01	-2.2336756e-01	-2.0435826e-01	4.5908827e-02	-2.5546798e-04	1.9189773e-01	2.5458166e-01	1.7125435e-01	1.1201981e-01	-1.1739138e-01	-2.2954497e-01	9.0170734e-02	-1.4604609e-01	-4.9864635e-02	-2.5149673e-01	2.2460978e-01	-2.1727122e-01	-3.4391556e-02	9.3084753e-02	1.0198127e-01	-2.6885709e-01	1.0269241e-01	-2.3038413e-01	1.7674944e-01	2.2040883e-01	-1.8613623e-02	9.7246312e-02	-1.6372985e-01	4.8435051e-02	-2.1786740e-01	2.4276820e-01	2.0372543e-01	2.3194058e-01	-7.2772637e-02	1.9504258e-01	-2.8323010e-01	-2.3285411e-01	1.7359850e-01	-1.4812171e-01	3.7063036e-02	1.7491557e-01	-3.1908673e-01	-1.3253337e-01	-1.0896596e-01	3.3557054e-02	1.0155718e-01	-3.6108148e-01	2.7113616e-01	1.4111073e-01	-2.7060298e-02	2.9869404e-01	1.4336413e-01	-2.9498631e-01	9.6564889e-02	1.1151246e-01	1.6969258e-01	1.5114370e-01	1.2590759e-01	-1.2992144e-02	-1.7322932e-01	3.2680064e-02	1.7386806e-01	-1.2938837e-02	-1.0659268e-01	7.8981236e-02	4.0862571e-02	3.4243178e-01	-1.2879191e-01	-1.9574305e-02	3.3969870e-01	-2.6125520e-01	-6.9156803e-02	3.5759985e-01	-1.9615696e-01	-2.0726600e-01	-4.2993758e-02	-2.2150791e-01	2.7060217e-01	-2.4365139e-01	2.3570314e-01	8.4007517e-02	-4.2248830e-02	1.9866481e-01	1.5383902e-01	2.2600733e-01	5.2549696e-01	1.9818799e-01	7.4751206e-02	2.5864923e-01	1.1643769e-01	2.7277979e-01	3.7957343e-01	-4.3058813e-02	2.5475532e-01	7.4268185e-02	-7.8287534e-02	-1.9106801e-01	1.4988267e-01	7.9114556e-02	-4.2535684e-01	1.4919144e-01	3.6456686e-01	-2.1317045e-01	-2.1199438e-01	8.3165327e-03	-1.2438065e-01	7.2416008e-02	3.7830424e-02	8.9676484e-02	1.5268975e-01	-2.4982230e-01	2.4651447e-01	1.4822502e-01	-3.1711817e-02	4.6050210e-02	1.4746548e-01	1.2509784e-01	4.7012869e-01	2.7228737e-01	1.9005033e-01	2.0080900e-01	-4.0821165e-02	-1.8944271e-02	-1.7243166e-01	2.4556211e-01	-1.8306893e-01	-2.9122221e-01	1.0352790e-01	-2.7477604e-01	1.7468195e-01	1.5991245e-01	8.2254484e-02	-1.8530896e-01	-1.5390769e-01	-4.0694708e-01	2.3749539e-01	1.4304501e-01	2.7560677e-02	2.7029642e-01	3.8558163e-02	-1.0795923e-01	2.5633635e-02	-1.3707787e-02	1.1502238e-01	2.0680127e-01	1.6747430e-01	1.1346051e-02	-1.0961473e-01	-1.0460667e-01	2.3237834e-02	-1.0750954e-01	1.4232931e-01	1.3757966e-01	-2.4292396e-01	-1.1079417e-01	2.4784285e-01	-5.6373607e-02	2.3616001e-01	2.2444315e-01	1.3526817e-01	-1.0474590e-01	-2.7578226e-01	8.5126184e-02	-2.6016968e-01	1.4032540e-02	7.7402346e-02	-3.0039328e-01	1.0047355e-01	5.8999944e-02	-1.6611017e-01	-1.7196113e-01	1.8426538e-01	-1.5142246e-01	2.4799891e-01	-2.0702094e-01	-1.5529683e-01	-1.5900113e-01	-2.5269410e-01	-1.9426350e-01	-4.0816564e-02	-1.8163521e-02	5.6142783e-01	-3.7101723e-02	2.7714744e-01	-1.1220899e-01	2.1541877e-01	2.7846014e-01	4.6155685e-01	7.7211969e-02	1.9954234e-01	5.9782907e-02	3.3649138e-01	-5.3181108e-02	-7.8452058e-02	8.5468076e-02	2.8374305e-02	2.3227100e-01	-1.5612327e-01	-1.8937559e-01	2.8080091e-01	-5.2456361e-01	2.1400538e-01	5.0933339e-02	-1.4888905e-01	-1.1095529e-01	8.6744145e-02	-6.6396035e-02	-6.7879418e-03	-7.3651136e-03	-9.4174882e-03	-1.8102534e-01	-4.5898411e-02	-9.1433302e-02	-2.0306820e-01	-2.7020833e-01	-1.4881393e-01	3.4686112e-01	-2.3410307e-01	1.1699059e-01	-7.9429932e-02	-2.9122719e-01	-3.7846074e-01	1.9655524e-01	-3.6705345e-01	3.1581485e-01	2.4376623e-01	-9.9578977e-02	-1.8918246e-01	1.3208652e-01	-4.8028197e-02	-2.9412603e-01	-1.6145024e-01	-2.2872926e-01	-8.3784964e-03	-1.0149437e-01	1.7177533e-01	-1.8497106e-01	5.7709269e-02	1.3400662e-01	3.5416251e-01	-1.9577555e-01	1.6250004e-01	-1.5199494e-01	-3.7557319e-01	-1.5116276e-01	-3.7410387e-01	1.1911275e-01	-9.4168313e-02	-3.2598838e-02	1.4598638e-01	2.4061354e-01	-3.0488411e-01	-3.5107237e-01	6.3015692e-02	-2.7553487e-01	1.1229766e-01	1.4016810e-01	-5.8199406e-02	-9.5786080e-03	-7.1509063e-02	2.5734288e-01	-1.0884616e-01	-3.6517444e-01	-4.1593555e-02	-4.2055389e-01	-8.1300803e-02	2.0604230e-01	1.6003539e-01	1.5505799e-02	-4.5856062e-02	-2.2805554e-01	1.5860096e-01	3.1379044e-02	1.1028887e-01	2.2430459e-01	4.6954233e-02	1.0905956e-01	-4.7002172e-01	1.2919295e-01	6.5215886e-02	-7.4982226e-02	-3.9583098e-02	-9.6376687e-02	-3.4695011e-02	-3.1839624e-01	-1.7513365e-01	4.0331802e-01	1.2216845e-01	-2.2903329e-01	6.7626908e-02	-1.7825150e-01	-2.4265739e-01	3.0492830e-01	9.9610165e-02	-3.6085671e-01	1.1102301e-02	5.7871048e-03	-1.0813427e-01	-2.7985904e-01	1.8312275e-01	4.5148131e-02	1.2396540e-01	6.4507671e-02	1.7598389e-01	2.0174626e-01	-2.0633551e-01	1.1473164e-01	1.4024156e-01	5.1741661e-03	3.3802688e-01	1.7299697e-01	1.7673573e-01	4.3128815e-01	-1.0466543e-01	-1.9893147e-01	4.8502222e-01	1.1702937e-01	1.3781284e-01	4.1163232e-02	-5.7309244e-02	-1.0090515e-01	-5.0230324e-02	3.2737401e-01	8.0676295e-02	-2.4948913e-01	-3.8647279e-02	6.0286421e-02	7.2326377e-02	4.1356879e-01	-2.4047537e-01	1.3095419e-01	-1.9007670e-02	-2.5432044e-01	2.2579886e-01	1.4847548e-01	2.1309306e-01	-8.4216684e-02	2.1712562e-01	1.3204037e-01	2.4908964e-01	7.6424442e-02	-1.9013371e-01	-8.8429473e-02	1.7209212e-01	-6.8767737e-03	-1.9623600e-01	1.6397387e-01	1.6683541e-01	-1.7163517e-01	2.2133431e-01	5.2588373e-01	-3.3098796e-01	-3.7003592e-02	1.2696072e-01	-3.7546560e-01	-8.7167017e-02	-1.7614238e-01	5.6675889e-02	1.1464069e-01	-2.0710726e-01	1.5274379e-02	2.4502958e-01	-1.9630651e-01	5.5464230e-02	3.3167294e-01	1.7814274e-01	-4.0039444e-01	1.2544773e-02	1.1328790e-01	9.1355927e-02	-1.2318408e-01	-1.0390801e-01	2.8842650e-02	5.2549630e-01	1.4236273e-01	-1.6924199e-01	1.2010320e-01	-2.7931601e-02	-4.3139756e-01	2.4894525e-01	3.7013674e-01	2.2681221e-02	2.0432635e-01	7.4586615e-02	-7.3153479e-03	-2.6613189e-02	-1.1027534e-01	-3.7048010e-03	-3.8011480e-02	2.8747055e-01	4.5663219e-02	2.7274632e-01	-4.5310241e-01	-4.6333441e-01	-1.0258471e-01	-7.2735153e-02	-6.2732980e-02	8.7924108e-02	9.8254755e-02	2.2123984e-01	7.2496951e-02	-2.4304371e-01	1.4355645e-01	1.5080768e-01	2.4636529e-01	7.5597644e-01	-8.8966772e-02	-9.4825350e-02	1.8903287e-01	-1.8879050e-01	-3.1051132e-01	-1.9057721e-01	2.6046243e-01	-1.9335940e-01	1.9095165e-01	-2.1921101e-01	-1.5266480e-01	-1.3918632e-01	3.0731484e-01	1.8312572e-02	-3.0243006e-01	-1.0883128e-01	-7.8143023e-02	-3.0019760e-01	2.5848055e-01	-2.8491482e-01	-5.7603005e-02	-1.6925201e-01	4.5325913e-02	-1.2480915e-01	-3.3287719e-01	1.1564878e-01	-2.1333627e-02	1.8935572e-01	-1.9245019e-02	-1.8868735e-01	2.3345059e-01	-3.4611121e-01	9.6764170e-02	-9.3204103e-02	-1.6194128e-01	1.0100826e-02	-1.5563200e-01	2.9195645e-01	-1.8888699e-02	4.0093267e-01	-2.4264316e-01	5.0753933e-01	-1.5132461e-01	-2.6550239e-01	-1.7945747e-01	6.4962089e-02	2.6049295e-01	1.6571116e-01	1.6573267e-01	1.6874246e-01	-1.5457955e-01	-4.6800908e-02	-2.9820767e-01	2.9837179e-01	1.7979841e-01	1.2823465e-01	2.2768047e-01	-9.0026781e-02	-2.8180538e-02	-1.9742982e-01	-5.7339287e-01	2.1116620e-01	-1.3194388e-01	-1.2757865e-01	4.2827304e-02	-2.8894594e-01	-7.3903888e-02	-7.6451272e-02	-1.8509357e-01	-9.7521625e-02	1.3790610e-01	-2.5315782e-01	1.8048854e-01	1.6098391e-01	-2.8560305e-01	1.0797247e-01	4.3303218e-02	-1.1391737e-01	2.2635713e-02	-8.9308377e-03	1.9179435e-01	1.1147236e-01	-2.5051740e-01	1.3972601e-01	-1.4747623e-01	-2.7161720e-01	6.9508389e-02	6.6406436e-02	5.0040317e-04	-2.0181479e-01	-2.0457703e-01	-2.0303605e-01	-2.0926452e-01	-1.9834781e-01	-2.0098545e-01	-7.0389703e-02	-4.2884290e-02	-2.5420430e-01	-2.7079216e-01	-2.3171116e-01	-1.4662439e-01	-1.8667297e-01	-3.1316549e-02	-2.6162103e-01	3.6934562e-02	1.0402761e-01	2.5578752e-01	-3.0469659e-01	-2.0155653e-01	-2.9770109e-01	8.9295924e-02	-2.7631429e-01	-3.0591875e-01	1.8367162e-01	-5.0414801e-02	1.4545262e-02	7.5052887e-02	1.4540106e-01	1.9074798e-02	-3.5399854e-02	-2.4335930e-01	-2.7528030e-01	-1.0349206e-01	-2.9575813e-01	-7.7499717e-02	-4.3436758e-02	-2.1781994e-01
-1.2134957e-01	-9.8171502e-02	-3.1795076e-01	-4.1454762e-01	-6.8620056e-02	5.5943269e-01	8.2955964e-02	1.2499334e-01	-1.6319674e-01	-1.1530787e-01	-2.5764725e-01	-2.0238814e-01	-1.8596442e-01	-1.7088512e-01	-3.0351493e-01	-4.4295409e-01	2.5076863e-01	4.2220527e-01	2.5237229e-01	2.1581796e-01	-4.8797941e-03	2.5533211e-01	1.9060744e-01	-1.9848587e-01	-2.5146860e-01	1.5499210e-01	-2.0375566e-01	4.7292265e-01	2.5871545e-01	7.3443986e-02	-1.3535109e-01	8.9892216e-02
