9
input	22
dense	32
relu	0
dense	32
relu	0
dense	32
relu	0
dense	1
linear	0
7.999999979801942e-06
8.9569345e-02	-5.2993767e-02	1.5265401e-01	2.7365195e-02	-6.6821030e-03	9.1119081e-02	-1.0549012e-01	-1.3110653e-02	1.3675562e-01	-5.2753843e-02	-4.1604802e-02	-1.4482597e-01	6.4872406e-02	-5.3043094e-02	-1.2436191e-01	-8.8822052e-02	-5.2490618e-02	2.9404748e-02	-1.1532958e-01	-1.0314470e-02	-1.5097126e-01	-6.2684678e-02	-6.7144800e-03	2.1238703e-02	9.2868134e-02	-8.0282368e-02	9.5755421e-02	-4.0957805e-02	8.7290265e-02	-8.0402650e-02	1.4627868e-01	8.3159218e-03
-1.5334779e-02	9.9200666e-02	-9.2545561e-02	-2.6942568e-02	-1.0263681e-01	-1.1051069e-01	-3.2614488e-02	-3.2407749e-02	-1.2648384e-02	-5.9306301e-02	-4.8480641e-02	1.3837244e-01	-7.0506677e-02	-2.8956385e-02	-1.7018210e-02	-5.3225458e-02	3.7068918e-02	-5.8992486e-02	-3.8573604e-02	-3.2143053e-02	-6.4386673e-02	1.7064383e-02	-4.7168054e-02	1.6089076e-02	-2.3294833e-02	-2.1161370e-02	-2.3455856e-02	3.1670046e-03	-6.6787258e-02	-1.0631014e-01	7.9979099e-02	-5.6243528e-02
-2.9189346e-02	-3.9385643e-02	-2.4110766e-02	2.8799104e-02	-8.3124198e-02	-2.8173865e-03	5.5367653e-03	-1.7523991e-02	-2.6221566e-02	2.5548927e-02	-4.0483256e-03	-2.5015643e-02	-5.4135472e-02	4.5108492e-03	-6.2174261e-02	6.4373198e-03	3.8400069e-03	-5.8010803e-03	-5.4105021e-02	-4.2272069e-02	5.6680229e-02	-4.6278771e-02	-1.6119635e-02	-3.6267504e-02	-3.4589600e-03	-2.8380002e-03	-1.4075221e-02	-1.8146722e-02	-3.7652716e-02	-9.5585912e-02	-1.7332522e-02	-5.2989893e-02
2.9794821e-03
-6.4075822e-01	-1.3315256e-01	-1.5243573e-01	-7.6074523e-01	-1.1970724e+00	-7.2870511e-01	-3.0910385e-01	6.1421428e-02	-6.2021185e-02	-3.9360683e-02	-5.5765655e-02	-2.7767009e-01	-2.0129520e-01	-2.4819973e-01	-1.2061574e-01	-1.9157134e-02	-2.7055962e-02	1.5917896e-01	-1.1724424e-01	-7.0160734e-03	-7.5700849e-02	1.7578943e-01	-1.3299441e-01	1.5677248e-01	-8.1719145e-02	2.5459009e-01	-2.8261647e-01	-1.0038012e-01	3.4526584e-01	3.8259876e-01	-2.0342189e-01	-3.6499888e-01	-2.8345332e-01	-1.1220743e-01	1.9182593e-01	-6.8450011e-02	-2.0404340e-01	-2.3490086e-02	2.8517631e-01	6.6695465e-03	-1.6189757e-01	2.5516506e-02	-1.0853748e-01	-1.9119237e-01	-8.8386738e-01	-1.4294514e-01	4.0348075e-02	-9.0685047e-02	-3.6130268e-02	-2.3960492e-01	1.7909198e-01	-2.6801455e-01	-2.7263805e-01	2.2423338e-02	-1.1071315e-01	-1.8253593e-01	-3.2870427e-01	4.4852633e-02	1.3980689e-02	-4.8101783e-02	9.2920497e-02	-6.6899848e-03	-3.4454942e-02	-3.3096618e-03	-1.0100701e-03	2.4959226e-01	-1.4986110e-01	1.3751271e-02	-1.9410382e-01	3.5716826e-01	1.5757382e-01	-1.5810826e-01	1.8979447e-01	8.7148905e-02	-5.1198758e-02	-3.7539047e-01	5.7156986e-01	4.5129517e-01	3.3708990e-01	-1.2277113e-01	-2.8392532e-01	6.1578900e-02	2.1998696e-01	1.0173829e-01	4.5535067e-01	9.4347689e-03	2.4962370e-01	-4.9238149e-02	-3.7741432e-01	-3.2652545e-01	-5.9144789e-01	-7.7506649e-01	-1.6494872e-01	-2.6177987e-01	1.9239645e-01	-2.0517819e-02	-1.6239676e-01	8.0995254e-02	-1.8893193e-01	-8.9053854e-02	-7.2029024e-02	4.9188977e-01	2.5380066e-01	3.3565443e-02	2.5756881e-01	-3.2383958e-01	-1.0483433e-02	-2.1402089e-01	-3.1131473e-01	8.2999006e-02	-4.9570680e-01	-2.6550627e-01	-1.9804217e-01	1.4741853e-01	8.0390535e-02	-7.8403927e-02	-1.1613454e-01	-2.3583239e-02	-1.1768957e-01	-5.7078518e-02	-2.9667261e-01	5.2936971e-01	4.8176619e-01	2.5131673e-01	-1.5301706e-01	1.5587032e-01	-1.5766473e-03	-9.6882477e-02	3.4769917e-01	-8.7937387e-03	-3.1431857e-01	-2.8317568e-01	-1.8199068e-01	3.1436652e-01	1.2478748e-01	1.9715025e-01	-1.3062844e-01	4.3465960e-01	2.9690295e-01	-2.6575810e-01	2.6533815e-01	1.2562074e-01	-3.5625300e-01	-5.5445570e-01	-2.0356569e-01	6.4620785e-02	1.4128341e-01	-8.5701533e-02	5.9408598e-02	1.7874008e-01	-1.0064011e-01	-9.6692726e-02	-9.1830894e-02	1.4956874e-01	-3.8303259e-01	-3.8644499e-01	-1.8228415e-01	-1.8516199e-01	-9.4069600e-01	-9.9120110e-01	-3.3722854e-01	-6.7367114e-02	-1.0192443e-01	-1.4892116e-01	6.9295585e-02	-2.2493440e-01	-2.3697664e-01	-1.8865520e-01	-3.4414345e-01	2.3513958e-02	8.4874950e-02	2.3389855e-02	3.1037193e-02	6.7397006e-02	-2.4897549e-01	-2.2135515e-02	7.2156143e-01	6.7481041e-01	1.0924594e+00	5.2921396e-01	-9.3895579e-03	-7.7987313e-01	-5.2539051e-01	1.3095342e-01	-1.6052091e-01	-5.6681227e-02	-4.7997987e-01	2.1603020e-01	2.7142671e-01	1.2617058e-01	1.9242546e-01	-7.1979485e-02	1.9074276e-02	1.4108635e-01	-8.8790193e-02	1.1796553e-01	-8.9359850e-02	3.4467080e-01	5.1149333e-01	7.2897896e-02	2.5924331e-01	2.1528967e-01	2.6338571e-01	2.9002575e-02	-2.1173140e-01	-3.2013500e-01	1.3545585e-01	2.9157814e-01	1.1726762e+00	1.4307608e-01	1.0263360e-01	2.1132909e-01	-1.8321329e-01	-2.5348324e-02	2.1374314e-01	-3.8549435e-01	-4.8737619e-02	1.8813436e-01	-4.3641689e-01	2.0672709e-01	2.7396253e-01	5.2916276e-01	2.9024437e-01	4.6042365e-01	2.8602606e-01	-5.6071007e-01	-2.1531659e-01	-3.1019849e-01	2.5636429e-01	2.2169800e-01	-3.0043703e-01	-1.0029525e-01	1.9658910e-01	2.2045289e-01	-2.1837026e-01	-4.8118994e-02	1.0411603e-01	5.8122855e-02	-8.3110981e-02	-2.4567485e-01	3.7176996e-02	-6.2615953e-02	3.1491059e-03	-1.2332970e-01	2.8678298e-01	1.0189770e-01	-5.1537357e-02	-6.9794059e-03	-1.5852886e-01	1.4826034e-01	2.1735919e-01	2.7118301e-01	-8.3400883e-02	-5.5619311e-01	1.7941883e-01	-2.9312775e-01	-5.3146467e-02	1.9856421e-02	-8.9805380e-02	2.2203247e-01	-5.7931095e-02	2.1399044e-02	-1.2642057e-01	1.2449638e-01	1.9426334e-01	2.4362011e-01	-3.1938305e-01	2.2399136e-01	-2.1601843e-02	4.0905800e-02	-1.5601714e-01	1.0454807e-01	-3.0632326e-01	1.3971731e-01	9.9697059e-01	4.7270516e-01	4.3785673e-01	3.0145389e-01	4.2944476e-03	-2.6998451e-02	-1.4859807e-01	9.8905135e-03	-1.7837344e-01	-1.5289292e-01	-5.0572330e-01	-9.3047321e-03	-4.4325355e-01	-4.5933053e-02	-2.3882374e-01	3.0394846e-01	1.8613431e-01	1.0623624e-01	-1.0015879e-01	2.6588610e-01	3.6093432e-01	-3.7053455e-02	-2.3333330e-01	-6.0987234e-01	-1.9312909e-01	-6.5951549e-02	-1.7156821e-01	8.2985796e-02	-2.2424154e-01	2.4678710e-01	-5.1689420e-02	2.1916080e-01	8.3715387e-02	1.8417303e-01	-3.0147621e-01	2.1698700e-01	-1.5813857e-02	-8.1239596e-02	-1.8116888e-01	-6.2538952e-01	-8.6837530e-01	-4.8338011e-01	-2.3098221e-01	-6.5531842e-02	-1.4697525e-01	-2.3446506e-01	-2.1890067e-01	-3.9771649e-01	-4.5888388e-01	5.8528939e-03	-6.5864013e-03	-1.9776484e-01	-4.9486540e-02	-6.2803581e-02	-5.5373143e-03	-4.7637843e-02	4.9388226e-02	9.5928712e-03	2.6508254e-01	-7.1652226e-02	1.6123572e-02	-2.5025859e-02	3.1478909e-01	6.1584417e-02	-2.2887930e-01	2.3791513e-01	4.4278204e-02	5.0226003e-01	-1.7402619e-01	-1.1662376e-01	-3.1503338e-01	-4.1689094e-02	-1.0419856e-01	8.7881856e-02	-3.7143439e-01	1.9009013e-03	6.5101355e-01	-6.4108171e-02	-3.8307425e-01	-3.8863036e-01	-3.5455883e-01	2.4603255e-01	3.8788313e-01	-1.2656573e-02	1.6294977e-01	6.2431134e-02	-2.7886915e-01	6.3794002e-02	-9.6817963e-02	-2.6468447e-01	2.4259329e-01	-1.2894221e-01	-3.0652255e-01	6.9947399e-02	2.8977144e-01	-3.0697456e-01	-2.1955054e-01	4.9226623e-02	-5.3145772e-01	3.0440515e-01	1.1332579e-01	-2.5934505e-01	-2.3013256e-02	-2.5968072e-01	3.1817722e-01	-2.1882652e-01	2.0491046e-01	-5.7195022e-04	-2.4320403e-01	-1.8043449e-02	1.5001630e+00	3.8047755e-01	2.7918467e-01	-8.7094396e-02	2.0685967e-02	3.1651728e-02	-1.2966678e-01	2.1091577e-01	-7.4134409e-02	-8.6964257e-03	-2.0204175e-01	2.8328726e-01	-8.5965749e-03	2.0632323e-02	6.4807884e-02	1.5592459e-01	1.9452909e-01	3.5200676e-01	1.7406721e-01	2.4128690e-01	-2.0249253e-02	9.3721144e-02	-5.3026366e-01	-6.8568552e-01	-3.9031515e-01	1.2751672e-01	-2.2572766e-01	1.3019188e-02	2.6733795e-01	-1.8699254e-01	-1.2853318e-01	7.7483868e-03	3.2382652e-01	-2.3656560e-01	-1.2988812e-01	9.1623202e-02	-9.9281482e-02	-8.9994393e-02	-5.3635723e-04	4.4251877e-01	1.3191191e-02	-1.9664638e-01	-3.3320072e-01	1.0333629e-01	-3.7415671e-01	-4.4118587e-02	-2.2415465e-01	2.7478340e-01	2.4010074e-01	1.4314003e-02	2.7682476e-02	7.7506162e-02	-7.7319808e-02	1.4110387e-03	-3.6439276e-01	5.6542677e-01	-2.6060066e-01	-1.8568385e-01	-1.4652443e-01	-3.6813110e-02	-2.2599481e-01	3.5795420e-01	3.2332668e-01	-1.1577744e-01	3.0865699e-01	2.5802577e-01	-3.6299065e-01	-7.2200549e-01	-1.3745292e-01	9.7336791e-02	6.7516379e-02	-1.0396435e-02	-2.0226827e-01	-2.6949648e-02	2.9988706e-01	-1.6423249e-01	2.6662177e-01	5.7594609e-02	-3.1413200e-01	-2.5836709e-01	1.8229207e-01	1.7951366e-01	3.7411368e-01	4.0002602e-01	-9.0607911e-02	1.1375757e-01	-1.9101928e-01	-1.0969925e-02	-3.8443404e-01	-4.4010258e-01	-1.8232574e-01	1.6576959e-01	-1.6419839e-02	-9.2878714e-02	-1.9631191e-01	4.7738876e-02	9.7973056e-02	-1.3474198e-01	-4.2409471e-01	5.6850940e-02	-3.5328660e-02	-5.8026081e-01	-6.6066551e-01	-1.7118342e-01	6.9754153e-02	4.9941484e-02	-1.8763158e-01	2.1734595e-02	-1.9311239e-01	1.1613409e-01	-2.6441583e-01	-2.9820271e-02	3.5402663e-02	6.0940877e-02	4.5897955e-01	-1.9817481e-02	-1.5257272e-01	8.5516885e-02	1.9180261e-02	1.7738417e-01	-8.1032151e-03	4.4065204e-02	-9.1860756e-02	-4.1842198e-01	-2.9281539e-01	-2.8294781e-02	3.6680520e-01	3.8275900e-01	5.6980748e-02	-2.4510035e-01	-2.6349020e-01	-1.9091620e-01	-1.4939374e-01	-8.6817157e-04	-3.2624438e-01	2.0042245e-01	3.1246066e-01	9.0299472e-02	-1.0126743e-02	-1.4474244e-01	1.6324872e-01	4.0954504e-02	-4.2958149e-01	1.9747847e-01	2.2656246e-01	3.2195684e-01	1.9914660e-01	3.5139146e-01	9.2100143e-02	2.5108069e-01	1.2696105e-01	-2.0928161e-01	-4.3110639e-01	-1.5845342e-01	9.7327776e-02	-1.5025659e-02	-1.0395252e-01	3.7957376e-01	5.4511610e-02	3.0021412e-02	-1.7923297e-01	-8.0072217e-02	3.1933230e-01	-7.2837487e-02	-3.2317650e-01	1.8352443e-01	-2.3908176e-01	-4.3591744e-01	1.2581877e-01	2.7234462e-01	3.7699363e-01	4.0043347e-02	3.2953933e-01	-3.0442190e-01	-2.4599610e-03	-8.7259293e-02	-5.4239565e-01	-1.3554099e-01	7.7398770e-02	-1.5333226e-01	-2.1100122e-01	-7.2551459e-02	2.0467180e-01	3.3512944e-01	-7.4821152e-03	2.0435942e-02	-1.4373867e-01	1.4835495e-01	1.7198870e-01	1.9392005e-01	-2.0784518e-01	3.2612741e-01	-6.2071510e-02	4.9384707e-03	-2.5592786e-01	3.6538664e-02	-2.0989804e-01	3.3381030e-01	1.1261516e+00	5.3198773e-01	3.0752087e-01	-8.4455051e-02	6.9374688e-02	-3.4439374e-02	2.4176690e-01	-2.0922515e-01	2.6214781e-01	-1.9662514e-02	-6.1078179e-01	4.8854354e-01	-1.6710708e-01	-2.5203082e-01	2.4134816e-01	-2.6206559e-01	3.2257527e-01	1.1089745e-01	-6.2050235e-02	-5.6294635e-02	-1.4902762e-01	2.9073593e-01	-2.1330941e-01	2.1452789e-01	-2.7501449e-01	-1.2588607e-01	1.9210692e-01	7.3586740e-02	2.4793285e-03	-8.3427683e-02	-5.6525730e-02	-2.3494701e-01	-3.7542069e-03	-3.7098199e-01	3.9454249e-01	6.3959606e-02	1.2380360e-01	-7.5248130e-02	-2.5980511e-01	-3.5783979e-01	2.7955723e-01	2.8679607e-02	2.9699311e-02	-9.2639402e-02	6.2005395e-01	4.7780797e-01	3.0122962e-02	3.1059188e-01	2.4166159e-01	-6.7305289e-02	6.0088333e-02	-4.6542227e-02	-1.9329587e-02	-6.9063455e-02	-9.1857590e-02	2.4737504e-01	-3.3381104e-01	-8.3602637e-02	3.7388641e-01	2.9520959e-01	7.9196945e-02	3.3056837e-02	2.1593212e-01	1.3688223e-01	-7.4804656e-02	5.0567959e-02	-6.2113833e-01	-3.7578738e-01	-2.3780705e-01	-1.1215012e-01	5.6404997e-02	-2.2536073e-02	-5.7431042e-02	6.8662673e-02	3.0036960e-02	3.3733409e-02	3.8218364e-01	-3.5403305e-01	-5.0334907e-01	3.1954419e-02	1.7842557e-01	-1.9884925e-01	-7.5570697e-01	-3.4963787e-01	-3.8148257e-01	-2.1696641e-01	9.3130730e-02	2.4577439e-01	-2.2361058e-01	-2.7513558e-01	-5.8717661e-02	1.1965876e-01	3.8474461e-01	-2.8094635e-03	9.3466783e-04	-4.4230834e-02	8.5245810e-02	-1.8402591e-01	3.2694554e-03	1.3020954e-01	-9.6664894e-01	-9.6452165e-01	-7.1459025e-01	-2.9256001e-01	-3.6045727e-01	1.1467870e-01	8.1612833e-02	3.1787214e-01	-1.0189499e-01	-3.5806635e-01	-6.8418287e-02	2.2633728e-02	2.3344566e-01	1.9495209e-01	1.1162925e-01	6.4867763e-03	-7.7683330e-02	1.4129977e-01	-6.3338690e-02	-2.9099455e-01	-6.6053495e-02	1.9949865e-02
-4.5312956e-02	-1.9477887e-01	-2.3839165e-02	-1.5857477e-01	-2.3419903e-01	-2.7770552e-01	3.3345520e-02	-3.0117875e-01	-3.1120950e-01	2.2368594e-01	2.4921970e-01	-2.0180620e-01	3.9382640e-01	-1.1845181e-02	6.3697070e-02	-1.9433165e-01	-4.9096742e-01	4.7982976e-01	6.9931082e-02	-3.7150818e-01	-2.1210214e-01	2.1898000e-01	-9.2931658e-02	2.6749706e-01	-1.1683768e-01	-4.9521711e-02	3.8080740e-01	-6.7351073e-02	-2.3861812e-01	-1.8290856e-01	2.0890529e-01	1.7620373e-01	-2.4673198e-03	3.4503993e-03	-2.4287918e-01	-4.4625994e-02	-1.4762023e-01	1.3820119e-01	-1.4195551e-01	-1.1245899e-01	-2.7678341e-01	-7.0424490e-02	-3.5505503e-01	-3.1187758e-02	-7.0341639e-02	1.7896989e-02	3.1967703e-02	-1.1899108e-02	8.4347330e-02	1.4634830e-01	-1.8511751e-01	2.1642074e-01	1.6020982e-01	-3.0443257e-01	3.7316573e-01	1.0385550e-01	-3.2534695e-01	-2.9659361e-02	-1.9163217e-01	-1.5150449e-01	1.5264422e-01	-1.1815731e-02	-2.6977199e-01	-2.7683350e-01	-3.6069143e-01	-9.1749327e-03	2.3335765e-01	-6.5667577e-02	-6.7096688e-02	-1.6401109e-01	3.4404725e-01	-2.0375349e-01	-2.4338059e-01	-2.4038529e-02	-2.5064519e-01	-5.2744184e-02	-1.9836552e-01	4.7905628e-02	-4.2473829e-01	-1.0504228e-02	-3.8328625e-02	-3.6908180e-01	3.6661670e-01	2.9851148e-01	1.1418587e-01	2.8366295e-01	-6.1069380e-02	3.0649894e-01	1.0834856e-01	1.2923625e-01	-1.7387572e-01	1.2823768e-01	-3.2723024e-01	2.2418813e-01	-4.3937805e-01	1.0028512e-01	-1.3718876e-01	3.7420321e-01	3.6588606e-01	-7.6694556e-02	5.5726510e-02	-1.8500707e-01	-2.1528465e-01	-3.1005773e-01	-1.9905333e-01	-3.5239360e-01	1.6611485e-01	9.0681180e-02	1.4295418e-02	-3.2952003e-02	-2.9925185e-01	-4.5883071e-01	1.8298078e-01	-1.4099951e-01	2.5745228e-01	2.2288011e-01	1.0132258e-01	-1.8269150e-01	5.1932052e-02	2.0150699e-02	-4.4003949e-01	-1.4417432e-01	-2.7649117e-01	1.5524442e-01	-1.8042885e-01	5.0341004e-01	-4.3564418e-01	7.3267161e-03	-1.7091486e-01	1.8554775e-01	-2.2936592e-01	1.2610602e-01	2.5478017e-01	-9.1634490e-02	2.7936244e-01	-1.5623027e-01	-1.2370863e-01	-2.2897460e-01	3.8054019e-02	-2.2576008e-02	-3.8271865e-01	-8.1487685e-02	-9.7400941e-02	1.4763671e-01	-1.0426343e-01	-3.0423832e-01	2.0341340e-01	2.0767989e-02	2.0157824e-01	6.0308252e-02	-2.5337562e-02	-1.3533592e-01	-4.2906335e-01	-1.2858722e-01	-1.0851973e-01	1.2536495e-03	-2.4609163e-01	3.4308869e-01	-8.0127358e-02	1.1210489e-01	6.4433455e-02	9.5012896e-02	-3.3138478e-01	-3.2254928e-01	1.7558439e-01	7.5061731e-03	2.3718087e-01	-3.4721866e-02	2.4081044e-01	5.3400956e-02	-3.7312508e-04	2.8327107e-01	1.9250777e-01	2.4828337e-02	-8.7421902e-02	-3.7577891e-01	-5.1020128e-01	-4.9406877e-01	7.4805483e-02	-2.5066108e-01	1.5399027e-01	-5.4799918e-02	2.9920527e-01	-3.4522033e-01	-3.5618001e-01	-2.3812401e-01	-2.5372258e-01	4.4163797e-02	-7.1340971e-02	3.1189543e-01	1.6747034e-01	-1.1216310e-01	-1.8890509e-01	1.2570481e-01	-1.7766005e-01	-2.3417662e-01	2.0003054e-01	-2.1767242e-01	2.0186834e-01	-2.8571865e-01	1.4344513e-01	7.2268441e-02	8.5224874e-02	-8.6545963e-03	1.5285568e-01	1.8132725e-01	-2.9127976e-01	-2.1204689e-01	2.1141037e-01	-4.2678263e-02	3.6803958e-01	1.3867161e-02	1.2574542e-01	-2.4920824e-01	1.7684557e-01	1.1116599e-01	2.2093607e-01	6.0772650e-02	1.5019187e-01	-3.1281498e-01	-1.9839926e-01	3.3975762e-01	-1.2140370e-01	-2.0012198e-01	4.1116748e-02	-3.8079061e-02	-2.5490469e-01	-2.1856028e-01	-2.1809153e-01	-8.3837435e-02	-9.1701485e-02	2.7513012e-01	2.6598394e-01	-3.1725141e-01	2.4921544e-01	6.3358575e-02	-1.6636182e-01	-2.3032796e-02	5.2008941e-03	-5.2251980e-02	-3.7859972e-03	1.3587654e-01	-3.3063152e-01	-4.9433613e-04	-3.2771844e-02	-1.0084251e-01	-1.6930707e-01	-2.5177008e-01	-1.4814253e-01	1.2599993e-01	-2.0693962e-01	-4.5413557e-02	-2.5232074e-01	1.4350905e-02	-1.8991730e-01	-1.7007843e-01	-1.1260868e-01	-1.4240730e-01	2.2471437e-01	5.4165637e-01	-1.4699638e-01	-4.1730337e-02	1.4654386e-01	-4.3759473e-02	-1.6723225e-01	-2.6808760e-01	-1.1497247e-01	5.7577405e-02	-1.1012564e-01	-1.7258750e-01	-2.7534891e-02	1.7080954e-01	1.6120386e-01	2.7184120e-01	1.8847616e-01	1.6202763e-01	-1.9433266e-01	-3.3665127e-01	2.6689438e-02	-9.0946175e-02	-6.6949651e-02	1.2561239e-01	-9.2133157e-02	-2.0063074e-02	-5.4638427e-02	-3.2890625e-02	-5.0063301e-02	2.2165039e-01	-2.5935831e-02	-1.1114161e-01	1.3016987e-01	2.8694895e-01	2.6192339e-02	-1.9457521e-02	2.5104892e-02	1.8889574e-02	-1.2868509e-01	-4.0252274e-01	-1.5751734e-01	-4.6346687e-02	-2.4295534e-01	1.9659021e-01	2.6480469e-01	1.2960580e-01	-5.9874631e-02	2.4912412e-01	-1.1212868e-01	-1.2431788e-01	4.6792407e-02	-1.6336578e-01	-2.2645676e-01	-6.8109170e-02	-1.6628648e-01	2.2389548e-01	4.5132678e-02	-2.6071399e-01	2.6324701e-01	1.0047351e-01	-1.5008570e-01	2.1118908e-01	-1.2256304e-01	4.0931153e-01	1.2892410e-01	-1.5126455e-01	2.0943373e-01	2.4088462e-01	-1.3511528e-01	5.3496365e-02	-4.2468786e-01	1.7887811e-01	-1.4780998e-02	-9.0737857e-02	-1.2220902e-01	8.6618900e-02	-1.7877305e-01	1.0800763e-01	-3.3387491e-01	-3.6154833e-01	3.7108815e-01	-5.2578551e-01	7.4553013e-02	-1.2464031e-01	7.4772894e-02	-7.5489916e-02	1.0615647e-03	5.2421208e-02	-3.5649183e-01	-3.6560368e-02	-1.4207737e-01	-7.0969068e-02	6.7669623e-02	1.6674615e-01	1.5925522e-01	1.0336484e-01	-9.5045954e-02	-2.0374329e-01	-4.8371371e-02	-1.3201971e-02	2.0059517e-01	-1.9278550e-01	-2.7178839e-01	-2.8276059e-01	2.4831930e-01	-4.5299232e-01	-2.3929195e-01	-1.6388026e-01	1.7080344e-01	8.0617137e-02	1.1908943e-01	-4.1881435e-02	-3.2830137e-01	2.2753266e-01	-1.3699043e-01	-2.0551975e-01	5.9368615e-03	-1.4517449e-01	-5.4956302e-03	-2.0850690e-01	-1.0948192e-01	2.0348666e-02	1.2414039e-01	1.9028972e-01	1.1559935e-01	-2.5441748e-01	3.0561429e-01	5.8372322e-02	5.9851244e-02	-1.2402127e-02	1.4601557e-01	5.1303232e-01	4.6644274e-02	6.6283420e-02	-3.0744678e-01	-3.3606490e-01	1.0150169e-01	1.0595547e-01	3.3167642e-02	1.0620438e-01	-2.1338195e-01	2.3467988e-03	4.6913397e-02	1.9387266e-01	3.6307357e-03	-1.9787516e-01	-2.9674831e-01	-1.6801113e-01	-2.6883283e-01	-9.7225949e-02	-4.1764003e-01	-1.0262772e-01	6.4988524e-02	-1.5005884e-01	1.4008994e-01	1.8682706e-01	-1.6359526e-01	2.2403194e-01	-6.0512521e-03	-3.1330308e-01	-4.0919897e-01	-1.5901633e-01	3.2786593e-01	-1.9734240e-01	2.3248501e-02	1.4699596e-01	-3.5000175e-01	5.0032202e-02	-6.2391233e-02	7.7664770e-02	-1.3314022e-01	1.5222476e-01	7.2114699e-02	2.3414980e-01	2.0697317e-01	2.2048670e-01	-2.1025550e-01	1.3439830e-01	2.8835469e-01	-1.9126134e-01	-3.1851944e-02	8.7647580e-02	9.5147185e-02	2.1796744e-01	2.5818104e-01	6.1799891e-02	2.4307860e-02	-1.5093166e-01	1.9996017e-01	-6.3390233e-02	-1.3969730e-01	-2.9527557e-01	-3.9248520e-01	2.2492582e-01	-6.2154278e-02	1.2322202e-01	2.5640315e-01	-2.9089844e-02	-4.4558913e-01	-8.2895488e-02	-3.0121073e-01	-2.3365198e-01	1.8397714e-01	-3.1517169e-01	-3.7873682e-02	-1.4174667e-01	-1.6088134e-01	1.7083137e-01	-1.1331908e-01	-5.5171359e-01	2.6875785e-01	-2.8148067e-01	-3.1764311e-01	-2.5474122e-01	-2.3339336e-01	2.1536569e-01	1.2104975e-01	-6.1962858e-02	-2.3069186e-02	-3.2077494e-01	-2.1464680e-01	2.4371365e-01	-3.0883325e-02	1.8972833e-01	1.8229432e-01	1.3198526e-01	1.6693029e-01	-3.3567619e-01	7.3378831e-02	-1.5127510e-01	-4.7220689e-01	-2.4615058e-01	1.2567522e-01	3.9266128e-02	1.0330543e-01	2.9162228e-01	-2.1104662e-01	4.8627868e-02	-2.0058488e-02	-1.8421431e-01	-3.0274898e-01	-1.5216988e-01	2.2580448e-01	-7.3643722e-02	-9.3378196e-04	-1.4014010e-01	8.8950321e-03	2.1351059e-01	-2.7337536e-01	5.1078573e-02	-1.0348211e-01	-9.3821906e-02	3.3082157e-01	-1.9310847e-01	1.9135845e-01	-3.2285386e-01	-1.5637115e-01	-7.4416004e-02	-4.2919534e-01	4.6867806e-02	2.4645121e-01	-1.6082464e-01	-4.5429143e-01	-2.0633635e-01	1.2000418e-01	4.2968970e-02	-1.0992819e-01	-5.7891503e-02	-1.2089380e-03	2.2833219e-01	1.7661990e-01	-1.9517878e-01	-3.0344141e-01	1.4688591e-02	2.3029728e-01	1.9914103e-01	-4.2408189e-01	1.9682093e-01	-1.4716758e-01	4.1074336e-01	1.0005267e-02	4.0810723e-02	-1.0910712e-01	-1.4783180e-01	-2.7367622e-01	-2.6622431e-03	-2.5713074e-01	-1.7404680e-01	-4.9331084e-01	7.3394328e-02	-2.4141142e-01	-9.4890229e-02	1.3459699e-01	-4.1281188e-01	-3.8890603e-01	-1.6406430e-01	1.0959975e-01	1.1928874e-01	-2.4592066e-01	1.8114364e-01	-2.3998684e-01	-2.3156482e-01	7.7791117e-02	-1.9557644e-01	2.7757403e-01	5.8766973e-01	6.7421101e-02	3.2846436e-01	1.5936173e-02	3.6130846e-01	9.9799680e-03	1.9840120e-01	-1.8386430e-01	-7.0804521e-02	-2.6227686e-01	2.5989103e-01	4.1773561e-03	-3.8330212e-02	-9.4931915e-02	2.7034745e-01	-2.8860858e-01	-2.2456037e-01	-1.7814976e-01	-8.7253019e-02	1.5646090e-01	-2.5832093e-01	-2.1589936e-01	-8.7284753e-03	-2.5385919e-01	-4.9191818e-02	-2.9120374e-01	1.8023229e-01	-2.2188701e-01	1.1329581e-01	7.2639119e-03	-7.2320265e-01	1.8659268e-02	-1.4635672e-01	1.7333826e-01	1.3797396e-01	6.5750239e-05	1.5261123e-01	1.2039732e-01	1.9445825e-01	-2.6253027e-01	-4.7014680e-02	2.4148923e-01	4.1640148e-01	-1.8245442e-01	2.1750157e-01	2.5238535e-01	-1.6588745e-01	-5.2737862e-01	1.1638855e-01	-3.6627436e-01	6.3693672e-02	6.2650181e-02	7.8350417e-02	4.2573717e-01	2.4504972e-01	4.5672610e-01	3.6448848e-01	9.3240380e-02	-5.7889272e-02	-1.8544357e-01	-1.7474310e-01	1.7189531e-01	2.6661742e-01	-2.2191493e-01	-2.3080806e-01	1.0258441e-01	1.8076845e-01	-6.3817453e-01	-1.6225380e-01	2.3399444e-01	3.1908584e-01	-1.0347708e-01	-1.6928403e-01	-1.0844123e-01	6.8382226e-02	-7.7437586e-01	-2.4283527e-01	-1.6002156e-01	4.2685238e-01	-1.5557870e-01	-1.3799858e-01	1.6851076e-01	-2.5498322e-01	7.4000806e-02	-1.2166890e-01	-1.8712865e-01	4.9089257e-02	1.6247776e-01	5.6230143e-02	2.5142279e-02	-9.8548025e-02	-2.1624529e-01	3.1489417e-02	-2.3549775e-02	-6.7257053e-01	3.4837347e-01	2.5806740e-01	2.4047525e-01	-2.5320640e-01	-5.8037654e-02	-1.9120675e-01	-4.4382966e-01	1.5731998e-01	-1.2934008e-01	-8.5798733e-02	1.6139002e-01	-4.8896272e-02	6.9382459e-02	-3.7110320e-01	2.3083167e-02	2.3041792e-01	2.6279342e-01	2.7918423e-02	-2.7618083e-01	2.2510414e-01	-1.9587724e-01	2.7960530e-01	3.2515743e-01	2.5648221e-01	1.3169491e-01	4.0391761e-01	-1.2789237e-01	-2.0537989e-01	1.1847988e-01	2.3554516e-01	9.2978723e-02	1.0072992e-02	-1.1828408e-01	-2.2406358e-01	-2.6102230e-01	-9.8658614e-02	1.2936996e-01	3.5764188e-01	-2.1812920e-01	-1.5992902e-01	1.8511100e-01	-8.8904753e-02	-1.2015068e-01	-2.1847512e-01	1.9338585e-01	-6.0396314e-01	-5.4236181e-02	1.8972109e-01	-7.5250164e-02	1.5466894e-01	-5.5382751e-02	9.7972095e-02	3.4717968e-01	6.8968289e-02	-3.9554572e-01	4.2785116e-02	-1.5519243e-01	2.4246569e-01	-3.2143855e-01	2.3396794e-01	-1.7296171e-01	-4.3326512e-02	-2.2555199e-01	-2.9843774e-01	2.0342538e-01	3.6035679e-02	2.5032446e-02	-1.4167383e-01	2.0953219e-01	-1.3286966e-01	2.7429134e-01	-2.3416592e-01	-1.1535731e-01	-1.0047317e-01	-1.4302111e-01	-1.8076446e-02	8.4444277e-02	-1.7738478e-02	-9.8743334e-02	1.1897496e-01	4.5152017e-01	3.6505207e-02	4.6673585e-02	3.0438572e-01	-2.4638720e-02	-3.0634546e-01	-5.9145457e-01	4.3947753e-02	-9.1561422e-02	1.3154921e-02	2.0803431e-01	-9.7700298e-02	-2.5448966e-01	2.5462685e-02	-1.3326503e-01	-1.1366429e-01	-1.5794101e-01	1.1197892e-01	-1.0761487e-01	-1.1176766e-01	9.9613309e-02	-2.2917032e-01	3.4976053e-01	7.8253383e-03	-3.6168119e-03	-2.0872775e-01	3.2171002e-01	-4.5600865e-02	-2.7390310e-01	-7.7740878e-02	2.0432334e-01	-2.7253715e-02	5.2323909e-03	2.3021764e-01	-3.6138117e-01	1.4715728e-01	-5.5847559e-02	-1.3335183e-01	-3.5902432e-01	-2.3000516e-01	2.2973444e-02	-4.9111372e-01	-2.3902802e-01	1.3926968e-01	-1.5779838e-01	2.2404511e-01	6.8027548e-02	4.5273465e-01	-7.4441478e-02	1.8136327e-01	-4.7566142e-02	1.0384872e-01	-4.6300147e-02	1.9491506e-01	1.7483855e-02	3.2440661e-03	-1.9075774e-01	1.3422948e-01	-2.2369904e-02	1.6066657e-01	-2.8598511e-01	1.7955387e-01	-3.0270797e-01	-1.0231717e-01	1.4608797e-01	1.9518143e-01	1.5091267e-01	4.3553546e-02	-3.7635940e-01	3.1074214e-01	-3.3632493e-01	-6.9000773e-02	-2.6410529e-01	-8.6329821e-03	-7.9224452e-02	1.9108333e-01	-6.2880963e-02	2.1991388e-01	-1.5519454e-01	-1.9373329e-01	-1.9473959e-02	2.2329830e-01	-1.1802857e-01	-4.1066101e-03	-9.5939286e-02	-1.7726000e-01	-3.4171142e-02	1.0319651e-01	1.4618091e-01	-1.1869074e-01	-1.6363190e-01	-7.1666372e-04	2.9541734e-01	3.9781272e-01	-3.4361428e-01	2.3604840e-01	-2.2037816e-01	-1.8695056e-01	-1.0778353e-01	-9.6496962e-02	2.3712555e-01	-1.9724895e-01	3.4382409e-01	1.8127118e-01	4.1799384e-01	2.6469570e-01	4.3658655e-02	2.0472653e-01	-3.8828429e-02	3.0822623e-01	1.0618101e-02	-5.9092175e-02	-2.5228184e-01	1.5900069e-01	-2.1645184e-01	1.9680141e-02	-4.2719844e-01	-5.2090172e-02	3.9786962e-01	2.4425715e-01	-1.1347315e-01	-7.6386832e-02	-3.4055349e-01	1.6612743e-01	-3.1316870e-01	2.4357522e-01	4.6396263e-02	-1.0586175e-01	2.2820660e-01	-7.4234799e-02	5.7568852e-02	-3.4632370e-01	2.0055646e-02	2.2678827e-01	-1.2627572e-01	2.0471431e-01	-1.3470225e-01	2.8963429e-01	-1.5636091e-01	-7.1503840e-02	-3.7081543e-01	2.6602599e-01	-1.2208818e-01	9.7340994e-02	-4.3959841e-03	-4.3810412e-01	2.2856270e-01	-7.7233784e-02	-4.0972909e-01	-8.4700488e-02	7.2678506e-02	-1.4411502e-01	1.8415850e-01	1.5625934e-01	-1.0205321e-01	1.5094693e-01	7.1332335e-02	-2.9232919e-01	7.5084276e-02	2.3349339e-01	-3.4233409e-01	3.5668540e-01	1.0799963e-01	1.2718952e-01	5.6704473e-02	5.5812288e-02	-1.5095006e-01	9.9182121e-02	2.0260930e-01	1.2024941e-01	2.1066977e-01	-2.1450977e-01	-1.2814853e-01	1.5072185e-01	4.2913649e-02	-2.5165156e-01	1.8646028e-02	-2.1434946e-01	4.7655322e-02	1.0455370e-01	-1.1467443e-01	-2.1656081e-01	-3.5920525e-01	-1.3231066e-02	-7.0074752e-02	-1.7012176e-01	2.2054693e-01	1.3169062e-01	-3.7146929e-01	4.3858325e-01	1.5604858e-01	-2.9338914e-01	-8.2650356e-02	9.5988728e-02	-1.1857795e-01	2.8608984e-01	1.3390875e-01	9.7514324e-02	-2.5118166e-01	2.4576155e-03	1.9490646e-01	-2.0539355e-01	1.2253712e-02	-7.5658754e-02	1.7261901e-01	6.2648016e-03	-2.7841333e-02	5.7554320e-02	7.6559760e-02	-2.5125626e-01	-2.1156590e-01	-4.3491282e-02	-3.5582116e-01	-2.7679399e-02	-1.4308630e-03	-1.8670167e-01	-2.3029305e-01	1.9217589e-01	-2.6353291e-01	-3.3320822e-02	1.7089878e-01	3.5377182e-02	2.8393829e-01	-1.2956510e-01	2.3271441e-01	4.6830893e-02	1.3107514e-01	-2.2063445e-02	2.2448483e-03	1.1491861e-01	-3.6577046e-01	-1.6587183e-02	-2.5961360e-01	1.2537739e-01	6.9867194e-02	-8.9017972e-02	-4.4025669e-01	2.9494840e-01	-2.3422787e-01	5.5109900e-01	-1.3614793e-01	-3.7957922e-01	-1.2539469e-01	-1.0197785e-01	2.0115028e-01	-1.6348076e-01	-1.8238288e-01	2.3958965e-01	4.1854966e-01	-1.7445795e-01	3.1510052e-01	-4.3382667e-02	9.6170813e-02	2.4929671e-02	-2.9873252e-01	2.1127641e-02	-3.2925352e-01	-3.0048335e-01	1.5118419e-01	-2.3227058e-01	4.9737684e-02	3.6752000e-02	1.3797248e-02	-1.1358356e-01	2.1952350e-01	3.0718642e-01	2.5307250e-01	2.6378053e-01	-2.0322764e-01	-2.0699258e-01	1.0202508e-01	-5.0900078e-01	3.3702567e-01	3.9077133e-01	8.5585713e-02	2.4479757e-01	1.4907891e-01	-7.0248194e-02	3.4242690e-02	6.0132384e-02	-4.0909669e-01	1.1691773e-01	-5.7590656e-02	-1.3655947e-01	-2.8054945e-02	-7.8557469e-02
-2.8780462e-02	-2.2156599e-01	-4.2497921e-01	-3.2112554e-01	-7.0536904e-02	-1.5626535e-01	1.7313536e-01	1.2592287e-01	-1.8530637e-01	4.0881578e-02	-2.1779712e-01	6.4359777e-02	-2.4733576e-01	1.1555951e-02	2.9173625e-01	-9.9333689e-02	-1.1755521e-01	-2.4654441e-01	-6.6477656e-02	3.5175538e-01	4.6831798e-02	4.6431400e-02	1.2817571e-01	-2.7937558e-01	9.2389910e-03	-1.7464040e-01	2.3681398e-01	1.8408743e-01	2.7160826e-01	2.9447868e-01	-1.2230632e-01	2.4962766e-01	-4.3717586e-02	-1.7117053e-02	1.7209662e-01	8.4324270e-02	-1.1216895e-01	-3.3983016e-01	6.9610618e-02	2.1788563e-01	4.2207167e-02	-8.9376122e-02	-2.7309588e-01	2.2907940e-01	1.0701256e-01	-1.7870246e-01	-2.5784138e-01	-1.7378759e-01	-1.8241111e-02	1.7785607e-01	-5.4901140e-04	2.7321923e-01	-7.1327716e-02	-1.9756594e-01	-2.9627314e-01	-1.5402807e-01	-4.9148694e-02	2.1817304e-01	-3.2137018e-01	1.0028192e-01	1.9026940e-01	-1.1760537e-01	2.0205262e-01	-3.0438346e-01	-1.5266201e-01	3.7455689e-02	1.5773822e-01	-9.7940750e-02	1.2004019e-01	6.5695089e-03	-1.6691341e-03	2.8735161e-01	1.8271698e-01	-1.6674259e-01	1.1764452e-01	1.5432380e-01	4.0941741e-02	-2.7323887e-01	-7.1784580e-01	-2.4762149e-01	-1.6298710e-01	-3.2841867e-01	3.0627725e-01	-1.0943688e-01	-3.2588807e-01	-4.3722337e-01	1.5571232e-01	-5.3965952e-02	1.8406181e-01	-8.0307476e-02	-1.2098785e-01	-5.6424532e-02	1.6163576e-01	4.1856114e-02	1.9868252e-01	-1.3565394e-01	-1.2485859e-01	-1.8107182e-01	-2.3278902e-01	-1.1349669e-01	-1.1023299e-01	-1.6878483e-01	-5.4319795e-02	-3.8304482e-02	-2.4635559e-02	-3.0005029e-01	-2.6761734e-01	1.9037814e-01	-2.4471235e-01	3.2394624e-01	6.4418122e-02	2.1449904e-01	-5.2060250e-02	6.6369355e-02	-1.8440643e-01	1.1791296e-01	-2.2009066e-01	-1.6415939e-01	-2.7538338e-01	1.7409949e-01	7.5816840e-02	-2.2801298e-01	-3.0644196e-01	1.3636060e-01	3.0339605e-01	1.7888974e-01	-2.5986677e-01	2.1758942e-01	-4.5086202e-01	-1.6700515e-01	-1.5576324e-01	1.0875987e-01	3.2661119e-01	1.6227682e-01	2.5628629e-01	-9.8655954e-02	7.2244324e-02	-2.5972220e-01	2.6543891e-01	-2.4280471e-01	1.6507995e-01	-3.4803075e-01	2.3435441e-01	-1.8952738e-02	-2.4385205e-01	1.7017083e-01	4.0955907e-01	-1.9673358e-01	2.2383858e-01	-2.5350453e-02	-2.1259831e-01	-1.8357567e-01	9.0020694e-02	5.2236199e-02	-8.4094025e-02	-1.0986481e-01	-9.2874847e-02	-4.2698301e-02	-4.0157011e-01	3.8446772e-01	3.0263779e-01	3.0021772e-01	4.6997055e-01	4.2807287e-01	-1.6210915e-01	-2.5472587e-01	-2.5439855e-01	-6.2328976e-02	1.4891060e-01	-1.0695841e-02	4.4186085e-02	-1.6694147e-03	6.7365896e-03	-3.2699549e-01	-2.0005085e-01	7.0311658e-02	2.6816545e-02	5.3007185e-01	-2.5883412e-01	1.6279058e-01	-6.7152254e-02	2.1352166e-02	-1.8527442e-01	-1.1996730e-01	7.5916149e-02	-2.5984100e-01	7.2249264e-02	-1.8560547e-01	-2.5451396e-02	2.4250111e-01	2.7448538e-01	-2.7594578e-01	4.9492810e-02	1.1120706e-02	1.0191171e-01	-3.4430233e-01	1.1814090e-01	5.9927315e-02	2.1745767e-01	-2.0460261e-01	3.6293006e-01	-1.3280737e-01	1.1802877e-01	-2.2359578e-01	3.0590257e-01	-2.3800752e-01	-1.0392790e-01	-2.0756619e-01	1.2752073e-01	4.3585323e-02	1.2706682e-01	-1.7244168e-01	2.0213807e-01	-1.4779066e-01	1.4058177e-01	2.6872668e-01	-2.1732424e-01	1.6926636e-01	-1.5796639e-02	1.0195691e-02	-1.2505180e-01	-1.0194476e-01	2.8458259e-01	-1.7000000e-01	-1.1461633e-01	3.8640119e-02	4.7871462e-01	-3.9709285e-01	7.6384075e-02	3.7434000e-01	-5.5390563e-02	-8.3126806e-02	3.4763832e-02	-1.1756127e-01	7.1329810e-02	-2.4959221e-01	-1.7081989e-01	1.5648083e-01	1.4729039e-01	-7.9851121e-02	2.6025033e-01	2.2357979e-01	3.8608700e-01	-2.9802334e-01	4.8118287e-01	-1.4991806e-01	7.5454414e-02	-3.0987155e-01	1.1665756e-01	-4.1167689e-03	-1.7654692e-01	3.0922592e-01	-1.0226344e-01	-3.2663095e-01	-2.1295287e-01	2.7460569e-01	-1.7287655e-01	-7.8989282e-02	3.6063597e-03	2.0709838e-01	-6.1060290e-04	-1.4922659e-01	-2.0070450e-01	-3.0010661e-01	-3.0077633e-02	-1.2029293e-01	7.2969291e-03	-1.9312741e-01	-2.5038144e-01	-2.1185847e-01	1.6920105e-01	-2.9047301e-01	-9.6277468e-02	2.2760129e-02	-2.8711644e-01	5.3579092e-02	1.2482208e-01	-1.5341794e-01	2.1812660e-01	-2.0909607e-01	-6.8633527e-02	-6.2317222e-02	1.1016083e-01	8.4686898e-02	-1.8105485e-01	-2.4207482e-01	-1.1711779e-01	-9.3440913e-02	-6.3419706e-01	9.2860907e-02	-1.1457051e-01	1.6019522e-01	4.2223338e-02	-1.3715373e-01	-2.5632831e-01	-1.5800761e-02	-1.6912345e-02	1.7952009e-01	-3.6174259e-01	-1.2048706e-01	-2.9168963e-01	-7.3322900e-02	4.6955884e-02	1.0550366e-01	4.9967401e-02	3.5263056e-01	3.7786445e-01	1.5006073e-01	-3.4202747e-02	-2.3572658e-01	1.7734507e-01	6.0435990e-03	-3.6624315e-01	2.5228477e-01	-1.9987991e-01	-3.7229404e-01	7.3700875e-02	-2.6381397e-01	4.4686031e-02	-1.8318173e-01	-5.6447887e-01	3.0914314e-02	5.6778748e-02	-4.5229235e-01	1.1452211e-01	-1.1407243e-01	-2.1859738e-01	-2.5125724e-01	-1.3411876e-02	2.7898237e-01	-8.7493199e-01	8.1402929e-03	-3.6311525e-01	-1.1028017e-02	-1.8230672e-01	-1.3370965e-01	1.6196187e-01	-1.2702848e-01	4.0994608e-01	-1.4773668e-01	-3.8548175e-02	-3.0532354e-01	1.7972484e-01	-1.0804690e-01	-1.6227937e-01	-3.2670802e-01	-1.7070079e-01	-3.2576963e-01	2.2633827e-01	-2.5603893e-01	5.4390542e-02	-6.0868636e-02	2.0994408e-01	1.8390775e-01	4.6592829e-01	2.5722775e-01	1.4904085e-01	3.9242238e-01	2.7608916e-01	1.0078047e-02	-7.0785373e-02	-2.5422165e-01	-1.9955371e-01	1.6100854e-01	2.2415009e-01	-1.5341273e-02	1.4840338e-01	1.1155534e-01	1.5294971e-01	4.3767694e-01	3.2402316e-01	-1.9578508e-01	2.0166466e-01	4.0322784e-02	3.0234337e-01	3.1641122e-02	1.7663652e-01	-8.1027374e-02	-7.4559391e-02	5.9342109e-02	7.0492588e-02	1.8015812e-01	-1.5564647e-02	3.5246339e-01	-3.9418304e-01	1.0429469e-01	4.1542318e-01	-1.7864943e-02	2.4219245e-02	-2.6567858e-02	3.7189886e-01	-1.7408024e-01	-1.2279157e-01	-2.5994158e-01	3.1231758e-01	-1.0051429e-01	-1.9406210e-01	1.9659786e-01	-1.9285326e-01	3.1431535e-01	1.3606392e-01	1.0805629e-02	3.2972358e-02	-2.4304031e-01	1.8204747e-01	-2.6924726e-01	2.0797405e-01	-4.4038448e-01	2.5582722e-01	-1.4934607e-01	4.0716245e-03	-4.4310495e-02	2.5191516e-01	6.7332579e-04	4.0833149e-02	-3.5384102e-03	-4.8609845e-02	-2.5681663e-01	3.0280868e-02	2.2965651e-02	-1.0232590e-01	3.8289062e-03	9.6365757e-02	-1.1217288e-01	-1.5149747e-01	-2.5369104e-02	-2.2983952e-01	-2.4539427e-01	1.0646842e-01	-2.0879427e-01	-9.9329785e-02	3.8628814e-01	-3.9090324e-02	1.0253690e-01	7.0120431e-02	3.3659577e-01	-8.7341204e-02	-1.9299170e-01	-2.4316517e-01	3.0796675e-03	2.6354188e-01	-2.4931088e-01	-2.8247336e-01	4.6145400e-01	-2.8402916e-01	1.5069939e-01	6.4207047e-02	-2.8062713e-01	-3.6340651e-01	2.0857120e-01	1.0182097e-01	9.8922253e-02	5.2672472e-02	7.6590858e-02	-9.2271857e-02	1.1203678e-01	2.3520651e-01	-3.0478972e-01	2.7795547e-01	-6.7104772e-02	9.2009872e-02	-2.1722580e-01	-4.0440330e-01	1.2052023e-01	1.1016408e-01	6.5142363e-02	3.8085547e-01	-1.1453805e-01	4.5517132e-02	-2.3655216e-01	1.7274393e-01	-4.1586354e-01	2.1911618e-01	-2.7984777e-01	-3.0466625e-01	-2.5430018e-01	5.2808102e-02	-2.6058134e-01	-4.3486571e-01	1.2826292e-01	5.1654950e-02	-1.6533715e-01	1.8036911e-02	4.6106309e-02	-3.5864088e-01	1.2641978e-01	-1.7673562e-01	-5.0382685e-02	8.9543581e-02	7.0006691e-02	-1.6754131e-01	-2.3656972e-01	2.1289201e-01	2.0211329e-01	3.5412241e-02	-3.0995971e-03	2.2528403e-02	5.3302485e-02	-3.6968079e-01	-9.8688923e-02	1.9128092e-01	-2.6772350e-01	3.6722335e-01	1.3752808e-01	-1.1303578e-01	9.4738156e-02	-5.6211691e-02	3.6710295e-01	7.8442395e-02	-1.4727211e-01	-2.8160566e-01	-1.3736141e-01	6.7396909e-02	-1.2512515e-01	3.7844974e-01	-9.5760725e-02	1.3169594e-01	3.3345768e-01	1.9667265e-01	-8.0448635e-02	1.0286728e-01	-1.7309482e-01	1.6233170e-01	-4.3469292e-01	2.8806260e-01	1.9962735e-01	-3.3846480e-01	-2.5921401e-02	-1.1522933e-01	4.2392591e-01	-1.2138867e-01	2.5663280e-01	1.4449985e-01	-1.5288033e-01	3.7073562e-01	-1.7900720e-01	-1.5523927e-01	-2.0395517e-01	-5.1426858e-02	-2.1774490e-01	1.4619473e-01	-4.3727055e-01	-3.6944541e-01	2.2127596e-01	2.3461387e-01	-1.7716181e-01	1.4782777e-01	-5.3385071e-02	1.1874139e-01	-1.7138796e-01	6.1126124e-02	-1.9664769e-01	-1.3693248e-01	-3.3878751e-02	5.1262017e-02	3.7995402e-02	-6.0832631e-02	-1.3357209e-03	1.1759612e-01	4.0458027e-01	2.1351339e-01	-9.7552106e-02	-1.4918046e-01	-3.1789780e-02	-2.0501687e-01	-2.5062494e-02	1.8635312e-01	1.5851973e-01	2.8675139e-01	2.9346851e-01	2.9744565e-01	-2.1286733e-01	1.3504203e-01	1.9241865e-01	2.1545382e-01	-1.6462027e-01	1.7222646e-01	1.6924803e-01	-2.6953176e-01	-2.8639492e-01	1.9963780e-01	-1.0592578e-01	-1.7026554e-01	-1.9061443e-01	5.1878575e-02	-1.4833647e-01	1.1858775e-01	-2.4416499e-01	-1.8618985e-01	-9.6942276e-02	-1.0129103e-02	-2.7450538e-01	-1.6083135e-01	-2.4528474e-01	9.5912226e-02	-2.6047534e-01	1.1058339e-01	-2.8096446e-01	-8.9915961e-02	-7.5846508e-02	1.4703608e-01	8.8071615e-02	2.3745316e-01	1.3645217e-01	-2.2503284e-01	1.4019446e-01	-2.4897966e-01	-3.2672912e-01	-5.3712107e-02	-9.8793671e-02	4.0348849e-01	2.3262686e-01	-1.6433468e-02	5.8926053e-02	1.6475219e-01	-2.1224612e-01	3.9562762e-01	-5.1029466e-02	5.1909029e-02	-1.2531215e-01	-7.4359320e-02	1.3478090e-01	1.3215506e-01	-7.0373842e-04	-1.9661477e-01	2.6167923e-01	2.9535216e-01	-2.2181864e-01	2.3355862e-01	-2.3801528e-02	-1.0973892e-01	-1.6134433e-01	1.7434634e-01	6.2404316e-02	-1.8048643e-01	-1.1568801e-01	2.8085127e-01	-2.5618383e-01	-1.4815700e-01	3.1595573e-01	3.2156414e-01	2.0729458e-01	-3.1236979e-01	8.7494224e-02	-2.6247459e-02	1.6423030e-01	-1.0039248e-01	2.1145833e-01	2.2166041e-01	-1.1212695e-01	-2.2882386e-01	1.2484355e-01	-1.3636846e-02	-2.0859522e-01	-8.9591563e-02	1.7366253e-01	2.9533783e-01	-2.1170978e-01	-4.6865690e-02	1.0280985e-01	-2.7639169e-01	-1.4591146e-01	9.4921499e-02	1.7065460e-02	1.2951283e-01	-5.4656196e-02	3.9842984e-01	2.1935354e-01	1.5079179e-01	-1.6922465e-02	2.3348017e-01	-5.5850368e-02	-4.0325752e-01	-1.3472068e-01	3.7769845e-01	3.6485532e-01	3.0209762e-01	4.1428241e-01	1.8161112e-01	-2.4298348e-01	2.4569824e-01	-1.1434630e-01	-1.1909379e-01	-4.4316462e-01	1.2509914e-01	-2.8561696e-01	-7.8916475e-02	4.2869976e-01	-8.1606515e-02	1.8919755e-02	3.1265405e-01	-1.1919113e-02	2.4095544e-01	-2.5446355e-01	3.6749363e-01	-1.9787811e-01	4.6436286e-01	-2.8648931e-01	1.2613643e-02	-5.0708566e-02	1.5438695e-01	7.2675556e-02	-4.5171145e-01	2.1608655e-01	-2.6956424e-01	1.3062426e-01	4.8349896e-01	-2.3379391e-01	2.6795775e-01	-1.9634794e-02	4.3259043e-02	-7.4755743e-02	-8.8471346e-02	-1.6736943e-02	-2.1993046e-01	-3.5936055e-01	1.4024168e-01	2.7652705e-01	1.3212688e-01	2.5661573e-01	-4.9266662e-02	1.5554530e-02	2.8690329e-01	2.0701034e-01	4.9015743e-01	-2.2521608e-01	2.9212168e-01	-4.3129750e-02	6.3111879e-02	4.2256195e-02	-2.3878995e-01	3.4127396e-01	-1.8489453e-01	-5.1451851e-02	-1.2097308e-01	1.7722836e-01	-1.5536891e-01	4.5502309e-02	-5.0644688e-02	7.8765303e-02	-3.3253470e-01	-7.5367123e-02	-1.8431492e-01	-2.2523607e-01	2.3394503e-01	-2.7050513e-01	-2.1603785e-01	-2.6146808e-01	-1.2873808e-01	1.2934230e-01	3.5775639e-02	-3.3712548e-01	6.5529190e-02	7.1269311e-02	-5.4769512e-02	-1.7528866e-01	1.8341471e-01	9.2012309e-02	3.3410341e-01	1.5267998e-01	-1.3416918e-02	1.4406842e-01	1.6418311e-01	1.3970865e-01	2.1009488e-01	2.1023534e-01	1.5746301e-01	-1.8314181e-01	-3.0443260e-01	-1.0769626e-01	-4.7800403e-02	2.7515134e-01	-1.8588164e-01	-3.2056043e-01	-2.0592558e-01	5.9393853e-02	-2.5249964e-01	-4.9298558e-01	-3.1256121e-02	-3.8468263e-01	1.8560041e-01	-3.9087746e-01	-2.4349096e-01	-5.2457821e-01	-1.9174430e-01	2.5537041e-01	-2.1744135e-03	-1.7240925e-02	-1.9447124e-01	-5.1956278e-01	8.2052514e-02	-3.0088615e-01	-4.0069852e-02	-5.7856506e-03	-3.7082103e-01	-5.4204887e-01	-5.8538094e-02	-7.1142924e-01	-1.1688464e-01	-3.6353135e-01	-4.7777422e-02	-2.8065953e-01	3.6655521e-01	2.3524652e-01	-4.2451456e-01	-1.6875131e-01	4.4905085e-02	1.5694669e-01	1.0114150e-01	2.4539199e-01	-3.5628912e-01	4.9378742e-02	-1.0083737e-01	-1.1428668e-01	2.0261034e-01	2.5501391e-02	2.4416155e-01	6.3024718e-01	-2.3202881e-01	3.0302893e-02	-2.1024315e-02	-9.7174920e-02	-3.3782202e-01	-4.7469658e-01	-1.1633074e-01	-2.5658977e-01	1.0781838e-02	-3.7978488e-01	-7.3668003e-02	-1.3442023e-01	-6.4522058e-02	-2.0532405e-01	1.7993288e-01	-2.9974382e-02	9.1893077e-03	3.2227207e-02	-1.5177399e-01	7.8353854e-03	-6.6480964e-02	-7.1826419e-03	-2.3797885e-01	1.1720449e-02	-7.7308632e-02	-2.4955091e-01	2.0519915e-01	2.9238343e-01	2.5371048e-01	7.3154397e-02	-1.6509298e-02	-8.3649121e-02	-6.2314728e-03	-5.7956733e-02	1.9350997e-01	-3.3912262e-01	1.3604657e-01	1.2173383e-02	3.4308601e-02	1.5754752e-01	-7.1175985e-02	-2.1383226e-01	-7.8172006e-02	-1.8098326e-01	-6.3145094e-02	4.7502216e-02	-5.4245852e-02	-1.3675280e-01	-1.9341223e-01	-1.0900045e-01	2.9992986e-01	1.8538044e-01	-2.1350205e-01	-8.0469504e-02	-2.1736935e-01	-3.1433514e-01	-2.4048900e-02	-2.0095749e-01	1.3926317e-01	1.9854839e-01	-2.0761034e-01	1.1508421e-01	1.3374485e-01	1.4032349e-01	-1.4192100e-02	3.5580657e-02	1.9064891e-03	-3.5125846e-01	1.7530583e-02	2.8349860e-02	-2.7328011e-01	1.3795736e-01	2.4354047e-01	-3.6075278e-03	1.7317680e-01	-1.6059107e-01	1.0498751e-01	2.8642553e-01	-2.5690618e-01	-1.7547837e-01	2.5784293e-01	1.9877845e-01	3.7535578e-01	3.9845482e-01	3.4180164e-01	-3.6964867e-02	-3.3104818e-02	-2.9159042e-01	1.7653906e-01	-2.1211694e-01	-2.9125640e-01	6.7410938e-02	1.7420335e-01	-1.6145835e-02	9.3821518e-02	3.1786537e-01	4.1950083e-01	-1.4674695e-01	2.6213744e-01	-7.0967235e-02	1.2210852e-01	1.6410317e-02	1.3364832e-01	1.2789387e-01	-2.7227670e-01	6.1733145e-02	-1.1809553e-01	-1.8666269e-01	-1.4124782e-01	3.3791655e-01	-3.5749665e-01	-1.4654244e-01	-9.4285049e-02	-3.6112073e-01	-2.1666139e-01	-1.3331145e-01	-3.9399635e-02	2.9366112e-01	-7.3104888e-02	1.6294746e-01	2.9402328e-01	1.4993669e-02	1.6595715e-01	9.2999823e-02	5.0567713e-02	5.7331398e-03	-3.0425844e-01	1.6609902e-02	-1.3665189e-02	2.4517110e-01	-2.5278649e-01	2.0087972e-01	4.5107573e-02	2.9520461e-01	6.2400583e-02	2.8672585e-01	-9.9608473e-02	3.6342466e-01	6.7944020e-02	1.9996057e-01	2.1731544e-01	5.5823017e-02	-1.1375617e-02	5.3412039e-02	1.4554268e-01	5.4499291e-02	1.2000790e-01	2.0863984e-02	4.0011697e-02	-5.6040015e-02	-1.0665820e-02	-9.8577932e-02	-2.0517288e-01	-2.3396005e-01	-7.5236782e-02	1.7035753e-02	9.8127527e-03	3.8045987e-02	2.7451155e-01	3.4881756e-01	1.4834495e-01	-3.1583607e-02	-1.8780880e-01	-5.8840230e-02	-4.7272867e-01	-2.3892552e-01	1.2832867e-01	1.9204058e-01	2.2182246e-03	-3.0289984e-01	8.5329518e-02	1.1269163e-01	-1.5996313e-01	-1.0034630e-01	2.3769279e-01	-1.6046567e-01	-1.4076144e-01	-4.2450380e-01	1.3718441e-01	3.9716162e-02	2.4434979e-01	1.8910062e-01	5.1608678e-02	-2.7371514e-01	1.1331475e-02	-5.1326130e-02	1.8757367e-01	-5.3408299e-02	-2.2102132e-01	1.8133853e-01	-8.3063491e-02	9.5081322e-02	1.0079121e-01	1.4365929e-01	-2.4445194e-01	2.6828420e-01	2.0158127e-01	-4.6671148e-02	3.4558948e-02	-1.6478544e-01	1.7781289e-01	-1.1195437e-01	-1.8874444e-01	-4.9457818e-02	1.5825713e-01	-7.2057605e-02
-1.6587254e-01	-2.8111178e-01	4.2702496e-01	-6.0942516e-02	3.1771740e-01	2.2165383e-01	1.3882031e-01	2.7948868e-01	-3.8647598e-01	-1.8910487e-01	-3.5635656e-01	3.2220086e-01	1.3328199e-01	-3.3255848e-01	2.8063199e-01	-5.5161840e-01	3.9434847e-01	-2.1121553e-01	1.9706886e-01	1.5023963e-01	-2.7783254e-01	4.3594629e-01	1.5719131e-01	-4.2744879e-02	-2.6468161e-01	4.8669571e-01	-1.0768367e-01	6.0701560e-02	1.4115277e-01	-7.8561589e-02	1.7107511e-01	-2.9704506e-02
