9
input	25
dense	32
relu	0
dense	32
relu	0
dense	32
relu	0
dense	1
linear	0
7.999999979801942e-06
-2.1232011e-02	-3.3105988e-02	-5.5202879e-02	-3.5460562e-02	-4.3563679e-02	8.6577661e-02	-3.0460101e-02	1.0272867e-02	-2.5728920e-02	5.4402221e-02	1.2323414e-01	-2.6173050e-02	-1.4509499e-01	-1.1550786e-01	8.5292071e-02	1.0222896e-01	-1.5243000e-01	-3.6309697e-04	6.7430176e-02	1.7394538e-01	-7.0440434e-02	-2.7000329e-02	5.3311821e-02	5.2643113e-02	2.7065331e-02	-8.1528403e-02	-9.3883693e-02	4.5604929e-03	-3.5828933e-02	2.5812967e-02	1.7581809e-02	-5.9344124e-02
7.9337031e-02	6.0378741e-02	-1.4551581e-02	-3.7789136e-02	-1.6249828e-02	-3.0531703e-02	-2.3916660e-02	4.8752893e-02	3.1129561e-02	-1.2066844e-01	9.1354713e-02	-2.6664712e-02	8.5322097e-02	-2.7101226e-02	1.1360261e-02	-1.3344189e-02	3.6529936e-02	4.0487302e-03	-3.3823930e-02	-4.7279637e-02	-4.6895318e-02	1.7974002e-02	1.6803800e-03	9.1521712e-03	-2.7982807e-02	-2.3137690e-02	9.5582916e-04	-3.1162959e-02	-5.2160740e-02	-4.2018995e-02	-2.0721700e-02	-8.7776082e-03
-9.2685908e-02	1.8581066e-02	-3.1092087e-02	2.8014751e-02	-8.3707660e-02	-5.3969868e-02	-2.0688942e-02	5.2151536e-03	3.4493499e-02	-5.2429717e-02	-5.6417923e-02	-2.3333492e-02	2.3478718e-02	-6.2689811e-02	3.7951585e-02	-4.2459104e-02	-1.9876871e-02	-5.1344976e-02	3.2452624e-02	-2.5096994e-03	-9.1669634e-03	-1.4207859e-02	-4.8001401e-02	3.8479459e-03	-2.5185933e-03	-2.9820438e-02	-4.6141319e-02	1.0172907e-02	-6.6842474e-02	-5.7316374e-02	-5.7642099e-02	6.9900565e-02
-1.6429693e-03
-4.7052136e-01	-7.5253803e-01	-1.4640707e-01	-6.3826197e-01	-7.0320174e-02	-4.6114564e-01	3.1698390e-03	2.9732687e-02	1.5417662e-01	1.4217882e-01	-5.6194890e-02	6.2717927e-01	3.1920907e-01	-2.9078206e-01	7.6960891e-02	8.8215731e-03	-5.2232582e-02	3.5332036e-03	1.3414212e-01	-1.0875597e-01	-2.1271703e-01	3.2475048e-01	-3.9377321e-02	-2.2781503e-01	3.0017155e-01	-5.4437611e-02	-2.0674731e-01	-2.7702788e-01	-2.7628389e-01	6.4863354e-02	1.1091529e-01	3.9050919e-01	2.2068694e-01	2.5287715e-01	2.3708798e-01	-1.7566732e-01	-3.8950920e-01	-4.9489111e-01	-1.9469942e-01	-2.7528033e-01	9.6617386e-02	5.3260189e-02	2.1286663e-01	5.3913360e-03	4.3139096e-02	1.3136524e-01	-2.6174232e-01	4.6376888e-02	2.3930755e-02	-3.8279966e-02	-4.7891504e-01	-4.1998315e-01	-2.1312891e-01	-7.9280339e-02	-1.9831264e-01	1.2749241e-01	-1.6488652e-01	-1.6163755e-02	2.6624402e-01	-8.7414913e-02	-2.6652057e-02	1.4840606e-01	4.0109208e-01	-1.6359460e-01	-1.8473860e-02	2.0560201e-01	2.1305068e-01	-2.1625562e-01	-1.7741497e-01	-2.1544035e-01	-1.0118422e-01	-1.1744582e-01	-1.0572202e-02	-3.7992135e-01	-2.8303459e-01	3.7653452e-01	1.5745480e-01	2.4054426e-01	2.9724270e-01	-2.8522905e-02	1.5227728e-01	2.4088550e-01	3.2575145e-01	2.3507299e-01	-2.5532603e-01	-3.9679147e-02	-4.0547121e-01	-5.3684384e-01	-7.8514822e-02	1.4441188e-01	-1.0733885e-02	-1.2889998e-01	5.1875751e-02	-1.7633833e-01	-9.0310007e-02	1.5153055e-01	1.3550720e-01	1.2213837e-01	1.0436963e-01	1.2496687e-01	6.1481707e-03	1.0286251e-01	-3.1434256e-01	1.7152163e-01	-1.1398653e-01	1.5107999e-02	2.9420793e-01	-9.6376166e-02	3.3228624e-01	3.2644652e-02	-6.5485246e-02	-4.7783169e-01	-2.6273844e-01	-3.5437557e-01	2.7106020e-01	-1.4863606e-01	-8.5750133e-02	2.3833293e-01	-1.4915046e-02	-5.7320122e-02	5.0001908e-02	1.1056758e-01	-1.8240626e-01	3.6075467e-01	-3.2005838e-01	-2.0907113e-01	-1.9874376e-01	-2.2009112e-01	1.5298598e-02	2.9944211e-01	-2.8240031e-01	-1.7828321e-01	-2.4396139e-01	1.0305200e-01	-2.9138872e-01	3.2780313e-01	1.4049225e-01	3.5414893e-02	2.5883335e-01	1.2498776e-01	4.2692758e-02	3.8823923e-01	-9.3263254e-02	-6.2406365e-02	-1.1076313e-01	8.2219489e-02	1.9780874e-01	1.3184090e-01	-2.3522408e-01	5.0079566e-01	-3.9840585e-01	-3.0288228e-01	3.2190681e-01	-3.3581880e-01	1.9009773e-01	-2.6305877e-02	5.3988077e-02	-2.8371853e-01	2.0359004e-01	-2.0745040e-01	8.1952316e-01	6.1554164e-01	-9.9590875e-02	5.7306018e-02	2.5913876e-01	-1.1748772e-01	1.3965337e-01	-1.6541760e-01	-1.3761036e-01	1.7031612e-01	-2.3408705e-01	-3.8729537e-01	-7.4577243e-03	1.0174239e-01	1.9266821e-01	7.7857625e-01	7.9274990e-02	-8.5668460e-02	-2.0831935e-01	-5.7541309e-03	6.2792718e-02	3.1468824e-02	3.9886424e-01	-3.6154014e-01	9.2221305e-02	1.3478744e-01	-1.8185194e-01	-3.1386545e-01	2.7562736e-02	2.1322876e-01	-1.4978608e-01	1.9883776e-01	-2.3765035e-01	1.1972397e-01	-4.9809910e-02	2.2711030e-01	-1.1653893e-01	8.8281697e-03	-2.0414090e-01	4.0038550e-01	-1.8304368e-02	2.3090024e-01	5.9881065e-02	5.0658298e-01	4.7237426e-01	9.0741210e-02	-1.5686996e-01	-2.0615695e-02	-4.1176355e-01	2.2316800e-01	-3.0624762e-01	2.0880890e-01	-4.4137433e-02	2.0364650e-01	-1.4255302e-01	-2.5498096e-02	-7.4687139e-03	1.3159779e-01	-1.4589795e-01	-8.6656520e-03	3.3592752e-01	-2.6177192e-01	1.6586755e-01	-1.7498453e-01	1.3309115e-01	-1.0202140e-01	1.4902641e-01	-5.6363128e-02	-1.7881323e-01	1.8320496e-01	3.3139518e-01	-2.5486439e-01	1.3051109e-01	-3.2362989e-01	-2.4996260e-02	8.1209564e-01	5.9582394e-01	2.8035516e-01	1.9946958e-01	-2.4111511e-02	1.2815422e-01	5.9923120e-02	-4.8745528e-02	1.9702294e-01	9.8383114e-02	-1.6554188e-02	-2.1791686e-01	4.4616293e-02	-4.4902214e-01	5.6839842e-01	-1.8050763e-01	-2.0361599e-01	-8.4733099e-02	2.7942074e-02	2.4185981e-01	-2.4775802e-01	-5.0640875e-01	-7.9060310e-01	-4.0504292e-01	1.0817946e-01	8.7240994e-02	-1.8393910e-01	-3.4708765e-01	-3.3473241e-01	-2.6770058e-01	1.1276346e-02	1.7461587e-01	-4.5459058e-02	-9.9597052e-02	7.4216120e-02	-9.9418743e-04	2.0805363e-02	-4.8391703e-03	2.3419608e-01	-3.1807008e-01	-8.7925628e-02	-4.0612096e-01	-1.0542998e-01	-5.1549900e-02	1.3923423e-01	2.6805845e-01	-1.4018913e-01	3.6217502e-01	-5.4913815e-02	-7.6268479e-02	2.6266602e-01	-2.4652804e-01	-1.5126801e-01	-5.1538013e-02	-2.8271860e-02	1.1603802e-01	4.9635164e-02	9.6785262e-02	1.8359965e-01	-1.2385536e-01	-2.2495703e-01	3.9843634e-02	-9.3034178e-02	-7.1864480e-01	2.2072607e-01	-9.9867597e-02	1.7229530e-01	2.0855787e-01	-1.0478925e-01	3.5743300e-02	-3.1605190e-01	2.2846512e-01	1.8259965e-01	5.5114117e-02	2.0723939e-02	-1.6039933e-01	-3.7585244e-01	-4.3827331e-01	2.0975195e-01	1.9736928e-01	-8.7786831e-02	5.0312135e-02	-1.8438207e-01	1.9962294e-01	-3.3712396e-01	-8.9608125e-02	1.9736131e-01	1.2692146e-02	2.7925307e-01	-6.0574186e-01	-2.2210419e-02	-1.0855637e-01	9.8634377e-02	1.8275693e-01	-1.9436994e-01	1.7020768e-01	1.0805087e-01	-6.0173552e-02	2.1755494e-01	-1.2952767e-01	-2.5848982e-01	1.9589543e-01	-3.4533113e-01	-1.4199956e-01	-2.1690531e-01	-1.5919010e-01	2.8579795e-01	1.2350035e-01	-6.1361279e-02	-1.5754132e-01	1.8986890e-01	3.2908861e-02	1.4204508e-01	-8.9217173e-03	-1.9371818e-01	3.3573487e-01	4.9188915e-01	2.1703745e-01	5.8954221e-01	1.5950272e-02	1.2560344e-01	-3.3466679e-01	-5.6725496e-01	-4.7481573e-01	-3.8938653e-02	-3.7846661e-01	-1.7426497e-01	-1.4270176e-01	2.6348525e-01	1.7315707e-01	-8.9306824e-02	-1.5854083e-01	2.2476459e-02	7.6252311e-02	1.4179982e-01	2.6918532e-02	-1.6651818e-01	3.9313234e-02	2.9492316e-01	1.6960801e-01	-1.1914629e-01	1.9560099e-01	-1.6839458e-02	1.7917645e-01	1.8904239e-01	1.0739803e-01	2.6459843e-01	-3.9151698e-01	-1.1154536e-01	-2.9117608e-01	-1.8617539e-01	3.6538592e-01	3.7039241e-01	1.7923354e-01	3.3928323e-01	5.3798385e-02	-1.1646762e-01	2.8630406e-01	-1.3693918e-01	7.7931143e-02	-2.4386479e-01	2.5527817e-01	8.6232759e-02	-1.3369961e-01	-4.6065278e-02	-6.3680284e-02	-2.9223090e-01	2.4551922e-01	3.5806991e-02	-1.5826479e-01	2.0049743e-02	-2.4747014e-01	-1.4949203e-01	3.8397664e-01	3.6799708e-01	-1.7864622e-02	-4.1313428e-01	-1.3216111e-01	-3.4139477e-02	1.2390973e-01	-4.4932212e-03	-1.0227289e-01	1.2974060e-01	-1.6627564e-01	-9.4471000e-02	4.0978048e-02	2.1322121e-01	8.4610237e-03	3.0137140e-01	-1.9828129e-01	-1.8196921e-01	2.3416442e-01	3.1002045e-01	3.3420347e-02	2.9199159e-01	1.7143305e-01	-3.5878409e-02	-2.5016177e-01	-1.8863995e-01	3.1153244e-01	-9.7875036e-02	3.2360944e-01	2.8177544e-01	3.0028090e-01	-1.8803895e-01	-3.2581735e-01	-6.9825567e-02	-2.7418587e-01	3.2012510e-01	-8.7787174e-02	-1.3374679e-01	1.5267923e-01	7.9526100e-03	-8.6406267e-01	6.3101731e-02	-4.6473244e-01	3.3010665e-01	-1.5040964e-01	1.2395048e-01	-2.3969743e-01	-2.2291933e-01	2.8554848e-01	-1.7804156e-01	-1.6153637e-01	1.0490555e-01	5.7529378e-01	7.1178579e-01	4.3947896e-01	8.3244205e-02	3.2016161e-01	1.1120143e-02	-3.4989558e-02	5.7328623e-02	-1.2201367e-01	-2.4503517e-01	3.5075492e-01	-1.0774103e-01	3.4002069e-02	-3.4087473e-01	-4.9976479e-02	-3.0342951e-01	9.2969649e-02	-3.9503064e-02	-7.0947349e-02	-3.7879714e-01	-1.2627080e-01	-2.6362044e-01	-2.9248264e-01	-9.0593599e-02	2.8016210e-02	-8.9267150e-02	2.7705568e-01	6.5197587e-01	1.3605909e-01	3.1804132e-01	-2.5624901e-02	1.5066355e-01	9.2554474e-03	-2.3427162e-01	1.8092060e-01	-2.4385120e-01	2.7510840e-01	2.4129555e-02	1.8331008e-01	-2.1732175e-01	4.9998030e-01	3.3227786e-01	1.2913029e-01	-5.2437469e-02	2.8968626e-01	-2.2178097e-01	-9.4276555e-02	5.2726477e-02	3.1268227e-01	1.1911891e-01	1.3323572e-01	7.6335482e-03	2.3072580e-01	-1.1411472e-01	6.6317499e-02	-1.4691548e-01	-3.7363493e-03	3.1140096e-02	2.3573898e-01	-1.5676035e-02	1.3484681e-01	-2.0356765e-01	-2.4031442e-02	6.0825902e-01	1.9448927e-02	-3.6036250e-01	-2.3612282e-01	-3.3535349e-01	-2.6645085e-01	-2.8185245e-01	-1.4278363e-01	-7.2397810e-01	-8.6177659e-01	-5.2034670e-01	-6.2632047e-02	1.2914553e-01	-3.4066966e-01	1.9407177e-01	-3.8011974e-01	-4.3438917e-01	-6.8540010e-03	-2.1666085e-02	4.4594333e-02	5.9392385e-04	-2.1387659e-01	6.1445706e-02	1.5563279e-01	6.4895819e-03	-6.3375868e-02	-2.1993813e-01	-8.2569891e-01	-6.1063159e-01	-4.3136939e-01	-2.3614118e-01	-1.0145814e-01	-1.9003096e-01	-4.0784785e-01	2.1276605e-01	1.3909270e-01	-2.9248422e-01	-1.0853666e-01	1.6166578e-01	4.7913235e-01	2.0821007e-01	1.9702323e-01	1.8582594e-02	-2.0787809e-02	3.5749167e-02	5.6091491e-02	-1.4048532e-01	3.5516658e-01	-3.1328273e-01	-1.4926598e-02	-8.5167224e-03	4.3590687e-02	-1.5333928e-01	-2.0151342e-01	1.0437141e-01	-3.0734646e-01	2.1280020e-02	-1.7511751e-01	-3.0948782e-01	1.6338174e-01	-1.7831443e-01	2.2823652e-02	1.1743766e-01	5.7395470e-01	3.9744759e-01	-9.1891445e-02	1.9536655e-01	-2.5825903e-01	-2.2518830e-02	-2.0764627e-01	1.4740059e-01	-1.0494041e-01	3.0049014e-01	-2.4215527e-01	9.2017613e-02	-7.3269874e-01	2.4816802e-01	-3.0933064e-01	7.8271925e-03	3.2869521e-01	-1.4072801e-01	2.1840209e-01	3.6673144e-01	-2.2480969e-01	2.0553298e-01	-7.0927396e-02	-4.7529787e-03	6.7725378e-01	6.2012845e-01	5.0619638e-01	2.7326012e-01	-2.8780693e-02	-1.6135076e-01	9.5731646e-02	-4.7068130e-02	4.6393100e-02	5.6337077e-02	-1.7307512e-01	3.0084053e-01	-2.2602886e-02	-9.0779714e-02	2.4315795e-01	-6.8087035e-01	-4.9211961e-01	4.9241766e-02	2.1875830e-02	1.9747980e-01	-2.1992062e-01	2.0385557e-01	-6.3179091e-02	1.6242890e-01	2.5461531e-01	-6.4034745e-02	-1.8473847e-01	1.2438095e-01	1.1867490e-01	-3.2139465e-01	-1.6150206e-01	-1.7401943e-01	-1.7155714e-01	-2.0231144e-01	1.6992493e-02	1.5012060e-01	2.7776152e-01	2.8156286e-02	-9.2517149e-01	-2.7816805e-01	1.8926401e-01	2.2853804e-01	-2.3709133e-02	3.5210133e-01	-2.3838706e-01	2.3052713e-01	-2.3167200e-01	2.1735111e-01	8.0509603e-02	3.3974835e-01	-1.5798262e-01	-3.4367409e-01	-3.4662613e-01	-3.8954748e-03	-2.4733280e-01	-8.3203547e-02	2.6544970e-01	1.4501326e-01	-4.9265772e-02	3.1056586e-01	-2.8269986e-02	-1.3497047e-01	1.2018487e-01	-7.2970599e-02	-1.5706804e-01	-3.4690115e-01	2.6390484e-01	-2.6870051e-01	-3.0990306e-01	-1.9825092e-01	2.7719937e-02	3.2140690e-01	-2.2034621e-01	-1.8152192e-01	2.5617239e-01	9.5406348e-01	7.1696556e-01	1.3566260e-01	4.4539921e-02	-2.3716748e-01	7.8402996e-02	5.1248088e-02	9.7241737e-02	1.5796740e-01	1.4302145e-01	1.4691353e-01	-2.5905347e-01	1.6267156e-02	-3.4614277e-01	2.6041695e-01	6.3717800e-01	-1.0280990e-01	-1.5395457e-01	6.2041201e-02	2.1428296e-01	-4.3216035e-01	-6.7451149e-02	-9.5432252e-02	-6.8431541e-02	4.4302449e-01	-6.6471934e-02	9.7941123e-02	-2.7356485e-01	1.2069739e-01	3.5625568e-01	-8.7401025e-02	-1.4705867e-01	-1.8152842e-01	-7.1806878e-02	-1.8284854e-01	-2.8888335e-02	2.4204478e-01	7.3103751e-03	8.8367730e-01	-6.1045867e-01	-5.5017039e-02	-4.6105805e-01	5.4436013e-02	-2.9511949e-01	-3.7470278e-01	-1.7809866e-01	-3.9920217e-01	1.1932240e-01	-1.3718048e-01	1.1501323e-01	2.2132710e-01	-1.9166428e-01	-7.0967667e-02	2.0373413e-01	1.8864377e-01	1.2516288e-02	-7.3366456e-02	-6.2000724e-03	1.3219523e-01	1.9638823e-02	-2.1128470e-01	5.7782788e-02	-2.8066808e-01	1.5048610e-01	8.4393144e-02	-2.3138611e-01	-4.5534140e-01	-1.3983853e-01	-1.2750137e-01	2.6394081e-01	-2.9643968e-01	-7.0455915e-01	-9.2058994e-02	-1.6234751e-01	2.4427107e-01	2.2803105e-01	3.9932072e-02	-1.5345791e-01	-2.9529637e-01	3.4440240e-01	-8.9890517e-02	-6.4322948e-02	2.3548177e-01	1.2967183e-01	-3.4769362e-01	1.6953801e-01	2.6149613e-01	-7.4190028e-02	4.1899461e-02	8.7796964e-02	-3.3412851e-02	-8.8898100e-02	-2.2864231e-01	1.8613546e-01	-1.8505323e-01	2.0817268e-01	1.1974061e-01	3.1480083e-01	3.4378731e-01	-2.3856497e-01	-2.2553642e-01	2.5992053e-02	-2.2005287e-01	-3.4271291e-01	1.0908044e-01	4.7371190e-02	2.2188254e-01	-1.0597222e-01	-1.2176158e-01	6.6764906e-02	-1.2382047e-02	-1.5746378e-03	7.9636507e-02	2.6287842e-01	-5.2488947e-01
-2.0449626e-01	-8.4998131e-02	-4.1063209e-03	-2.1311772e-01	1.2679135e-02	-4.5208979e-02	-1.0302532e-01	4.3581270e-02	2.1236114e-01	1.1893859e-01	-4.3535456e-03	-1.5152800e-01	6.2581837e-02	-4.6798430e-02	2.0096768e-02	3.3773082e-01	-4.1712162e-01	-2.8556388e-02	-4.1666472e-01	3.0800280e-01	-6.1221592e-02	3.8949668e-02	-1.0424937e-01	-7.8317046e-02	-2.6441807e-02	-3.0926283e-02	4.3285859e-01	1.1638067e-01	3.0209631e-01	-6.8316378e-02	-1.5244532e-01	-4.2310157e-01	-1.3650163e-01	-1.7629802e-01	-1.8554446e-01	-2.0345943e-01	-7.7550940e-02	1.7133109e-01	2.5064540e-01	-3.8626292e-01	-3.1107238e-01	8.2652330e-02	1.0797808e-01	3.2740337e-01	2.5518528e-01	-2.5641426e-01	1.9697906e-01	-2.0341605e-02	-6.2639511e-01	-3.5938624e-02	-6.4199962e-02	3.7515759e-01	2.1634415e-01	-1.6198711e-01	-2.9957232e-01	3.8648896e-02	-2.9927734e-01	7.6276928e-02	-2.3651907e-02	4.3258730e-01	1.7166811e-01	2.4611564e-01	1.4825122e-01	-2.0964023e-01	-1.2053691e-01	1.0273705e-01	1.1568314e-01	-1.2801583e-01	-2.6500877e-02	-2.8723529e-01	-1.9641733e-03	8.3694279e-02	-4.9126291e-01	-1.0859079e-01	3.0612200e-02	-2.3938200e-01	3.8301110e-01	-2.3714876e-01	-3.2152298e-01	-2.7548596e-01	2.2284395e-01	2.2876008e-01	-1.3835512e-01	-7.6617420e-02	4.5869570e-02	2.5364330e-02	-1.4384066e-01	-2.9313946e-01	-3.9523382e-02	2.6252109e-01	2.9883999e-02	-3.9761302e-01	4.8686835e-01	1.9668378e-01	2.3269412e-01	2.7858144e-01	4.2875400e-01	-1.1511679e-01	5.1039970e-01	-2.0451944e-01	8.2878567e-02	-3.9236583e-02	-1.5944663e-01	-3.1052071e-01	1.7657472e-01	-1.4405701e-01	-5.3927805e-02	4.4028258e-01	-4.7449756e-01	1.9897398e-01	6.8027914e-02	-2.9630485e-01	3.2592434e-01	-3.8733545e-01	-7.7649266e-02	2.2738239e-01	2.8372765e-01	1.1641943e-01	4.9782014e-01	2.2798362e-01	-2.2158493e-01	2.4003328e-01	1.9837911e-01	-1.6289477e-03	-7.7971496e-02	4.6924278e-02	4.2550334e-01	-2.5413115e-02	1.3841838e-01	-6.4797127e-03	2.5038445e-01	2.3355468e-01	2.6107422e-01	1.6255071e-02	1.2452561e-01	2.3508307e-01	-3.1463571e-03	-1.2831908e-01	-1.4863272e-01	3.6496496e-01	1.5458706e-01	2.8559989e-01	-1.2585771e-01	-3.2743794e-01	5.6052147e-03	-8.5972369e-02	-4.0890989e-01	-1.0697184e-01	2.5107765e-01	-3.6237821e-01	-1.7479166e-01	-1.0753839e-01	-2.9171714e-01	2.3777932e-01	-7.6950684e-02	-3.5603482e-01	-1.7086479e-01	-8.4600128e-02	-2.1177946e-01	1.8976052e-01	-2.6286270e-02	-7.7539735e-02	-1.6091126e-01	-3.0102924e-01	1.1133067e-01	-1.9632819e-01	-1.4172487e-02	3.5290176e-01	-7.1390165e-04	5.2652545e-02	-7.7658027e-02	1.5710846e-01	2.6756433e-01	-8.5079730e-02	5.6642741e-02	-2.5197113e-01	1.2845014e-01	-2.3307598e-01	2.9988271e-01	-1.9084322e-01	2.2269936e-01	-9.0794414e-02	5.9357401e-02	7.9102525e-03	-1.2588264e-01	4.5818850e-02	3.3447623e-01	2.1795021e-01	1.0961997e-01	-2.9018981e-02	-1.8289356e-01	1.2265725e-01	-2.6092676e-02	3.1580126e-01	2.3337051e-01	2.0410824e-01	9.2425913e-02	2.2516717e-01	-1.1520556e-01	1.3779348e-01	4.3714899e-03	8.1181049e-02	-2.6106840e-01	2.9322487e-01	3.6389938e-01	-1.9938082e-01	-1.5102552e-01	-1.4485446e-01	4.1543064e-01	-1.6810145e-03	-1.3984188e-01	-3.6248931e-01	-2.7324077e-01	-3.4389004e-02	1.6783009e-01	-3.3002031e-01	1.6017313e-01	-5.5546355e-02	6.9613993e-02	-3.4269220e-01	-7.1334034e-02	1.0975575e-01	1.6342963e-01	4.9003521e-03	-2.8009319e-01	-4.3448795e-02	2.3863763e-01	7.3206529e-02	2.1297713e-01	-1.7572157e-01	4.3834603e-01	-4.4161075e-01	1.3265459e-01	-1.8225966e-01	-7.8283495e-01	1.8481925e-01	-8.2515128e-02	-3.1400505e-01	-4.3156239e-01	3.0921060e-01	-4.7925922e-01	-6.4029920e-01	-2.0241860e-01	1.5881345e-01	-2.2676940e-01	2.0331351e-01	3.7554473e-02	-1.7109120e-01	9.5365025e-02	1.3317890e-01	2.0058158e-01	-1.8359546e-01	1.0039556e-01	-9.2055939e-02	-2.7073199e-01	3.0818718e-02	-2.1190503e-01	4.5905069e-01	-2.8673235e-01	1.5721199e-01	2.3067926e-01	-1.3892113e-01	1.6672608e-02	3.8240281e-01	2.1389420e-01	-3.9419088e-01	-1.4314216e-01	2.7720125e-02	-3.1108968e-02	-1.1966621e-01	-2.3779811e-01	1.0269958e-01	4.3868256e-01	-5.4726914e-02	-4.4884941e-01	-4.8192516e-01	-2.7399039e-02	-5.2604449e-01	-3.1541240e-01	-2.8514531e-01	5.5070050e-02	-1.1857610e-01	-1.0251755e-01	-3.9952573e-01	1.4281633e-01	-2.8779859e-02	-1.4959994e-01	1.6528929e-02	2.5183120e-01	9.6663281e-02	2.6398277e-01	1.9185698e-01	-8.5055739e-02	4.5248721e-02	1.7240487e-01	-4.9863777e-01	-1.7351286e-01	-4.4961190e-01	1.2005125e-01	-2.5429964e-01	-1.4397167e-01	1.3742535e-01	-1.4445109e-02	-7.0932806e-02	4.4146016e-01	3.9043513e-01	-1.3126674e-01	3.1327825e-02	2.6028576e-01	1.9931777e-01	4.3622069e-02	7.6522380e-02	3.4419578e-02	-1.4429151e-01	1.9025593e-01	-2.7588117e-01	1.5786092e-01	-2.5438038e-01	1.0598878e-02	1.7850203e-02	-1.5415320e-01	-2.2871192e-01	1.2729529e-02	-2.5314751e-01	-2.5042254e-01	-1.3258114e-02	-7.4246250e-02	-1.1240694e-01	4.4643849e-02	1.8202987e-01	2.9276380e-01	-2.5473801e-02	-2.3526087e-01	1.9169408e-01	6.1981946e-02	5.3192664e-02	2.0208222e-01	-2.9405802e-01	3.1879342e-01	2.4453975e-01	3.3964604e-01	2.1025515e-01	-1.0981505e-01	2.0117794e-01	2.3391712e-01	-9.0262219e-02	-3.3093750e-02	3.9402455e-01	1.9157799e-01	-1.6859260e-01	-3.2023010e-01	2.0203824e-01	1.6987294e-01	1.5184346e-01	3.2901548e-02	2.4438156e-01	-6.6427290e-02	6.1338242e-02	-3.9141260e-02	-6.2468078e-02	2.4663407e-02	2.0000710e-01	-2.8223780e-01	2.8359330e-01	3.6263427e-01	-3.2702813e-01	1.3554069e-01	-1.0214669e-01	4.7076741e-01	-1.2894310e-01	-2.8572273e-02	-1.5676258e-02	1.9500402e-01	-2.1104819e-01	-8.5027374e-02	1.4773411e-03	-3.0277207e-01	-1.9257227e-01	2.8328183e-01	-3.3053285e-01	5.1060122e-01	-7.4599199e-02	-4.9402587e-02	-7.6109648e-02	3.0902961e-01	-2.4168321e-01	3.2835650e-01	-2.7209723e-01	-1.6807374e-01	-1.9205801e-01	2.5204226e-01	1.4038249e-02	-1.2998930e-01	-2.3060745e-02	2.9448271e-01	1.3762821e-01	-2.1967481e-01	2.7411339e-01	1.8569106e-01	3.3125982e-01	-1.3317801e-01	-3.7118949e-02	3.3290720e-01	4.3101132e-01	3.8551944e-01	4.6478170e-01	-6.3870877e-02	-4.2602092e-01	3.9475489e-01	-1.1532427e-02	-1.8395051e-01	2.4922387e-01	-1.2113046e-01	2.5453401e-01	1.8230899e-01	-2.0667176e-01	-8.3879456e-03	2.3488984e-01	-1.4410368e-01	3.5823730e-01	1.4951747e-04	-1.4224562e-01	1.8433063e-01	-1.5158452e-01	-2.0801853e-01	-4.0439591e-01	-1.9396487e-01	5.3649547e-04	3.4262159e-01	3.5064077e-01	-3.8658378e-01	-3.7383464e-01	-1.7727439e-03	-5.2650070e-01	-6.2449206e-02	1.2946014e-01	1.4858037e-01	-2.7112409e-01	-1.6017272e-01	-2.5001109e-01	-1.3448891e-02	-3.0088264e-01	6.7287706e-02	-2.1677504e-01	6.9701177e-01	1.2703928e-01	5.9642387e-04	1.3322869e-01	-2.9568961e-01	9.3673319e-02	-4.7309317e-02	3.4004983e-01	2.5222006e-01	3.6262449e-02	-5.3261545e-02	-9.0536587e-02	-1.8854567e-01	-4.1339856e-01	-3.4226400e-01	-1.6738749e-01	-1.0505133e-01	1.7207560e-01	-2.4293789e-01	-1.8135929e-01	2.4629866e-01	-3.3982348e-01	-1.2545285e-01	-6.2177848e-02	2.9214412e-01	-1.9331788e-01	-2.1960267e-01	6.9877751e-02	-2.8838614e-01	8.7945528e-02	1.1117641e-01	-5.7436407e-01	2.6702887e-01	1.6157778e-01	5.1711522e-02	2.3571292e-01	1.9816324e-02	4.1583039e-02	-4.3990657e-02	-1.8524437e-01	-2.8779840e-01	-1.5682563e-01	2.1430075e-01	1.2750517e-01	3.2529011e-01	-1.4692557e-01	-5.1018544e-02	-3.3218011e-01	-1.3454535e-02	4.3950155e-02	1.8404754e-01	3.4691727e-01	-3.3818696e-02	-5.3712516e-03	1.3296281e-01	-6.4682490e-01	1.2039236e-01	-2.5653359e-01	-5.2983966e-02	-6.8558818e-01	3.3566076e-01	-2.4513373e-01	-6.2382761e-03	-1.3927826e-01	-3.9555722e-01	-2.9744178e-02	-2.9957581e-01	1.7443177e-01	3.8075608e-01	-8.4482893e-02	2.5666067e-01	2.0591512e-02	-2.5118425e-01	-3.1967944e-01	2.5857205e-02	-3.1477803e-01	-1.9062032e-01	3.2439005e-01	1.2936154e-01	2.0702159e-01	-3.4855413e-01	-2.4020427e-01	1.3938077e-01	-1.8334496e-01	3.1698566e-02	1.8542901e-01	3.9400870e-01	-2.7327663e-01	-1.4757019e-02	4.4860393e-02	2.9156482e-01	1.7411949e-01	2.9082111e-01	2.2074115e-01	-1.8331128e-01	-8.3003059e-02	-2.9189983e-01	2.6682457e-01	-2.7967229e-02	-2.0871735e-01	-2.4373572e-01	2.4541226e-01	8.7469004e-02	3.7891862e-01	-1.0747283e-01	-2.1701989e-01	-2.9997557e-01	3.6046484e-01	-1.0792579e-01	-6.5556616e-02	-2.7912536e-01	2.0137076e-01	6.4928601e-03	1.7592633e-02	-1.9227253e-01	-1.8728485e-02	1.1486743e-01	-2.9534563e-01	-3.8582781e-01	-4.2188865e-01	-1.9610651e-01	-1.9008252e-01	2.6995498e-01	-2.2322007e-01	1.8062295e-02	-1.2868401e-02	9.6400015e-02	7.1780235e-02	-3.9884858e-02	1.9679905e-01	-1.9047189e-01	2.7228981e-01	-2.8839597e-01	3.8317233e-01	2.1824859e-01	-7.0998237e-02	1.2714699e-01	-9.6292928e-02	-3.0680664e-02	-9.0205774e-02	1.6398713e-01	-3.9350510e-01	-1.8036641e-01	-1.5074171e-01	-7.0811465e-02	-1.9418947e-01	8.1022205e-03	-4.3446720e-01	-2.1542160e-02	1.4524956e-01	-3.5222101e-01	-6.1902296e-02	2.9604676e-01	-3.5652107e-01	1.9128537e-01	-1.0472232e-02	-2.7887687e-01	1.4541131e-01	2.3190413e-01	-7.3574752e-02	-3.8603616e-01	-1.9161043e-01	1.3260771e-01	2.0066771e-01	1.6511650e-01	2.2565085e-01	-2.8582521e-02	2.7603906e-01	9.9539235e-02	-4.0641966e-01	-3.0429584e-01	3.5513172e-01	-6.7097239e-02	-2.5984738e-02	-1.6056360e-01	2.0229985e-01	1.2569515e-01	2.1649553e-01	-6.3108608e-02	1.6101621e-01	-6.8872496e-02	-2.2773756e-01	-1.5660043e-01	1.4126129e-02	-2.5205454e-01	-2.0568103e-01	-2.0315538e-01	-4.0804311e-03	-1.0111038e-01	-1.7865507e-01	1.3335940e-01	2.2563532e-02	2.7023345e-01	1.6631274e-01	-4.5481075e-02	-1.8947287e-01	4.0590294e-02	1.0452916e-01	5.6659758e-02	3.1018475e-01	1.9635776e-01	1.4769450e-01	-8.4272981e-02	-2.6656783e-01	1.2114578e-01	-3.9117884e-02	-1.7124330e-01	2.0706721e-01	2.6431811e-01	-1.3810968e-01	-2.3960266e-01	9.0326309e-02	2.8192852e-02	1.7505865e-01	-3.7102145e-01	-5.2422416e-01	8.7157980e-02	-7.2304145e-02	-5.3924161e-01	4.2900842e-02	-4.0457506e-02	1.1742109e-01	3.2176152e-01	-2.0618068e-01	2.0974575e-01	3.1701609e-01	-2.4340168e-02	-2.3097956e-01	-7.3699959e-02	3.0659318e-02	-4.5773387e-02	2.3438607e-01	-3.7120333e-01	-1.3269095e-01	1.1233907e-01	2.3635757e-01	-3.2862476e-01	1.9884141e-01	-1.7749131e-01	8.5221440e-02	-4.1755766e-01	1.6032426e-01	3.4240890e-01	3.1260520e-01	-2.4605384e-01	2.8018670e-02	-5.5386554e-02	5.1538341e-02	-6.6346377e-02	2.6329589e-01	-5.3098065e-01	2.5425220e-01	-2.9944944e-01	2.6890203e-01	-1.4907487e-01	1.3458408e-02	-2.2896875e-01	-5.8415402e-02	8.0412515e-02	2.1843192e-01	-3.5476449e-01	5.3685192e-02	1.1711673e-01	3.5711315e-01	-7.0373849e-03	-1.8228268e-02	-1.8218160e-01	3.8430879e-01	8.2989670e-02	-2.7038267e-02	1.0448718e-01	-1.8696617e-01	-1.2848817e-01	-1.5368009e-01	-2.6287192e-01	-1.7050035e-01	2.3105024e-01	-3.9511970e-01	-9.5594607e-02	-1.4643520e-01	1.7722146e-01	-2.2699156e-01	2.9232044e-02	8.5323215e-02	2.7705693e-01	-9.6667670e-02	-3.4344863e-02	8.0636419e-02	3.7691313e-01	5.0904471e-01	7.2633110e-02	8.6923189e-02	4.4690426e-02	-2.6910374e-01	3.2988051e-01	1.9187519e-02	2.8840564e-02	1.4806472e-01	-4.1235507e-02	-2.0685585e-01	2.6337829e-01	1.8673140e-01	1.5508288e-01	7.8642629e-02	-1.2578525e-01	1.0845269e-01	2.7713594e-01	-8.5409665e-03	-1.6660386e-01	8.6123414e-02	-4.3471178e-01	2.3082830e-02	1.3399787e-01	-8.9630432e-02	1.3734113e-01	-9.8802842e-02	-2.5829935e-01	2.1522838e-01	-1.2737311e-01	1.6211557e-01	5.1099753e-01	3.0023625e-02	2.8379571e-01	-2.6160741e-01	2.2150733e-01	2.4694866e-01	-1.6370058e-01	-2.3316583e-01	-1.6038916e-01	-1.1218335e-01	-2.2793634e-01	9.2055649e-02	-2.5153995e-01	-2.7523062e-01	-1.7975877e-01	-6.9256172e-02	1.5796821e-01	1.9183871e-01	-2.2565076e-01	-4.5433891e-01	3.6744863e-01	4.7140662e-02	-3.2641393e-01	-1.2677644e-01	-2.5703263e-02	-3.4582531e-01	4.6319000e-02	-2.2255016e-02	-3.5936158e-02	-7.9677038e-02	2.2616047e-01	-1.8314475e-01	-8.9005724e-02	2.4657288e-01	2.4279110e-01	1.4943014e-02	-3.1035435e-01	7.8646012e-02	8.3485872e-02	7.1776574e-03	2.8107349e-02	4.7442738e-02	-5.7164226e-02	4.6633497e-02	2.4848311e-01	-4.0925869e-01	6.6147232e-03	-2.0718269e-01	-2.9539806e-01	-1.3671485e-01	-2.0564961e-01	6.1534330e-02	-2.3292868e-01	-3.8945505e-01	-2.2971426e-01	5.4108042e-01	-9.3661919e-02	-1.5055746e-01	-8.9502916e-02	-5.5080254e-02	2.1173324e-01	-2.1322302e-03	1.8463399e-01	-3.6855119e-01	-5.6284744e-02	-3.0773297e-01	-3.4488104e-03	-2.3404228e-02	-5.1263846e-02	1.5830994e-01	2.4755698e-02	2.2655649e-01	-2.7817369e-01	2.5462198e-01	1.5096067e-01	9.5502757e-02	-9.1005474e-02	-2.0873317e-01	-2.2705123e-01	-1.8478302e-02	-7.5296015e-02	-9.2092052e-02	2.2580917e-01	-1.5397164e-01	8.0002964e-02	5.1727559e-02	1.7265968e-01	2.6342517e-01	7.2386367e-03	2.1610990e-01	1.0247023e-01	3.0078036e-01	-4.0553358e-01	-3.9000446e-01	1.9209169e-01	1.8800616e-01	6.5879091e-03	-4.6968067e-01	-5.5400431e-02	-3.1806037e-01	-1.9957384e-01	2.8830898e-01	7.5806309e-03	-8.2251832e-02	5.0519247e-02	-1.6427003e-01	-1.9950801e-01	2.4491930e-01	8.8349380e-02	1.7759320e-01	-2.1528985e-01	2.5841209e-01	-3.1141487e-03	4.6847332e-02	-4.0684521e-02	3.8837844e-01	1.9961527e-01	3.7651139e-01	-3.4410584e-01	-1.4526996e-01	-4.3069211e-01	-2.5493184e-01	-4.4329986e-02	-5.3714126e-01	1.1597930e-01	-4.8556585e-02	-3.4421026e-03	-2.2842838e-01	-7.5876474e-02	2.5044503e-02	-3.8775691e-01	2.4871136e-01	1.9351232e-01	-5.8719259e-02	1.6051663e-01	-2.4102862e-01	6.3927315e-02	-3.1219476e-01	-1.0682826e-01	8.8157682e-03	3.7400943e-01	-2.5035414e-01	-3.9183013e-02	-4.3593053e-02	-2.7842474e-01	1.6175915e-01	-1.3560475e-01	2.7167973e-01	-1.1530526e-01	5.3693235e-01	1.1519041e-01	-8.2290959e-01	1.5899107e-01	-3.4673173e-02	1.7664789e-01	-2.8550720e-01	1.5510830e-01	2.6074678e-03	1.3981742e-01	-1.9134445e-01	-1.5863745e-01	-1.6761810e-02	-3.6482421e-01	3.7272462e-01	-1.6894439e-01	-7.5597167e-02	2.1476546e-01	2.2934940e-01	1.5396196e-01	2.5985219e-02	-1.1814358e-01	-3.5126251e-01	2.6653039e-01	-3.8486132e-01	-6.2061623e-03	1.1156275e-02	4.2136362e-01	2.7254257e-01	-4.1860166e-01	-4.1500351e-01	3.0157989e-01	-2.2556244e-01	-2.5311410e-01	4.3782305e-02	-1.2912069e-01	-4.2835000e-01	2.1605830e-01	-3.0760321e-01	-9.6171424e-02	3.2866389e-01	-1.8319247e-02	-2.3415357e-01	1.8986008e-01	2.8699325e-02	-7.3955029e-02	2.8530502e-01	1.5590128e-01	-3.1218252e-01	-1.4926930e-02	-1.7385313e-02	2.5607207e-01	-2.9004630e-01	-2.3612629e-01	7.9862826e-02	-4.9888764e-02	7.8372791e-02	-3.8969044e-02	-3.7068653e-01	-2.8330725e-02	1.3816041e-01	1.0560042e-01	-3.7712327e-01	-2.5165349e-02	1.0814421e-01	-2.2657780e-01	-1.4232625e-02	-1.2765677e-01	-1.4589369e-01	-6.4702421e-01	2.2467526e-02	-4.4428082e-03	1.2918048e-01	1.9709367e-01	2.5045556e-01	-2.9390168e-01	-2.6145780e-01	2.2477121e-03	1.0345148e-01	-1.6399497e-01	2.3971042e-01	-1.4154172e-01	-6.4872190e-02	-3.2683203e-01	2.2457944e-01	1.1031199e-01	1.6509655e-01	1.1484853e-01	-6.4963728e-02	1.6509554e-01	-3.6113601e-02	-1.5099812e-01	4.8326910e-02	-1.0530064e-02	-2.3178741e-01	-1.9112807e-02	-1.0337160e-01	-2.6786569e-01	-3.7894037e-01	5.0632704e-02	1.5384302e-02	-3.2174356e-02	7.2171934e-02	-2.6575273e-01	-2.9003784e-01	1.1364078e-01	-2.0275401e-01	-8.7855153e-02	-2.2773433e-01	-4.1732404e-02	-2.5779077e-01
-3.6042476e-01	-2.7747667e-01	-1.8758534e-01	3.8244266e-02	-2.6889575e-01	-1.9435732e-01	-3.5078946e-01	1.0193182e-01	2.4181305e-01	-2.9308555e-01	-5.0451577e-02	6.4688693e-03	-7.4023850e-02	1.4749986e-01	1.5815033e-02	-2.7218622e-01	-2.6284719e-01	6.3192651e-02	9.9384852e-02	-1.7836995e-01	-1.7142133e-01	1.6110054e-01	7.8379415e-02	-7.6916371e-04	-2.7057460e-01	1.7517933e-01	-1.6448227e-01	-2.5080049e-01	2.1616361e-01	-6.3641053e-03	1.2340065e-01	-1.2313918e-03	-1.5134013e-01	-6.1115600e-02	1.8383320e-02	2.8478098e-01	-2.4957159e-03	1.4756474e-01	-3.5118312e-02	-1.5948534e-01	1.1285918e-01	8.4062889e-02	-4.0706143e-01	1.1201946e-01	-5.1771450e-01	1.4845641e-01	2.7624035e-01	-2.2690149e-01	1.2805164e-01	3.2182944e-01	3.2242373e-01	-3.8442995e-02	2.3067479e-01	-1.0540630e-01	-2.2308846e-01	-3.7292728e-01	4.3608543e-01	2.2621165e-01	2.4060154e-01	5.0466370e-02	3.6279310e-02	4.0826818e-01	-7.4388586e-02	-1.0427906e-01	-3.0906233e-01	-4.6469480e-02	-1.8301116e-01	8.8684447e-02	-2.1135676e-01	6.5316167e-03	-2.0510432e-01	2.4769086e-01	2.5331172e-01	2.2223955e-01	1.7686641e-01	-2.8540564e-01	-3.0002002e-02	-2.1989752e-01	-3.1169793e-01	-1.9765298e-01	-2.7850044e-01	1.4497650e-01	2.5132874e-01	-1.0725345e-02	2.5246692e-01	-1.9727446e-01	-1.4165692e-01	-5.3496819e-02	1.8957885e-01	-2.7656373e-01	-1.4731021e-01	-2.4221638e-01	-1.0631631e-01	-1.2714760e-01	-2.2057885e-02	-1.4964713e-01	-3.1453747e-02	-4.2631379e-01	2.3678187e-01	-2.9630300e-01	3.1073165e-01	8.5379571e-02	7.7558666e-02	-4.2557567e-01	5.1773161e-01	-9.6084021e-02	-2.0013092e-01	3.0551645e-01	-1.8036398e-01	2.5486225e-02	1.9671486e-01	-2.6977178e-01	1.2718044e-01	4.3924043e-01	2.2730018e-01	1.1797670e-03	1.0885969e-01	5.4541659e-02	2.8824875e-01	-1.4615716e-01	1.0277846e-01	6.5058470e-02	-1.7405444e-01	2.9799920e-01	-5.5526599e-02	-5.5493128e-02	2.1801297e-01	2.8476521e-01	-2.3606652e-01	9.1394290e-02	2.3275763e-02	-3.4977666e-01	1.1908010e-01	1.5995339e-01	-2.6849821e-01	2.2249117e-01	1.2581211e-01	-2.1983923e-01	2.7971530e-01	7.5972490e-02	-1.1716175e-01	-1.7763196e-01	-1.0227520e-01	-2.4180828e-01	-1.8185067e-01	1.7703860e-01	1.7268646e-01	-3.3473259e-01	-2.9829663e-01	-1.2753886e-01	1.0881332e-01	1.9357805e-01	3.8447261e-02	-7.4219875e-02	-1.9183967e-01	-2.8080109e-01	2.0021842e-01	-1.6101547e-01	3.3235636e-01	-2.7379543e-01	6.7036487e-02	5.1213574e-02	7.0676126e-02	6.6706769e-02	-2.3002042e-01	-1.1638580e-01	1.1914846e-01	-1.6111691e-01	3.7208930e-01	-1.4944609e-01	2.7485821e-01	-5.4282755e-02	1.1240041e-01	9.9907242e-02	-1.7697836e-01	-4.9924511e-02	8.1428267e-02	1.1953573e-01	-6.1968100e-01	1.5555331e-01	-1.4202198e-01	2.5520587e-01	-1.1569750e-01	-5.0139252e-02	-1.2751664e-01	-1.4169671e-02	6.3207939e-02	-1.2177525e-01	-3.7309918e-01	-2.2986112e-02	-2.4185264e-02	-1.7730178e-02	9.9590577e-02	-5.3680670e-03	-1.1062694e-02	-1.5795220e-01	6.4537063e-02	8.7465771e-02	-1.3531746e-01	2.0663062e-01	3.5627002e-01	1.6439086e-02	4.5905955e-02	2.4524109e-01	1.0062462e-01	6.0108751e-02	-2.5218746e-02	2.2196870e-01	-1.3018663e-01	2.2155899e-01	1.6836153e-01	2.2200625e-01	3.1629559e-01	1.0525005e-01	2.8493309e-02	2.2932846e-02	3.1839752e-01	-3.0773172e-01	-1.5705633e-01	-1.4504248e-01	-1.4728449e-01	2.9953632e-01	1.5548429e-01	-1.4458920e-01	-2.4384110e-01	-3.8087279e-02	1.1351887e-01	1.9835708e-01	-2.5304639e-01	1.1715145e-01	-2.0455818e-01	3.1114864e-01	1.0369178e-01	2.4713586e-01	1.8782709e-02	-2.6708946e-01	-1.0933328e-01	-1.9502686e-01	-6.4613864e-02	-1.3896076e-01	1.7431904e-01	-1.9679867e-01	1.0743545e-01	1.2614912e-01	1.7025171e-01	-1.2182407e-01	-1.6472398e-01	-3.9112400e-02	-2.2807704e-01	-2.2840691e-01	1.2329100e-01	-1.9015074e-01	-5.8390066e-02	-3.0150259e-01	-3.1012842e-01	1.4072977e-01	2.1215235e-03	-2.3522566e-01	2.7045968e-03	-3.9592087e-02	1.7294550e-01	-1.2613896e-01	-1.1686036e-01	-6.2904608e-01	-3.1810743e-01	-2.5643906e-01	2.3236816e-01	1.4223385e-01	-3.0157480e-01	6.0255909e-01	2.0676817e-01	-1.4008598e-02	1.9614732e-01	-2.1487235e-01	1.9515249e-01	-1.6156498e-01	2.9363731e-01	-1.5794311e-01	3.5294333e-01	-2.6287523e-01	2.0632412e-02	1.1945627e-01	3.1477487e-01	-2.2270957e-01	-2.9162481e-01	-2.3997808e-01	2.9663277e-01	-1.0129029e-01	-2.2534782e-01	-3.0060029e-01	8.6458623e-02	-2.4810959e-01	-9.3276184e-03	3.8850777e-02	5.3870515e-03	-2.7579284e-01	2.9159367e-01	-9.2784297e-03	-3.3410367e-02	-3.3198190e-01	5.9567555e-03	-1.8992838e-01	8.1318229e-02	4.7748804e-02	9.8856039e-02	4.8792355e-02	-7.8928523e-02	1.0509229e-01	9.6228205e-02	1.1204162e-01	-2.5386605e-01	-7.0611741e-03	-2.5095382e-01	-8.7275486e-03	-5.6697384e-02	-2.1704267e-01	1.7283118e-01	-1.1596645e-01	1.9032857e-01	7.3343776e-02	-2.0845433e-01	2.6469752e-02	4.7756393e-02	1.7449164e-01	3.1616863e-02	-2.2948629e-01	-2.2462325e-02	2.2651939e-01	-4.8418123e-02	-1.1728207e-01	-3.1029025e-01	-1.1213446e-01	-1.1040029e-01	1.9415663e-01	-4.5976755e-03	-2.5255120e-01	-7.6715641e-02	6.8590611e-02	-2.6672509e-02	-2.3693731e-01	7.2317667e-02	-3.2277238e-02	-2.5160501e-02	5.2131629e-03	5.1379129e-02	2.5050351e-01	2.9471624e-01	-2.6496616e-01	3.7465498e-02	-3.0468348e-01	2.3761880e-01	-2.6734418e-01	-9.5469162e-02	-4.0425965e-01	-2.4813241e-01	2.0603098e-01	1.0616109e-01	4.6957284e-02	3.2397088e-02	7.7141121e-02	6.1880406e-02	1.0987826e-01	-9.4673917e-02	-2.6628858e-01	2.5712833e-01	1.2962425e-01	1.3541689e-02	4.4765305e-02	-1.7356563e-02	-5.4014258e-02	8.8918000e-02	-2.4986830e-01	1.9230921e-02	-4.7020274e-01	-1.3763537e-01	3.0078698e-02	-1.0471414e-01	2.2520836e-01	-4.9188510e-02	3.0869293e-01	2.5431716e-01	-1.4473205e-02	-5.9946112e-02	-3.1887239e-01	-5.6490469e-01	-5.4204464e-02	2.3462944e-01	3.7380427e-01	-6.3660361e-02	2.0223442e-01	2.8535241e-01	-3.1650701e-01	4.6631581e-01	-2.4875796e-01	-3.0456221e-01	-1.8306670e-01	-3.5248816e-01	-7.4848435e-03	4.1180331e-01	-4.7669277e-02	-1.5139930e-01	4.2912686e-01	2.8363082e-01	2.5270870e-01	2.3023322e-01	2.7815586e-01	-2.4777782e-04	-1.6437708e-01	1.2280387e-01	-2.4298197e-01	-1.6865203e-01	2.5452375e-01	-2.4717459e-02	2.6358503e-01	1.9871269e-01	-1.6406839e-01	1.5371245e-01	-1.3236924e-01	1.2238245e-01	-4.7339092e-04	-9.3720675e-02	2.4780384e-01	-4.8491494e-03	-4.9869645e-01	2.7839115e-01	-4.1503575e-01	2.2998894e-02	1.4514112e-01	2.0435651e-01	3.4530652e-01	-2.0866373e-01	1.3341012e-02	5.2243311e-02	4.9802784e-02	3.0145076e-01	8.1768453e-02	1.1406042e-01	-6.5731071e-02	2.7016035e-01	2.0759064e-01	2.9639596e-01	-1.2777480e-01	-2.7153397e-01	-2.0846745e-01	-4.5084772e-01	-1.2024090e-01	-2.1914478e-01	3.5784469e-04	1.4243458e-01	-1.6807529e-01	-2.1167226e-01	4.1230410e-01	-1.7934421e-01	1.8420404e-01	2.9035547e-01	-4.6064654e-01	-2.3200221e-02	5.4472771e-02	1.7786252e-01	5.6056947e-02	-1.9117904e-01	-5.0218982e-01	-3.7683475e-01	3.4478791e-02	1.8409038e-01	-3.5628656e-01	-1.1211396e-01	1.3214453e-01	3.7411492e-02	9.2587233e-02	8.9762539e-02	2.3344257e-01	-2.2570166e-01	-2.4926610e-01	-1.4280543e-01	1.7272027e-01	2.9418558e-01	-2.5906163e-01	-1.1431428e-01	1.1700652e-01	-2.1382394e-01	-2.1305289e-03	-1.8668863e-01	-2.7799222e-01	1.2400580e-01	2.3020469e-02	-1.7020488e-01	5.9921920e-02	8.8113576e-02	2.5163478e-01	-1.5402117e-02	-9.6297652e-02	-1.4411052e-01	-1.4723457e-01	-3.0491626e-01	1.0016209e-01	1.1423590e-01	1.8561095e-01	1.4326525e-01	-2.5473207e-01	-8.0096200e-02	-9.7252965e-02	7.2732560e-02	2.3590778e-01	2.1980993e-02	-2.9774836e-01	9.9991158e-02	-1.1066067e-01	-2.6212597e-01	1.8739951e-01	-1.8024737e-01	2.4047956e-02	-3.0300999e-01	1.3664830e-02	-2.4101175e-02	-2.5947270e-01	2.4119581e-01	-2.2109277e-03	-2.1407302e-01	2.3043174e-01	6.1523918e-02	1.0989467e-01	-2.4477158e-01	9.7930711e-03	-2.0799470e-01	1.4411005e-01	-3.1119236e-01	2.4212545e-01	5.4862153e-02	-1.2574580e-01	-3.9911587e-02	2.3245549e-02	-2.2998605e-02	1.6105239e-01	-1.5057419e-01	1.4383122e-01	9.6324973e-02	-2.9905143e-01	-1.7764440e-01	-1.1170996e-01	2.0571277e-01	6.6384830e-02	1.5300217e-01	9.8300986e-02	-1.3218150e-01	-2.1525171e-01	-1.0904905e-01	-1.4891377e-01	-3.2840556e-01	-5.3484745e-02	1.0613278e-01	-2.8016311e-01	2.2010913e-01	9.7604059e-02	-1.1856086e-01	-9.9735186e-02	-3.1021443e-01	-3.1181490e-02	1.5814236e-01	-2.8397271e-01	-1.9484137e-01	1.2700489e-01	1.2873304e-01	-3.2982448e-01	3.8116463e-02	-2.3261125e-01	-2.1451947e-01	1.7832178e-01	8.7450266e-02	1.0430943e-01	2.9400456e-01	9.5679402e-02	-1.0416008e-01	-2.4753959e-01	-2.7065197e-01	3.4865841e-02	-4.1352463e-01	-1.7090549e-01	-3.0501980e-01	1.7701751e-01	-2.8087935e-01	-4.2774203e-01	2.8350132e-02	9.3459137e-02	-1.0361224e-01	3.9454633e-01	8.4546655e-02	1.5640220e-02	-1.8270168e-01	3.1389406e-01	2.6603487e-01	1.0020536e-01	-1.7254102e-01	9.7850561e-02	2.4312347e-01	-2.7153173e-01	-1.6528681e-01	-2.2611780e-01	-8.2490094e-02	-2.6249135e-01	-1.8815069e-01	-1.3835627e-01	-2.2184913e-01	-2.4074944e-02	-1.1963902e-01	7.6183662e-02	1.5544535e-01	-2.7820495e-01	2.9818445e-02	3.6248934e-02	-1.4659445e-01	1.6298705e-01	-2.2878982e-01	2.2313903e-01	7.5244731e-03	-3.9194062e-02	3.2741927e-02	-1.6998491e-01	-7.9176888e-02	-2.1254358e-01	2.9855055e-01	-3.7435937e-01	-1.3380292e-01	3.1587392e-01	2.1725650e-01	9.4395220e-02	2.3805524e-01	-3.7641090e-01	-3.4673172e-01	-2.5113136e-01	1.9546902e-01	-1.2562270e-01	-1.3896568e-01	-3.2024020e-01	2.7063996e-01	2.7043220e-01	1.4112027e-01	-1.5737001e-02	3.7355278e-02	-9.2998885e-02	-5.0180984e-01	-2.6528245e-01	2.0752320e-02	6.5727063e-02	-3.2623138e-02	3.8925860e-02	3.0816471e-02	2.8955019e-01	1.0471359e-01	3.5855267e-02	-5.2472711e-01	1.9096005e-01	-2.4039549e-01	-2.1713407e-01	6.5398157e-02	-2.6330373e-01	-1.9193193e-01	2.2902490e-01	1.4682671e-01	-1.4490595e-01	-1.5896636e-01	1.4118704e-01	-3.1256220e-01	-2.7516416e-01	2.7147782e-01	1.3789189e-01	-2.9694736e-01	6.5128639e-02	4.8789322e-02	4.4773269e-01	-1.8620834e-01	-1.1966885e-01	-2.7143449e-01	-3.9590183e-01	1.5493019e-01	-6.6186920e-02	3.7857896e-01	2.2901246e-01	2.9784432e-01	8.6349830e-02	5.3282130e-01	-2.8980833e-01	1.1644521e-01	1.9914602e-01	-7.3057793e-02	4.6552455e-01	4.4076833e-01	8.5510738e-02	-2.2931375e-01	-3.5923813e-02	2.9883438e-01	1.2649111e-01	-3.1682357e-02	-1.4895642e-01	3.3702821e-01	-3.4351969e-01	1.3664743e-01	-1.9409950e-01	1.0306928e-01	2.2335760e-02	-2.4024287e-01	2.7739683e-01	9.0890922e-02	-1.9451462e-02	8.5513771e-02	-1.8113740e-01	-2.0033352e-01	4.2498555e-02	-4.1999225e-02	7.8489490e-02	1.9975761e-01	1.4770423e-01	-2.5593686e-01	-2.1525146e-01	7.2722249e-02	2.4211015e-01	-3.0524107e-02	1.8634447e-01	1.8585591e-01	-1.9469386e-01	-2.1659991e-01	-2.3027101e-01	9.2325926e-02	-1.8042050e-01	-4.8303172e-02	-2.1780676e-01	-3.4496754e-01	1.5860984e-01	-1.9778916e-01	-1.1610956e-01	-2.3446941e-01	-1.4937834e-01	6.3185632e-02	5.0541699e-02	-1.0323095e-01	2.3746315e-02	9.4626203e-02	-1.9094169e-01	3.0360556e-01	3.9685404e-01	2.2210820e-01	-3.2016459e-01	-5.8128870e-01	3.1763741e-01	-4.6978362e-02	4.4962388e-01	-3.0319434e-01	3.0603358e-01	-1.2802313e-01	-2.2129057e-02	1.1913473e-01	-6.2180389e-02	3.4074239e-02	-2.6806614e-01	2.0997660e-01	7.5331954e-03	-1.1226794e-01	-1.3989973e-01	2.3002435e-01	4.5184940e-01	3.5938075e-01	-8.9611977e-02	-4.4912446e-01	2.5719801e-01	-2.6755037e-02	3.2523769e-01	-1.2439088e-01	-9.7447231e-02	-4.2669535e-01	-2.1081559e-02	9.0069987e-02	7.8083359e-02	3.5468131e-01	-1.2784524e-01	2.8173500e-01	1.9384888e-01	3.2396361e-01	1.8982139e-01	-2.8396878e-01	1.2617354e-01	-4.9328411e-01	3.4248930e-01	1.8011512e-01	-1.8824087e-02	-3.6224148e-01	1.2075827e-02	2.8940347e-01	-1.6740999e-01	1.6592254e-01	1.6260086e-02	-5.3373937e-02	1.0009913e-01	2.8445670e-01	-3.6048082e-01	2.0756240e-01	1.7527218e-01	3.4234193e-01	-1.0753699e-01	-1.0942786e-01	-6.8046249e-02	1.8830007e-02	5.9092615e-02	-1.7663263e-01	-2.2795284e-01	4.2521756e-02	2.6210862e-01	-7.9968914e-02	8.5664086e-02	2.0488448e-01	2.1552714e-02	-2.3223683e-01	-2.3574698e-01	-9.5286183e-02	2.6273346e-01	-2.0732184e-01	-2.9297847e-01	-1.1783376e-01	-1.2653615e-01	-1.9148670e-02	-1.6565287e-01	8.2314678e-02	5.1489450e-02	-3.0306795e-01	-2.2867483e-01	1.1847494e-01	2.3938231e-01	-1.8260700e-01	-1.7176066e-02	1.7573568e-01	9.2675164e-02	9.1731669e-03	1.2946554e-02	-2.3174980e-01	-6.9756515e-02	-1.7883219e-01	-1.1714561e-01	-2.6563188e-02	-3.2516325e-01	1.7265661e-01	-3.1814638e-01	-3.3333004e-01	-2.5733379e-01	1.7975062e-01	1.3440113e-01	-1.4194443e-02	-2.3282607e-01	2.5397953e-01	-7.8145340e-02	-3.4145108e-01	2.1499220e-01	1.3005000e-01	-2.4746980e-01	-1.8658439e-02	-1.7285779e-01	-2.1867990e-02	-3.1716856e-01	-3.4285057e-01	8.5861318e-02	-3.5789827e-01	-1.3404893e-02	-7.4511655e-02	1.5122832e-01	-2.0079936e-01	4.4831629e-03	1.0070018e-01	1.7157859e-01	7.6586284e-02	-2.0513901e-02	1.4669458e-02	8.8067584e-02	3.0050606e-01	2.2003512e-01	-2.9883692e-01	-1.1760443e-01	-1.0178351e-01	-3.2238704e-01	2.2022822e-01	-7.8430384e-02	2.9386172e-01	2.6871607e-01	-7.6297618e-02	-3.1551692e-01	3.0895842e-02	9.9318288e-02	8.0533318e-02	8.5855916e-02	9.0517886e-02	-1.1257327e-01	-2.9517749e-01	1.3194224e-01	-2.0509666e-01	-5.7198435e-02	1.6810834e-01	-2.1488538e-01	6.8777367e-02	6.4522259e-02	-7.0110932e-02	5.6062218e-02	-8.3826490e-02	-2.3610289e-01	2.4541442e-01	1.3555249e-03	3.1080054e-02	-1.8186875e-01	1.1302855e-01	1.5440705e-01	6.2050447e-02	-3.2944748e-01	-6.5444134e-02	-1.9640705e-01	1.1790993e-01	-2.5710684e-01	-3.5366470e-01	2.0655374e-01	-2.9585248e-01	-8.8393405e-02	2.1739274e-01	-7.4516907e-02	1.3519618e-01	-7.0755124e-02	-1.0275606e-01	2.4665226e-01	-3.3375394e-02	1.9525018e-01	-2.4154662e-01	-2.8241578e-01	-2.5019175e-01	1.5850064e-01	1.7315397e-01	-6.9019181e-01	-2.0488991e-01	-2.8252757e-01	-1.6348404e-01	-2.5877708e-01	-1.3053994e-02	1.6141687e-01	2.8056106e-01	-5.1540029e-01	-2.5573522e-02	-4.9028072e-01	2.4883698e-01	-1.2299379e-01	1.4981498e-01	4.6913099e-01	-2.0532849e-01	-9.0385862e-02	1.9334745e-01	-2.5967139e-01	-1.6813014e-01	5.0753184e-02	1.8499109e-01	-2.9871936e-03	-2.1209726e-02	-7.8891888e-02	-3.2578662e-01	-3.0208191e-02	2.1708250e-01	-4.7650766e-02	-3.4697136e-01	-2.2224687e-01	-1.1540760e-01	-1.0804710e-01	4.4898100e-02	8.9308970e-02	2.7715206e-01	3.4259152e-01	-1.5411705e-01	-2.1984720e-01	2.2842778e-01	-2.3356470e-01	-1.7008188e-01	1.8080950e-01	-4.9298033e-01	-6.0846545e-02	-1.1952344e-01	-2.7018136e-01	-3.6963761e-01	-1.1633994e-01	-9.5792070e-02	-5.7319690e-02	-2.0269325e-01	-1.8162869e-01	4.3916333e-02	1.7233607e-01	2.2032693e-01	1.5113333e-01	-2.3361412e-01	6.3938774e-02	5.7493001e-02	-2.1972908e-02	-2.7034700e-01	-1.6522944e-01	1.9542207e-01	2.3350078e-01	2.4930242e-01	2.5183447e-02	9.7973131e-02	6.5559663e-02	-4.9699467e-02	3.6333520e-02	-3.7632486e-01	1.9668970e-01	-2.6101795e-01	-1.7349733e-01	-6.9912719e-03	-7.0523232e-02	-1.5820678e-01	-1.2266408e-01	2.6881933e-01	1.4169045e-01	1.9861931e-01	7.6447196e-02	2.5451756e-01	-3.4927449e-01	1.8627018e-02	-3.8011357e-01	2.5745228e-01	1.7244332e-01	-4.4919372e-01	-1.3211285e-02	-2.9546750e-01	-2.4692385e-01	1.0854086e-01	-3.2784272e-02
-2.9988709e-01	4.4924572e-01	1.9738077e-01	3.1181765e-01	-2.9481040e-02	2.0097768e-01	6.2504068e-02	2.2827026e-01	2.2597250e-01	-8.9506179e-02	-9.6748479e-02	-1.9133787e-01	4.3418697e-01	1.2274347e-01	-1.3718507e-01	-2.0568144e-02	-4.9966160e-02	-1.5518312e-02	-1.3114902e-01	-2.1263976e-01	5.0758410e-01	4.2792088e-01	-9.1340646e-02	-1.7394964e-01	4.5900878e-01	-3.0019554e-01	-1.6712472e-01	-8.5523032e-02	-1.0977814e-01	-2.9388180e-01	9.9052593e-02	-7.5511135e-02
