9
input	22
dense	32
relu	0
dense	32
relu	0
dense	32
relu	0
dense	1
linear	0
7.999999979801942e-06
-1.3024577e-02	-8.5585132e-02	2.0563819e-03	1.5793103e-01	1.1178063e-01	-6.7799978e-02	-5.2132662e-02	2.9307580e-02	2.7283696e-02	-7.5186364e-02	-4.7970474e-02	-9.5556110e-02	-2.3343241e-02	-8.7275598e-03	-1.3873453e-01	3.6915459e-02	-1.5620386e-02	-1.5386146e-01	-5.8916263e-02	8.0960505e-02	9.9396884e-02	-5.9594452e-02	1.6737953e-02	-2.0666094e-02	-2.7379429e-02	-2.9136883e-02	-5.7534641e-03	1.8836993e-01	-1.9039359e-02	-6.0674947e-02	5.0857081e-04	-4.3915298e-02
-4.0485784e-03	8.2418859e-02	2.0985490e-02	1.2927211e-02	2.1270795e-02	-8.6377650e-02	-1.0585734e-01	-5.0871912e-02	6.8907887e-02	2.9155908e-02	-4.7021482e-02	4.3011088e-02	-3.3955634e-02	-5.4023337e-02	7.7464841e-03	-7.2722808e-02	-1.9894866e-02	-2.0216987e-02	4.5261241e-02	-9.2267692e-02	-6.6030942e-02	4.3712970e-02	-1.1682227e-01	-4.9867377e-02	8.7437062e-03	5.5178143e-02	1.3046272e-02	-1.9358013e-02	-1.1458400e-02	1.8920550e-02	-1.6005749e-02	1.1496489e-02
-1.8906517e-02	2.0719906e-02	7.0861196e-03	-7.1530446e-02	8.2591129e-03	-3.1069346e-02	-3.9857581e-02	-4.9620666e-02	-5.6309581e-02	-7.4781798e-02	-5.0238285e-02	3.2396216e-02	1.7213579e-02	-7.1387388e-02	2.4824355e-02	2.4227206e-02	-6.1272610e-02	-8.8003449e-02	-8.3040066e-02	-7.2471327e-03	-8.9899346e-02	1.9028841e-02	4.3287524e-05	-9.5582671e-02	2.1443376e-02	5.5302922e-02	-2.1938113e-03	2.0839224e-02	3.7725776e-02	-6.1324347e-02	2.2591434e-02	-4.1274317e-02
3.0953686e-03
2.1542202e-01	-9.9867940e-02	-2.6065144e-01	6.0566269e-02	9.3512021e-02	2.0064996e-01	-2.7799609e-01	-1.5981792e-01	1.5006487e-01	4.5485124e-03	5.0839669e-01	2.3819906e-01	-2.7164611e-01	3.0330774e-01	1.7057604e-01	-5.7246570e-02	2.1041751e-01	-3.1248373e-01	-1.5758705e-01	-1.9394816e-01	-6.0108668e-01	9.1527775e-02	6.7490414e-02	-1.4243972e-02	-2.3826492e-01	1.8551819e-01	1.1661313e-01	-5.8660109e-04	3.4778851e-01	4.2752914e-02	-3.7614715e-01	-1.3537133e-02	-6.3788795e-01	-2.2233550e-01	6.3924678e-02	1.5316506e-01	-3.7042655e-02	-1.9971617e-02	1.9774823e-01	-2.7968091e-01	-1.5618810e-01	-4.6132598e-02	-1.7545320e-01	1.7467271e-01	4.6229627e-02	2.1925136e-01	-4.1684676e-03	3.3617613e-01	-1.7101400e-01	6.9269069e-02	-3.4651276e-01	-2.4486306e-01	4.2010477e-01	3.3587077e-01	2.5067258e-01	4.7511709e-01	5.8408003e-02	-1.3560744e-01	2.7822316e-01	-2.0908307e-01	-2.4949232e-02	8.5652411e-02	-1.6041467e-01	-7.1133934e-03	-2.9107279e-01	3.8798758e-01	-3.2059574e-01	1.3988104e-01	1.7322271e-01	-6.8419091e-02	-2.6886103e-01	-5.2848703e-01	-3.0501646e-01	-3.0931675e-01	-3.5430439e-02	2.4793275e-01	5.3996801e-01	2.8690135e-01	9.2451528e-02	-1.4458270e-01	1.7653945e-01	-7.9825006e-02	-1.4570141e-01	2.3291491e-01	-1.1583465e-01	-3.1222211e-02	2.9727626e-01	-4.0158373e-01	1.3725458e-01	2.3273551e-01	-1.4877750e-01	6.4148493e-02	-1.2026041e-01	1.1093114e-01	-3.0637074e-01	-6.4626029e-03	1.0690632e-01	3.7286095e-02	5.3916591e-01	1.6036709e-01	3.7594336e-01	1.4390747e-01	-2.4333401e-01	-7.3911160e-02	-5.0842005e-01	-1.5738165e-01	1.6660953e-01	1.8098909e-02	1.7170700e-01	-2.3229903e-01	-3.2360289e-02	-2.0671462e-01	2.3574108e-01	-1.0746562e-01	3.0117548e-01	-2.8306720e-01	1.6393291e-02	9.2059104e-03	-2.0641758e-01	1.6062039e-01	1.2672040e-01	-1.6479613e-01	1.8944485e-02	1.3232121e-01	3.0163133e-01	2.5033960e-01	-3.2686915e-02	-5.9275169e-02	2.0157920e-01	1.7507504e-01	-5.8513429e-02	-1.0080694e-01	7.0365794e-02	2.9950884e-01	-3.2053000e-01	-2.4696985e-01	1.1239062e-01	-3.1352438e-02	4.4532487e-01	1.6911489e-01	-1.4757086e-01	-4.2733899e-01	-2.7574608e-01	-9.0173922e-02	-5.7933368e-02	-2.9481429e-01	2.1938647e-01	2.4602205e-02	1.4471631e-01	-1.0780437e-01	-2.1662045e-02	-1.1769303e-01	4.2952797e-01	-4.4163063e-01	-1.8231116e-02	-1.0387059e-01	-1.7623244e-02	3.0237576e-01	3.0882381e-02	1.8413974e-01	-1.3842080e-02	-1.2035782e-01	4.8379034e-01	4.1845754e-01	5.3736788e-01	4.3953696e-01	-9.8231919e-02	-1.2342698e-01	-4.4267554e-02	1.2612540e-01	2.2875308e-01	-1.3156460e-01	2.2141801e-01	-1.5474951e-01	-6.4109093e-01	7.0953265e-02	-9.7215269e-03	-2.5958866e-01	9.9617653e-02	-3.8226050e-01	-4.1506875e-01	-9.7062677e-01	-6.7953062e-01	-2.2843941e-01	-3.5769516e-01	-1.1815571e-01	-2.5851578e-01	-1.0209668e-01	6.5217644e-04	2.4547450e-01	2.3385396e-02	-1.9035180e-01	2.7034783e-01	-8.2619414e-02	5.2477490e-02	-8.5226186e-03	-1.4751196e-01	-6.9239348e-02	2.2101288e-01	3.5294697e-02	9.3317702e-02	1.7869733e-01	2.6480159e-01	1.6585704e-02	-6.2685707e-03	9.3704052e-02	-2.4523591e-01	-2.6484871e-01	-5.0685894e-01	1.0843030e-01	-2.4477002e-01	9.1278628e-02	-1.2765300e-01	-5.9201978e-03	1.1779306e-01	3.7955403e-02	-1.5685901e-01	-4.3802742e-02	9.8520026e-02	-4.5523754e-01	-1.0880271e-01	2.3550654e-02	-2.8458866e-01	-7.4339714e-03	7.4341163e-02	-8.9348339e-02	-5.9774924e-02	4.4598860e-01	-1.7370696e-01	6.6296279e-02	-3.9123431e-01	1.0798641e-01	1.9473696e-02	-9.7994484e-02	1.2380309e-01	-2.0713125e-01	3.0041911e-02	5.6079466e-02	7.2231285e-02	5.8656977e-03	2.8945470e-01	-5.2450633e-01	-2.8725103e-01	-6.0728062e-02	1.3013986e-01	1.1619665e-01	8.9283824e-02	3.7675612e-02	3.7599486e-01	3.3746117e-01	-4.8709607e-01	-4.1783997e-01	-1.3722074e-01	1.3602687e-01	-3.7139621e-02	-1.4899585e-01	2.4583222e-02	1.1128801e-01	-1.4500104e-01	2.0755261e-01	7.2269730e-02	1.2341822e-01	-6.3339964e-02	1.1482271e-01	5.8451328e-02	-1.9644272e-01	-1.1689565e-01	-2.4490660e-01	3.1684816e-01	-6.3262992e-02	-2.0458762e-01	-1.9177167e-01	6.7755125e-02	5.2401841e-02	-2.2397125e-01	3.5993058e-02	-9.6430890e-02	1.1676788e-01	2.0721410e-01	-2.1747582e-01	1.0977334e-01	-1.6143733e-01	2.9320380e-01	-5.7009686e-02	-1.9643906e-01	2.3598270e-01	-1.0713194e-01	8.0038749e-02	-1.6441770e-01	-5.6529988e-02	2.2029711e-01	2.1048377e-01	-1.8964963e-01	-2.8383505e-01	4.4126812e-01	4.5246649e-01	4.5808059e-01	3.0949757e-01	3.2046697e-01	2.2385997e-01	1.8604279e-02	-2.4513544e-01	2.8681351e-02	-1.3089499e-02	8.2410872e-02	1.7376098e-01	-4.8422182e-01	2.2165505e-02	-3.3977133e-01	3.8545877e-03	2.8540906e-02	1.5738067e-01	9.8754160e-02	1.1547743e-01	1.0040572e-01	-1.6168304e-02	8.7494664e-02	4.2640172e-02	-1.0196558e-02	-1.3949114e-01	-3.0175963e-01	2.7826369e-01	3.2411462e-01	2.4836840e-02	4.8639569e-02	-1.7091368e-01	3.3095726e-01	-7.7504255e-02	-1.6859727e-01	-2.8452048e-01	-3.7552670e-01	-2.5041762e-01	4.7274340e-02	1.0724124e-01	-1.4710204e-01	8.7866858e-02	-1.6570178e-01	4.5055174e-03	-1.9136786e-01	3.5227424e-01	2.8507084e-02	-5.2849937e-02	8.4105432e-02	-1.4009531e-02	6.8578802e-02	-1.5027919e-01	-6.8840012e-02	2.4093096e-01	-1.2974828e-01	-2.0911986e-01	-3.8472563e-01	1.2279540e-01	-1.7037797e-01	-1.5822053e-01	7.0487261e-02	-4.0108152e-03	2.6938719e-01	2.5404027e-01	-2.8509805e-02	-1.8617275e-01	-2.8437883e-01	1.4669774e-01	-1.7780574e-01	-1.4851679e-01	-3.1579709e-01	2.4543560e-01	-3.0931664e-01	-2.4078190e-01	1.1245949e-01	2.9570997e-01	2.7927938e-01	-2.1726602e-01	-2.0313281e-01	-1.2134794e-01	-1.4141418e-01	5.1384278e-02	1.2622836e-01	-1.1349253e-01	-1.7172089e-01	2.6675051e-01	2.7739012e-01	1.3110441e-01	5.8494323e-01	1.4998806e-01	-2.7252197e-01	3.5934642e-02	8.7028760e-03	-4.1411977e-02	-2.3833926e-01	1.0569416e-01	2.0539229e-01	-6.9259360e-02	3.8022153e-02	1.9931346e-03	3.6774480e-01	2.1324803e-01	4.6750050e-02	-1.2957197e-01	2.9314655e-01	2.0250870e-02	1.1205734e-01	-1.5834314e-01	2.7394614e-01	-1.1331297e-01	7.6809265e-02	-2.4417413e-02	-7.3741585e-02	-3.4200388e-01	-2.7662826e-01	2.0165467e-01	-6.7914665e-02	1.7940573e-01	-2.2018126e-01	2.5028080e-01	1.4783089e-01	4.7875486e-02	-1.1568440e-01	-1.5510690e-01	-1.9750480e-01	2.4053220e-01	3.9039677e-01	-6.2108990e-03	-4.1663259e-01	-6.8744183e-01	-5.1396042e-01	-7.5682437e-01	-1.3488714e-01	-9.0836376e-02	9.6860833e-02	4.5105538e-01	6.5499760e-02	1.6816069e-01	-8.3647415e-02	-6.0498673e-02	-9.1968924e-02	1.5354991e-01	-1.6815810e-01	1.6317688e-02	3.1672999e-02	-3.2301567e-02	-3.9580277e-01	2.6831201e-01	1.4896025e-01	5.2268375e-02	-9.3413198e-01	-8.6486524e-01	-1.8664366e-01	2.7250227e-01	3.6349526e-01	-6.1238836e-03	-2.1325882e-01	-6.5790452e-02	-4.1004622e-01	2.3993088e-01	1.3043949e-01	7.1974628e-02	-3.4306315e-01	2.1763186e-01	1.3208932e-01	2.9290429e-01	2.5560963e-01	3.6755344e-01	1.9316633e-01	-2.0110637e-01	-3.3557558e-01	1.5164202e-01	-6.8915606e-02	1.7361785e-01	-6.6453749e-03	-2.5936830e-01	5.7463008e-01	3.8920152e-01	1.4823042e-01	-1.5067263e-01	-2.6813658e-02	-1.7438899e-01	2.4625599e-01	-2.0000088e-01	-6.3567534e-02	1.0274355e-01	-2.3790510e-01	-2.4670675e-02	-4.2434534e-01	1.8637244e-01	3.2858778e-02	-3.5847357e-01	-5.8413263e-02	3.9085709e-02	2.0895988e-01	-6.9751784e-02	3.9300120e-01	-1.4880805e-01	2.3084694e-01	-3.0549443e-01	-5.4691452e-01	-3.5496193e-01	-7.1958520e-02	3.3639681e-01	2.6127562e-01	5.9584167e-02	-2.7748027e-01	4.8094142e-02	-2.2991616e-02	-6.3166637e-03	-5.1514167e-01	3.4399237e-02	-1.0620105e-01	4.0963784e-02	2.1465524e-01	4.1652295e-01	-2.1523432e-01	1.9231510e-01	-3.4364924e-01	-1.8604282e-01	-5.5559266e-02	-4.0104300e-02	2.5402707e-01	7.2648048e-02	-2.5970408e-01	6.1419427e-02	2.3815218e-01	4.0788829e-01	2.1914756e-01	-8.8440597e-02	-1.8991838e-01	5.8517102e-02	-4.8739639e-01	1.4129635e-02	-2.6938090e-01	1.8714967e-01	4.1393261e-02	1.2941901e-01	-3.0111089e-01	2.7558967e-01	3.9773960e-02	2.7424562e-01	1.9276449e-02	-3.6778092e-01	-9.4999887e-02	-1.5757363e-01	1.2395982e-01	-1.6716395e-01	2.1998788e-01	-9.6325865e-03	-2.5816017e-01	1.4824587e-01	1.0411195e-01	1.3854828e-01	3.8181430e-01	-5.6071800e-01	-3.2203683e-01	-2.9131827e-01	-3.2942083e-01	-3.2912556e-02	1.0070381e-01	-2.2733271e-01	1.5733171e-01	1.7153130e-01	2.6900873e-01	5.0179559e-01	-6.7893200e-02	3.0311546e-01	-3.2688916e-01	6.6881828e-02	4.4693992e-01	-2.3572105e-01	-1.8956098e-03	-1.0354184e-02	1.9470257e-01	-3.5757143e-03	-1.4239535e+00	4.7930974e-01	-3.4063908e-01	-3.2393900e-01	8.3403945e-02	2.4102117e-01	2.5863167e-02	3.6908826e-04	3.7475029e-01	8.1487834e-02	-3.3971262e-01	-3.2381888e-02	-2.8811610e-01	-1.1512853e-01	2.1953674e-01	6.8159930e-02	-3.9243802e-02	-2.4150097e-01	1.7019083e-01	-2.5654025e-02	2.0450259e-02	-6.6491917e-02	2.2183987e-01	-2.5904223e-01	3.1157348e-02	-1.8721446e-01	-1.3383594e-01	-2.1924788e-01	-2.6746032e-01	-1.2275629e-01	-5.2850988e-02	8.0930308e-02	-8.4152380e-03	7.4181396e-01	7.8014421e-01	3.0720538e-01	-8.0971025e-02	3.7840303e-02	-3.8531307e-02	5.7983685e-02	1.2398415e-01	-3.6338553e-02	8.3328307e-02	8.1901839e-03	1.5044809e-02	-1.8797055e-01	2.0071484e-01	2.8885186e-01	5.3677529e-02	-1.8747209e-01	-1.3409843e-01	4.2355046e-02	5.6765575e-02	4.0222015e-02	8.3174951e-02	-1.7637186e-02	-1.0745315e-01	2.1173956e-01	7.6640904e-02	-3.0396888e-01	-3.6054339e-02	-2.3328856e-01	3.1373191e-01	1.5524563e-01	2.5397170e-01	9.1108739e-02	3.2359201e-01	-3.1080306e-01	-1.0924213e-01	-1.4347181e-01	1.5942529e-01	-1.8655255e-01	9.2646874e-02	2.4917991e-01	1.6040927e-01	2.1750332e-01	-2.6286736e-01	7.7295236e-02	-1.2011100e-01	-4.0844238e-01	-1.8095945e-01	-7.5901290e-03	-2.7010933e-01	2.3167352e-01	-4.9564265e-02	3.2877320e-01	3.0494174e-01	5.6207653e-02	9.4102463e-03	-1.7966743e-01	1.2724946e-01	3.3657312e-01	-1.1125781e-01	-2.9995406e-01	-2.9773755e-02	-1.4407378e-01	2.1575570e-01	4.3446818e-01	-1.5301755e-01	2.8002089e-01	2.2347715e-01	-2.7538231e-01	-5.1616386e-02	2.6605316e-02	1.2263734e-01	-1.8407312e-01	2.0610148e-01	-7.0528813e-02	-5.2335616e-02	1.5847072e-02	2.6717663e-01	-4.7244588e-01	1.8674523e-01	-1.4284898e-01	-1.4208834e-01	1.3605046e-01	6.7234859e-02	3.8308081e-01	9.5397308e-02	2.6152784e-01	-1.6773428e-01	-4.8723960e-01	4.2600010e-02	-6.2389108e-03	1.4778836e-01	1.9622967e-01	1.5187134e-01	-2.8454569e-01	2.8469869e-01	1.3276309e-01	-2.6392409e-01	9.1536209e-02	-3.6767300e-02	4.8120596e-02
-1.1634186e-01	1.6535763e-01	-3.1009760e-01	-2.2332564e-01	3.0267516e-01	-1.7455901e-01	1.9403751e-01	1.1570291e-01	-3.2026133e-01	-1.5145633e-01	-7.5201027e-02	9.6566804e-02	-3.1644627e-02	-1.4414372e-01	-1.0896848e-01	-1.7471801e-01	4.3675669e-02	-1.8113799e-01	8.5642673e-02	3.6897175e-02	3.2768193e-01	-3.0298936e-01	1.0437336e-01	-3.4957930e-01	5.6494374e-02	-8.6206682e-02	7.2075129e-02	-3.4005111e-01	-1.1248285e-01	1.0906410e-01	-1.0167971e-01	2.2348976e-01	-3.4746310e-01	-8.0465749e-02	-2.1116848e-01	2.5484654e-01	-1.0133454e-01	3.6923230e-02	-3.3735919e-01	1.2337466e-01	-1.7524521e-01	4.4047868e-01	-3.1636575e-01	-4.6588603e-01	2.1839741e-01	2.0351797e-01	2.1578380e-01	-1.5502498e-01	-2.2786748e-01	-1.6147344e-01	-1.4115310e-01	3.7011202e-02	1.2814078e-01	2.1104772e-02	4.0879689e-02	3.1486653e-02	4.7359326e-01	6.5339124e-01	8.3191052e-02	4.3229442e-02	-9.5512077e-02	-2.8492758e-01	3.2945362e-01	-2.8158522e-01	-2.8623772e-01	2.2648627e-01	-2.7054510e-01	-3.9371803e-01	6.2944107e-03	2.8302133e-01	3.0477602e-02	5.7185095e-02	-1.4158651e-01	2.3053144e-01	6.2064134e-02	1.8797746e-01	-1.0134359e-01	-3.6889362e-01	2.6456814e-02	3.1224291e-03	9.9340498e-02	1.6253042e-01	1.0040901e-01	-3.2652664e-01	9.7626559e-02	8.5489497e-02	3.4802017e-01	-2.1354035e-01	2.1295936e-01	-2.9444516e-01	-5.3722255e-02	-2.7460515e-01	-2.8534743e-01	2.5033060e-01	2.8097935e-02	3.5481519e-01	-1.5691604e-01	-1.8821356e-01	-4.8663583e-02	8.2115203e-02	2.0540561e-01	2.5871232e-02	-2.6380730e-01	3.2602385e-01	1.0912889e-01	2.7849747e-02	-1.5091583e-01	-7.3254213e-02	-2.9372083e-02	2.9272142e-01	-1.0078947e-01	1.0757540e-01	2.3840871e-01	9.9226631e-02	5.4150261e-02	4.3419924e-01	-3.5413784e-01	2.9925935e-02	1.1068256e-02	2.4704525e-01	3.4867999e-01	3.1936731e-02	-1.8692565e-01	2.4639083e-01	2.2227454e-01	6.1510373e-02	-1.4500729e-02	-2.7812499e-01	-2.0888484e-01	1.0817394e-01	-7.7567108e-02	2.7196035e-01	-2.0426424e-01	-3.2890573e-02	1.1027362e-01	7.0829369e-02	1.1025442e-01	-3.5818207e-01	5.8872402e-02	1.2919505e-01	-1.4510518e-01	4.1594885e-02	-1.8303061e-01	-1.6918612e-01	1.6504306e-01	-7.4299261e-02	1.0781746e-01	-2.3760237e-01	1.1925048e-03	4.9589404e-01	1.7413981e-01	9.4707161e-03	-1.9402310e-01	2.6972744e-01	-2.2700290e-01	8.7777518e-02	8.7805390e-02	7.0095323e-02	-3.9548862e-01	1.7052539e-01	-9.8248988e-02	1.9472280e-01	-1.7258303e-01	-2.2810069e-01	-2.6738921e-01	1.8178001e-01	1.2582605e-01	-1.9550027e-01	-1.7573798e-02	-1.1962061e-01	-6.8363853e-02	2.5065997e-01	6.4771295e-02	8.7720349e-02	1.5333799e-01	-1.3818553e-01	-1.3343920e-01	2.6842488e-02	-3.0977985e-01	-1.3290343e-01	1.0679948e-01	1.0391369e-01	-3.7730744e-01	-3.0374509e-01	1.3284725e-01	1.1144169e-01	2.4770153e-01	-5.5847421e-02	-1.4041644e-03	3.1495753e-01	-6.5512873e-02	-1.9448625e-01	2.1992415e-01	6.1765689e-02	1.1427304e-01	-2.2157906e-01	-1.3444632e-01	-9.4951741e-02	-6.9829717e-02	8.4559642e-02	-5.1307637e-02	2.3730855e-01	-1.1376160e-01	1.8352117e-01	6.9047704e-02	3.2795629e-01	1.8410420e-01	-6.3650343e-03	2.7743129e-02	2.3361443e-01	-1.2379162e-01	2.2349530e-01	-2.0226422e-01	-7.0998065e-02	-1.4625239e-01	7.8715041e-02	-2.7447438e-02	-1.3558097e-01	-9.3018547e-02	-2.2640929e-01	-1.3618208e-01	-2.0240226e-01	-4.3903179e-02	2.2302102e-02	1.7625798e-01	1.1018686e-01	2.6068529e-01	1.8315926e-01	4.9278121e-02	1.4878505e-01	-2.0604891e-01	2.9731956e-01	2.5330919e-01	-1.7840807e-01	-5.0552785e-02	-6.8170324e-02	1.7003354e-02	3.3762756e-01	1.3615507e-01	4.8968688e-02	2.7148634e-01	3.0995217e-01	2.1624745e-01	2.9320779e-01	7.9439588e-02	2.1396020e-01	2.4158593e-02	7.6650575e-02	-1.9461857e-01	4.5460713e-04	-2.4458599e-01	-1.3553401e-02	-2.6064798e-01	-2.4668439e-01	-3.3797312e-01	1.2031674e-01	-7.9219617e-02	-1.0977720e-01	5.8600493e-02	-5.0888193e-01	-3.8745630e-01	3.7512568e-01	4.7999924e-01	-3.2960624e-01	-2.3268323e-01	-2.2824387e-01	8.2683891e-02	1.8696739e-01	1.0067726e-01	-2.2633986e-01	-2.2883600e-01	1.2066985e-01	-2.2906801e-01	2.4794377e-01	-1.9190402e-01	2.4223324e-02	-1.7247468e-01	-2.3697796e-01	-7.5465734e-03	2.6630265e-01	1.4468858e-01	-6.9418795e-02	2.4232467e-01	-3.2072869e-01	2.6519197e-01	2.4157201e-01	-1.1191992e-02	1.1444216e-02	-1.3749753e-01	-5.3309369e-01	4.0942222e-01	-5.7083596e-02	6.9690399e-02	1.7795990e-01	-6.8360589e-02	1.7862973e-01	6.8573919e-03	5.1422469e-02	-3.2203637e-02	1.1404840e-01	-2.7033651e-01	1.7411444e-01	-8.6348426e-01	-1.3847601e-01	2.8113219e-01	-5.8513087e-01	-2.3643009e-01	1.2885134e-01	-2.5510934e-01	1.1158805e-01	-6.9186640e-01	1.9713637e-01	3.9168921e-01	5.8153082e-02	-4.2118502e-01	-2.5128308e-01	-8.7612256e-02	1.1242104e-01	3.8497414e-02	5.6839172e-02	8.4446281e-02	-1.8604028e-01	1.9208984e-01	-1.7346029e-01	2.2466347e-01	1.0873818e-01	-2.3193726e-01	7.1631745e-02	-2.4149904e-01	-7.0350401e-02	2.1378729e-01	-3.0487803e-01	-1.9240916e-01	-3.7463948e-01	-1.1746905e-01	-3.9638203e-01	8.9443468e-02	1.8570945e-02	-2.2855173e-01	-5.8462180e-02	8.7434195e-02	-5.5055510e-02	-1.7809333e-02	-1.2657493e-01	-2.0960706e-01	2.0988105e-01	-3.2197711e-01	5.7566804e-01	-2.6415002e-01	-1.1896770e-02	3.8935566e-01	2.3958178e-01	1.9833551e-01	-3.4321457e-01	4.2697138e-01	5.1403356e-01	1.2650143e-01	-2.1360572e-01	-4.3049172e-01	2.3172149e-01	-1.6461213e-01	-1.7402865e-01	-1.5963848e-01	-6.9885194e-02	-8.2413606e-02	4.6935234e-02	2.2984847e-01	2.4638359e-01	-2.3444028e-01	1.9605359e-01	-8.6528637e-02	2.6272312e-02	-7.5370938e-02	1.3495603e-01	-4.8569968e-01	1.0873996e-01	-2.5735682e-01	2.6995137e-01	-4.7311842e-02	3.7435243e-01	2.8800669e-01	-2.2415000e-01	1.6609715e-01	6.7957185e-02	8.9787155e-02	-1.7508879e-01	-6.1942752e-02	3.8738930e-04	3.7585795e-01	6.9013913e-03	1.4670132e-01	-3.1595423e-03	-3.0462119e-01	-3.9792699e-01	3.5740933e-01	2.0385225e-01	1.0617211e-01	6.7886107e-02	-1.2594619e-01	-8.3928414e-02	-2.5116271e-01	-3.0058467e-01	2.2346988e-01	3.0549884e-02	1.5315935e-01	-4.4755644e-01	-8.5160611e-03	-1.6541937e-01	2.0228961e-01	1.6354465e-01	1.6729385e-01	6.6019528e-02	5.7463288e-02	2.2780683e-02	3.5020518e-01	-2.3412608e-01	-2.4888964e-01	3.0274087e-01	1.1804385e-01	2.9636177e-01	1.9935271e-02	-2.5126928e-01	-1.7827819e-01	-1.5589052e-01	-1.0294612e-02	-4.2328590e-01	1.3847263e-01	2.2959377e-01	4.9985699e-02	-3.2016188e-01	-1.6486703e-01	2.9168242e-01	-2.9736099e-01	4.9111819e-01	8.4551245e-02	-2.2102509e-02	-3.5001493e-01	2.2819801e-01	3.2996190e-01	3.5206467e-02	1.0515700e-01	2.8004432e-01	1.0846312e-01	-1.6903890e-02	2.6045936e-01	1.6766942e-01	3.1380752e-01	-2.6849219e-01	1.7314601e-01	2.5867730e-01	-4.8722014e-02	-2.6786235e-01	-1.5433253e-01	1.6016476e-01	1.1110429e-01	-1.9836727e-01	-2.5251609e-01	9.5574304e-02	2.3779276e-01	1.4458390e-01	2.5248760e-01	-3.8620150e-01	1.0749343e-01	-1.0991018e-01	-6.5928698e-02	-2.0404710e-01	-3.4345459e-02	-2.0783520e-01	-1.9550882e-01	-2.8038669e-01	1.4570603e-01	1.7215608e-01	3.4160602e-01	5.5946887e-01	-1.3064829e-01	-5.7963390e-02	1.8108759e-02	2.8612219e-02	1.1401417e-01	2.3151174e-02	-3.1438845e-01	-1.9393311e-01	-5.6080952e-02	1.0655954e-01	-3.2549301e-01	-2.4277683e-01	1.5189074e-01	1.3320304e-01	5.2835364e-02	1.6422940e-02	1.4105713e-01	-8.0221690e-02	2.6191232e-01	-6.9915801e-02	2.9912969e-01	-3.0651736e-01	2.0564161e-01	1.0975152e-01	-4.2123213e-02	-7.7600881e-02	-2.6888651e-01	-2.1350588e-01	1.1028997e-02	-2.2188493e-03	5.6870259e-02	-1.0995810e-01	1.5132865e-01	-4.1432571e-02	1.1711396e-01	3.7488303e-01	3.6344998e-02	-7.3290765e-02	-1.8768962e-01	2.2921976e-02	-2.7101973e-01	1.1632985e-01	1.9047534e-01	-9.4002467e-03	2.6531646e-01	6.2311599e-03	-2.7888551e-01	9.2781872e-02	3.9892328e-01	2.5986704e-01	1.9819254e-01	-3.6761636e-01	2.1802056e-01	1.2878086e-01	-1.6338523e-01	2.4458615e-01	2.0691352e-01	-1.3667852e-01	6.7013659e-02	-2.6665238e-01	2.5949124e-01	-1.6790076e-01	2.6062229e-01	-3.0242616e-01	-4.6357982e-02	2.2963871e-01	-5.7681903e-02	-1.7377438e-01	3.3755180e-01	-2.1407883e-01	8.1654653e-02	3.1221977e-01	-4.7584262e-01	-2.5276825e-01	-3.4127364e-01	-1.5678142e-01	-1.3939510e-02	-2.3782630e-01	-3.0647951e-01	3.1837153e-01	3.6797687e-01	2.7478251e-01	2.3501089e-01	-2.0197222e-01	-1.5800062e-01	2.5439414e-01	-1.6802099e-01	3.4222085e-02	1.8792827e-01	-4.4605026e-01	-4.9579870e-02	1.5428883e-01	-1.0844643e-01	-1.0546317e-01	-8.6664781e-02	7.6681882e-02	3.2548460e-01	-4.2470765e-01	4.0806044e-02	6.8527315e-04	8.5888498e-02	3.6701322e-01	1.8763909e-01	3.6682844e-01	1.2045762e-01	-4.6993208e-01	1.2913784e-01	-1.6675602e-01	-3.5495255e-02	5.4652825e-02	-5.7482791e-01	3.8659284e-01	1.6804819e-01	1.3512404e-01	1.1512482e-01	-2.3777794e-02	-2.2730342e-01	-8.4024064e-02	2.0716244e-03	-3.8680083e-01	7.7860206e-02	-4.9062052e-01	3.8089752e-02	-1.3767701e-01	9.2026807e-02	8.1832074e-02	5.8859676e-02	-5.3937054e-01	2.1498713e-01	-5.0689065e-01	1.3518278e-01	-5.8536464e-01	-4.6253762e-01	8.6616486e-02	-2.9358494e-01	-3.8978737e-02	7.6850466e-02	-2.5808582e-01	-3.8288787e-01	-2.6831654e-01	1.7539574e-01	-8.5263625e-03	1.7369603e-01	2.4580406e-01	4.5302770e-01	-1.9910681e-01	1.6883969e-01	1.2081866e-01	-8.4615812e-02	-1.5570998e-01	1.5929081e-01	-2.1409661e-01	2.1787712e-01	1.8516290e-01	2.2816899e-01	1.6170302e-01	4.4602489e-01	-1.0702265e-01	5.7716787e-01	4.8614055e-02	3.2451996e-01	-3.4598979e-01	2.6696911e-01	5.8591425e-02	-5.2295655e-01	-2.7230242e-01	-4.1246235e-02	-2.1978272e-01	2.7856965e-02	-4.5960052e-03	2.3254864e-01	2.6895031e-01	8.1404150e-02	2.1453464e-01	7.3979482e-02	-1.5286992e-01	-1.0925881e-01	-1.7622481e-01	2.5411704e-01	1.2574279e-02	4.4499695e-02	-2.5943467e-01	-2.4793521e-01	1.5751538e-01	6.0373854e-02	-3.3624414e-01	2.5614014e-02	-3.3751765e-01	-7.2441295e-02	1.8370640e-01	-2.5954019e-02	-7.6062321e-03	-2.7754128e-01	4.3488752e-02	-9.8815560e-03	9.4791949e-03	-2.1576381e-01	-2.5143585e-01	1.5443899e-01	3.3954740e-01	-4.2388868e-02	3.2073518e-03	-1.3918114e-01	-8.9082435e-02	-7.5060925e-03	-4.5284659e-01	-2.6059610e-01	-1.2785302e-01	1.6727534e-01	1.0904986e-01	7.9976112e-02	-4.2653093e-01	-1.8672763e-01	3.1004891e-01	1.0130206e-01	1.5148444e-01	-1.6715223e-01	-3.5854059e-01	3.6641273e-03	1.4527643e-01	-3.3538954e-04	1.3396883e-01	1.7924848e-01	-2.8682646e-01	4.4268195e-02	-3.6450481e-01	2.9657185e-01	9.8382346e-02	2.6153088e-01	7.9736583e-02	-7.7771068e-02	2.6166585e-01	-3.2057416e-02	-3.7307510e-01	-2.0846993e-01	1.2505950e-01	2.7128077e-01	3.7789427e-02	1.9691621e-01	8.4302120e-02	4.2679560e-01	-3.6340508e-01	3.1996101e-02	-1.1454535e-01	-2.7741283e-01	2.1217524e-01	-7.8528330e-02	-4.3462905e-01	-2.1788701e-01	-6.7727916e-02	-2.4975176e-01	1.8909377e-01	1.0259648e-01	2.6122737e-01	-5.9331086e-02	2.2156748e-01	-3.0288745e-02	8.8415586e-04	2.1133062e-01	1.5427460e-01	-2.0659283e-01	-1.8640478e-01	-1.3002519e-01	9.3288191e-02	-2.2003426e-01	4.7896293e-01	-1.2431460e-01	-1.6978560e-01	-3.8001001e-02	1.6917138e-01	2.3233303e-01	-1.6084750e-01	6.2614650e-02	-2.7910629e-01	-2.0722730e-01	1.0652766e-01	7.9839900e-02	3.0950782e-01	1.4880976e-02	2.8343260e-01	2.9234353e-01	2.4752785e-03	1.2915125e-01	1.7158265e-01	-2.5587001e-01	-8.4790818e-02	2.5552535e-01	2.0725536e-01	5.7418883e-02	-2.3126870e-01	2.2879218e-01	1.2686168e-01	8.2358569e-02	-6.1111920e-02	-9.2160225e-02	9.2565894e-02	8.4594749e-02	-1.1361005e-01	-2.8998163e-01	-1.7891762e-01	1.5135324e-01	-2.0841116e-01	1.9374492e-02	4.0775895e-02	2.1699697e-02	1.4301869e-01	-1.0738288e-01	-3.7996712e-01	1.2891358e-01	-7.4521936e-02	1.7154694e-01	2.2394152e-01	5.9793126e-02	9.9206835e-02	-1.4328133e-01	-3.3545935e-01	-1.9758847e-01	-3.1089312e-01	7.6350216e-03	-6.0988665e-01	1.2215281e-02	2.7782390e-01	-1.2523580e-01	8.6556643e-02	3.8812812e-02	4.5370813e-02	1.0157062e-01	2.1645425e-01	-1.2076063e-01	2.7636296e-01	-3.8303074e-01	-2.3994556e-01	1.1303093e-01	2.3028515e-01	1.4724793e-01	-1.2308470e-01	5.0339010e-03	-1.8880211e-01	1.0780486e-01	-3.2108393e-02	-1.3249172e-01	2.0783371e-01	-2.8932670e-01	-1.0176972e-01	-1.4405106e-01	-7.5237848e-02	1.7405100e-01	-4.0559831e-01	1.7568337e-02	-4.2676225e-01	-6.3222172e-03	4.8077086e-04	-4.0194444e-02	3.6865987e-02	2.0116314e-01	-7.6901197e-02	-2.7468385e-02	-3.4048691e-01	4.2531505e-02	1.7115170e-01	-9.7404204e-02	1.8529577e-02	3.3970189e-01	5.7922523e-03	1.8346111e-01	-4.2005900e-01	3.9542459e-02	1.3602544e-01	1.4086008e-01	-1.0684951e-01	2.2130369e-01	-2.8742072e-01	-9.5536463e-02	-2.1760242e-01	-1.7847840e-01	-3.7508392e-01	-2.0893021e-02	-2.3022372e-01	1.7737997e-01	8.7597661e-02	-1.2931579e-01	1.4129937e-01	8.4017821e-02	-1.6507877e-01	9.4370447e-02	1.9018465e-01	3.0480486e-01	-2.1438256e-02	3.4537017e-01	6.6139139e-02	2.5423655e-01	-1.6220691e-02	-1.5651542e-01	-1.1810981e-01	3.9650604e-02	-1.5548265e-01	1.3239108e-01	-2.4918978e-01	-9.3314856e-02	-3.3009610e-01	2.4637204e-02	-2.4939619e-01	1.7251593e-01	1.5471801e-01	3.0562681e-01	-4.7795366e-02	-1.6562499e-01	1.3534169e-01	-2.5186819e-01	-1.9601302e-01	-7.4984007e-02	3.7132752e-01	1.4939247e-01	4.7309663e-02	-5.7362989e-02	-2.4439539e-01	-1.9242799e-01	3.3762178e-01	2.6269805e-02	1.4686976e-01	1.9046131e-01	7.1303144e-02	3.1709127e-02	-3.1199440e-01	1.4261472e-01	-2.8752819e-01	-2.1423760e-01	-4.3356895e-02	-7.0743307e-02	-4.3218095e-02	-2.2892974e-01	-2.0197459e-01	-2.0103414e-01	2.1209435e-01	7.3824674e-02	-3.4246940e-02	-9.9894300e-02	-2.8384414e-01	2.9412875e-01	2.0107312e-02	-9.1992810e-02	-8.6989723e-02	8.9851096e-02	-2.9238632e-01	1.1195201e-01	-9.3272887e-02	-1.2743697e-01	7.8566544e-02	-1.3727671e-01	-1.0320083e-01	1.2729570e-01	1.1364197e-01	-1.0195477e-01	-1.7959465e-01	-2.4819959e-02	-2.8337669e-01	9.8438591e-02	1.7169526e-01	1.0534674e-01	3.0394557e-01	-5.9576654e-01	-1.1229241e-01	-2.3509979e-01	-8.6797781e-02	-2.1155704e-02	3.9688051e-02	-1.4538339e-01	-3.0314037e-01	3.2644868e-02	2.8095248e-01	-1.4362276e-02	5.6598593e-02	-1.7786050e-01	2.4158475e-01	8.3112553e-02	-2.2375607e-01	3.1820029e-02	8.2460850e-02	1.4404266e-01	-3.7501580e-01	4.9324474e-01	-4.1368493e-01	-8.4030420e-02	-1.9813675e-01	-6.2362033e-01	-1.9125089e-01	1.8817601e-01	1.8402082e-01	3.2383639e-01	3.8481617e-01	2.9756927e-01	6.7777976e-02	-2.4356334e-01	3.6530274e-01	2.6804453e-01	9.8418817e-02	-3.5475448e-01	-1.2571414e-01	-3.8672011e-02	3.2668629e-01	-7.8718945e-02	-9.8331831e-02	-5.4462347e-02	1.7056870e-01	1.4656208e-01	1.6682628e-01	-1.2850456e-01	-2.3349485e-01	-9.3439415e-02	1.4242968e-01	1.2609072e-02	3.9158449e-01	-2.5572145e-01	5.7854138e-02	3.4361441e-02	-1.5788835e-01	4.5610957e-02	-1.0026644e-01	-2.7295291e-01	2.5860155e-02	1.3769038e-01	-1.3188925e-01	-2.1643373e-01	1.5885821e-01	-1.4975177e-02	-1.2001629e-01	-2.4181843e-01	-6.0528126e-02	2.6414797e-01	3.1173801e-01	-2.9247722e-01	-2.7355314e-03	-1.2437930e-01	-3.3903411e-01	2.9017104e-04	4.2426322e-02	9.5518336e-02	1.8318501e-01	1.1870248e-02	1.9932964e-01	6.7022145e-02	2.3026265e-02	-1.7576870e-01	-4.9695808e-02	-1.8800637e-01	2.0910089e-03	8.2621396e-02	4.0544972e-01	2.6145241e-01	2.7431214e-01
-2.8388608e-01	-2.2863720e-01	-1.7470522e-01	-2.8577749e-02	-2.1321957e-01	-2.8497952e-01	-1.6379988e-01	-5.1441927e-02	-2.2174530e-01	-1.3845731e-01	1.9239236e-01	-2.0980060e-01	1.8636180e-01	5.6914680e-02	1.9225594e-01	-1.3432339e-01	-1.2501761e-01	-2.2999707e-04	-1.4666495e-01	-7.9224519e-02	-2.1644418e-01	-1.5442073e-01	-5.9792869e-02	-1.6528060e-01	1.0779398e-01	1.0369699e-01	2.1034764e-01	1.1019410e-01	-1.3650376e-01	1.8499005e-01	-2.6866633e-01	-3.5127483e-02	-5.7832159e-02	-3.4438196e-01	3.5435843e-01	-3.2828158e-01	3.4309179e-01	-1.4965080e-01	5.0798133e-02	-5.3352959e-02	4.2253025e-03	-9.7539730e-02	-2.6480660e-01	-2.6969606e-01	6.7153625e-02	-2.4797252e-01	2.3675400e-01	3.8373855e-01	2.1234819e-01	3.9782554e-01	2.8827149e-01	-6.6526955e-01	2.1515670e-01	2.1050410e-01	-2.6939842e-01	8.6201198e-02	2.6588953e-01	-2.3661371e-01	-2.2215044e-01	-1.5982975e-01	-2.8935835e-01	-1.3045473e-01	-2.3555869e-01	1.6431837e-01	-3.6284357e-01	-2.7134959e-02	-2.5523093e-01	-2.6906362e-01	2.3154360e-03	-3.1598140e-02	1.0103540e-01	-1.5821666e-01	1.4198324e-01	3.3834970e-01	1.2799180e-01	1.1095183e-01	3.1447777e-01	3.1402516e-01	3.2608661e-01	-2.9707229e-01	1.3155237e-02	1.6978049e-01	-3.3055991e-01	1.7419748e-01	1.9983381e-01	1.2767759e-01	2.9477817e-01	-1.2810552e-02	-3.4374148e-02	3.6230721e-02	1.6036423e-01	3.1203231e-01	-1.8265703e-01	6.1932337e-02	-2.5310349e-01	-2.8125459e-01	-1.3736786e-01	2.8085089e-01	-1.0384849e-01	1.3021922e-01	-1.6255631e-01	-3.0190784e-01	-1.7123492e-01	-1.5520649e-01	-2.8216550e-01	-1.6892105e-02	-8.0705211e-02	3.8716104e-02	1.0784496e-01	-2.1365440e-01	2.0232084e-01	-2.1291569e-01	-3.2268006e-02	-7.9254098e-02	-1.1047840e-01	-2.3236099e-01	1.9004720e-01	-1.9519576e-01	-2.9849452e-01	-2.7407193e-01	2.5189209e-01	-1.9023451e-01	-2.2139019e-01	1.9730213e-01	-2.4347582e-01	-1.4583774e-01	-1.8491656e-01	8.3324708e-02	5.1955473e-02	-3.0759901e-01	2.7414238e-01	-9.0612382e-02	-1.5797636e-02	-2.4630909e-01	8.8583015e-02	2.4833193e-01	3.1485954e-01	-4.0476236e-01	7.9766273e-02	-1.6296884e-01	9.1939643e-02	-4.0738067e-01	-1.0339825e-01	-5.1332697e-02	1.5543081e-01	1.7341370e-02	1.5788111e-01	-1.2696138e-01	2.3692888e-01	1.7022884e-01	-8.4579438e-02	-4.8783189e-01	-4.4409625e-02	-3.0795491e-01	-1.6663744e-01	2.4172228e-02	2.4769337e-01	-6.1900206e-02	8.3367322e-03	8.9275025e-02	-4.0927380e-01	-4.7653583e-01	9.4623938e-03	1.3585840e-01	-1.8049502e-01	-2.3449388e-01	8.5378967e-02	2.4538332e-01	-1.0499198e-01	1.1027988e-01	2.3125049e-01	1.9500166e-01	-4.1528720e-01	-7.7108212e-02	-3.7664417e-02	4.0768370e-01	3.9524746e-01	1.3479598e-01	-5.1664591e-01	2.7928814e-02	-1.5244651e-01	-2.9002839e-01	-3.7663788e-02	-3.5339659e-01	4.2340970e-01	-1.6656682e-01	-1.2182483e-02	-3.3370820e-01	-2.5192803e-01	-1.1393640e-02	-2.3583491e-01	-1.0770801e-01	-2.7215591e-01	-1.8557559e-01	1.0823752e-01	1.5251192e-01	-4.7815633e-01	5.7914581e-02	-3.3424211e-01	-2.0952410e-01	1.1003251e-01	-2.5922596e-01	-3.3398700e-01	-3.4171286e-01	4.7811780e-02	5.4122323e-01	-1.4846185e-01	1.5351763e-01	8.0751190e-03	2.4175523e-04	7.5724319e-02	4.1297875e-02	2.3161206e-01	2.9161841e-01	-3.3729714e-01	1.1140791e-01	-7.1962856e-02	1.3282864e-01	-3.6001462e-01	-4.1302556e-01	-2.9942632e-01	6.8563566e-02	1.4863788e-01	-2.3574793e-01	-1.4876494e-01	2.8015822e-01	-3.9748345e-02	-1.0352269e-01	-8.5498080e-02	-3.8888764e-02	-1.1574319e-01	1.9874011e-01	1.9813524e-01	-1.6120806e-01	-1.1771096e-01	-2.5554210e-01	-2.9833263e-01	-2.4151002e-01	-2.8377241e-01	-2.3508279e-01	-1.9512039e-01	-2.0280361e-01	-1.6723093e-01	-6.4766414e-02	-1.4183053e-01	6.0931012e-02	-3.7104830e-02	2.0376958e-01	-1.2706016e-01	-1.6908824e-01	-3.0209789e-01	9.9758461e-02	-2.9778862e-01	2.6739028e-04	-1.9417532e-01	1.5799537e-01	-2.1339943e-01	-2.9034007e-01	-7.5882249e-02	-2.5633979e-01	-1.2270802e-01	3.5909939e-01	-1.2109780e-01	-1.6645953e-01	-1.0959885e-01	2.3422003e-01	-2.5496098e-01	-3.2035482e-01	1.5543099e-01	-2.0566408e-01	1.2122882e-01	1.1341613e-01	2.6393265e-01	-1.6898191e-02	1.1379749e-01	2.6537952e-01	2.4037936e-01	-7.3466010e-02	6.0819525e-02	1.1987704e-01	-8.0706306e-02	1.7887565e-01	-3.0978334e-01	-1.6301337e-01	-3.1047879e-02	2.7653196e-01	-2.5676438e-03	1.8753986e-01	-1.4985220e-01	1.7632583e-01	1.6328992e-01	2.3829345e-01	-4.8451159e-02	-1.9520614e-01	-2.1062796e-01	-2.2604753e-01	6.0593545e-02	1.2591913e-01	-3.2625636e-01	-2.0690116e-01	-1.8986498e-01	-1.7074253e-01	2.1815294e-01	1.6226457e-01	1.8277876e-01	-1.2201672e-02	-9.7054057e-02	1.6664346e-01	-1.1292912e-01	-3.0002864e-03	1.8238673e-01	-2.3206365e-01	-3.4693982e-02	1.8309227e-01	-1.5413210e-01	5.5429351e-02	1.2191212e-01	-9.7700953e-03	-3.0827770e-01	-2.2639434e-01	5.2995190e-02	3.4718610e-02	1.7885178e-01	-6.4131045e-01	-2.0514731e-01	8.1373282e-02	2.0976339e-01	-1.6018978e-01	-6.0104065e-02	5.4437029e-01	-1.3720815e-01	7.8111939e-02	-1.5627341e-02	-9.0571702e-02	-4.9419740e-01	-8.7565273e-02	-1.7170875e-01	2.5200149e-01	3.6099765e-01	2.9590786e-02	1.4509086e-01	-2.0430368e-01	2.4884927e-01	-1.8571435e-01	-2.2325817e-01	-1.9085671e-01	-4.8529157e-01	-4.6448183e-01	-6.4972624e-02	-3.6593124e-01	1.3746622e-01	1.8450108e-01	-1.2876724e-01	5.2649517e-02	-4.3507047e-02	-3.3576843e-01	-2.1258537e-01	-1.7235027e-01	1.7070262e-01	7.2386354e-02	-2.2913583e-01	-3.8942692e-01	1.7620126e-02	7.0147708e-02	-1.3387473e-01	-2.2196563e-01	7.6918059e-04	4.3220964e-01	2.7876303e-01	1.1308559e-01	5.8704456e-03	7.2567932e-02	2.4580234e-01	2.3453015e-01	-2.6633287e-02	1.1430681e-01	1.5555409e-01	1.4248471e-02	-3.4962762e-02	-3.1493470e-02	-2.7925345e-01	-1.3177489e-01	-2.6215479e-01	3.4355178e-01	-1.6096182e-01	-2.2503342e-01	1.5979487e-01	-3.3075839e-01	2.0433842e-01	3.7638642e-02	-8.3072139e-03	-2.1950817e-01	-3.5025588e-01	3.3301103e-01	-3.2540795e-01	1.3537313e-01	2.7646309e-01	-2.5176293e-01	-2.1343938e-01	-9.2973895e-02	-3.9955512e-01	-4.0167916e-01	3.4430838e-01	7.6767437e-02	2.6648623e-01	-1.9535621e-01	-1.8574794e-01	2.4194449e-01	1.2093328e-01	1.0458543e-01	-6.0938969e-02	-3.4953445e-01	1.8262175e-01	2.2103187e-02	5.7115104e-02	-1.9019146e-01	-8.2913108e-02	-3.9090508e-01	-2.2394316e-01	-2.1887700e-01	-1.3434424e-01	1.1162352e-01	8.6940490e-02	1.7289007e-01	2.3625571e-01	-5.7879202e-02	-5.1695667e-02	-2.4086977e-03	-2.5235075e-01	5.4002695e-02	-2.9226089e-01	-8.6507224e-02	-5.4287054e-02	2.2497228e-01	-1.9477952e-01	1.1051431e-01	-1.8956539e-01	-7.5081378e-02	1.0709479e-01	5.7076612e-03	1.7244208e-01	-2.7520064e-01	-2.3169531e-01	1.0446710e-01	-2.7962455e-01	-4.0599698e-01	1.7508389e-01	4.7294602e-02	2.0459837e-01	-1.6956246e-01	3.4047833e-01	-2.4375845e-01	-2.1941587e-01	5.0660793e-02	-3.2906276e-01	3.8986304e-03	2.5282475e-01	-1.1865719e-01	-2.6378301e-01	-7.2700924e-01	-1.7973779e-01	-4.9624121e-01	2.9787737e-01	-1.0549201e-01	3.1975165e-01	3.7821227e-01	8.8906460e-02	-4.8209649e-01	-8.1202984e-02	2.5362113e-01	-5.3359997e-01	5.0000854e-02	1.6260321e-01	8.2915671e-02	3.0820760e-01	-3.3012724e-01	2.5813838e-02	-2.6902118e-01	-4.3537173e-01	1.4828761e-01	2.8074166e-01	1.1200703e-01	-1.3535130e-01	-4.8833564e-02	2.5897262e-01	2.8136337e-01	1.6852962e-02	5.5204973e-02	8.7027073e-02	-2.2890510e-02	2.3858194e-01	2.0648498e-02	-3.7468737e-01	-1.1519590e-01	-1.7436725e-01	3.7351277e-01	1.1543746e-01	2.5768280e-01	7.3384590e-02	-1.6236606e-01	-9.7352907e-02	-5.6316067e-02	-2.2294557e-01	-3.6244458e-01	2.7564761e-01	-1.4561795e-01	2.0234953e-01	-5.2293096e-02	-3.1222750e-02	-1.4948797e-01	-1.6121204e-01	9.2597157e-02	-1.4652495e-01	2.0032908e-01	1.4795141e-01	3.1561941e-01	9.2316344e-02	-2.4460898e-01	2.0627823e-02	4.6854202e-02	-1.9261712e-01	1.5376090e-01	1.9510941e-01	1.3697925e-01	8.6172022e-02	-2.0137189e-02	-1.3800947e-01	1.4196974e-01	-1.7415884e-01	-1.6012114e-01	-5.4751354e-01	9.9241413e-02	-2.8293577e-01	3.7940066e-02	1.3612710e-01	2.1067956e-01	2.4027087e-01	-8.9040518e-02	-7.1856186e-02	2.4776770e-01	-3.0752617e-01	2.4619017e-02	2.5775297e-02	-2.9537499e-02	-7.3132858e-02	-2.3588811e-01	-1.6292341e-01	2.5029013e-01	-2.8407645e-01	2.1333078e-01	-1.6133147e-01	-2.7914959e-01	-2.4576950e-01	2.3002900e-01	1.8779981e-01	1.4234626e-02	-1.8303064e-01	1.8435131e-01	-2.9457268e-01	-1.4838181e-01	-3.3625498e-01	-1.8482766e-01	-1.3499354e-01	2.9603899e-02	8.1347227e-03	2.9306585e-02	-6.6994831e-02	9.2684161e-03	2.2892071e-01	1.0484833e-01	-1.2416493e-01	-2.8042546e-02	1.1929214e-02	-3.3099718e-02	-2.0871171e-01	1.3639031e-01	-3.6467571e-02	-1.5078601e-01	-1.5057117e-01	3.3755679e-02	8.5594662e-02	-2.2194637e-02	-3.0086753e-01	1.2871292e-02	-8.3080560e-02	1.0404281e-01	-4.6848629e-02	-1.9923285e-01	-7.4249133e-02	-3.6514793e-02	1.9370599e-01	-1.9565047e-01	-9.0509221e-02	1.5932052e-01	1.3293706e-02	1.9401231e-01	-6.3745335e-02	-3.2176509e-02	6.9420896e-02	-2.3978160e-01	-3.4641868e-01	8.9180231e-02	-2.1358193e-01	-2.5427809e-01	1.2404075e-01	-2.5853947e-01	-2.6155061e-01	1.1034621e-01	-1.3813652e-01	4.0495366e-02	-5.7425322e-03	6.6392101e-02	-1.1442862e-01	1.2148909e-01	1.9760545e-01	-2.2326802e-01	3.2832792e-01	3.1045973e-01	-3.0752206e-01	-4.6703786e-01	-5.5767536e-02	-1.1937725e-01	2.2170635e-01	2.3143965e-01	1.4588678e-01	3.6864483e-01	-6.5606125e-02	-4.8739988e-02	1.0376170e-01	9.0716563e-02	-3.9062528e-03	2.6774397e-01	-1.7575231e-01	-2.7267635e-01	2.1513852e-01	-2.6932767e-01	-2.9924607e-01	-2.7802950e-01	-2.9646039e-01	7.6438114e-02	-1.9226035e-01	2.3643643e-02	1.7232919e-01	-1.5550342e-01	-1.3122328e-01	-1.1084203e-01	-2.0957080e-01	-1.7948841e-01	-2.2107029e-01	-9.7617432e-02	1.2558220e-01	9.8726630e-02	2.1758062e-01	1.5655707e-01	-2.5808027e-01	-7.9931512e-02	6.6773251e-02	-1.9367911e-01	-2.6088592e-01	1.9543031e-01	2.9272601e-01	-2.6747784e-01	1.7935702e-01	-2.6546118e-01	-2.3574241e-01	-9.2407368e-02	3.0623877e-02	-3.2265860e-01	1.0904688e-01	2.6562765e-01	-8.2197383e-02	-9.8225936e-02	1.0258862e-01	4.6177328e-02	-3.2825601e-01	2.3051481e-01	-2.8860950e-01	7.6183096e-02	3.9340782e-01	-2.6123056e-01	1.1113996e-01	1.4746524e-01	-9.1597535e-02	7.9112751e-03	2.1412243e-01	-8.2263956e-03	4.1278467e-01	-9.6630603e-02	-4.7830984e-01	-8.5198924e-02	1.6029648e-02	-2.2849710e-01	1.2058012e-02	2.5319785e-01	-2.1334060e-01	4.6808386e-01	1.1246595e-01	4.7745015e-02	3.6853784e-01	1.5181229e-01	-2.6050311e-01	-8.9261040e-02	-1.7901246e-01	1.9354951e-02	-1.4716318e-01	-1.1357900e-01	-6.4662404e-02	-7.1911914e-03	1.9228427e-01	8.1551634e-03	1.8850099e-01	1.2254930e-01	-1.3598315e-01	-1.2001664e-01	2.9523560e-01	1.7926441e-01	2.7455202e-01	2.7758014e-01	1.1225285e-01	5.5607308e-02	-2.6069802e-01	2.3243748e-01	6.7519650e-02	-5.0340097e-02	1.8808788e-01	-2.8598219e-01	1.2843184e-01	-1.8210755e-01	-5.0426853e-01	1.2674466e-01	-3.1072807e-01	-9.4286390e-02	-2.3490620e-01	-3.4773028e-01	-4.4528369e-02	-1.0544872e-01	-2.8161326e-01	2.3002246e-02	-2.1156082e-01	-6.1643247e-02	-6.3034385e-02	-3.0256549e-01	-3.4175852e-01	-1.2566474e-01	1.9142866e-01	2.5847789e-02	-3.3355540e-01	4.2347893e-02	-2.6588023e-01	-3.1854779e-01	-1.7756756e-01	1.7266521e-01	-1.3476950e-01	-1.4406390e-01	-2.1720755e-01	-1.6093087e-01	1.2534073e-01	1.2140343e-01	2.8375944e-01	-4.9084116e-02	6.1467864e-02	2.4226432e-01	-1.0894579e-01	-1.2721893e-01	-1.2691498e-02	1.8733947e-01	1.6678666e-01	-8.7555740e-03	-1.7549695e-01	-1.8663836e-01	-2.5538883e-01	6.1812364e-02	-7.2472572e-02	-2.8312844e-01	2.3276110e-01	8.6544000e-02	-9.3279205e-02	1.3614985e-01	1.0074160e-01	2.3707348e-01	-1.4119782e-01	3.3261973e-02	2.3352881e-01	-3.1203955e-01	-1.0233902e-01	1.8386185e-01	-1.2206451e-01	1.7533033e-01	-2.0760059e-01	-4.2366702e-02	-4.9399529e-02	3.4145689e-01	-5.0957471e-02	2.4247131e-01	-1.3985661e-01	-8.6263120e-02	-1.6668475e-01	-1.6210751e-01	1.8422402e-01	-1.6943450e-01	2.8692153e-01	-1.3872027e-01	3.5848448e-01	-1.7902872e-01	-5.9336837e-02	-8.7942503e-02	-1.3414076e-01	-1.6397621e-01	3.0328324e-01	2.4724682e-01	1.2029269e-01	-3.4446079e-01	-1.7825563e-01	-2.1388400e-01	-1.7525874e-02	2.1906246e-01	1.8550280e-01	1.8757278e-01	1.8186052e-01	-4.7426873e-01	8.0559105e-02	4.0131241e-01	-2.2267003e-01	-5.3866334e-02	7.1176827e-02	-1.1442907e-01	6.7686185e-02	2.3837794e-01	1.4573823e-01	1.0100261e-01	-4.0136600e-01	4.1964374e-02	1.5633988e-01	-2.5088483e-01	2.1150047e-01	-1.2985983e-01	-3.2716897e-01	1.2027497e-01	-5.7840947e-02	2.5552204e-01	1.6303904e-01	-3.0091259e-01	2.2987814e-01	2.5001082e-01	-7.7506006e-02	1.7186224e-02	1.9454595e-01	-3.1317389e-01	-4.1005543e-01	2.9326161e-02	-2.4499612e-01	1.0091772e-01	-1.3649371e-01	-1.9732417e-01	2.8503004e-01	3.7637055e-02	-3.1008860e-01	2.1512434e-01	3.3365673e-01	-1.7469396e-01	1.6164911e-01	1.9067098e-01	-7.1228832e-02	-3.1445676e-01	-2.6541746e-01	-4.7580516e-01	2.5007212e-01	4.6727220e-03	6.9035694e-02	1.5721701e-01	-3.3845317e-02	-2.9716941e-02	4.6422128e-02	1.2598461e-01	1.0375714e-01	-7.1813866e-02	1.7347360e-01	1.9622442e-01	-2.3660624e-01	2.9407714e-03	-4.2982453e-01	-3.4517482e-01	1.3200331e-01	-1.9487685e-01	7.0066214e-02	3.3626783e-01	1.1442766e-01	7.9893537e-02	2.5992101e-01	-2.4196386e-01	-2.0374860e-01	-3.7714234e-03	2.2329897e-02	-2.2704244e-01	-1.2501223e-01	-6.0028087e-02	2.8187567e-01	-7.0185155e-01	2.8795147e-01	-1.1124365e-01	-1.0761653e-01	2.2323512e-01	-1.9258925e-01	-1.9845219e-01	-1.2673680e-01	-1.6524552e-01	-5.4705197e-01	-4.8250794e-01	-7.6092720e-02	1.1137743e-01	2.1323477e-01	-6.0058720e-03	1.6853672e-01	-1.5221523e-01	2.4367847e-01	-3.2604530e-01	-1.1629248e-01	1.6462694e-01	-5.4955691e-01	1.3954328e-01	2.6469603e-01	1.1670721e-01	2.2732213e-01	6.9004379e-02	1.4472173e-01	4.9371380e-02	-2.1481915e-01	-2.4398673e-01	-1.4461975e-01	-2.2116326e-01	-1.2992945e-01	4.8056345e-02	-3.6999455e-01	-2.5453332e-01	-3.9737944e-02	-1.9874626e-01	1.9028147e-01	2.6763016e-01	2.4861734e-01	-3.3204979e-01	2.3435116e-01	-1.2532176e-01	-3.1879139e-01	2.1447752e-02	-2.2675596e-01	-9.0590633e-02	-3.0915236e-01	2.4661553e-01	1.0043028e-01	-2.8093490e-01	-7.9879150e-02	-2.0945175e-01	-3.2382217e-01	-1.8004030e-01	2.5758572e-02	-4.2115673e-03	-2.1215948e-01	1.7757761e-01	9.5770679e-02	2.4130549e-01	-1.5009172e-01	-3.2673448e-01	4.8842434e-02	9.6146978e-02	1.2592158e-01	-2.6503637e-01	-6.2179666e-02	-3.2841307e-01	6.3486889e-02	-9.6337311e-02	6.5743133e-02	-3.5376638e-01	-2.5690290e-01	2.8077126e-02	8.4497072e-02	-1.6241729e-01	1.5267952e-01	3.1140670e-01	2.7625862e-01	-2.9264894e-01	-1.4606677e-01	2.6176128e-01	5.3775191e-02	-1.6234313e-01	4.8351299e-02	-2.1935215e-02	1.6011426e-02	-2.5505489e-01	1.9902518e-01	-8.3440892e-02	-4.0236969e-02	-2.5353825e-01	-2.7228928e-01	3.7503690e-01	-7.9295456e-02	-5.5075175e-01	-3.4211227e-01	-3.4977049e-01	1.5672530e-01	-1.6331887e-01	-7.2215915e-02	4.5882753e-01	-1.5692727e-01	1.3281342e-01	9.9571466e-02	-6.4659039e-03	-7.4011087e-02	-4.0299624e-01	1.2972283e-01	2.4506764e-01	3.1343949e-01	3.1503838e-01	1.8271863e-01	-3.4573700e-02	-2.5308767e-01	2.0801277e-01	-2.8281754e-01	-2.9663369e-01	-6.7743188e-01	-4.3766880e-01	-2.5683835e-01	-3.7016010e-01	5.6287464e-02	1.3935953e-01
-3.0209163e-01	4.6588075e-01	-1.5611389e-01	4.1034168e-01	6.1354987e-02	2.0836635e-01	-2.4762829e-01	2.3707509e-01	1.6495340e-01	-1.7563941e-01	-2.8580806e-01	9.3851618e-02	-3.7613684e-01	9.9747926e-02	4.2247611e-01	1.7185782e-01	1.9354036e-01	3.0079466e-01	-2.3569493e-01	3.6513892e-01	6.0811047e-02	-1.4677078e-01	-2.3002627e-01	2.2682996e-01	-1.2505409e-01	5.4757500e-01	-9.9635787e-02	-2.9516348e-01	6.2536609e-01	1.9466870e-01	3.8377720e-01	-3.1203598e-01
