9
input	24
dense	32
relu	0
dense	32
relu	0
dense	32
relu	0
dense	1
linear	0
7.999999979801942e-06
-5.0941063e-04	5.6503829e-02	5.8906946e-02	-1.7947112e-01	7.2938167e-02	-7.2871491e-02	1.9300379e-02	3.5109740e-02	4.8488632e-02	-7.4225562e-03	-5.4234520e-02	3.0310290e-02	-8.0699436e-02	8.5805124e-03	-9.0032056e-02	-1.7775634e-02	1.6463371e-02	3.0660965e-02	-1.0007253e-02	-2.6782246e-02	6.3770734e-02	-1.5300328e-02	-4.9160529e-02	3.1760082e-02	-9.2485718e-02	-9.8284341e-02	-3.3127628e-02	-5.5784538e-02	-1.5654137e-02	-6.1052594e-02	1.1015268e-01	-1.1175372e-02
1.1788206e-02	-1.1018354e-01	-8.0392405e-02	1.4096017e-01	-2.7894508e-02	-5.6111265e-02	1.0645770e-02	1.1677417e-01	-5.3888798e-02	4.0376373e-02	7.3385380e-02	2.1831572e-02	2.1867191e-02	-1.0013828e-02	6.6302016e-02	7.3833036e-04	1.6818121e-02	7.8481719e-02	-2.5100287e-02	-1.4726450e-02	4.8024859e-02	8.4203426e-03	-7.1530424e-02	-8.1048153e-02	5.9914954e-02	1.0731183e-01	5.0508972e-02	-4.2825412e-02	-2.6056951e-02	3.6531233e-03	6.9204807e-02	1.6724546e-02
-3.7852008e-02	7.9400115e-02	-5.7557203e-02	-8.3104521e-02	-5.7494272e-02	-5.3157206e-03	9.8050132e-02	-4.7179222e-02	-6.6189982e-02	-3.9527085e-02	-2.4651714e-02	3.5518318e-02	-4.1764718e-02	3.1470679e-02	-4.1164611e-02	2.7020419e-02	-2.4598865e-02	-3.3483570e-03	4.4297673e-02	2.2858467e-02	-3.8382471e-02	3.4773147e-03	-1.0152056e-01	4.6041580e-03	4.5687653e-02	4.3297794e-02	7.8166299e-02	-4.1177422e-02	2.1866164e-03	-2.7616516e-02	-5.2451991e-02	8.3214581e-02
2.0402521e-03
-4.6540654e-01	-2.3975173e-01	1.8140204e-01	4.3366149e-01	-1.1845741e-01	1.7628379e-01	2.0530593e-01	-3.2506483e-03	2.0862785e-01	-2.3900191e-01	-3.1307410e-02	1.6509995e-01	-2.0925760e-01	-5.5381668e-01	7.6512143e-02	-1.7041253e-01	1.8876863e-01	1.9627865e-01	-8.1351370e-02	-3.9613951e-02	-1.2219336e-01	2.0132749e-01	1.1205036e-01	-1.0914706e-01	-6.7857206e-02	8.9104839e-02	2.1745183e-02	-4.8140492e-02	3.7000853e-01	1.6482344e-01	-1.8625784e-01	-6.8113372e-02	-3.1799395e-02	4.3682653e-02	-1.6076969e-01	-7.5188011e-02	3.8515502e-01	1.0025542e-01	-1.1280706e-01	1.2644853e-01	-2.5085470e-01	-2.7538815e-01	-1.7676032e-01	-5.6463438e-01	2.5839981e-01	2.0587001e-02	1.5454942e-01	5.0832778e-01	9.9863946e-02	1.7748161e-01	-2.5148207e-01	-7.3991559e-02	-3.7123248e-01	-2.1338418e-01	1.5573379e-01	1.5557405e-01	-1.3308096e-01	4.2383730e-01	4.5612331e-02	9.6404642e-02	5.7239562e-02	5.3756094e-01	4.6829143e-01	7.2679088e-02	-9.3214229e-02	9.1464765e-02	-1.1372793e-01	-4.7175966e-02	2.3940377e-01	7.9458222e-02	1.4816153e-01	2.5958639e-01	1.1737889e-01	-2.7407518e-02	3.5213861e-01	1.8049774e-01	-2.7065572e-01	-1.3689964e-01	2.9339069e-01	-1.3806458e-01	1.3063826e-01	-1.8659511e-01	-5.1417079e-02	8.3346158e-02	2.7536795e-01	3.3385935e-01	3.0465317e-01	-2.5795293e-01	2.5641266e-03	1.9448955e-01	3.3597180e-01	7.0519276e-02	1.9360718e-01	-2.1052221e-03	-2.6776493e-01	7.7305190e-02	-1.5349703e-01	-1.0568623e-01	-2.0353863e-01	-1.8725993e-02	-2.8375670e-01	-2.0460019e-01	-2.7821285e-01	3.3040959e-01	-2.1409526e-01	1.5837368e-01	2.2749628e-01	6.0392383e-02	9.2198022e-02	1.9623689e-01	-1.3203463e-01	-2.0010792e-01	1.9751912e-01	2.2730226e-02	-1.2845436e-01	-1.7741679e-01	-1.2826322e-01	2.5387567e-01	-1.3130553e-01	-1.3353762e-01	2.5438848e-01	1.9767836e-01	-1.0681641e-01	1.5130424e-01	-6.8884626e-02	8.5159421e-02	-3.3702934e-01	-3.4684706e-01	1.3852607e-01	-2.0353915e-02	1.4071314e-01	1.8106276e-01	-2.8348820e-02	-1.1722587e-01	-3.8374415e-01	-2.0716552e-01	-1.1857907e-01	1.7446250e-01	8.9653827e-02	-1.5073778e-01	2.1831721e-01	1.7054661e-01	-1.7261989e-01	-2.8208548e-01	-1.9944263e-01	-2.1641624e-01	-7.0768178e-02	1.0677866e-01	-2.6871476e-01	2.3651698e-01	-2.0129591e-01	-1.6064341e-01	1.0043583e-02	-1.1776866e-01	1.9860706e-01	-2.2241402e-01	7.9841298e-01	6.9544381e-01	4.1089198e-01	1.7714046e-01	-9.2864089e-02	-8.1609227e-02	1.3441212e-01	-8.9640290e-02	-5.2424017e-02	-3.0270582e-03	1.2057310e-02	-9.8139860e-02	1.6031305e-01	-1.0729241e-01	-3.8066939e-01	-1.8758635e-01	1.2708433e-01	-5.2504707e-02	3.1834888e-01	4.4917412e-02	6.3034132e-02	7.7854209e-02	-3.4890059e-01	-2.3856011e-01	9.0265000e-01	4.9437767e-01	4.6439260e-01	-6.7468993e-02	-4.7072221e-02	1.9823292e-01	-7.4798957e-02	-8.9840367e-03	2.6192201e-02	-1.9250022e-02	1.6798727e-01	-2.4063787e-01	-1.3313161e-01	-1.2296841e-01	-5.6495339e-01	-5.8601177e-01	-3.9679769e-01	-4.1435716e-01	5.7376516e-03	7.0669008e-03	-2.5491893e-01	3.3571339e-01	-1.3100822e-01	-3.5717809e-01	1.0952207e-01	3.8974470e-01	1.2466223e-01	4.0741640e-01	1.2345032e-01	1.0004783e-01	3.8402981e-01	-1.0974427e-01	2.0375210e-01	1.2805779e-02	-2.8170506e-02	1.5532111e-03	-3.9894605e-01	-2.6511692e-03	-1.2141168e-01	1.2182599e-01	-8.8409059e-02	1.9188465e-01	2.8983504e-01	2.2682428e-01	-2.6821283e-01	2.6414865e-01	-2.4137637e-01	-3.1457907e-01	5.1838744e-01	2.8027752e-01	3.0385482e-01	4.7586579e-02	-2.0060033e-01	3.5606912e-01	1.6897340e-01	3.2116511e-01	2.2648008e-01	4.9558766e-02	2.9835579e-01	1.6812371e-02	-1.3070405e-01	1.8935002e-01	1.4616628e-01	1.5125506e-01	1.5665998e-01	2.0911129e-01	1.1109690e-01	-1.9454092e-01	1.9451922e-01	2.5851962e-01	-1.4138038e-01	1.6854100e-01	-4.8205635e-01	-4.8738995e-01	-1.1423044e-01	-1.6535079e-02	-5.0461642e-03	-2.0585850e-01	-4.8727721e-02	3.4128409e-03	3.3574101e-01	9.6864037e-02	6.1036134e-01	-2.2203445e-01	-1.3352209e-01	7.6909639e-02	-4.5372453e-01	-7.0028806e-01	-5.1042187e-01	1.0071515e-01	-1.3408588e-01	1.3010655e-01	2.1081403e-01	-2.7153140e-01	1.2283814e-01	-6.5868669e-03	3.3952895e-01	4.1901124e-01	3.8647497e-01	1.7848063e-01	2.1303721e-01	-1.6185401e-01	-2.1319717e-01	5.0587956e-02	-1.8993129e-01	-6.4769732e-03	2.7667087e-01	-1.5800221e-01	-3.0689266e-01	-1.3747439e-03	-1.1585617e-01	7.0830807e-02	8.8029593e-02	-2.2666584e-01	2.1821564e-01	1.5767568e-01	7.6307893e-02	1.5569533e-01	-2.2609949e-01	-1.8957275e-01	5.1123071e-01	4.4140574e-01	-1.1482377e-03	3.2921284e-01	-8.1501827e-02	-1.5895577e-02	-7.3625728e-02	-1.3641742e-01	-2.1402084e-03	3.0471908e-02	-4.5157456e-01	1.1621009e-01	8.8224009e-02	3.3022913e-01	2.0884117e-01	3.7156615e-01	-4.5454409e-02	-1.2534161e-01	1.5931453e-01	-3.2051823e-01	-2.6195464e-01	-8.1296951e-02	-5.4451283e-03	-1.6672686e-01	2.0979004e-02	-2.5121042e-01	-1.1467431e-01	-1.1258263e-01	-1.7939575e-01	2.9126576e-01	-1.2945697e-01	-9.6945345e-02	-1.6710584e-01	7.6963734e-03	2.5840051e-02	-6.8677849e-01	4.2203617e-01	8.8555418e-02	2.4406558e-01	1.6652533e-01	-2.4756235e-01	1.1112820e-01	-7.0563518e-02	-2.9177335e-01	2.5686458e-02	-2.9617307e-01	-2.2267815e-01	-1.9277704e-01	5.0391680e-01	4.1905913e-01	2.6700360e-01	2.5981289e-01	2.3900370e-01	9.1100290e-02	7.5563274e-02	-3.5528311e-01	-2.0411864e-01	-3.6668446e-02	3.4662291e-02	8.8071950e-02	3.9257552e-02	1.3483277e-01	-5.0050870e-02	3.4595439e-01	3.1531832e-01	-1.1518888e-01	2.4720395e-01	-2.2312364e-01	1.3780375e-01	1.4142577e-02	-1.5171935e-01	-1.2675716e-01	-2.3512651e-01	-5.3104274e-02	-3.3844742e-01	2.7644420e-01	-2.6366040e-01	-9.4192296e-02	2.4213035e-01	-1.3636377e-01	-5.4073674e-03	-1.0697062e-02	3.4074953e-01	-4.9018341e-01	-2.9733649e-01	-1.6354276e-02	3.3853421e-01	2.6083201e-01	-1.0126179e-02	-4.4748131e-03	1.9031015e-01	-1.5384110e-02	-2.7578649e-01	-6.8728499e-02	5.8282246e-03	1.9503276e-01	-5.6294382e-01	1.1182819e-01	-3.8083172e-01	-1.7928404e-01	-1.0987234e-01	-1.0152902e-01	2.0823789e-01	1.4815578e-01	7.7460594e-02	5.1657617e-02	6.1280149e-01	-2.1218283e-01	-5.0758278e-01	-9.9645847e-01	-8.8283008e-01	-2.0383382e-01	3.2825109e-01	-3.4783199e-01	-2.4680682e-01	4.7540620e-02	1.5120856e-01	1.7810604e-01	1.8567350e-04	-1.1015631e-02	-1.3923416e-01	5.9172258e-02	3.0232632e-01	2.0717894e-01	-1.3486603e-01	-1.5791731e-01	2.0881409e-02	1.8268560e-01	5.6965455e-02	-8.6711355e-02	-3.2996587e-02	5.9169006e-02	1.2309010e-01	-4.3510210e-02	-5.1769190e-02	4.0937129e-01	9.9515796e-02	2.2812632e-01	2.3685268e-01	8.6568482e-02	-2.6783371e-01	-5.4634102e-02	-2.0766638e-01	-2.2249876e-01	-2.9277882e-01	-2.7926210e-01	-4.1094053e-01	2.4081898e-01	2.1553437e-01	-2.6544052e-01	-1.5523058e-02	-8.6590990e-02	-1.6719228e-01	-5.3346995e-02	-4.9276728e-02	-2.3000102e-01	2.6008192e-01	1.2896369e-01	5.9744947e-02	-2.1783477e-02	-1.5943492e-02	2.4048366e-01	-3.4840748e-01	-2.0156015e-01	2.2550984e-01	5.7631645e-02	-1.4891459e-01	-1.6272782e-01	-6.0286988e-02	-2.7921525e-01	9.0908758e-02	-1.0651699e-01	-2.4058275e-01	2.7295867e-01	-1.3218051e-01	2.5431523e-01	1.9225664e-01	-9.0388544e-02	-1.2449703e-01	-2.1636926e-01	-1.8963145e-01	2.1869946e-02	4.2053428e-01	8.1601270e-02	1.9721770e-01	-8.9586884e-02	7.0773214e-02	2.3573038e-01	5.9702653e-02	-2.4271217e-01	-4.1520575e-01	-4.6656635e-02	-1.0372724e-01	-4.2886697e-02	-3.2171008e-01	3.1762230e-01	3.5558292e-01	2.8972581e-01	-6.4682788e-03	-2.2825125e-01	1.6261369e-01	-2.0626001e-02	-6.0083520e-02	-4.0790918e-01	-2.2660965e-01	-1.6452594e-01	-1.1968015e-01	4.4102918e-02	-3.1838521e-01	2.8893930e-01	3.7150200e-02	2.9276913e-01	9.1472067e-02	-1.2764657e-01	-9.5944684e-03	-1.9671006e-02	-3.1246055e-02	-5.5754813e-04	-5.2053869e-02	-6.1769299e-02	-1.5126096e-01	3.8218282e-02	-1.8782654e-01	-8.9333333e-02	3.4222347e-01	7.1748503e-02	1.0188283e-01	-2.4914272e-01	3.2557631e-01	2.0351200e-01	-2.7883673e-01	-2.6121190e-01	-2.5630841e-01	5.1396735e-02	2.5797060e-01	4.9878612e-02	3.1437752e-01	-2.8779972e-01	1.5892787e-01	-1.8894310e-01	-1.4831391e-01	-2.3144187e-01	-3.2309008e-01	-3.0140588e-01	2.8536525e-01	1.2815885e-01	-4.7934532e-02	1.8688624e-01	2.0734914e-01	-5.4107155e-03	1.7023680e-01	9.4398960e-02	2.3208980e-01	-1.9291561e-02	3.7447795e-02	-1.2728864e-01	2.4841173e-01	2.0659380e-01	3.6978558e-01	-2.1516149e-01	-2.2951350e-01	2.0353608e-01	1.2576560e-02	4.5260854e-02	-5.0365561e-01	-3.7797451e-01	3.8357716e-02	2.5792131e-01	-2.5984618e-01	-9.3935847e-02	3.3027470e-01	9.3390010e-02	2.1936658e-01	1.1829198e-02	2.0932844e-01	-5.5569708e-01	6.1714992e-02	-5.0090987e-02	-1.3044549e-03	-2.3668177e-01	1.5261720e-01	2.9118482e-03	-6.6169038e-02	2.0512351e-01	-1.7854096e-01	-3.2748092e-02	2.4961668e-01	3.2468379e-01	1.3083000e-01	3.0281657e-01	8.1968300e-02	-1.2984169e-01	8.0464296e-02	3.8026720e-02	1.7348709e-02	1.2668133e-01	2.3236035e-01	-1.8129537e-02	-1.2118905e+00	-2.7399655e-02	9.8459221e-02	3.5446960e-02	1.1006287e-01	5.3351909e-02	3.8707349e-01	-2.8476641e-01	8.9912683e-02	3.1241250e-01	1.3284883e-01	-1.4427817e-01	-2.6409230e-01	1.3202170e-02	1.7780924e-02	-1.0509583e-01	7.1020387e-02	-3.3979368e-01	-2.9403502e-02	4.9998522e-02	5.5401873e-02	3.6271682e-04	3.9464593e-01	3.3745915e-02	2.6560551e-01	-3.5565054e-01	1.0291646e-01	1.7952876e-01	1.0358317e-01	-2.3597270e-01	-3.3771607e-01	-2.3433143e-01	3.2008525e-02	1.1852499e-04	1.7505039e-01	1.2766056e-01	-8.3093010e-02	2.8987050e-01	4.4122595e-01	3.9770570e-01	-1.9960743e-01	1.9104892e-01	-6.0031783e-02	-1.3506997e-01	7.3154815e-02	1.2767556e-01	-1.7660296e-01	1.1231708e-02	-5.3619021e-01	3.7183923e-01	-4.0007365e-01	-2.2577237e-01	4.1467339e-01	2.0929861e-01	-3.6228720e-02	-2.0068872e-01	1.5042974e-01	-1.5062299e-01	-9.9082805e-02	1.4434721e-01	-3.3623997e-02	6.7694664e-02	3.5147798e-01	-3.3262002e-01	-3.7785491e-01	5.1326349e-02	-2.2278050e-01	6.9823414e-02	8.9103952e-02	1.3964179e-01	-2.6152554e-01	-5.0003645e-03	-1.2796810e-01	2.7660534e-01	-3.3148605e-01	1.1461382e-01	-1.0701095e-01	1.3085097e-01	3.0545947e-01	-1.0753334e-01	1.6565484e-01	2.8821579e-01	2.3311497e-01	2.7757788e-01	6.4182401e-02	-2.3901249e-01	-3.5148796e-01	-4.8060724e-01	-4.3096709e-01	1.5785702e-01	4.5527827e-02	-9.1799729e-02	-4.6242114e-02	-1.7519008e-02	-2.3333900e-01	-1.4468028e-01	1.5313627e-01	5.5005420e-02	-3.2322186e-01	3.0594093e-01	1.9636336e-01	-3.4470472e-01	1.7055741e-01	9.6996456e-02	1.5327848e-01	-1.4011715e-01	-3.3283064e-01	1.1093315e-01	1.5872167e-01	3.4428057e-01	2.8174040e-01	-2.1191610e-02	3.6410201e-01	2.5698739e-01	4.9575422e-02	1.2691669e-02	-3.4500480e-01	-1.6348802e-01	2.9568619e-01	-4.4512558e-03	-7.3850024e-01	2.6338926e-01	-1.4609948e-01	-5.4623121e-01	-6.8011254e-01	-8.2560623e-01	-6.4225698e-01	-1.4163716e-01	-2.6351911e-01	2.3325831e-01	-1.1463547e-01	2.0225756e-01	-2.2496326e-01	1.6778186e-02	1.4313278e-01	-2.4331456e-01	-3.8510490e-02	-2.1835171e-01	2.0332423e-01	1.0519898e-01	-1.5260084e-01	1.0151657e-01	-2.0829922e-01	2.0262156e-02	4.5156013e-02	-2.4677064e-01	1.6142225e-01	-7.0364043e-02	-9.0563431e-02	4.6999034e-01	1.1778266e-01	2.7597323e-01	-2.1586552e-01	-7.4618734e-02	9.2417903e-02	2.8044260e-01	-1.9711581e-01	-3.2060143e-01	-1.3548042e-01	-2.6202464e-01	-5.5114854e-02	-1.2808080e-01	2.1310604e-01	1.5574169e-01	1.9260274e-01	-3.2630831e-01	-1.8301779e-02	-6.2815701e-03	5.7003027e-01	1.1276630e-02
-2.6729965e-01	-4.5934070e-02	-2.6730463e-01	-9.7855888e-03	1.7487824e-02	-2.6254237e-01	2.8491500e-01	3.1285128e-01	-1.6271858e-01	1.3462995e-01	-8.8121638e-02	1.6583742e-01	-9.1178656e-02	-9.6212290e-03	-1.8168955e-01	-4.7867927e-01	1.3788538e-01	4.2592153e-01	-7.4937604e-02	1.3471031e-01	-8.8009767e-02	1.1401083e-01	-6.8886198e-02	-4.5099652e-01	-2.5814810e-01	-1.9590460e-02	1.1968269e-01	1.0852382e-01	1.9457382e-01	-2.1239680e-01	-7.0774630e-02	5.2460514e-02	5.1003587e-02	2.6994461e-01	2.4047546e-01	1.9151443e-01	8.5766762e-02	-1.1651625e-01	1.8251915e-01	2.3071648e-01	1.5974389e-01	1.8685018e-01	-2.8850954e-02	-2.4984862e-01	-1.3140497e-01	-3.0901986e-01	1.5293122e-03	1.1568449e-01	3.5662055e-01	-3.1520754e-01	9.4487451e-02	-1.3662647e-01	-4.0058774e-01	-2.6471484e-01	2.5172377e-01	-4.7839350e-01	-4.0540058e-02	1.0605080e-01	4.7960646e-02	1.9263867e-01	-6.9358081e-02	2.6031870e-01	4.0600780e-01	1.9281584e-01	-1.7055944e-01	1.9833183e-02	-7.5999270e-03	1.3286759e-01	2.6051149e-01	8.5065223e-02	-9.9444605e-02	-1.7451724e-01	1.5422092e-02	-6.5390855e-01	2.7202776e-01	1.9259373e-02	-2.2465271e-01	7.8216754e-02	1.4671088e-02	3.7433752e-01	1.8335083e-01	-3.5126787e-01	-9.8185755e-02	-2.7141979e-01	8.1480391e-02	2.1844612e-01	-1.4574806e-01	2.7849621e-01	5.7821260e-03	2.8408411e-01	-3.7588805e-01	-2.8547168e-01	-3.4851328e-02	2.9746316e-02	-1.3382345e-02	3.2908013e-01	2.2745788e-01	2.1163945e-01	5.5451058e-02	-5.9930611e-01	-1.7119229e-01	6.8787038e-02	-1.5106805e-01	-4.2818344e-01	1.7787318e-03	7.9457588e-02	-5.3046483e-01	-3.6323103e-01	-2.7350408e-01	3.0081123e-01	-6.7342699e-02	-1.5705980e-01	-1.9533122e-01	4.3157241e-03	5.1449470e-02	1.4032908e-01	9.7944923e-02	1.2338390e-01	1.9519098e-01	-1.0940340e-01	-1.5216571e-01	-3.3721259e-01	1.3886334e-01	-2.3903587e-01	1.5805335e-01	-2.0171382e-01	-3.3287144e-01	1.0896447e-02	-3.9479396e-01	3.9676443e-02	-2.1834061e-03	-5.3100370e-02	2.7341982e-02	5.4225624e-02	2.7431765e-01	4.2716342e-01	-1.1864619e-02	2.2759137e-01	-9.5666364e-02	1.5297063e-01	2.2873907e-01	8.5183091e-02	2.1307600e-01	1.9102281e-01	-4.5968980e-02	-1.1389765e-01	2.3580603e-01	-1.1566766e-01	-2.4687335e-01	1.8186232e-01	-6.0759564e-03	-2.4530288e-02	3.6679342e-01	2.0623177e-01	-1.0270524e-01	2.0461619e-01	-2.3519875e-01	1.7925565e-01	-8.0442419e-03	2.9282594e-01	8.7602891e-02	5.6311376e-02	-4.1606063e-01	-2.4191136e-02	-8.3074801e-02	2.0127390e-01	3.3638531e-01	2.0620252e-01	2.3468427e-02	-2.8162023e-01	-2.2599691e-01	4.8084680e-02	-2.1940430e-01	1.9353963e-02	1.6149001e-01	-3.2931513e-01	1.1920864e-01	1.4296734e-01	-2.7010611e-01	1.0965548e-01	-9.8402247e-02	2.2067030e-01	1.5246786e-01	-1.8134092e-01	2.4538825e-01	-2.4089931e-01	3.4550995e-01	1.8997617e-01	8.6601205e-02	2.3899326e-01	-1.4433143e-01	-1.4177655e-01	-1.6350892e-01	-3.0997041e-01	-1.6956177e-01	-6.8254516e-02	9.5243290e-02	1.6013863e-02	-2.8253466e-01	-1.3903086e-01	-1.2902476e-01	3.0736476e-01	6.9317773e-02	-5.3768110e-02	-1.5785486e-01	6.4291717e-03	2.1025926e-01	1.7437811e-01	1.9842355e-01	-2.4917179e-01	-2.2971700e-01	2.5096706e-01	8.0292985e-02	-1.3181764e-01	2.4671225e-01	-6.1507400e-02	-1.6610140e-01	-1.2973642e-01	-1.7402011e-01	1.2173704e-01	-7.0248969e-02	-1.8687700e-01	-3.0908450e-01	1.8637432e-01	-4.0367499e-02	5.1003098e-02	-3.0475764e-02	1.3922742e-01	2.7909040e-02	2.0140797e-01	-7.0098424e-01	-1.3704123e-01	1.4366853e-01	2.9538974e-01	7.7550180e-02	1.0888252e-01	-3.4539330e-01	2.2837421e-01	1.9692464e-01	-2.3455068e-01	-1.5875240e-01	-4.4879925e-01	-3.4192371e-01	2.6879370e-01	2.5558597e-01	5.3060509e-02	1.7455761e-01	3.1414565e-03	-4.0209141e-01	2.5592965e-01	1.9365494e-01	-2.3771578e-01	1.0245391e-01	-7.6001412e-03	-2.3568575e-01	-6.1452735e-02	-4.5885805e-02	-2.5016552e-01	2.8110778e-01	-1.0380226e-01	1.7972876e-01	-1.2316088e-02	2.9108116e-01	7.5419913e-03	-1.2170781e-01	3.1507283e-02	-6.4951345e-02	3.0243748e-01	-3.6805353e-01	2.5443637e-01	-6.4402647e-02	-1.7406315e-01	-3.0134290e-02	-2.5682428e-01	1.0515356e-02	8.0816150e-02	3.8604766e-02	-6.9278851e-02	-7.1172304e-02	9.4140641e-02	1.3498721e-01	-3.6020753e-01	3.5053816e-01	-1.4690340e-01	-4.7763392e-02	4.1664392e-01	-5.1410574e-01	-3.1990317e-01	3.2465100e-01	3.1687196e-02	-1.1729766e-01	-7.5516164e-02	2.6756120e-01	-2.2326390e-01	2.2834104e-01	2.1614416e-01	-4.4152442e-01	-6.7351155e-02	1.2737487e-01	-2.1416472e-01	-4.8039392e-02	-4.4913149e-01	-5.5946816e-02	2.5420237e-01	-2.1506210e-01	-7.6152310e-02	1.8688837e-01	4.4138640e-02	-6.8303478e-01	1.9975795e-01	-1.1054093e-01	-2.4527371e-01	-3.0152893e-01	-1.7428836e-01	-2.5882185e-01	-3.0258811e-01	-1.3875379e-01	1.3376955e-02	1.8117594e-02	3.3443612e-01	2.4577947e-01	-4.2651412e-01	2.1809141e-01	-2.6825476e-01	-7.2273940e-02	2.1541126e-01	-2.7913770e-01	6.5991260e-02	-2.9911807e-01	1.1579668e-01	-1.7831810e-01	-1.6543585e-01	-2.8467101e-01	-1.4502150e-01	-8.8423163e-02	2.5409573e-01	3.2009352e-02	1.5082404e-01	-1.5167116e-01	-1.5019441e-01	1.0294197e-01	-9.8151378e-02	1.4310642e-01	-4.0415715e-02	4.4072647e-02	-1.8975076e-01	-2.3188590e-01	-1.9703680e-01	2.7181244e-01	-4.1236904e-01	-3.3901636e-02	-2.5224451e-02	2.0687959e-01	1.3415308e-01	-1.2248985e-01	-1.8237942e-01	-5.6394313e-02	-6.6463217e-02	-1.6586462e-01	-5.6434434e-02	3.7478928e-02	-2.1552600e-01	-1.1738215e-01	-5.8345979e-01	-2.1901228e-01	6.4187698e-02	-2.5138575e-01	2.3341522e-01	9.6325524e-02	-3.9147725e-03	2.9901817e-01	-2.5323561e-01	2.9533387e-03	2.0020269e-01	2.8900456e-02	1.2611069e-02	-7.7939257e-02	1.3063447e-01	-3.7185150e-01	-1.3353182e-01	2.4258964e-01	4.9648698e-02	-5.3403020e-01	2.0833895e-01	-2.4724221e-01	2.5378832e-01	-4.6980206e-02	1.2802559e-02	8.0646865e-02	6.7550875e-02	5.6045383e-01	5.1786453e-01	-1.4820567e-01	2.6890230e-01	-9.8922640e-02	4.7586846e-01	-5.4402657e-02	-2.7896006e-02	3.9144781e-01	1.6949359e-01	1.1772235e-01	-9.0161242e-02	-3.5763630e-01	1.6283263e-02	-9.3268504e-04	-8.4061004e-02	7.6834939e-02	-1.1051935e-01	6.6401340e-02	-1.1679548e-01	2.1262421e-01	-2.7457410e-01	-2.9719445e-01	5.8304504e-03	1.8645613e-01	1.4225017e-01	-1.5556125e-01	9.6134782e-02	9.2305899e-02	1.8364105e-01	-1.1436410e-01	-6.6027962e-02	-3.6284652e-01	2.2290932e-01	-8.7512083e-02	1.1342768e-01	3.7556845e-01	-8.8811675e-03	1.0714751e-01	1.7909448e-01	-3.5705605e-01	1.3153677e-01	1.3563725e-01	-2.6916277e-01	-2.9699642e-03	-9.3733981e-02	-4.3235847e-01	5.0762951e-02	6.2439822e-02	-6.3693456e-02	-5.3214241e-02	3.0455184e-01	-3.2536417e-01	-9.2516266e-02	3.0595726e-01	-1.1117579e-01	-2.2814579e-01	3.4230947e-01	-9.4070867e-02	5.5293482e-02	1.4809902e-01	-2.8616539e-01	2.4503465e-03	-2.7567899e-01	-2.4484459e-01	-6.0303587e-01	2.4142755e-02	-1.5303689e-01	-5.4902077e-01	-3.7998202e-01	8.2471058e-02	2.6851952e-01	-1.1419637e-01	3.8900447e-01	-1.1945279e-02	-2.9368377e-01	2.9382420e-01	2.9553008e-01	2.1664336e-01	-1.0782342e-01	1.9772725e-01	-5.3249225e-02	-4.2261273e-02	-4.9057260e-01	9.9187784e-02	3.5711914e-01	-5.0664224e-02	-2.1629666e-01	-3.3162579e-01	1.3189274e-01	-8.0509298e-02	-4.1519386e-01	-1.4383738e-01	-4.7838011e-01	-6.2616579e-02	3.3478567e-03	9.2136182e-02	5.8323318e-01	-1.4257480e-01	-1.7117296e-01	1.5551265e-02	2.0984197e-01	-4.3489948e-02	-5.0086148e-02	8.1239730e-02	-4.9218169e-01	-4.6610427e-01	3.1064486e-02	-1.6725665e-01	2.2248004e-03	1.4914121e-01	2.2622645e-02	-3.7845753e-02	-2.7441069e-01	-2.6282534e-01	-2.2756059e-01	-3.7988085e-01	2.1863192e-01	-1.1913469e-01	6.4437523e-02	1.4510082e-01	-8.4998362e-02	-5.1394850e-02	2.6229808e-01	3.8899779e-02	4.0670622e-02	-1.2907304e-02	2.1198715e-01	-2.5168564e-02	-7.1545504e-02	-3.3724868e-01	-3.3430919e-02	-1.5344022e-01	-1.3285913e-01	6.8845056e-02	-2.0951876e-01	1.4585377e-01	6.3858517e-02	1.7559297e-01	1.2033202e-01	-1.2896378e-01	1.5927318e-01	1.4370081e-01	-8.4715620e-02	2.0012604e-01	2.5576952e-01	-1.3990033e-01	2.5365698e-01	-4.3173015e-01	3.0751348e-01	-1.4956519e-01	-1.2831508e-01	-6.6102698e-02	2.2712807e-01	3.4390080e-01	-7.1869962e-02	-1.2587000e-01	-1.4983383e-01	1.3250227e-01	-6.5854646e-02	-4.2444247e-01	-4.6170107e-01	-3.0579185e-01	-2.4893510e-01	1.0406902e-01	-3.7621293e-02	-1.9004628e-01	-5.4311298e-02	2.5999466e-01	2.4775955e-01	1.8363905e-01	2.3202868e-02	1.4483087e-01	3.0063650e-02	9.8738797e-02	-2.0278484e-01	-5.8593665e-04	2.7982846e-01	2.9606121e-02	3.7852788e-01	-3.5591862e-01	2.9277006e-02	2.2188959e-01	-3.8131738e-01	-4.4940299e-01	3.4350345e-01	4.9618151e-02	-1.1762475e-01	-1.3881481e-01	2.9716074e-01	-2.5468260e-01	-1.8697847e-01	3.7358889e-01	2.3948090e-02	3.2529563e-01	5.7126015e-02	-1.7658573e-01	3.5567400e-01	1.4006951e-01	1.3023517e-01	-1.5116268e-01	-2.3019038e-01	-5.5884693e-02	1.0626989e-01	1.5106502e-01	-8.8739544e-02	-1.1225363e-01	6.5980904e-02	4.0548109e-03	6.3433696e-04	3.1107184e-01	-1.9872488e-01	7.4246280e-02	9.7364455e-02	-1.4842114e-01	2.9336467e-01	5.2601293e-02	-2.3777115e-01	-1.3581623e-01	4.1220918e-01	-5.6578983e-03	-9.0501629e-02	8.2311118e-03	-2.3759827e-01	2.4982330e-01	-2.4299279e-02	-2.5618199e-01	-4.9897861e-01	2.3718260e-01	1.1630347e-01	2.2370660e-01	3.5743471e-02	-2.9727897e-01	-1.7352512e-01	1.7340212e-01	-4.3642209e-03	4.6136379e-02	9.8566428e-02	2.8060839e-01	-2.9984036e-01	-1.1772355e-01	-3.9130980e-01	-8.1973806e-02	2.3457972e-02	-2.1506247e-01	-1.6324571e-01	7.4618019e-02	3.4226817e-01	3.6816597e-01	-4.2375058e-04	-1.4370553e-01	2.5279034e-02	-3.7260687e-01	1.0103323e-01	-4.8604991e-02	-3.3058308e-02	-3.7802733e-03	-4.3579704e-01	-2.4653781e-02	1.4976780e-01	2.9954842e-01	-4.2672351e-01	1.6712619e-01	2.6513141e-01	3.1219602e-01	3.3226776e-01	2.3881151e-01	-3.5272834e-01	9.1518998e-02	-1.7210540e-01	1.2359571e-01	2.2257416e-01	3.1848016e-01	2.8425559e-01	-3.5222292e-02	1.6811278e-01	-3.1758210e-01	2.5477314e-01	-2.8537491e-01	-7.1560450e-02	-6.6848435e-02	-1.2434728e-01	-7.1586415e-02	2.7256772e-01	-1.7578708e-01	-6.8352602e-02	-1.7319272e-01	2.3012714e-01	7.4656107e-02	1.1370689e-01	-2.0316443e-01	-1.0804936e-01	3.0769187e-01	-8.9409947e-03	2.0079175e-01	-2.6477867e-01	-6.9963351e-02	-1.8115298e-01	3.1050909e-01	-1.1080517e-02	-4.6415888e-02	3.8185786e-02	1.0106500e-01	-9.2012621e-02	-2.1891280e-01	-2.3771282e-01	1.5763024e-02	-2.0316280e-01	-6.4840689e-02	2.1793255e-01	3.1472749e-01	-8.5822381e-02	2.7339518e-02	1.4497632e-01	-2.9716292e-01	5.4902923e-01	3.1835720e-02	-3.0839741e-01	3.6342496e-01	-6.3254856e-02	-4.3364950e-02	-2.0639174e-01	1.3279416e-01	-4.0858109e-02	6.6535033e-02	-2.5140738e-01	1.6987279e-01	1.9587424e-01	-1.1491355e-01	-3.0914119e-01	-1.3265586e-01	1.4666937e-01	5.8366135e-02	5.7023503e-02	1.5888968e-01	-1.1466427e-01	-5.5747554e-02	-1.8383902e-01	1.8194385e-01	1.9089618e-01	-2.8172308e-01	-4.8387509e-02	-5.8973067e-02	6.7379147e-01	8.8962540e-02	1.9971435e-01	-3.0131927e-01	-3.7748414e-01	-1.7767246e-01	1.2678225e-01	1.5248762e-01	-2.4063855e-01	-2.7674472e-01	-1.7414622e-01	-3.8569915e-01	6.7714415e-02	-8.0596775e-02	-3.7899259e-01	-3.0411685e-01	1.6259776e-02	1.9868009e-01	-8.7906547e-02	4.1334353e-02	1.2484417e-01	-1.3350047e-01	1.7576277e-01	1.5085995e-01	4.0366501e-02	5.6414504e-02	-1.9483204e-01	-1.0637327e-01	-1.0593970e-01	-2.2285748e-01	6.0967032e-02	3.2155710e-01	1.7915395e-01	2.3936608e-01	-1.0047252e-01	1.7411800e-01	4.4665851e-02	2.4326539e-01	-2.2112034e-01	-1.5175107e-01	-1.3970628e-01	-3.4946583e-02	-2.2867289e-01	-1.9239323e-01	3.0828493e-02	-5.6577176e-01	-4.4060852e-02	-1.4943817e-02	4.7821771e-02	-7.5003445e-02	1.4524785e-01	-2.3233289e-01	-1.5005589e-02	4.0492484e-01	-2.6454175e-01	1.0583122e-01	-2.0591779e-01	2.1331111e-01	-1.7229983e-01	8.8990875e-02	-3.9614409e-01	1.2050231e-01	1.6032068e-01	-4.8305247e-02	-2.0249414e-01	-2.4354143e-01	-1.1734147e-01	-2.4707718e-01	-2.3054062e-01	2.0385459e-01	-5.0899111e-02	-3.0331504e-01	-2.0332664e-01	-7.6713395e-01	-1.1696182e-01	-9.6707799e-02	3.3024225e-01	-1.0511159e-01	-7.7402449e-01	-1.1230422e-02	1.9026913e-01	3.0393004e-01	-8.6022861e-02	-4.1644657e-01	-5.3839916e-01	-1.6927645e-01	-4.4004776e-02	-9.9875323e-02	-1.2020246e-01	1.6006476e-01	1.5707159e-01	1.9586706e-01	-1.9947980e-01	8.2521923e-02	-5.8604091e-01	-3.6173695e-01	2.7595926e-02	4.8385397e-02	7.4510582e-02	-1.1662515e-01	-6.9936258e-03	-3.3852509e-01	-2.8175688e-01	-2.8630616e-02	1.1897744e-01	-2.0257341e-02	3.4937081e-01	5.8847898e-01	-6.4039856e-02	1.0780133e-01	-9.2836685e-02	2.3976408e-01	-4.6824086e-01	-2.5600019e-01	1.2853317e-01	-2.0694238e-01	3.3869174e-01	2.4766481e-01	-2.9166046e-01	-1.6503638e-01	2.9063377e-01	2.4229182e-01	3.5079572e-01	2.0441809e-01	-9.3082726e-02	-3.1665653e-01	-1.5458192e-01	-5.0819930e-02	-1.7325827e-01	-1.9767949e-01	2.7214986e-01	2.1724090e-01	4.6085930e-01	-1.3800883e-01	-3.2588166e-01	-2.2714667e-01	5.7943292e-02	2.9297000e-02	1.8018860e-01	-4.3412960e-01	-2.9804480e-01	-1.5062125e-01	7.6378025e-02	1.3287023e-01	1.1272819e-01	2.8626570e-01	-1.2895504e-01	2.4594569e-01	-1.9727539e-01	1.6605219e-01	2.7730647e-01	1.2336688e-01	6.7258134e-02	1.6891928e-01	1.0239519e-01	-1.6268225e-01	1.6018325e-01	-1.4396326e-01	-2.3558003e-01	3.9027438e-02	-1.8687811e-01	-5.6909710e-01	-8.7200165e-02	4.5218904e-02	-3.6500907e-01	-1.6509591e-01	3.7347052e-02	-7.9125807e-02	-2.9885851e-02	-8.6450838e-02	-3.8235182e-01	-1.6227387e-01	1.9575125e-01	-3.4179129e-02	-1.0895882e-01	3.9061112e-03	-1.4589506e-01	-2.1723469e-01	1.9996233e-01	3.9905944e-01	-1.5544611e-01	-8.4642500e-02	1.6448477e-01	3.4566182e-01	1.5543088e-01	5.6795538e-03	-3.8942695e-01	-8.9922562e-02	1.4189312e-01	-4.4929542e-02	3.6314741e-01	-9.2139632e-02	3.5050073e-01	-1.8421600e-02	2.8336617e-01	-1.4446580e-01	2.0867627e-02	-2.3472527e-01	4.8114136e-02	2.4524994e-01	-1.8795593e-01	1.1428411e-01	4.9459457e-01	5.9593491e-02	3.1053311e-01	-4.2876968e-01	1.1581945e-01	1.0598013e-01	1.0207353e-01	1.6158629e-02	-2.0753646e-01	6.2235698e-02	-1.6698906e-01	-2.5356966e-01	2.6756617e-01	1.9186977e-01	-4.1773360e-02	-2.8185797e-01	6.8470716e-02	2.7046454e-01	1.4399657e-01	1.6332553e-01	3.1093198e-01	-2.6744717e-01	-2.9577397e-02	1.8598759e-01	-7.3639207e-02	-3.0256379e-02	1.2075150e-02	-1.4124166e-02	-2.3146432e-02	-1.2461046e-01	3.1128475e-01	-2.4271712e-01	-2.3332733e-01	4.4556341e-01	3.1546105e-02	-1.0957920e-01	-3.1269699e-01	-2.5057092e-01	-2.2702720e-02	3.4616932e-01	-2.2281697e-02	-2.6064205e-01	5.4910235e-02	7.2255693e-02	-1.7742926e-02	-2.9241347e-01	1.7316161e-01	-2.9811099e-01	-1.6468705e-01	3.3030268e-02	-1.2332714e-01	1.8024395e-01	-2.3555653e-01	2.0607664e-01	-2.8316003e-01	-1.0617685e-01	2.4468698e-01	3.1165496e-01	1.8248940e-02	-3.9757296e-01	-2.6672417e-01	-2.0255284e-01	3.5467783e-01	-4.0051612e-01	-2.3759110e-01	-3.5921785e-01	-2.3407960e-01	3.1652319e-01	-1.5265104e-01	-1.7147714e-01	2.2254412e-01	-9.3768388e-02	4.0885545e-02	5.2707091e-02	-3.0814356e-01	-2.2292639e-01	-4.9563530e-03	2.1463405e-01	2.0334579e-01	2.2469921e-01	1.0359099e-01	2.0453912e-01	-9.9063262e-02	4.4741642e-02	1.6335557e-01	8.9233890e-02	6.9005840e-02	1.8552572e-02	1.7410283e-01
-9.5438123e-02	-7.9293858e-04	-2.7891429e-02	2.0847470e-01	-2.9854208e-01	-6.7047819e-02	-1.7367677e-01	2.6459783e-01	-1.1850193e-01	-2.3139566e-01	1.7756079e-01	-2.1187815e-01	-1.6470663e-01	2.1301976e-01	3.6385395e-02	2.5182661e-01	1.5689369e-01	-1.2469869e-02	-2.7995023e-01	-2.6424846e-01	-1.3543585e-01	-3.2078648e-01	-1.7870095e-01	2.6692042e-01	2.7544379e-02	-2.2590767e-01	-2.5004691e-01	-2.5253615e-01	-2.9264829e-01	-1.1009052e-01	-2.9652828e-01	-3.6068942e-02	-4.3262982e-01	-6.3083678e-02	9.5126733e-02	1.7795730e-01	1.0236141e-01	-2.4079777e-01	3.8452968e-01	-6.2642954e-02	-2.9613152e-01	-8.8438019e-02	5.1361299e-01	2.0044219e-01	-2.3677421e-01	4.8850432e-01	5.7103640e-01	-3.2415405e-01	-4.2284757e-02	3.5329059e-01	-3.4112144e-01	-5.1424378e-01	4.7441748e-01	3.0275498e-02	3.7985574e-02	-2.4505010e-01	-2.0523837e-02	4.3826383e-01	5.5500489e-02	-3.3758172e-01	-1.1897659e-01	-1.9880486e-01	3.1487927e-01	5.5675823e-02	-1.6569479e-01	3.6193043e-02	-1.1516351e-01	-2.3700796e-01	4.4929076e-02	2.3035308e-02	-1.2500370e-01	-6.7880428e-01	2.3092130e-01	-2.7103996e-01	-2.0335875e-01	-8.7159537e-02	2.0085928e-01	-6.9500220e-01	-2.9964525e-01	-1.0072294e-01	-2.3000471e-01	-6.8679273e-01	2.1564688e-01	1.3448119e-01	-3.5072827e-01	6.1432205e-02	1.4919679e-01	4.6425685e-01	2.6552987e-01	3.6017455e-02	3.3982074e-01	3.2900015e-01	1.0963669e-01	-4.3627851e-02	5.1813569e-02	-2.0511115e-01	-2.2632076e-01	-1.5742600e-01	-2.1801667e-01	1.1423577e-01	-8.0205396e-02	-1.7364031e-01	9.8777965e-02	-1.3090737e-01	-1.7411940e-01	-2.8789330e-01	1.3335465e-01	2.0010602e-01	-3.1010213e-01	-6.6182956e-02	-1.9225685e-01	1.5737472e-01	-1.0663917e-01	1.6279015e-01	1.1731444e-01	-2.3569994e-01	-3.0926970e-01	8.2956143e-02	2.1338511e-01	-2.1701147e-01	-1.3790636e-01	-1.1827308e-01	-2.3582567e-01	2.3276302e-01	-3.0880934e-02	-1.1406011e-01	6.5402769e-02	-1.0381055e-01	-6.3664600e-02	6.5195464e-02	4.6522964e-02	-1.6144504e-01	-1.0057404e-01	-2.9848918e-01	2.7642074e-01	9.2156112e-02	-1.9047286e-01	8.5144490e-02	8.9003421e-02	-3.0561438e-01	-1.8662179e-01	-2.8235027e-01	4.8964944e-02	-1.4451806e-01	5.3816434e-02	-2.1841043e-01	-2.2498848e-01	2.3378620e-01	-2.3432760e-01	-2.7766111e-01	2.1217398e-02	6.4206362e-02	-3.0715340e-01	2.4072358e-01	4.7755092e-02	1.2967652e-01	1.1223864e-01	2.5219571e-02	-6.3473292e-02	-2.2002551e-01	-1.9046460e-01	-3.2357983e-02	1.0938668e-01	2.4884769e-01	1.5788333e-01	-1.9490817e-01	-4.0557291e-02	2.5613272e-01	2.9514414e-01	5.8828171e-02	3.1487685e-02	-3.3213654e-01	-5.7026379e-02	-4.9498376e-01	-4.2657548e-01	-2.9018781e-01	8.8889927e-02	-9.2733271e-02	-3.3308578e-01	-3.8093778e-01	1.5004863e-01	-3.9621833e-01	1.9065924e-01	2.0247453e-01	-1.6083568e-01	1.1141515e-01	-1.5638492e-01	2.7658921e-01	2.1730922e-01	-2.1963316e-01	2.2477907e-01	-5.8046889e-01	2.7919480e-01	-2.6585534e-02	1.8995765e-01	5.1301104e-01	-3.3259708e-01	-4.4760171e-02	4.0184242e-01	2.1299939e-01	-3.8590983e-01	-3.1578735e-02	4.8594835e-01	3.8720262e-01	-2.9724938e-01	2.6158684e-01	4.8624828e-01	-4.9386458e-03	2.9540676e-01	4.9083135e-01	-4.5574227e-01	-4.7265759e-01	6.4625716e-01	1.7742245e-01	4.7731902e-02	-3.5847783e-01	-2.0778725e-02	2.6582259e-01	-3.6440730e-01	-3.8222003e-01	-3.6119021e-02	-2.1167721e-01	1.7077401e-01	-9.9302821e-02	-1.3776310e-01	-7.0099510e-02	-3.5970297e-01	3.3426353e-01	-1.4842826e-01	-2.3605242e-01	4.0911235e-02	6.4610071e-02	2.3155010e-01	1.5935573e-01	-1.0438015e-01	-3.5518263e-02	-7.4512558e-03	8.4614955e-02	-1.6842605e-01	5.4219224e-02	9.3858838e-02	-6.2230479e-02	-7.3131241e-02	2.3859449e-01	-3.0220085e-01	2.3807634e-01	-3.8544798e-01	-9.8979995e-02	-4.3695010e-02	4.1362754e-01	7.1799338e-02	1.8099068e-01	-1.7730170e-01	1.9330189e-01	-9.4752841e-02	2.0453782e-01	-1.9986890e-02	4.7677748e-02	9.5497845e-03	-7.5087197e-02	-1.8366598e-02	-1.3172294e-01	2.9328057e-01	-6.5049708e-02	2.3722672e-01	1.9867139e-01	-2.8326356e-01	-2.3225090e-01	-3.2108498e-01	-2.2053036e-01	1.6233352e-01	-1.1055006e-01	8.9912407e-02	-1.8385182e-01	-1.4741349e-01	1.4353535e-01	2.4281919e-01	-8.4857151e-02	-9.0581551e-02	-5.9223145e-02	-2.9673150e-01	-2.4671002e-01	-6.0176417e-02	1.2661834e-01	1.6003527e-01	1.1241523e-02	1.5928164e-01	-3.5368469e-01	-4.1571256e-02	1.9200405e-01	-1.1873344e-01	6.2515402e-01	-3.7030670e-01	-2.0539233e-01	-2.0433643e-01	3.2639557e-01	5.1950723e-02	3.6439434e-02	-7.2471194e-02	-2.5241038e-01	5.7449840e-02	-2.1254601e-01	-2.2821045e-01	1.3008934e-01	1.5318587e-01	-8.3274864e-02	-9.5422089e-02	-2.9126195e-02	-2.4969919e-01	-2.2192088e-01	5.8657050e-02	1.2022096e-01	-1.4818084e-01	5.6982738e-01	-1.2001166e-01	2.2761114e-01	1.5769914e-01	2.7230409e-01	4.6604294e-02	-5.2827644e-01	-6.2003031e-02	-1.0387843e-01	-2.4570420e-01	-7.7275448e-02	1.3881792e-01	-2.0024827e-01	2.8049049e-01	-3.6140334e-02	-2.9652089e-01	-7.5219236e-02	2.0461990e-01	2.3489390e-02	-4.0573464e-03	-2.8085274e-01	-8.4991470e-02	-1.1605975e-01	4.7189754e-02	-2.1577409e-01	-2.4516173e-01	-2.2522926e-01	-2.5218457e-01	-1.4014927e-01	2.8371814e-01	7.4937940e-03	1.0903067e-01	2.2282091e-01	-1.1086582e-02	-8.4202312e-02	-1.3594443e-01	-2.7635902e-01	-2.2381063e-01	7.6618560e-02	-3.6097059e-01	-1.9350487e-01	1.2998904e-01	-1.3846667e-01	1.4333160e-01	-2.2627044e-01	-2.5853813e-01	1.2772116e-01	4.1552863e-01	1.3167714e-01	7.8205176e-02	-3.1544325e-01	-1.0543960e-02	-4.2900160e-02	-1.2391073e-01	-2.7771589e-01	-1.3418274e-01	-4.6137106e-02	-2.3120855e-01	2.1376440e-01	-4.6550538e-02	5.3858615e-02	5.3177415e-03	1.3709775e-01	-3.7933016e-01	4.4586357e-01	4.1793305e-01	-4.0470302e-02	-8.1467122e-02	-6.4590383e-01	3.5953256e-01	-8.1459448e-02	-3.7420861e-02	-1.5831837e-01	-4.0381363e-01	-7.0108831e-02	1.2193415e-01	1.8951051e-01	-1.6891971e-01	-1.8624833e-01	2.2432528e-01	1.7065689e-01	1.2358885e-01	-2.4055216e-02	-3.7736326e-01	-3.2191527e-01	-8.0986088e-03	-3.9457239e-02	1.3337490e-01	-4.9775131e-02	1.0222561e-01	-5.1304436e-01	-1.6073728e-02	3.3830562e-01	2.6695788e-01	-1.1666106e-02	2.0874825e-01	-1.3943368e-01	4.6016049e-02	-3.8296071e-01	-1.8891744e-01	-2.5933823e-01	-2.2268680e-01	4.3029004e-01	1.0117608e-01	-3.7969068e-01	5.9186533e-02	2.0096284e-01	-8.5070282e-02	-2.9753538e-02	1.4860757e-01	5.0571817e-01	6.9926649e-02	-3.4545696e-01	-3.0212116e-01	3.3315830e-02	-1.1433086e-01	-5.3200562e-02	-2.8498301e-01	-1.6986327e-01	1.9816455e-01	-2.5668082e-01	-4.0557779e-02	6.3686371e-03	-7.1271676e-01	-1.7052764e-01	-4.3530574e-01	5.5308882e-02	1.9283251e-01	3.7895241e-01	-1.9510508e-01	6.2660225e-02	1.4502682e-01	1.4660530e-01	2.6523029e-02	-4.0979472e-01	8.1403237e-03	-1.3389167e-01	8.1425291e-03	1.3988025e-01	-1.9154525e-01	-1.8864319e-01	-1.1910887e-01	2.0369759e-01	2.2195430e-01	-1.8674596e-01	2.3960733e-01	1.1494447e-01	3.8485517e-04	-2.7057293e-01	1.4081015e-01	6.9998190e-02	-6.3592322e-02	-2.5348747e-01	6.1226320e-03	1.3656582e-01	1.0781489e-01	-2.8535002e-01	6.4162783e-02	-2.7436692e-01	-2.1731701e-01	-1.2584531e-01	-1.6288328e-01	8.4464066e-02	8.6091841e-03	-1.7377397e-02	-6.7328200e-02	-4.0853053e-02	-2.3698606e-01	-3.6077201e-01	-1.2566446e-01	4.8914728e-01	-1.1706071e-01	-2.6820889e-01	-1.0188072e-01	-1.6337401e-01	-3.5514718e-01	-8.6167753e-03	2.1507598e-01	3.3842468e-01	-3.2967523e-01	-1.5587023e-01	1.2860990e-01	-3.2531628e-01	4.3729585e-01	4.1600072e-01	-2.3259011e-01	3.0635318e-03	5.1649183e-01	-3.3806428e-01	1.9738515e-01	-6.1817747e-02	2.1937324e-01	-1.4787093e-01	3.4929153e-02	2.1688111e-01	-1.7956918e-01	-2.4037848e-01	6.9126785e-02	2.2888134e-01	-1.2386122e-01	2.3057191e-02	2.4966635e-01	-1.7480047e-02	1.3370679e-01	-6.5275759e-02	-3.0826989e-01	3.0874473e-01	1.1964103e-01	5.2032422e-02	1.7368447e-02	2.0627704e-02	-2.3435970e-01	3.9729849e-01	1.2916817e-01	-8.3171017e-02	2.9395074e-01	1.6720575e-01	2.1444122e-01	2.4230282e-01	-9.4241038e-02	-1.5095763e-01	3.8254340e-03	2.6436204e-01	-1.2326916e-01	3.8509663e-02	-3.5805684e-02	-3.0022994e-02	-5.2162455e-03	-1.3713729e-01	1.3904163e-01	1.8224926e-01	1.0260964e-01	-8.6108640e-02	-8.1879690e-02	2.2657800e-01	-6.1366862e-01	2.2497840e-01	1.7841935e-01	1.4354412e-01	6.8681173e-02	-9.8279469e-02	3.8105853e-02	2.2409262e-01	-9.2963934e-02	-2.5020543e-01	-5.0487995e-01	-2.1501824e-01	1.0612036e-01	-1.9414252e-01	1.0627788e-01	-3.2078275e-01	-4.4721687e-01	-7.5385332e-02	-1.2087086e-01	3.8908985e-02	8.3889350e-02	4.1625133e-01	-5.5813543e-02	-4.4474518e-01	4.1422307e-01	1.1695739e-01	-1.2349927e-01	1.9486888e-01	2.2820732e-01	-1.1864614e-01	3.4377009e-01	3.4850892e-01	1.7704754e-01	-2.0367055e-01	3.3384156e-01	4.4393128e-01	-1.8153313e-01	-1.4854941e-01	-1.0122690e-01	-3.0653175e-02	-3.5065719e-01	2.6726416e-01	3.1796372e-01	-6.6268675e-02	-9.7105429e-02	2.6520994e-01	-2.7038595e-01	-1.8230540e-01	1.3525145e-01	1.7824499e-01	1.0041253e-01	-4.4100577e-01	2.1264136e-01	1.1815723e-01	-3.2218657e-02	-2.5151193e-01	-1.2269975e-01	-1.7658122e-01	-1.3368203e-03	6.8350568e-02	-9.8236119e-03	-3.0280218e-01	-1.0170405e-01	-1.5083730e-01	-2.8908759e-01	1.2844672e-02	-7.6776639e-02	3.5222036e-01	5.1211420e-02	-1.0640833e-01	9.6435592e-02	1.2085262e-01	2.4271980e-01	-9.0115987e-02	-4.0120500e-01	-2.6676211e-01	7.6220096e-03	6.1119791e-02	-2.4764594e-01	1.6195759e-01	6.4329416e-02	-6.8966678e-04	-8.9354917e-02	3.0407363e-01	-3.5548348e-02	2.4529535e-02	2.9137403e-01	2.2964200e-01	1.4003554e-01	-2.4055952e-01	-2.3186201e-02	-5.8129961e-03	2.1456885e-01	4.0710624e-02	-2.1703820e-01	-9.7613171e-02	-2.2597533e-01	2.7502120e-01	-1.3801841e-01	-1.5408994e-01	-3.0036986e-02	3.7925091e-02	2.0019162e-01	-2.4583146e-02	-2.0649113e-01	-1.1392327e-01	1.0407845e-01	1.9460416e-01	1.7433603e-01	-1.8924287e-01	3.2743439e-02	1.8710773e-01	-6.6757947e-02	3.0941772e-01	1.2901112e-01	1.1413793e-01	-1.6222173e-01	-1.0981981e-01	9.3998872e-02	-8.7030604e-03	-1.1191428e-01	2.3398569e-01	-8.7395370e-02	3.7423137e-01	1.1209554e-01	2.1863416e-01	-2.2601916e-01	1.6028696e-01	-2.1514823e-01	8.9809991e-02	3.6645502e-01	-3.4210789e-01	3.9366007e-02	1.8873423e-02	1.2493621e-01	2.8375095e-01	9.3141235e-02	2.2207354e-01	1.5769382e-01	-8.9056566e-02	2.2823165e-01	4.1328269e-01	-3.4425948e-02	-5.2197997e-02	-6.1240826e-02	-1.6017303e-02	2.5432411e-01	-2.3246247e-01	1.2146562e-01	-1.9893847e-01	-1.4972001e-01	1.3303666e-01	1.4939485e-01	2.2579938e-01	1.8513408e-01	1.9982278e-01	-1.5932658e-01	2.1112833e-02	-2.3368819e-01	-3.1369397e-01	2.0767853e-01	-9.5869757e-02	2.5171235e-01	-9.5170483e-02	-7.4409857e-02	1.2886140e-01	-2.0676747e-01	-3.6174688e-01	-1.3217282e-02	-3.1186014e-01	-3.0243263e-01	4.5263130e-02	1.7116150e-01	-2.5717008e-01	-1.2785035e-01	2.9852819e-01	-2.5879234e-01	-1.4182884e-01	2.6670909e-01	-2.1618716e-02	3.5883497e-02	8.0246031e-02	-2.2536808e-01	-4.2029895e-02	2.0206974e-01	1.3192411e-01	-1.1029203e-01	-2.9255682e-01	1.9587789e-01	-7.7480845e-02	-2.4371205e-01	-1.2290169e-02	2.5107950e-02	-2.7232829e-02	-6.3594915e-02	4.4658322e-02	2.3524338e-01	-2.2591132e-01	1.3127325e-01	2.2383298e-01	3.6623910e-02	-1.4090738e-01	-2.6022965e-02	-1.3154621e-01	-1.3373402e-01	-1.5552871e-01	2.4880850e-01	5.7250150e-02	-2.3880248e-01	1.7457484e-01	1.7514125e-01	1.0336565e-01	2.8885758e-01	3.6524001e-01	8.2689270e-02	3.2024372e-01	-2.1608461e-01	2.8852958e-02	2.6510978e-01	1.9900213e-01	2.0106176e-01	2.6610564e-02	2.9001233e-01	-6.9410473e-02	-3.2581338e-01	1.6018588e-02	9.1481153e-03	-1.6749948e-01	3.2251909e-02	3.0515572e-01	2.3686618e-01	2.5816038e-01	-2.0955597e-01	1.4674833e-01	-3.9066947e-01	2.5031331e-01	-4.5058876e-03	2.7773145e-01	-1.4320706e-01	-1.0694476e-01	1.3082008e-01	1.6496468e-01	-3.3634627e-01	-2.2977466e-02	2.6725304e-01	3.8144179e-02	-1.0121866e-01	-1.6368645e-01	1.1781480e-01	-2.4588697e-01	7.5946553e-03	2.5837478e-01	9.1842890e-02	-9.6312754e-02	-9.5463827e-02	3.0020207e-01	-2.8304660e-01	2.5836635e-01	-1.9714481e-01	1.1507886e-01	-1.3263056e-01	-1.7362072e-01	1.2104504e-01	8.9259446e-02	-3.3414480e-01	2.9892108e-01	8.3266094e-02	-5.9417766e-02	3.7151074e-01	1.8442918e-01	1.7156367e-01	-9.0197451e-02	3.5453832e-01	2.1785019e-02	-1.2931894e-01	-2.5112924e-01	-1.1027349e-01	3.2034770e-01	-1.0548655e-01	9.9824406e-02	-4.0907279e-02	-4.6267617e-01	1.5335420e-01	3.6495671e-02	-1.5251753e-01	-3.6628196e-01	2.9129219e-01	3.9386266e-01	1.4974642e-02	-3.2074830e-01	-1.0279625e-01	1.0505646e-01	-4.3195534e-01	-3.7575752e-02	4.4005272e-01	-8.9301988e-02	-4.9754226e-01	3.8926941e-01	2.5361019e-01	-1.7311200e-01	3.5775891e-01	2.1246116e-01	-1.8371873e-01	-3.3996874e-01	5.9470925e-02	-9.0293355e-02	-1.4822768e-01	-2.8250891e-01	3.5561866e-01	3.1635982e-01	-3.1076720e-01	-1.5185341e-01	-2.6685664e-01	-2.0047521e-02	5.8150548e-02	2.6216856e-01	-3.1593433e-01	1.7109165e-01	-2.9429913e-01	-6.2591009e-02	-2.7247187e-01	-9.6625045e-02	2.7169910e-01	-1.5978304e-01	-1.1661544e-01	-2.5604913e-01	1.3881478e-01	-1.6491559e-01	8.4750243e-02	-3.6972765e-02	-1.2242423e-02	-2.2375984e-01	-2.4601731e-01	-4.8437871e-02	-1.2358434e-01	2.1753770e-01	7.6718956e-02	-1.0888965e-01	-1.9965787e-01	1.9277719e-01	-9.0300314e-02	-4.0965468e-02	-2.2255811e-01	4.0619336e-02	-1.6000032e-02	-3.1101263e-01	-7.0645809e-02	-3.0644396e-01	1.8387774e-01	2.8904635e-01	-1.2999012e-01	1.0185349e-01	1.5168048e-01	2.6776037e-01	6.4520113e-02	1.7340648e-01	-6.1463015e-03	-3.6067992e-01	-2.3843528e-01	1.1319709e-01	2.2506434e-01	-2.7083749e-01	-1.4456789e-02	-5.8552671e-02	-3.1340808e-02	6.2262653e-03	5.4640803e-02	6.8055071e-02	-2.3617151e-01	2.1755411e-01	1.9384129e-01	-1.7323105e-01	2.5966558e-01	4.0101391e-01	1.9150244e-01	-5.6234766e-02	1.0314891e-01	-1.5044978e-01	2.8676927e-01	-8.4863588e-02	-1.0744961e-02	-3.3701968e-01	1.8644881e-01	3.2676277e-01	-1.9271885e-01	8.6937338e-02	-1.7083165e-01	-1.5158077e-01	1.2961261e-02	1.5553391e-01	3.7120081e-02	-1.4273918e-01	1.7399985e-01	4.4563267e-02	-2.3432043e-01	-2.8124595e-01	-2.1396987e-01	6.6830300e-02	-8.0015659e-02	-7.3645473e-02	-6.9871232e-02	-2.6017031e-01	1.7345664e-01	4.9497075e-02	-9.1368087e-02	2.1011393e-01	-2.8697744e-01	3.0057946e-01	1.2547749e-01	-5.0055083e-02	7.5803868e-02	-1.2968067e-02	-2.0884314e-01	1.1723956e-01	3.2511181e-01	-9.0422653e-02	1.7677113e-01	2.1552114e-01	-2.9131877e-01	-2.0996772e-01	-1.4953496e-01	-2.6483706e-01	-1.4110750e-01	-7.8262590e-02	1.4968474e-01	-1.7627233e-01	2.6688427e-01	5.5971101e-02	-6.1939511e-02	3.3825293e-01	-4.1244903e-01	-4.2006627e-01	-2.4907266e-01	-4.8717603e-01	-1.8434634e-02	3.0360416e-01	3.1241858e-01	-2.6904598e-01	1.2737404e-01	-8.9488469e-02	8.8595420e-02	-9.5813371e-02	1.7829967e-01	-4.3369215e-02	1.8678831e-01	7.0207439e-02	1.1938522e-01	3.8530809e-01	-3.2796061e-01	-2.6440004e-01	-3.1928439e-02	-1.3350259e-01	-3.2294133e-01	2.7242097e-01	4.0879801e-01	2.8527692e-02	-3.9193299e-01	2.6145795e-01	-4.5201483e-01	1.8985717e-02	3.9627203e-01	2.6522392e-01	2.6045505e-02	-1.5913232e-01	-4.0932038e-01	2.4994662e-01	-5.0352705e-01	-2.4899393e-01	-1.7804997e-01	2.7541065e-01	-3.9293879e-01	9.5847577e-02	-1.9253425e-01	-3.9610767e-01	-9.8197870e-02	1.7791486e-01
-2.4173172e-01	4.9962625e-01	2.3246089e-01	-1.1614208e-01	2.8434379e-02	-4.5529649e-01	3.0991298e-01	-8.8768288e-02	-1.8483892e-01	-1.3144287e-01	3.3026986e-02	-3.8736105e-01	-3.6403778e-01	-1.2922010e-01	-1.0386439e-01	4.8337522e-01	4.7064912e-02	-1.3020888e-01	2.3121046e-01	-2.6408219e-01	-9.3813844e-02	2.9853719e-01	-8.0333367e-02	-2.3232958e-01	3.4408122e-01	1.4790855e-01	5.2102298e-01	1.6558497e-01	-1.7414105e-01	-7.9968549e-02	-1.2195139e-01	3.0441126e-01
