9
input	16
dense	32
relu	0
dense	32
relu	0
dense	32
relu	0
dense	1
linear	0
7.999999979801942e-06
1.0282069e-01	-1.0074980e-01	-3.0238165e-02	-4.3219812e-02	-1.4939486e-02	-6.0020208e-02	-2.3353551e-02	-1.1924573e-01	1.2502901e-01	-4.5852512e-02	1.3842676e-03	-8.6955866e-03	4.0295278e-03	-1.1857529e-02	-5.2695137e-02	-6.0296647e-02	-5.5696778e-02	2.2830291e-02	0.0000000e+00	2.3161066e-03	0.0000000e+00	-5.1108771e-03	-4.9559362e-03	5.0546080e-02	-2.4007183e-02	-1.7451683e-02	-2.5006279e-02	0.0000000e+00	-6.3352354e-02	4.5463335e-02	0.0000000e+00	1.0981649e-02
-2.7366653e-02	5.5674720e-03	0.0000000e+00	-2.8114935e-02	-5.6760114e-02	-3.8232658e-02	-5.8653768e-02	-3.8429012e-03	-1.6394438e-02	-7.5580023e-02	-4.3808576e-02	0.0000000e+00	-3.1123927e-02	-4.5188617e-02	-8.4436005e-03	7.9053378e-04	3.8559660e-02	-5.0397959e-02	-2.4684607e-03	-7.5678982e-02	0.0000000e+00	-3.3848956e-02	-1.0382892e-02	-2.3740113e-02	-2.9789333e-03	-8.3822489e-02	3.3435479e-03	-1.5689956e-02	2.3200370e-03	-2.9006414e-02	-3.3996273e-02	-7.9829127e-02
-5.2885599e-02	-3.9962690e-02	-8.3967168e-03	-7.8635074e-02	-5.6142355e-03	1.0804506e-02	-1.4408613e-02	-3.5292871e-02	-2.0214007e-03	4.8652273e-02	-4.2426396e-02	-5.5938002e-02	-1.5661174e-02	-4.2038392e-02	-3.4772102e-02	-4.5055971e-02	-2.4408756e-02	-3.4552399e-02	-6.0304128e-02	-3.2617230e-02	4.4527785e-03	-3.0672625e-03	-3.1756070e-02	1.2308734e-02	2.0685687e-04	-2.9267976e-03	-1.9318900e-03	-1.1584561e-02	-1.2842811e-02	-3.8774837e-02	1.2527371e-03	-3.0447427e-02
-1.4865623e-02
2.9254872e-01	-1.0283726e-02	-1.2168431e-01	-4.8345938e-02	2.8046644e-03	-8.5356198e-02	-1.0053342e-01	-1.8571980e-01	-1.0502990e-02	-2.2355431e-01	1.1562198e-01	1.9368885e-01	-7.3405191e-02	1.4271255e-01	4.1865721e-01	2.5867620e-01	-1.6855952e-01	-1.3711105e-01	4.0181962e-01	4.5020700e-02	7.0594229e-02	2.6118657e-01	-1.3688348e-01	-9.0210410e-03	-1.6480461e-01	1.7343315e-01	-1.4851594e-01	-1.1422814e-01	1.9328684e-02	-1.7325994e-01	-3.6572516e-02	4.4365346e-02	9.3568869e-02	3.5777617e-02	-1.1610378e-01	3.1136954e-01	7.8799672e-02	3.3507444e-02	-1.4043453e-01	1.9911255e-01	1.2119135e-02	-2.6220191e-01	3.1784329e-01	-2.8665656e-01	-1.3869710e-01	4.7146734e-02	4.2891845e-02	-2.7394271e-01	1.0027451e-01	-1.6673511e-01	-2.0658605e-01	-2.3710455e-01	2.3897114e-01	-2.0203233e-01	2.6843879e-01	1.3864461e-01	2.8295508e-02	-1.1745426e-01	-4.9519734e-03	2.5631103e-01	-1.7685664e-01	2.8779605e-01	-3.1178892e-01	-1.0716823e-01	1.7096153e-01	3.7880427e-01	-2.4370967e-01	-2.4830791e-01	2.2181460e-01	-2.6044345e-01	3.0993545e-01	-1.6481160e-01	-3.5583657e-01	2.3807113e-01	3.2577825e-01	-1.1544094e-01	-1.2314115e-01	3.3825466e-01	8.8571012e-02	2.3784834e-01	-1.9413751e-01	6.3453503e-02	6.4868778e-02	2.3344776e-01	-2.7476841e-01	-8.2255974e-02	3.6749374e-02	9.9758230e-02	1.8253520e-01	-2.2557035e-01	3.1926673e-02	2.0976622e-01	-1.1570104e-01	1.0845055e-01	-1.6817580e-01	9.9119164e-02	1.1228358e-01	-2.1339431e-01	-1.5725854e-01	4.1197564e-02	2.0967358e-01	1.5284969e-01	-1.5985876e-01	4.5892905e-02	-1.0508501e-01	1.1445646e-01	1.5267670e-01	5.3011287e-02	-1.6912283e-01	5.1555231e-02	-6.2794632e-01	7.5362042e-02	9.5935717e-02	-1.0596331e-01	-2.6447071e-02	-9.8222345e-02	-1.2723449e-01	1.7782384e-01	-7.4966639e-02	-1.2357638e-02	-7.3461920e-02	-1.1618261e-01	1.8217048e-01	1.0061573e-01	-3.3409640e-02	1.2468725e-01	-6.0962766e-01	1.3464941e-01	6.5350085e-01	3.8899863e-01	-9.0660632e-02	8.6751796e-02	2.5829474e-02	-1.2352005e-01	2.4755315e-01	4.7445491e-01	-1.9888981e-01	-2.1605310e-01	-6.6780359e-02	-3.8012113e-02	9.3471883e-03	1.3617910e-01	2.8796571e-01	5.9837693e-01	-4.5122501e-02	2.4218057e-01	-2.6335308e-01	-3.3382219e-01	-2.9376000e-01	-1.6011208e-02	2.9253790e-01	-2.6269326e-01	-1.0501498e-01	-4.0352996e-02	1.3602605e-01	2.2171367e-02	-7.9453476e-02	-3.0595616e-01	4.9223790e-01	-1.9364931e-01	-1.0149675e-01	1.0424303e-01	-8.1626908e-04	1.1998424e-01	1.4383805e-01	-3.1811148e-01	-3.4950569e-01	2.7924457e-01	-7.0904985e-02	3.1137267e-01	5.0587682e-03	1.2681778e-01	8.8839494e-02	1.5257952e-01	3.4080404e-01	1.2061666e-01	-2.0823179e-01	-2.5097767e-01	1.8378401e-01	2.3495363e-01	1.3837651e-02	1.5054496e-01	-2.1340860e-01	-7.8926466e-02	-1.3892805e-02	-2.0661891e-01	-7.9312712e-02	1.4436185e-01	-5.1656693e-02	-5.6105264e-02	2.4933673e-01	5.0153720e-01	3.8576505e-01	-1.5208684e-01	-3.4294379e-01	3.0038488e-01	5.5510432e-02	-2.9079856e-02	5.6196325e-02	-2.9097211e-01	-8.6675085e-02	-3.2795429e-01	-5.6898750e-02	-1.3416469e-01	1.4613493e-01	3.2571548e-01	1.9254084e-01	1.0218503e+00	6.9060312e-03	1.5329263e-01	3.6632961e-01	9.2500664e-02	-2.8149456e-01	-2.4126962e-02	-9.1769747e-02	4.1157853e-02	9.1725122e-03	-1.6900098e-02	4.9742732e-02	-7.8009409e-03	3.3219740e-02	8.4052473e-02	-4.7967011e-01	3.8149495e-02	-1.2624852e-02	-1.1769420e-01	-5.5255003e-02	-4.3990102e-02	2.0062385e-02	3.4882182e-01	8.6749218e-02	-1.4731251e-01	-4.9108107e-02	-1.0266277e-01	-2.2297675e-02	1.3239548e-01	3.3822872e-02	-6.6783026e-02	-5.2635485e-01	1.2333623e-01	2.7461252e-01	3.3156511e-01	-2.7782038e-01	-5.2942526e-02	-8.3342992e-02	1.6997375e-02	-7.7855937e-02	-2.1648130e-01	1.6914879e-01	-2.8117735e-02	-2.3661803e-01	-2.4587063e-02	-2.8417926e-02	-1.1130097e-01	-2.4727698e-01	2.9801843e-01	-3.0124974e-01	-3.5300022e-01	1.1673154e-01	-6.0274031e-02	1.1627775e-01	6.0168333e-02	3.8149157e-01	8.9068264e-02	-3.2151610e-02	-1.1635420e-01	1.9245116e-02	3.0876011e-01	1.0474097e-02	1.2668882e-01	2.3849900e-01	-4.1482791e-02	1.4907618e-01	-1.1756832e-01	4.8914698e-01	-3.9735633e-01	-9.1643244e-02	-8.0932744e-02	4.2599618e-02	2.5745136e-01	1.0508066e-01	1.2793264e-01	-2.8407195e-01	1.2346857e-01	-1.0020892e-01	-1.3539560e-01	3.3547327e-01	5.6682075e-03	-1.5046728e-01	2.3859653e-01	1.7142615e-01	-1.8063566e-01	8.9237928e-02	-2.2428884e-01	2.5544193e-01	-1.5620470e-02	-2.7866274e-01	2.6747200e-01	-3.3458781e-01	5.1117033e-02	2.0852059e-02	2.9944029e-01	-1.1918733e-01	2.3820588e-01	-2.2472548e-01	-3.8703412e-01	2.0414017e-01	3.4392331e-02	1.3360877e-01	4.3071963e-02	-1.7434345e-01	-3.6967777e-02	1.1968487e-01	3.0491181e-02	2.8998491e-01	1.2087197e-01	2.1364382e-01	2.9032969e-01	8.1470251e-02	-4.8463073e-02	2.7030382e-01	3.2187983e-01	-4.8455298e-03	-2.3426306e-01	2.7654746e-01	6.9788933e-02	-2.0048171e-02	2.1732345e-01	9.3480051e-03	-3.1836718e-01	1.7193875e-01	-2.7359137e-01	2.1809962e-01	2.9210040e-01	-2.1348685e-01	1.9561180e-01	3.6728941e-02	4.0102071e-01	-2.3280331e-01	1.2815508e-01	-1.5632413e-01	-1.7192551e-01	2.2385996e-02	2.5169733e-01	-1.3908932e-01	8.6274445e-02	-1.7555267e-02	-1.0685496e-01	1.2167691e-01	-4.3584026e-02	1.8141232e-01	9.6398376e-02	5.5316649e-03	-3.1548586e-01	4.2210728e-01	-3.9361250e-01	-1.9908343e-01	1.3632366e-01	2.6133707e-01	-3.0360460e-01	-1.8768753e-01	7.5363405e-02	2.1146347e-01	1.6139865e-01	-1.5353136e-01	6.2556140e-02	1.0911080e-01	2.0480637e-02	-6.5638237e-02	1.6706832e-01	-1.1826281e-01	-2.4258523e-04	1.0027942e-01	2.0913975e-01	-3.4810856e-01	2.2123922e-02	-1.2882321e-01	-2.4848720e-01	1.0580171e-01	8.4183864e-02	2.4574421e-02	-1.1847243e-01	3.5592511e-01	6.1116308e-02	-2.4568079e-01	3.4191573e-01	-2.5218493e-01	-1.0788367e-01	5.5285070e-02	-3.5293560e-02	-8.6161736e-03	1.2635651e-01	-2.3321046e-01	8.8796422e-02	-4.4395529e-02	1.2794216e-01	9.0392549e-03	-3.3031517e-01	-2.1168809e-01	-4.0750119e-01	3.4854734e-01	2.0690586e-01	2.2607742e-01	1.1418081e-01	2.0112877e-01	-2.4443521e-01	-8.5465029e-02	1.2208973e-01	4.1267970e-01	2.2129939e-01	-1.5596180e-01	-4.4123121e-02	-5.8914311e-02	1.8023802e-01	-5.1101506e-01	5.6161660e-01	-1.3003382e-01	2.5966188e-01	3.7424493e-01	-3.1512630e-01	-2.6980537e-01	-2.6559970e-01	1.8852615e-01	-1.6032024e-01	-4.8476577e-02	-1.6511288e-01	-6.2905960e-02	2.3151411e-01	-1.5107030e-01	-3.1609893e-01	-4.4367126e-01	3.5873558e-02	-2.0998061e-02	-2.8588027e-02	9.7325236e-02	-2.7916756e-01	3.2182935e-01	4.6284795e-03	2.7132496e-01	2.3292869e-02	1.3752812e-01	-1.8974620e-01	-2.6132637e-01	1.2678066e-01	-2.1362543e-02	3.3640984e-01	8.2419753e-02	9.8648906e-02	-1.4168014e-01	-1.5866607e-01	-5.8992587e-02	-1.5968011e-01	-2.1981439e-01	-2.4636850e-01	-2.3458426e-01	6.2367152e-02	-3.2352019e-02	-1.1517291e-01	-8.4154911e-02	1.1196759e-01	2.9521121e-02	1.0795633e-01	1.3753811e-01	-3.0256793e-01	-3.1457853e-01	5.6431806e-01	4.4489870e-04	-2.4175255e-01	6.0442433e-02	-1.7577795e-02	1.1747067e-01	5.1654184e-01	1.4405428e-01	-2.2064872e-01	-1.0167826e-01	1.2670322e-02	-1.2161226e-01	9.3305334e-02	2.4060671e-01	-3.7238023e-01	-2.5250268e-01	6.6953391e-02	2.8960791e-01	1.6288200e-01	-2.5667381e-01	2.5210676e-01	1.9949964e-01	2.5135902e-01	1.4123914e-01	-1.1141519e-01	1.1237967e-01	-2.7711034e-02	6.6825509e-02	3.0932704e-01	3.2100680e-01	-1.3997735e-01	-8.6026281e-02	1.7450030e-01	-1.3788590e-01	-1.0070100e-01	-2.4647564e-01	-8.1359491e-02	2.5804538e-01	-2.0531201e-01	2.8950013e-02	-4.5759920e-02	-2.1237150e-01	2.9684991e-01	-2.0381945e-01	-2.4706304e-01	5.8487701e-01	2.4636349e-01
8.5428022e-02	-2.0806868e-01	-1.7180507e-01	-3.1240243e-01	-1.1599101e-01	1.5321241e-01	-5.2817747e-02	9.4813658e-03	-3.5746741e-01	-5.6120455e-03	-1.9006619e-01	-5.7758879e-02	-4.3517850e-02	1.3752176e-01	-3.1436220e-01	-2.8910264e-01	-6.2558912e-02	2.7411321e-01	-2.4630801e-01	-1.5870236e-01	-2.2642377e-01	2.5219470e-01	-1.5180181e-01	-2.4737528e-01	2.1788938e-02	8.8250972e-02	-8.3769307e-02	-5.3561777e-02	2.9909807e-01	3.1559151e-01	-2.7021021e-01	1.2110838e-01	-1.0262740e-01	-1.3236652e-01	2.0012170e-01	-8.4435336e-02	2.1499291e-01	1.9673531e-01	-3.3387613e-02	1.6304314e-01	1.3726176e-01	2.3536159e-02	-5.4155014e-02	-1.7456412e-01	7.3513865e-02	1.2808618e-01	2.4808143e-01	1.1773496e-01	2.4423766e-01	-3.2360330e-02	2.9556870e-02	1.4179313e-01	-2.3334891e-02	-1.4789905e-01	1.0371182e-01	-2.2341382e-02	-3.3872955e-02	-1.5260954e-01	-1.5133142e-01	1.2468636e-02	2.4916552e-01	-1.8881431e-01	-2.8296310e-01	2.4589504e-01	1.8066823e-02	-2.4892867e-02	-6.3064903e-02	-5.2319467e-03	1.1213079e-01	-8.5586503e-02	1.6080058e-01	1.7710793e-01	5.6265503e-02	-2.2494231e-01	-1.5790373e-02	9.6453637e-02	2.7635726e-01	1.9524810e-01	-1.6611625e-01	-2.9194719e-01	1.8159688e-02	-5.7163984e-02	-2.5585750e-01	-2.8433800e-01	2.6301095e-01	6.3358814e-02	-3.6327809e-02	-1.3963570e-01	9.7088307e-02	2.6782581e-01	-9.2805371e-02	-2.0498559e-01	5.8192343e-02	-1.5331431e-01	-1.6834547e-01	-1.8221754e-01	-8.8449433e-02	2.5929424e-01	-1.5728158e-01	-6.5798364e-03	-2.2208194e-01	-1.1393139e-01	-2.4219126e-01	1.5205315e-01	2.5169052e-02	1.3973172e-01	5.7917893e-02	-4.2801544e-02	-2.2426322e-01	2.4585132e-02	2.0702335e-01	1.9141905e-01	-1.6788256e-01	-3.0259275e-01	-2.8835011e-01	2.7154648e-01	-2.0949468e-01	-1.3724332e-01	1.6784582e-01	-1.9914193e-01	-2.0659903e-01	-1.3313659e-01	2.1209224e-01	1.4135405e-01	-1.0407279e-01	1.3683389e-01	-1.3797106e-01	1.7019820e-01	3.9110586e-02	-1.3337770e-01	3.6502428e-02	2.8186083e-01	1.9897047e-01	2.5972974e-01	-1.1826868e-01	2.8856838e-01	3.2557735e-01	3.9483672e-03	-1.7401016e-01	3.0280757e-01	1.1494942e-01	-3.4503113e-02	3.1923950e-01	-1.7024053e-02	-1.6435453e-01	-6.6094719e-02	-1.5283856e-01	1.0058754e-01	-2.8025690e-01	1.2806828e-01	-2.8939196e-01	-1.7590951e-02	-9.6876092e-02	2.1382318e-01	1.2434735e-01	-1.3914695e-01	-3.4568928e-02	-9.9689946e-02	1.4622575e-01	2.2849053e-01	-2.0579290e-02	9.5674537e-02	-1.4096723e-01	-5.1842807e-03	-3.2088703e-01	2.2901455e-01	-1.5104097e-01	-2.2374618e-01	2.2369815e-01	-2.6247150e-01	-7.7531233e-02	-1.7840682e-01	3.3549863e-01	6.6759333e-02	-1.1564138e-01	2.3968798e-01	-9.3797870e-02	-1.2315705e-01	1.1746931e-01	1.4594808e-01	2.2478208e-01	-2.7579573e-01	1.4055096e-01	2.0848520e-01	1.7190011e-01	-4.1896306e-02	1.0719221e-01	4.0730178e-02	-6.4244762e-02	1.5553652e-01	-1.4294605e-01	1.6820785e-01	1.8794122e-01	-9.2800796e-02	-1.5665397e-01	-2.9306412e-02	2.1824987e-01	2.7099186e-01	6.0175650e-02	-6.0015917e-02	1.9129613e-01	-1.2073839e-01	1.5832086e-01	-2.7070838e-01	-2.6052213e-01	-1.3338818e-01	7.1897462e-02	-2.8096095e-01	-2.6220033e-01	-2.3517044e-01	-5.1770419e-02	3.6226481e-02	1.9670251e-01	-7.4149460e-02	6.2896296e-02	5.5651020e-02	-1.2233289e-01	-1.5911201e-01	-2.4031618e-01	3.7350029e-02	2.6847139e-01	-3.3552882e-01	-2.9448286e-01	7.8527331e-02	1.7587692e-01	9.5132515e-02	1.1389848e-01	1.8427828e-01	-1.7175932e-01	1.0152217e-01	-1.1969475e-01	-8.6223194e-03	-1.2100119e-02	-9.6816838e-02	-1.1513343e-01	1.8051943e-01	-4.9002370e-01	-1.4441872e-01	-1.7953952e-01	-1.5998901e-01	2.3915322e-01	1.2649418e-01	3.0543855e-01	-2.6618657e-01	2.6551542e-01	1.6895164e-02	-5.8402187e-01	1.8005106e-01	-1.8058726e-01	8.3099045e-03	1.4439976e-01	1.7884165e-02	-2.6394793e-01	-1.3112085e-01	2.7378920e-01	6.5253489e-02	-2.8537652e-01	1.3346453e-01	1.2174947e-02	-1.1208840e-01	2.8230646e-01	-2.5720466e-02	1.7891625e-01	1.4989956e-01	2.6418462e-01	-7.1078926e-02	1.3191004e-01	-4.5624331e-02	-3.8543969e-02	-1.4701125e-01	1.0749939e-01	2.0383559e-01	3.2538854e-02	-1.1094362e-01	-1.1859505e-01	2.2347394e-01	-1.5347123e-02	2.5218660e-01	-1.3999043e-01	3.0809763e-01	-1.5502656e-01	2.5355354e-01	-2.2114891e-01	-1.2031734e-02	2.7799854e-01	5.4708183e-02	2.7342960e-01	-2.7728251e-01	9.0130143e-02	-2.9113126e-01	2.1939844e-02	1.4319971e-01	-2.6423153e-01	8.9933902e-02	-1.4646110e-01	1.8857777e-02	2.1351576e-01	8.5231446e-02	-8.5204877e-02	1.1204332e-02	-5.2604038e-02	4.8702121e-02	-2.8104624e-01	-3.1477052e-01	-2.4004519e-02	-3.1017867e-01	-8.0422595e-02	-2.9193428e-01	1.0303560e-01	-3.0170614e-01	-3.0140400e-01	-7.2617650e-02	-1.1751514e-02	7.1052551e-02	-1.9550583e-01	-1.1974722e-02	-1.2109623e-01	-3.9552081e-02	-6.8345457e-02	1.7506106e-01	1.5366006e-01	-3.7191171e-02	1.2603337e-01	2.1878242e-02	2.3783301e-01	-1.9072801e-01	2.6439571e-01	2.4143700e-01	3.5112453e-01	-6.1981447e-02	9.3492806e-02	-7.6989971e-02	1.8848787e-01	-1.2227191e-01	-1.6623829e-01	-1.5677576e-01	-1.9939518e-01	-5.1259682e-02	2.0761183e-01	-1.4335243e-01	1.7848969e-01	-1.0850616e-01	-1.0997377e-01	-1.9851400e-01	-9.4545692e-02	2.5319883e-01	-5.3817743e-01	5.7698041e-02	-4.1702855e-02	-7.5813852e-02	3.0088791e-01	1.9821052e-01	9.6691102e-02	1.7776114e-01	-1.3225761e-01	2.5401571e-01	-2.1461596e-01	1.5381554e-01	5.8779418e-02	-8.1216916e-02	7.0515394e-02	-2.1562919e-01	-2.7521789e-01	-4.2644769e-02	1.2548557e-01	-1.6955289e-01	8.5495383e-02	5.0129205e-02	-1.3986936e-01	6.0510248e-02	7.4509323e-02	-2.7670273e-01	2.8170708e-01	1.1905628e-01	1.0262701e-01	-1.4301941e-01	1.7411709e-02	-1.7827164e-01	7.4311495e-03	1.4098021e-01	-8.4282711e-02	1.3614804e-01	9.7221762e-02	-2.9990351e-01	2.5509086e-01	2.7867043e-03	-7.6047882e-02	-1.7370151e-02	1.1876374e-01	2.5452450e-01	2.1861160e-01	-1.4630607e-01	3.8376741e-02	2.8012099e-02	-1.4319363e-01	2.5793231e-01	-3.4458202e-01	5.6456666e-02	5.5011328e-02	-6.4012036e-02	2.0389281e-01	-5.6306936e-02	1.1164036e-01	-5.0167948e-02	-1.7440656e-01	-2.8349155e-01	5.6239352e-02	-2.9273239e-01	-3.8789171e-01	-1.0238782e-01	1.6165055e-01	2.0761785e-01	5.9730099e-03	-2.5136811e-01	1.2281770e-01	1.3996550e-01	2.0048536e-01	1.6946089e-01	2.0000488e-01	-3.2535605e-02	5.9186488e-02	1.3321240e-01	9.1612048e-02	-2.0271161e-01	3.1962410e-01	-1.1915279e-01	-1.6853087e-01	-1.0724458e-02	-7.9113906e-03	-1.3956185e-01	2.4380775e-01	2.1423745e-01	-2.5731623e-01	1.8461198e-01	1.6304880e-02	7.9264857e-02	-1.0155572e-01	-2.7143860e-01	-2.6006853e-02	-2.4817106e-01	2.0320366e-01	-3.4726796e-01	-1.1746238e-01	8.9020878e-02	1.7143665e-02	1.0551468e-01	2.3970053e-01	1.1486723e-01	-2.7080843e-01	-2.6860380e-01	2.5038583e-02	-2.7395993e-02	2.5841513e-01	-3.0542621e-01	-2.9101518e-01	1.1369824e-01	-7.5667307e-02	-2.7280134e-01	9.5445044e-02	1.0887563e-01	-2.7269527e-01	-2.6801163e-01	-1.8632813e-01	1.7847419e-01	-1.4649117e-01	-1.7932935e-01	-2.4277546e-01	2.5788441e-01	-1.8004788e-01	2.4344298e-01	-1.4168532e-01	1.3820817e-01	-3.0195919e-01	4.3680724e-02	1.1667804e-01	-2.2178352e-02	-3.0493656e-01	1.7561016e-03	-2.4628910e-01	2.4691981e-01	-2.2016679e-01	2.6074919e-01	-2.5430852e-01	-2.1564931e-01	-5.7721406e-02	-4.7230463e-02	5.5459902e-02	-2.8365818e-01	2.7960867e-01	-6.1545208e-02	9.6080236e-02	-6.9726326e-02	-1.0028503e-01	-3.7353389e-02	-2.5124660e-01	2.1954186e-01	2.6613703e-01	2.2778197e-01	1.0700500e-01	-2.2236067e-01	1.1678144e-01	-1.1872054e-01	8.5119635e-02	3.3516344e-02	-2.2421518e-01	-3.3951929e-01	-9.3769237e-02	1.0732999e-01	1.9674142e-01	2.6595664e-01	1.6464195e-01	-2.5369447e-01	1.9363837e-01	-9.0114370e-02	1.6751890e-01	-1.6093756e-01	3.8564686e-02	-1.7601328e-01	1.6576441e-01	-4.3560895e-01	3.4869117e-01	1.7262161e-02	-1.2814160e-01	9.8570570e-02	1.9350971e-01	1.3053040e-01	-6.9017105e-02	1.0715096e-01	-2.3676172e-01	-1.3963620e-01	-2.6048207e-01	9.2752755e-02	-1.9513100e-02	9.7881451e-02	-2.1680158e-01	3.8248852e-02	1.9673942e-01	-2.2318515e-01	-3.2924503e-01	-1.2755586e-01	-9.3370795e-02	-2.3385477e-01	1.5657881e-01	3.4346345e-01	2.6954970e-01	5.1456718e-03	3.2622889e-01	-2.9714420e-01	1.8634410e-01	-2.0978296e-01	1.9811755e-01	2.1388406e-01	-3.2221985e-01	-2.5761712e-01	-3.7734509e-01	-1.2168750e-02	2.8212133e-01	1.8013711e-01	2.1271186e-01	-2.6450306e-01	-4.9632303e-02	-2.7765906e-01	1.1380067e-01	2.3565707e-01	-2.6943594e-02	-1.6060853e-01	1.7334202e-02	-2.7018070e-01	-6.2431693e-02	1.9400665e-01	-3.2385893e-02	-2.9169855e-01	2.6515952e-01	-2.7449029e-02	1.1716637e-01	2.3339161e-01	6.1738314e-03	-1.0437069e-02	2.4558870e-01	8.6082824e-02	1.6036323e-01	-2.9899968e-02	9.7584143e-02	-3.4437445e-01	-2.8301245e-01	1.4115070e-01	-9.2994034e-02	1.8085760e-01	-3.5351358e-02	1.0132835e-01	1.1839777e-01	-1.3289350e-01	-2.6133788e-01	-4.1556763e-03	-2.6510236e-01	-8.9299954e-02	-1.6176009e-01	5.0639279e-02	-2.8495047e-02	1.6187951e-01	2.8197777e-02	6.2359609e-03	1.3759719e-01	3.9359599e-02	-4.2561036e-01	-5.8879101e-01	1.5346199e-01	-3.2684281e-01	3.0249467e-03	-1.8286130e-01	-2.2725800e-01	2.0982184e-01	1.0725281e-01	9.9877231e-02	1.4704256e-01	1.7269182e-01	-2.9090106e-01	-1.6424532e-01	-3.0081013e-02	-6.6022351e-02	1.4647111e-01	8.9066193e-02	2.8588906e-01	2.5946414e-01	1.1821996e-01	3.9494898e-02	-2.8945723e-01	-2.5188699e-02	2.2464374e-01	3.4109700e-02	-1.6376768e-01	-2.6352671e-01	1.3334659e-01	-1.0423832e-01	2.3911598e-01	2.2488746e-01	9.7894013e-02	-7.1872038e-01	-1.2756886e-01	-2.5527775e-01	-1.8353242e-01	1.7768902e-01	-8.4207892e-02	-2.4567544e-03	2.8363457e-01	-1.9147706e-01	1.6581431e-01	1.7677981e-01	-6.2309131e-02	-1.6302571e-01	-5.6678817e-02	-2.6211619e-01	5.1350594e-02	-2.1368797e-01	1.5482962e-02	-5.0258279e-02	-7.3691905e-03	8.9036345e-02	-8.7681413e-04	9.8289669e-02	7.6078564e-02	2.2434810e-01	-2.1498972e-01	1.8659353e-02	-5.9108436e-03	7.9207063e-02	-2.2183460e-01	-8.8081881e-02	-5.8650121e-02	6.2578350e-02	9.2706680e-02	-1.7942446e-01	2.8786877e-01	-2.7876639e-01	-1.9824767e-01	-2.0955384e-01	-2.5073120e-01	2.8647694e-03	1.3873851e-02	-1.5142597e-01	-2.2637871e-01	-2.6824367e-01	-2.6700309e-01	2.0313334e-01	1.3024266e-01	2.5179809e-01	2.4669771e-01	-3.1407726e-01	-1.6407786e-01	-1.4969087e-01	3.0346105e-01	2.2522484e-01	7.1411550e-02	-1.9057815e-01	2.7032256e-01	5.7768602e-02	1.4716640e-01	2.4610683e-01	-7.4191563e-02	1.1847052e-01	-7.2771162e-03	6.3220561e-02	1.0677993e-02	-8.5857451e-02	3.6516603e-02	1.4859468e-01	2.3086590e-01	-2.1239299e-01	-2.1655697e-01	1.4116350e-01	-2.3515105e-01	-3.7508547e-02	1.7795643e-01	-2.1288410e-01	-2.5966376e-01	2.3159574e-01	-2.7869034e-01	1.1533321e-01	1.4686993e-01	-2.9458237e-01	-1.3076536e-01	9.6121565e-02	-2.7485463e-01	4.4330567e-02	1.7536244e-01	-1.9028993e-01	2.6976144e-01	1.4321111e-02	-1.3689107e-01	-2.3554139e-02	1.1396237e-01	2.2616193e-01	7.2044499e-02	-2.4057110e-01	-5.1920861e-02	-4.9084622e-02	2.3262650e-01	-1.7655483e-01	2.7067482e-01	-6.5507501e-02	-2.8881633e-01	1.9708277e-01	-2.5367209e-01	-2.2294529e-01	-2.9420012e-01	-1.0080866e-02	-2.3218812e-01	-2.7147505e-01	-2.1036536e-02	2.4085064e-01	-1.8813650e-01	-2.9716590e-01	2.4834976e-01	-8.7931372e-02	-7.4328482e-03	-2.2399540e-01	1.4455175e-01	-1.5889379e-01	-1.9402064e-02	-4.0812768e-02	-2.1103571e-01	-1.1364307e-01	1.3455178e-01	-2.2337207e-01	2.3990837e-01	2.5830248e-01	2.5977644e-01	-2.0963274e-01	-1.5344325e-01	-1.2302068e-02	-2.7557212e-01	-2.4081054e-01	-1.6206166e-01	4.0460806e-03	-9.6316926e-02	-1.8560526e-01	-2.8780735e-01	-1.3442229e-01	-2.7770987e-01	2.7294642e-01	-1.3741614e-01	1.1616214e-01	4.4531461e-02	1.0532908e-01	1.6456684e-01	2.2652614e-01	-2.7395710e-01	-2.8634551e-01	5.6887388e-02	9.2126951e-02	-4.8212618e-02	-2.9132390e-01	-1.3294969e-01	-1.1837410e-01	-9.2982925e-02	2.2362992e-01	-9.0150461e-02	-1.2381673e-03	-1.7329878e-01	4.0670022e-02	5.1178634e-02	4.5556614e-01	-3.7083239e-03	-8.2077913e-02	2.2413564e-01	2.5828144e-01	7.5892724e-02	-1.5881386e-01	-4.1330269e-01	1.4157350e-01	3.0359980e-01	9.7944088e-02	-1.2340712e-01	-3.4688902e-01	6.5072432e-02	-8.1877865e-02	1.9552998e-01	-2.7194348e-01	-3.0013981e-01	2.7918126e-02	2.1060517e-01	-4.4312820e-02	1.7474622e-01	-1.7712144e-02	-2.7216345e-01	-1.0500424e-01	-1.8574955e-01	1.8426120e-02	-3.4794871e-02	4.6259844e-01	-4.0817201e-02	1.6142344e-01	-2.2730896e-01	-2.4446894e-01	2.3692716e-02	6.8789251e-02	2.5928861e-01	-6.1233722e-02	-8.4323756e-02	3.0647591e-01	-4.6016514e-02	-2.8261846e-01	5.6872744e-02	1.5577300e-01	2.3531440e-01	-7.7249788e-02	1.1552283e-01	-4.3650635e-02	-2.8995654e-01	1.4457734e-01	3.0607536e-01	-8.7427311e-02	1.3937524e-01	1.2613074e-03	1.0710726e-01	1.5662256e-01	-1.1497705e-01	1.8327022e-01	2.7073175e-01	2.5338671e-01	1.2431516e-01	1.9204977e-01	1.9577387e-01	1.6803998e-01	-8.5207269e-02	2.6345181e-01	1.0361823e-01	1.1053434e-01	6.6928387e-02	1.8863106e-01	-2.6685452e-01	-2.6328853e-01	-1.6229840e-01	-1.0982486e-01	-7.7387644e-03	-6.7171566e-02	1.3342744e-01	-8.8570416e-02	-1.8978485e-01	-2.3275431e-01	2.0409723e-01	-1.8379208e-01	-1.0981427e-01	-1.9910517e-01	2.3678121e-01	2.8136814e-01	2.4396190e-01	-3.3692539e-02	-4.3546092e-03	-2.1057954e-01	1.2752922e-01	1.0245320e-01	-1.0552273e-01	-1.4872351e-01	2.4981877e-01	-3.0710682e-01	2.4248570e-02	1.3492607e-01	2.1373260e-01	-4.6273708e-02	-2.1188727e-01	-1.1389882e-01	5.2625909e-02	2.8135398e-02	2.8785226e-01	-3.0728686e-01	-2.2102630e-01	-1.0772656e-01	1.7674935e-01	9.0273693e-02	-1.4173880e-01	3.2803155e-02	1.2725727e-01	2.2097284e-01	-2.8816554e-01	4.1769162e-02	-1.6703227e-01	1.9673751e-01	7.3146150e-02	1.0760595e-01	2.1835402e-01	2.0654730e-01	-1.8406134e-02	-1.7102925e-01	-2.4577461e-01	3.0582124e-01	2.9810068e-01	-9.8825969e-02	3.1037849e-01	-4.3743994e-02	-1.4736438e-01	-3.4134518e-02	2.4463826e-01	5.2741426e-03	1.0209169e-01	-1.1110912e-01	1.2701216e-01	-2.5598657e-01	-9.7533222e-03	5.8660466e-02	2.0661683e-01	1.1211613e-01	2.4251139e-02	1.4178003e-02	-3.0079639e-01	-1.7917095e-02	-7.2810248e-02	1.4116606e-01	2.5270614e-01	2.7763322e-01	1.2437370e-01	-2.3004805e-01	2.6180828e-01	1.8907934e-01	1.3205767e-01	-1.3469122e-01	-1.1575308e-01	4.9230242e-01	2.7172539e-01	3.5638835e-02	2.9030743e-01	1.7544533e-01	7.9381809e-02	-8.6961687e-02	2.7968660e-01	-1.3313079e-01	-2.0962706e-01	-6.4838300e-03	1.9169649e-01	-6.7372136e-02	-5.0745904e-02	-1.3721368e-01	-1.2573531e-01	1.7706780e-01	-2.8259581e-01	-1.4811913e-02	2.4395368e-01	-1.8504277e-01	-1.6887860e-01	7.5791299e-02	4.9636304e-02	7.6720573e-02	-1.2313186e-01	6.5228570e-04	8.7379180e-02	-2.8081051e-01	1.5897728e-03	1.4140528e-01	1.5727494e-02	1.1698085e-01	9.4470084e-02	-2.9137743e-01	-2.6207158e-01	2.0549457e-01	-1.7990249e-01	-1.8373533e-01	2.2953989e-01	1.5475273e-01	3.0200127e-01	-1.0721415e-01	-2.0071298e-03	8.7963618e-02	-2.6889470e-01	-1.5732974e-02	-6.4536653e-02	2.9720077e-01	2.7335784e-01	9.5804833e-02	6.8506449e-02	-3.2565856e-01	-1.7546192e-01	9.8971620e-02	3.0431822e-01	-2.4677759e-01	-1.7168094e-01	-2.3152678e-01	-1.0919921e-01	-9.9083617e-02	3.6920246e-01	-6.6345111e-02	1.6338354e-02	-3.7072837e-01	-1.8596356e-01	-2.7946699e-01
-4.1174602e-02	2.4849176e-01	3.0244049e-01	1.0264226e-02	-9.6442915e-02	-2.9156393e-01	1.0368924e-01	2.1669571e-01	-1.2984717e-02	2.7801254e-01	1.0262273e-01	1.4958909e-01	-2.3022349e-01	-1.0897239e-01	-2.7111304e-01	-2.2870351e-01	2.7421969e-03	1.1945138e-01	6.8633601e-02	-2.9496211e-01	-4.7143430e-02	1.7533827e-01	-2.7832550e-01	-9.1621494e-03	2.8397560e-01	-5.4380927e-02	1.4030294e-01	3.4692325e-02	1.8538417e-01	-2.6152225e-02	-1.7078529e-01	-8.9355279e-03	-3.5394031e-01	-2.0406072e-01	2.0087680e-01	-2.9207367e-01	2.4101366e-01	-2.0814294e-02	-3.5931963e-02	2.1661891e-01	1.7502129e-01	1.7069179e-01	6.3395999e-02	-7.3584050e-02	-2.1276751e-01	-3.7205943e-01	2.6081550e-01	1.6402346e-01	8.7245464e-02	2.2315726e-01	-1.8255417e-01	-3.0481449e-01	-2.1407166e-01	3.6995858e-02	-2.4059525e-01	2.1556649e-01	2.8101698e-01	-5.2152760e-02	-1.6508831e-01	-1.4086227e-01	6.5745311e-03	-2.3946783e-01	6.9715165e-02	-8.6997867e-02	1.1792739e-01	2.4493444e-01	1.4762142e-01	2.3071076e-01	2.3877473e-01	-2.5708351e-01	1.8851584e-01	3.2865819e-02	-1.5804066e-01	-1.1844426e-01	3.3481643e-01	1.8425170e-01	-7.6056376e-02	6.1257329e-04	5.3516258e-02	-3.1836396e-01	2.7958018e-01	7.7713139e-02	-1.1789159e-01	-3.0463603e-01	8.4376454e-02	-2.9298079e-01	-2.9378262e-01	6.7233518e-02	1.5593483e-01	5.7547051e-02	1.5159491e-01	2.3736553e-01	-9.7254656e-02	1.4376037e-01	-1.2772384e-01	1.4499898e-01	-1.2719291e-01	2.4899305e-01	1.8611550e-03	1.9953634e-01	-9.9441307e-03	1.5717617e-01	-2.7797350e-01	1.7783044e-01	-9.2429504e-02	6.8777286e-02	-1.1632436e-01	-1.4559859e-01	-2.7354097e-01	-2.4221398e-01	-2.3171958e-01	1.8062599e-01	-4.2544568e-01	-2.2499390e-02	1.6657150e-01	1.7282926e-01	1.6983467e-01	-2.0638207e-01	-2.7160710e-01	1.8614446e-01	-2.7620488e-01	-3.2404530e-01	1.9325985e-01	-2.0210953e-01	1.1327703e-02	4.9113471e-02	-6.8829760e-02	2.6737049e-01	-6.1056919e-02	1.8109743e-01	-2.4221379e-01	-3.1927742e-02	2.6107308e-01	-2.0824933e-01	1.3932888e-01	5.9390668e-02	1.8361619e-01	-2.6246876e-01	-2.0055027e-01	-2.7224401e-01	-2.5585738e-01	2.4375972e-01	5.3831164e-02	2.7045229e-01	2.0188093e-01	-2.7403551e-01	-1.7819917e-01	2.0735014e-02	-1.4977123e-01	3.6447417e-02	-5.0338756e-02	1.7120437e-01	-1.6885629e-01	-2.8899270e-01	-3.9184555e-02	1.4371087e-01	6.7362651e-02	2.3682682e-01	1.7769435e-01	1.0552455e-01	3.7861854e-02	-1.4775921e-01	1.0776952e-01	1.5415330e-01	7.1639873e-02	-1.5985206e-02	-5.3317219e-02	-4.8380732e-03	-1.9758014e-01	-6.1931390e-02	-8.0331229e-02	2.1732768e-01	-1.1894152e-01	2.7590790e-01	2.3139839e-01	-1.4556642e-02	3.9916478e-02	2.7784821e-01	3.4739959e-01	1.9206907e-01	-1.5522391e-02	-1.1580090e-01	-2.6076391e-01	-1.3370834e-01	-3.0646622e-01	9.0066753e-02	-7.9188019e-02	-1.1567057e-01	-9.7873583e-02	2.0486780e-01	6.7877062e-02	3.5377666e-01	-3.3803623e-02	-2.6991049e-02	1.3054749e-01	-7.6550663e-02	-5.8181390e-02	-5.7878491e-02	3.9178722e-02	-1.3790216e-01	3.9518483e-02	1.2397811e-01	-2.1259604e-01	-2.2540163e-01	2.3604558e-01	9.7693875e-03	1.0043108e-01	-1.6133927e-01	-2.1201988e-01	-4.3264516e-02	1.0379985e-01	-1.4551072e-02	2.8781858e-01	-8.6098596e-02	2.0752777e-01	-1.0238290e-03	1.7867422e-01	1.0061730e-01	5.0477628e-02	-2.4740791e-01	1.9766271e-01	-2.5138214e-01	4.2666882e-02	-2.8614929e-01	3.0946799e-03	-2.4149929e-01	2.7711460e-01	-1.2213832e-01	1.6835468e-02	2.0253858e-01	7.3438495e-02	7.8832030e-02	-2.1677022e-01	-5.3183705e-02	-2.7832654e-01	1.9664612e-01	-2.5687531e-01	2.5624961e-01	-2.1996135e-01	1.3035306e-01	-1.1760715e-01	2.4741596e-01	1.9821320e-01	7.2339159e-03	-2.4649702e-01	2.6354402e-02	-1.8746878e-01	-2.5281587e-01	-1.6774459e-01	-1.7162116e-01	-1.0685544e-01	-5.6970294e-04	-2.6426750e-01	-2.1735774e-01	-2.1891323e-01	1.6812338e-02	-2.7191412e-02	1.5138610e-01	2.7224836e-01	2.3347932e-01	1.2571359e-01	2.6927993e-01	7.5405382e-02	1.4650322e-01	-3.3200368e-02	-2.4150360e-01	1.4420743e-01	8.6670518e-03	-2.2952868e-01	-2.3845917e-01	-1.8167816e-01	-4.0720541e-02	-1.0201524e-01	-3.5061266e-02	-1.2428263e-01	-4.5340948e-02	-1.7698318e-01	1.1798809e-02	9.2400171e-02	2.1829128e-02	-2.8913847e-01	1.7401084e-01	5.7213649e-02	9.2560202e-02	-6.6811793e-02	2.8363833e-02	6.5535784e-02	9.8289482e-02	1.1069167e-01	-2.1512379e-01	-1.1288387e-01	1.5677293e-01	-1.1056902e-01	2.5234577e-01	-3.0909061e-01	-1.3333088e-01	-7.8280687e-02	-1.7260720e-01	3.0187976e-01	-1.7638129e-01	1.4755172e-01	-3.6911011e-02	1.7365207e-01	2.0380133e-01	1.3830991e-01	-2.2778456e-01	8.4953398e-02	-3.2637382e-01	6.2988549e-02	-1.5812601e-01	2.9493293e-01	2.8526194e-02	-1.7536969e-01	1.0850417e-01	-1.8272340e-01	2.7740505e-02	1.6290861e-01	-2.9134995e-01	9.9138945e-02	-6.3691330e-01	1.2375659e-01	-1.6233058e-01	-5.4169714e-02	-9.6052989e-02	5.4726556e-02	7.2362654e-02	2.9103917e-01	1.8966702e-01	2.0465223e-01	-2.0056015e-01	-8.5851559e-03	8.6687416e-02	2.6943979e-01	-2.9928538e-01	1.0651467e-01	1.0756291e-01	-2.1220422e-01	2.0546092e-02	-8.8007852e-02	1.3170342e-01	-8.6136773e-02	2.0419577e-01	7.5987458e-02	2.2981332e-01	-1.3806698e-01	2.5223878e-01	1.2298259e-02	-4.8690818e-02	2.1628207e-01	1.7808773e-01	3.1683171e-01	-1.2768529e-01	-3.1220192e-01	-1.2371850e-02	-2.3429662e-02	1.5102284e-01	-1.8256275e-01	-2.2428760e-01	2.0749126e-02	2.6206595e-01	2.4200338e-01	-3.3364356e-02	-1.5843777e-01	-7.9087779e-02	-3.3232171e-02	-3.2185662e-01	-1.1405942e-01	-2.8505221e-01	-1.6662443e-01	-2.5250243e-02	-8.1033170e-02	1.7620225e-01	-1.3917981e-01	8.0113433e-02	-1.3001178e-02	-1.8597789e-01	2.2424553e-01	-2.4773353e-01	1.3867396e-01	-2.5317043e-01	-1.3544263e-01	-3.5140879e-02	7.4900091e-03	-3.4313989e-01	-2.1683960e-01	-2.2595666e-01	-2.0106056e-01	4.2614069e-02	-3.1396523e-01	1.1666954e-01	9.2560887e-02	-9.4745219e-02	-1.0778646e-01	2.6932749e-01	-1.9660762e-01	1.5650013e-01	-7.3638327e-02	1.3010581e-01	9.3696862e-02	-2.8425843e-01	-2.2144867e-01	-2.1522886e-01	-1.7853591e-01	1.7027510e-02	-2.3889278e-01	-1.9538814e-01	-1.5685235e-01	8.8345200e-02	-2.8155324e-01	-1.4343251e-01	9.1106772e-02	-2.4144685e-01	-2.9998881e-01	-2.1368036e-01	-1.5899637e-01	-2.7719559e-02	-4.1933026e-02	-1.6840604e-01	-2.0166150e-01	-2.3551203e-01	-1.3667943e-01	-2.7115855e-01	-2.1245733e-01	-5.3207785e-02	1.8072787e-01	2.9153851e-01	-2.9140764e-01	4.2499304e-03	2.8498757e-01	2.1483493e-01	2.3597726e-01	7.7453434e-02	-1.3846454e-01	-1.7232838e-01	-2.9808432e-01	3.8899006e-03	8.4415585e-02	1.6596639e-01	-1.3445915e-01	3.4797639e-02	-2.5384650e-01	-1.9137640e-01	-2.8399673e-01	8.9384139e-02	-4.0151656e-02	1.0939085e-01	1.1801609e-01	-1.3750710e-01	8.5956588e-02	-2.0804642e-01	2.0135280e-01	-9.0812683e-02	2.2469476e-01	-2.0489845e-01	-1.8954004e-01	-4.6712276e-02	-1.5251054e-01	-4.8158072e-02	2.6070410e-01	1.0392562e-01	-2.1408352e-01	2.5738648e-01	2.5591132e-01	1.7670268e-01	9.8933745e-03	-1.6976318e-01	-3.0135202e-01	-1.6077735e-02	2.0275316e-01	1.1151874e-04	3.3946320e-01	-2.3199931e-01	-7.2472781e-02	2.1293910e-01	-1.6196491e-01	2.9103217e-01	-3.1212991e-01	5.1183142e-02	-7.0875295e-02	1.6471252e-01	-2.5405297e-01	-1.9962466e-01	-2.3424235e-01	-1.4751066e-01	-1.3932948e-01	-2.2077267e-01	1.5372691e-01	-3.0349401e-01	2.2036812e-01	2.4400619e-01	-1.0941626e-01	-1.3236970e-02	-2.1234681e-01	-1.7389731e-01	-2.5867933e-01	-1.2491420e-01	1.9752829e-01	-1.4524008e-01	2.9849488e-01	1.8381545e-01	2.9701188e-01	-6.6444963e-02	1.7605302e-01	1.0955986e-01	-1.4267704e-01	1.9252542e-01	-1.8367025e-01	2.0290688e-01	2.4123152e-01	-1.0161541e-01	2.7398959e-01	-2.2545695e-02	4.4756081e-02	4.0770482e-02	1.5021703e-01	7.3371157e-02	1.1001793e-01	2.4543507e-01	-9.6583195e-02	-2.7767318e-01	2.9501563e-01	1.4107445e-01	-7.3411718e-02	1.2588328e-01	-1.9387807e-01	3.1028142e-02	-2.2885373e-01	2.3797430e-01	-1.7603341e-01	-2.6112983e-01	-2.4471464e-02	1.3806953e-01	1.8961731e-01	4.2462900e-02	-4.0448524e-02	-4.3337576e-02	-2.1127301e-01	-1.9880383e-01	8.6564973e-02	-2.0394477e-01	-2.6325911e-01	3.0890349e-01	-1.0857441e-02	2.5833383e-01	-2.2005568e-01	2.3346938e-02	-8.9830965e-02	-1.2246048e-01	-1.9329259e-01	-3.8744357e-01	2.2676757e-01	-1.9809505e-01	-2.8608599e-01	2.5530919e-01	-1.6785340e-01	-2.2905311e-01	-5.6364436e-02	-5.0791658e-02	7.0091426e-02	-6.8283632e-02	2.2010443e-01	2.5874439e-01	7.1142048e-02	-1.9198529e-01	-1.0767068e-01	-2.2805834e-01	1.4975494e-01	1.6309804e-01	-1.6188383e-02	-4.3901831e-02	-2.1399134e-01	-7.7070042e-02	-1.7039835e-02	-3.0207697e-01	6.5096200e-02	-1.6702782e-01	-2.7606089e-02	-1.6783744e-01	2.2768557e-02	-2.3981856e-01	-9.9901043e-02	-2.4824622e-01	-2.2084852e-01	-2.5804254e-01	-3.4678876e-03	2.3030421e-01	-7.8532562e-02	4.0729880e-02	2.2565211e-01	1.2770180e-01	6.1579108e-02	2.2709587e-01	8.7425552e-02	3.0291399e-01	-4.5740660e-02	-2.7987963e-01	-1.9351465e-01	-7.1221471e-02	2.3027951e-01	2.4178174e-01	-9.4141364e-03	-3.3361346e-01	-7.4916720e-02	-1.2978180e-01	8.7569028e-02	-8.8949122e-02	-2.8317159e-01	-1.0297868e-01	2.5556916e-01	1.2653059e-01	-1.4194106e-01	-2.8700593e-01	1.4393274e-01	1.4090747e-01	-1.5990892e-02	1.6986300e-01	2.5042763e-01	-3.9829917e-02	-7.2402216e-02	-9.3795255e-02	-3.1180972e-01	-2.5634030e-01	-1.5249816e-01	1.0124045e-01	-1.5303956e-01	-2.8575340e-01	1.1072609e-01	-1.1645678e-01	-1.5532351e-01	-1.2685674e-01	-1.5335713e-01	3.0609164e-01	2.4390402e-01	9.9194143e-03	-1.7133227e-01	1.3198088e-01	-1.0433119e-01	-2.6136237e-01	-2.6776135e-01	-2.3672947e-01	1.5649724e-01	2.8816944e-01	1.9574210e-01	-3.2126048e-01	1.8368162e-01	2.9799929e-01	8.9604139e-02	4.2739999e-02	-8.7599218e-02	1.7520754e-01	1.7724192e-01	4.1477859e-02	1.5891349e-01	2.9246002e-01	-2.5046825e-01	3.0997708e-01	-2.0131293e-01	-1.2150046e-01	-5.1018618e-02	1.2314445e-01	2.9452637e-01	-1.3920398e-01	-2.5628513e-01	4.6656068e-02	-2.9314348e-01	1.2947914e-01	-6.7920513e-02	-1.9374084e-01	1.7756177e-01	1.0112017e-01	3.0898455e-01	-1.5203552e-02	2.5284639e-01	1.0847959e-01	-6.9142625e-02	5.5317555e-02	-6.8281241e-02	8.6671107e-02	1.3183153e-01	-2.1801037e-01	-1.5786545e-01	6.7385614e-02	5.3568956e-02	2.2881863e-01	6.8892904e-02	-1.9002073e-01	2.5520903e-01	-4.0748466e-02	-7.5478330e-02	3.0295154e-01	-1.1724566e-01	1.0068961e-01	-1.8556461e-01	-3.0742496e-01	-1.4772291e-01	-2.6326722e-01	1.1753087e-01	2.7483767e-01	1.6805312e-01	-2.8515783e-01	-2.2155029e-01	2.0962829e-02	2.6578683e-01	2.8194737e-02	2.1336725e-01	8.3037935e-02	1.3561517e-02	4.6777934e-02	-2.5741220e-01	-1.0389330e-02	-4.9964815e-02	-6.8007320e-02	-2.6690662e-02	2.6671925e-01	2.3197243e-01	7.6155990e-02	6.2931351e-02	-7.7108056e-03	4.2329401e-02	2.9696444e-01	-7.0187494e-02	-7.7894434e-02	-4.1418135e-02	-1.8410686e-01	1.9131237e-01	-2.1311653e-01	2.7464470e-01	-7.3093057e-02	2.6696518e-01	-2.3022178e-01	-2.2068363e-01	1.6545495e-01	-1.4185937e-01	-3.6039159e-02	-9.1196001e-02	-1.6671260e-01	1.1808905e-01	1.8234178e-01	-2.4651015e-01	-1.2979886e-01	2.4218655e-01	2.8058407e-01	-2.1216343e-01	2.1230802e-01	-1.5897052e-01	-2.5691792e-01	-1.1122353e-01	2.8811058e-01	-5.4168394e-03	5.5284733e-03	1.9679131e-01	-6.7495115e-02	3.3235481e-01	1.0633370e-01	8.6073503e-02	-2.2093276e-02	2.5478533e-01	-2.4293546e-01	1.0058171e-01	6.9325395e-02	-8.3871692e-02	-8.6680025e-02	-2.0865218e-01	2.9029959e-01	-2.2517264e-01	-9.8081917e-02	2.7709323e-01	2.5969716e-02	-1.5112200e-01	-3.3780474e-02	1.0362390e-01	-3.3671789e-02	3.4795505e-01	-8.3487958e-02	-6.0943373e-02	2.0568343e-01	4.7691539e-02	2.6282215e-01	-6.5971233e-02	-1.7209667e-01	2.2850242e-01	1.3787378e-01	-1.2833275e-01	-1.3156690e-01	-2.2130921e-01	2.7638397e-01	-1.9083026e-01	2.8193700e-01	2.1143350e-01	-1.4079902e-01	2.0027651e-01	2.2188051e-01	4.8712991e-02	1.7940526e-01	1.6295603e-01	5.7914179e-02	8.2212687e-02	4.7003706e-03	-2.5924787e-01	1.7516035e-01	-2.3629068e-01	4.0665582e-02	2.5371107e-01	-3.4099349e-01	-1.6680637e-01	3.4929922e-01	-2.8531408e-01	3.0351156e-01	-2.8639913e-01	2.1213284e-01	-9.4810113e-02	2.2569415e-01	-2.2734594e-01	2.0889394e-01	-2.1300018e-01	3.0544966e-01	-2.0879191e-01	1.9327480e-01	-5.7264842e-02	-1.8896887e-02	1.1776292e-01	1.3935946e-01	2.0892355e-01	-1.5026760e-01	1.5965107e-01	-3.4009889e-01	-1.0141456e-01	-1.1440918e-02	1.8781772e-01	4.5742422e-02	-4.5041833e-03	3.3801433e-01	3.2529101e-01	9.9463545e-02	1.4258930e-01	9.8857976e-02	-1.2767462e-01	1.2853341e-01	-1.8126887e-01	-4.0031198e-01	9.2996001e-02	2.5745425e-01	-4.9043626e-02	1.4026898e-01	2.8565031e-01	-2.0957196e-01	7.7152424e-02	1.5466048e-02	9.6100010e-02	4.9358737e-02	-1.0982379e-01	2.3494960e-01	1.3334444e-01	-2.7850676e-01	1.0217829e-01	2.7802935e-02	2.2419390e-01	-2.0670573e-01	4.3188158e-02	2.1026501e-01	2.4922496e-01	-7.0094965e-02	-1.1819502e-01	3.1714049e-01	1.6233170e-01	9.6886627e-02	1.2379700e-01	-5.1035568e-02	-4.1615203e-01	-2.9051197e-01	-2.4867898e-01	-1.7276877e-01	2.5712925e-01	-6.4082533e-02	1.6596530e-01	3.6598414e-02	-4.4479657e-02	2.0911117e-01	2.1726695e-01	-3.9895587e-02	6.4095937e-02	1.2307371e-01	2.0271098e-02	-4.1563740e-01	-2.9522288e-01	2.5211594e-01	-1.4142521e-01	2.1892718e-04	1.6620848e-01	-1.8510237e-01	1.9157270e-01	-3.0106372e-01	-7.8061369e-04	1.0686940e-01	1.2394658e-01	2.1264602e-01	4.8818666e-02	1.4000051e-01	-1.8872020e-01	1.4519322e-01	-6.7708313e-02	1.7823587e-01	2.1208805e-01	2.4666803e-01	2.1078922e-01	2.9465747e-01	3.6829960e-01	1.4305884e-01	-2.2776628e-01	-1.8564129e-01	1.8613818e-01	7.6328679e-03	2.3845235e-01	2.2429191e-01	-2.3413095e-01	-4.0511361e-01	-2.7618140e-02	1.2786725e-01	-2.1804862e-01	1.4239940e-01	-1.1684966e-01	1.7851698e-01	-2.4382398e-01	-2.1582113e-01	-2.1979453e-01	-9.6948974e-02	4.8418056e-02	-2.7804735e-01	2.7090660e-01	1.1320395e-02	1.0154310e-01	-1.6409430e-01	-1.4386368e-01	-1.3615254e-01	-1.4632127e-01	-1.1586472e-01	1.1342334e-01	-7.9019576e-02	-7.9029404e-02	8.7970853e-02	2.1545071e-02	-2.7399272e-01	-6.3102722e-02	3.0300301e-01	-2.7329832e-02	-1.9689311e-01	2.9384840e-01	-2.3021573e-01	5.9656590e-02	-7.0847571e-03	1.8761826e-01	2.8056920e-02	1.9560018e-01	2.3167416e-01	-2.6655209e-01	-1.0656345e-01	6.4022586e-02	-8.7264916e-03	-9.7141221e-02	1.2973912e-01	-2.5568935e-01	-2.9622406e-02	-1.4120901e-01	2.9512984e-01	-1.2463593e-01	-7.8352764e-02	-1.0351676e-01	-1.0579254e-01	2.2044111e-02	-9.7896703e-02	3.7204341e-03	-4.6784341e-02	1.9166152e-01	1.9435976e-01	-8.4614538e-02	8.2959712e-02	2.8983706e-01	7.6710053e-02	2.7007154e-01	-1.4807667e-01	-2.3913704e-01	1.7762084e-01	1.3224849e-01	8.7900348e-02	-9.2973650e-02	1.9650953e-02	-7.9588488e-02	-2.1481460e-01	-1.2776023e-01	-2.4619374e-01	-3.0538440e-01	1.8950342e-01	1.0851809e-01	-1.0117298e-01	6.9948494e-02	-1.2721719e-01	-1.2637340e-02	-9.3052357e-02	-1.2821659e-01	-1.8530853e-01	1.8689600e-01	1.3494059e-01	-2.5621295e-01	2.0353410e-01	-1.1761606e-02	-2.5933307e-01	-1.9732711e-01	-1.6075502e-01	7.3605672e-02	1.9707650e-02	2.0989564e-01	-1.0921924e-01	-1.3424665e-01	2.4811575e-01	-1.9159248e-01	-1.0292879e-01	9.8313987e-02	-2.3179924e-01	2.2588134e-02	2.9591760e-01	-1.1406470e-01	-2.4291408e-01	2.6483282e-01	-6.6936627e-02
1.0090695e-02	-1.9560079e-01	3.0907542e-02	7.0069917e-02	1.3721053e-01	-2.8939828e-01	-2.1216147e-01	3.3715650e-01	-1.0279860e-01	1.6914470e-01	-1.4885478e-01	3.0849120e-01	1.1179081e-01	2.2266853e-01	9.5505090e-03	-2.1672982e-01	-3.4063071e-02	-1.5230253e-01	-5.5164631e-02	3.6958799e-01	-6.4262696e-02	2.3593751e-01	1.2897630e-01	2.0416646e-01	-9.0046927e-02	-1.0112993e-01	-1.2283164e-01	1.6407461e-01	1.4161538e-01	-4.0976304e-01	1.6272007e-01	-3.3433601e-01
