9
input	22
dense	32
relu	0
dense	32
relu	0
dense	32
relu	0
dense	1
linear	0
7.999999979801942e-06
-8.2991473e-02	-1.6782790e-02	8.8567309e-02	2.3582166e-02	-2.0310573e-02	-9.0948679e-03	-1.2401205e-02	-6.2331492e-03	-3.6024597e-02	1.3434161e-02	-1.6983759e-01	-3.8147811e-02	-2.4937419e-02	3.3612669e-02	1.2403279e-01	1.9073393e-02	5.2270066e-02	-5.6612488e-02	-5.2489225e-02	-3.1433593e-02	-6.2475704e-02	-8.5026167e-02	3.5239852e-03	-1.6392522e-02	-8.3291546e-02	-1.0475139e-01	-1.6551530e-01	1.2966986e-01	-1.1786769e-01	7.7778846e-03	1.8006394e-03	-1.2223077e-02
-1.9898362e-02	-1.2133172e-02	-3.5552725e-02	-4.9430206e-02	-5.9649598e-02	2.8652841e-02	-3.9121388e-03	-8.8216156e-02	-3.8760021e-02	7.0148766e-02	-7.5795233e-02	-1.8933598e-02	1.2517183e-03	-1.1486260e-01	-9.4401784e-02	5.3807080e-02	-1.6002959e-02	-1.0793277e-02	-4.1088652e-02	9.2086993e-02	-3.3306904e-02	6.3549072e-02	-3.2215014e-03	-6.0110658e-02	-4.7178999e-02	4.8321135e-02	3.7906349e-02	2.4082825e-02	-2.3007197e-02	-1.0467103e-02	8.6034313e-02	-3.2948323e-02
3.1998461e-06	1.4458001e-02	-4.7017660e-02	-6.4347029e-02	6.1370552e-02	-1.9725317e-02	-1.5632791e-02	1.9835833e-02	3.1960607e-02	7.7429086e-02	-4.4868510e-02	4.5107152e-02	-1.8451463e-03	1.0021953e-01	6.1125164e-03	-1.7026547e-02	-3.3902645e-02	-3.6693554e-02	-4.6912406e-02	-1.7866833e-02	-7.5989187e-02	-6.5822914e-02	-6.5832525e-02	1.8922977e-02	-1.4953724e-02	-6.3480735e-02	9.8015182e-03	-1.2260145e-01	-2.9012575e-03	9.0243127e-03	-2.4874952e-02	-1.6321501e-02
4.5829387e-03
9.0459749e-02	-2.5278282e-01	1.9192576e-01	1.8559048e-01	3.3117533e-01	6.8039201e-02	7.0572972e-02	-4.0823132e-02	-1.1050224e-01	-2.9612145e-01	-2.4376786e-01	3.0408457e-02	3.1233355e-01	8.3582565e-02	-1.2887777e-01	-8.0621704e-02	-9.0623401e-02	1.6067900e-01	-4.4903371e-02	-2.0245751e-02	4.2312285e-01	-4.9648899e-01	1.8621729e-01	-2.0545158e-01	9.7183369e-02	-2.4726200e-01	2.0242281e-02	2.6543960e-01	-2.5512058e-01	-2.4672543e-01	1.6311510e-01	-2.1972011e-01	2.8648868e-01	4.0696716e-01	-5.7327718e-01	2.5189766e-01	-3.3727728e-02	-3.9328921e-01	9.9350840e-02	1.0731571e-01	-1.9689332e-01	-7.6731429e-02	-4.4325614e-01	-5.6710813e-02	-9.3473792e-01	-5.3686619e-01	-4.1421500e-01	5.5698626e-02	-1.4303033e-01	-1.4244694e-01	4.5746841e-02	-5.4492135e-02	-1.2027822e-01	-5.5575661e-02	-2.4273083e-01	-2.5174005e-02	2.1350120e-01	1.0826316e-01	2.9459146e-01	-2.5278267e-01	2.0484781e-01	3.7710166e-01	1.0095807e-01	-5.0171550e-02	5.7995241e-02	-2.2662665e-01	7.3512115e-02	-3.5502434e-01	3.0175290e-01	2.8122064e-01	1.6091882e-01	1.8246921e-02	1.1267930e-01	-1.9428058e-01	-1.7388211e-01	-1.1326602e-01	3.3651584e-01	-2.1962790e-01	-5.7858235e-01	-2.5392234e-02	-5.4925412e-02	-8.2614459e-02	-5.4554310e-02	1.9082852e-01	-1.3867481e-01	-7.4380748e-02	1.9634672e-01	3.9101717e-01	4.2240560e-02	2.7098966e-01	3.2199230e-02	-2.8052947e-01	2.1918002e-01	9.2838921e-02	-2.4674334e-01	1.4498386e-01	-2.0120655e-01	-1.8674782e-01	-7.0970416e-02	2.9551053e-01	-3.3588400e-01	1.3140398e-01	-1.2328460e-02	-1.7317964e-01	-4.0576160e-02	-1.4876078e-01	3.3110833e-01	-3.1326857e-01	-2.8954318e-01	2.8594247e-01	-1.4005360e-01	-3.2921076e-02	-3.8927841e-01	-1.7816651e-01	-2.1468829e-01	1.0469276e-01	9.3925558e-02	2.5850815e-01	2.2510838e-02	-1.2252352e-01	2.1285528e-01	7.3438004e-02	5.6748581e-01	1.0604867e-01	-3.4594756e-01	-4.7054529e-02	1.7278463e-01	2.5822696e-01	-3.1763169e-01	-1.3864243e-01	-6.5197670e-01	4.1121263e-03	3.4738797e-01	1.1702974e-01	1.2994228e-01	3.9140999e-01	-6.8722785e-02	2.9866291e-02	-2.1365276e-01	1.8697245e-01	1.6448443e-01	-1.3764381e-01	-3.1489238e-01	-1.3142614e-01	-4.4750708e-01	8.3131991e-02	-1.9000646e-01	-6.8322875e-02	-1.2416873e-01	-1.1548186e-01	-7.2680801e-02	-1.7903551e-02	5.0214076e-01	-5.3054863e-01	1.7756066e-01	1.8991418e-02	-5.6413706e-02	3.0370755e-02	2.2929113e-01	5.2150503e-02	-5.3813461e-02	-3.7717831e-01	-9.7600862e-02	3.3337507e-02	1.7059898e-01	2.2869673e-01	-6.0247040e-01	-4.4106513e-01	-3.0418363e-01	-2.3101766e-01	1.4790101e-01	-1.0191737e-01	5.8335070e-02	-1.2521324e-02	-1.1808331e-01	-4.7101274e-02	6.9770642e-02	-2.5905037e-01	2.7596778e-01	1.4800803e-01	-1.3290107e-01	1.9940124e-01	3.2739025e-01	-2.4019927e-02	2.0678449e-01	-6.7137010e-02	-6.4948373e-02	8.8565499e-02	6.6152532e-03	-4.0607020e-02	-1.3973032e-01	2.1739934e-01	2.0804784e-01	1.2809315e-01	3.6628282e-01	1.0269678e-01	-2.1618046e-01	-4.2193988e-03	3.2147601e-01	1.3307219e-02	-1.0658199e-01	-3.9539135e-01	-3.9314181e-01	2.5312397e-01	-3.2084835e-01	-2.1335611e-01	3.0086708e-01	1.1595643e-01	3.6588335e-01	4.6003703e-02	2.8998864e-01	5.1309347e-02	1.2703957e-01	-2.7543315e-01	-1.7945279e-01	2.3332195e-01	1.1592807e-02	-5.3916284e-04	-5.9171826e-02	1.5179926e-01	2.6021963e-01	2.0990181e-01	4.6518691e-02	6.2324643e-02	2.9683283e-01	2.6545247e-01	-2.4017496e-01	-2.5416943e-01	2.6171410e-01	-2.1318419e-01	1.2766030e-01	6.1193440e-02	1.4793008e-02	2.6031521e-01	1.3730188e-01	-2.1654889e-01	-1.2639219e-01	1.9754413e-01	3.0922878e-01	-1.1833935e-02	5.6096298e-01	-2.3967658e-01	-9.2360698e-02	2.4665312e-01	2.8412073e-04	7.5611755e-02	1.4288031e-01	2.2680078e-02	4.4305954e-02	2.0782790e-01	-1.0591440e-01	8.7330170e-02	-1.7753720e-01	8.3234583e-05	-8.0322081e-01	6.7766197e-02	-4.1294601e-02	1.2370426e-02	1.0264639e-01	2.3673005e-02	-1.9386007e-01	1.4534640e-01	3.1013352e-01	-3.1002787e-01	-7.5396769e-02	-4.0868223e-02	2.4394849e-01	1.5866080e-01	-5.0445799e-02	-1.3132066e-01	2.0657508e-01	-7.2601237e-03	-1.3928474e-01	2.3107666e-01	1.8036146e-01	-1.7524535e-02	-7.1498013e-01	1.6973466e-01	-1.7803311e-01	9.3338527e-02	1.2873675e-01	-2.3082821e-01	-2.5218865e-01	-8.3348572e-02	2.7168578e-01	-8.9340448e-02	3.5147306e-01	3.0700800e-01	-3.2769540e-01	9.9812327e-03	-2.4591847e-01	-7.5157941e-03	-2.7672315e-02	1.3558900e-01	7.4831910e-02	1.7012122e-01	-7.8344613e-02	-1.4053677e-01	-6.0829705e-01	4.2851496e-01	3.3946985e-01	1.0889181e-01	-1.1999695e-02	-1.3269441e-01	1.3285291e-02	-2.5571896e-02	-3.0204704e-01	-1.9154161e-01	-1.8921913e-01	-2.9542741e-01	1.0179883e-01	2.4752681e-01	-3.5946158e-01	-3.5609178e-02	9.6295439e-02	4.0725924e-02	2.3341930e-01	1.2821893e-01	2.8649208e-01	1.3403888e-01	-6.2414956e-01	1.5901852e-01	-3.4200113e-02	1.4638516e-01	-1.5863718e-01	-8.4778205e-02	6.2451757e-02	1.4250091e-02	-2.4272828e-01	1.5237169e-01	-5.4068649e-01	-2.8438953e-01	-4.7178248e-01	-7.7478386e-02	2.3032108e-01	6.3693292e-02	-1.4208847e-01	-1.6793065e-01	2.3383096e-01	2.0937454e-02	5.4691203e-02	-1.1781508e-01	8.2447660e-01	2.4301656e-01	2.9498475e-02	7.5109117e-02	-2.4315219e-01	-1.5890229e-01	-2.0545590e-01	-6.4799577e-02	3.1128770e-01	-1.9880648e-01	3.8745545e-02	-2.0173700e-01	-5.4128725e-02	-4.1699803e-01	1.5587896e-01	-2.5293556e-01	2.4694487e-01	2.7843258e-01	-1.8451054e-01	2.8734034e-01	1.3069037e-01	8.3731832e-03	4.7819546e-01	4.6008285e-02	1.7975391e-01	-1.8854202e-01	-3.5366988e-01	-5.4115511e-02	1.6031937e-01	2.0711545e-02	-7.7800798e-01	3.5700187e-01	4.0010628e-01	5.6350067e-02	-2.3536276e-02	3.0743999e-02	-3.5792567e-02	-2.5040811e-01	2.2112351e-02	1.3777356e-01	-3.5367900e-01	2.6402690e-02	-4.6453461e-02	-2.8011936e-01	2.1415724e-01	2.3501377e-01	1.5640545e-01	-2.8574952e-01	-3.6906330e-03	1.4069698e-02	-1.7925769e-01	2.0813134e-02	4.2951885e-01	-4.9476114e-01	-1.0026590e+00	-9.9819517e-01	-7.3230910e-01	-1.5446565e-01	-2.6539353e-01	1.9629858e-01	1.5286820e-01	-2.5430891e-01	-1.1817632e-01	1.2815252e-02	1.4476761e-01	-1.7536727e-01	-1.5338144e-01	2.0079156e-02	6.8032615e-02	-2.2639717e-01	-1.2832334e-02	1.5659754e-01	6.4857103e-02	-3.1298500e-02	-6.9802180e-02	1.3250202e-01	-1.4144374e-01	4.8395851e-01	8.0604047e-02	1.2659559e-03	-1.2801525e-01	7.8230180e-02	-2.8031578e-02	2.4053167e-01	-2.1956027e-01	-4.5937669e-02	-1.7389257e-01	-2.5868011e-01	-4.0596166e-01	8.2106516e-02	-6.2285792e-02	1.1272913e-01	-2.6540279e-01	1.9038644e-01	-1.5717281e-01	1.3478544e-01	-2.7309319e-01	1.9575085e-01	2.2183579e-01	-2.6966923e-01	-1.5180154e-01	-6.4349197e-02	-1.7432562e-01	2.0625834e-01	1.5664278e-01	2.6301420e-01	1.1447465e-01	1.2392086e-01	1.8726104e-01	-2.4803510e-01	6.4282864e-01	-2.3779765e-01	-1.9068567e-01	2.7073729e-01	1.7147544e-01	8.7515138e-02	7.1496636e-02	-1.1033604e-01	-7.0874411e-01	3.4237546e-01	-2.3241439e-01	-1.8935315e-01	-4.4553137e-01	-2.7710420e-01	-1.5886703e-01	-1.3303812e-01	-6.5220751e-02	1.4334305e-01	-1.2246678e-01	3.9052662e-01	-6.3887388e-02	-3.0389464e-01	3.3542520e-01	-1.7205244e-01	-1.6043048e-01	-2.3220316e-01	-2.9905316e-01	-3.0589879e-01	4.5589689e-02	-3.8137726e-02	2.5851704e-02	6.1516728e-02	2.0100792e-01	2.0530607e-01	1.0034546e-01	-8.5834302e-02	1.5918826e-01	-3.3563113e-01	1.9551481e-01	-6.6376619e-02	1.0144345e-01	-1.6925855e-01	-1.0335361e-01	1.1148328e-01	-3.3210737e-01	2.9057484e-02	1.8060903e-01	2.8351635e-01	-7.4122764e-02	1.6537100e-01	1.2353228e-01	-1.0084763e-01	1.8984666e-01	-6.4884913e-01	-1.6101385e-02	-3.5340360e-01	-2.7491882e-01	-2.2704397e-01	3.4577468e-01	-2.9327258e-02	2.1993366e-01	2.0073903e-01	-1.4569733e-01	5.3614300e-02	2.0381176e-01	-3.6842331e-01	7.8841710e-01	-1.5894105e-01	4.9654573e-02	1.2133236e-01	2.4272051e-02	-2.4346659e-02	-1.8801174e-01	1.3185199e-01	2.9277387e-01	3.2231638e-01	-1.2545155e-01	1.8049251e-02	3.9385542e-01	3.4580603e-01	6.2972389e-02	2.1032055e-01	3.9292432e-02	-1.5435636e-01	2.5194138e-01	8.7804429e-02	-3.3335617e-01	-1.9035144e-01	9.2204466e-02	-2.3071373e-01	-4.4874308e-01	3.9828394e-02	-3.1105384e-01	1.0295333e-01	2.1238782e-01	-9.0047576e-02	9.7463572e-01	1.4009659e-01	-2.3364598e-01	6.9305122e-02	-3.2448266e-02	3.5623446e-01	3.2770196e-01	-2.8854273e-02	-3.1137589e-01	2.5776583e-01	-1.5899785e-01	-1.2189221e-01	1.3995738e-01	2.5052470e-01	-7.4780276e-03	-5.0442517e-01	-3.5531548e-01	-1.3005999e-01	1.1791369e-01	3.7698923e-03	2.4213649e-01	7.2286293e-02	2.5352353e-01	-3.6445621e-01	-2.0549795e-01	2.0936921e-01	2.4275489e-01	1.5463902e-01	1.7371884e-01	4.8358098e-02	2.4211888e-01	-7.5442225e-02	2.4151829e-01	2.5942990e-01	-3.1757829e-01	1.1495382e-01	-2.9284865e-01	8.4488921e-02	-1.2424504e-01	8.2494542e-02	4.2543184e-02	1.4657550e-01	2.1971281e-01	-4.9351156e-02	-1.3290493e-01	-3.4710738e-01	-8.6750466e-01	-5.0009406e-01	-4.4260001e-01	1.5398611e-01	-2.3591733e-01	-3.1257319e-01	-9.8819062e-02	-2.5308809e-01	-2.3732528e-01	1.3074555e-01	5.8988526e-02	2.2151268e-01	-4.0954396e-01	3.2684557e-02	-4.5507140e-02	-3.4066531e-01	2.6428613e-01	-3.0619484e-01	4.9869951e-02	8.9771273e-03	-1.4431567e-02	-1.6791120e-01	-1.8585831e-01	-6.8186063e-01	-2.5279003e-01	-4.9458253e-01	-4.2697314e-02	8.6655036e-02	7.3806219e-02	-2.5967443e-01	-2.0485766e-01	-2.0281766e-01	2.0715921e-01	-3.9906118e-02	-6.0957205e-01	7.5209640e-02	1.9700840e-01	-2.8015134e-01	1.6239493e-01	-6.0095076e-02	1.0804307e-01	-6.9119446e-02	-2.9255462e-01	4.0043637e-01	-2.8861287e-01	3.6657819e-01	-4.5349881e-02	3.9080378e-01	2.2294141e-01	-2.7217704e-01	-1.8219358e-01	-2.9707259e-01	-7.8799911e-02	-2.7399793e-01	1.4309064e-01	2.3393641e-01	6.5562004e-01	9.2956051e-02	3.3531778e-02	3.7922282e-02	-6.2191457e-02	-4.9491018e-02	1.2251101e-01	4.8267473e-03	-3.4048063e-01	6.6909812e-02	1.4105265e-01	-2.4079075e-01	-3.5430852e-01	4.3704350e-02	1.0427393e-02	6.1700962e-02	7.4802997e-04	-2.3254658e-01	2.9701588e-01	-2.5671342e-01	2.4700771e-01	1.4377369e-01	4.7800985e-01	2.9016739e-01	-4.3258980e-02	-2.0239112e-01	8.1387289e-02	-2.8436415e-02	-1.0308415e-01	-1.2928092e-02	-4.0682504e-01	3.6010158e-01	8.4896073e-02	-2.2233695e-01	-2.3183696e-01	6.6070082e-03	-1.3215601e-01	1.7582761e-02	-5.5514451e-02	-2.6707971e-01	2.3047686e-01	6.9158465e-02	2.3168229e-01	1.7070165e-02	3.0528226e-01	2.0515147e-01	-2.2275245e-01	1.9199283e-01	-9.6662208e-02	-2.4921970e-01	-2.0806502e-01	1.1279527e-01	-3.3103037e-01	1.6661656e-01
8.0547564e-02	-1.7064263e-01	-7.4343038e-01	-4.9968775e-02	2.9075569e-01	4.2349290e-02	9.1131255e-02	2.5084212e-01	-2.1082625e-01	-2.2120009e-01	8.1343994e-02	-1.3429211e-01	-2.1114667e-01	3.9125705e-01	1.8630096e-01	-4.9637210e-02	-1.4987314e-01	1.2591040e-01	-7.3098880e-03	-6.6160657e-02	6.0356826e-02	2.3333410e-02	3.8246390e-01	1.3567422e-01	2.6086363e-01	1.9171710e-01	-2.8663205e-02	-4.6994843e-02	4.4443492e-02	8.3164863e-02	-9.4984055e-02	7.2528884e-02	-5.6231249e-02	2.3463064e-01	-1.2757595e-01	5.0833810e-02	3.3526361e-02	3.5678631e-01	-5.8058224e-04	1.5868694e-01	-7.1337700e-02	-9.8243847e-02	-1.1627198e-01	1.3842632e-01	-1.8850714e-01	1.2771948e-02	1.9702364e-02	2.6601559e-01	-3.7843812e-01	-4.9582113e-02	-2.6139086e-01	-1.4958182e-01	1.4381430e-01	3.3689722e-02	-3.2764745e-01	-1.7348763e-01	7.6127328e-02	-5.3239213e-03	-3.9056353e-02	-2.2222751e-01	1.4060776e-01	1.8321528e-01	1.3877808e-01	2.5319296e-01	-1.5816727e-01	1.2153054e-01	-1.1370948e-02	-1.9158675e-01	9.9271029e-02	1.3236445e-01	6.0424870e-03	-4.2897570e-03	2.3325397e-01	-1.0060476e-01	3.3604763e-02	2.3748651e-01	-3.3431938e-01	-3.0716282e-01	5.0863153e-03	1.8116297e-01	3.2634130e-01	2.1365327e-01	2.1247882e-01	1.9939992e-01	-9.9056639e-02	-2.6539570e-02	-6.3936189e-02	-3.2358712e-03	-1.2035055e-01	1.9285483e-02	2.7882950e-03	5.3601082e-02	3.0108026e-01	5.9100068e-01	2.1286017e-01	1.0108537e-01	1.9651073e-01	8.3032899e-02	1.6469328e-01	1.6663997e-01	-9.8539904e-02	-3.3364043e-01	2.8851748e-01	2.5346285e-01	9.4053425e-02	-1.5858571e-01	2.7528617e-01	3.0958003e-01	-2.2164699e-01	-1.7611991e-01	-1.8195277e-01	2.0948765e-01	2.1754958e-01	5.2013077e-02	-1.1612102e-01	-1.4275102e-01	-1.3429230e-01	5.1775351e-02	1.1459140e-01	-3.0508479e-01	-2.4966290e-02	1.7749947e-01	2.2485162e-01	-2.6815198e-02	2.2189622e-01	1.5679508e-01	-3.1605288e-02	-3.8225967e-01	-1.9030021e-01	2.0820259e-01	3.8753596e-01	-3.7209448e-01	1.3538337e-01	3.5730571e-01	-2.6238883e-01	-1.1167957e-01	9.7215943e-02	2.9556151e-02	-1.7193213e-01	-1.3925551e-01	-1.1693344e-01	-1.9297154e-01	-2.0273034e-01	1.9334863e-01	4.2632120e-03	-1.0987636e-01	1.9693844e-01	-5.0101195e-02	2.4902035e-01	3.3068994e-01	-2.0534192e-01	3.1046078e-01	2.5413838e-01	2.8423515e-01	3.4601694e-01	2.4913011e-01	5.9359960e-02	8.1916296e-01	-1.0004972e-01	2.3219731e-01	-4.1910774e-01	-9.7078726e-02	3.3080868e-02	5.6683768e-02	-2.6125658e-01	-4.5229655e-02	3.3833683e-01	2.2472839e-01	3.6758024e-02	-2.0153634e-01	-2.4697055e-01	2.9230180e-01	1.6560836e-01	2.3233628e-01	1.3090415e-01	-3.3705989e-01	-2.9257262e-01	2.8737974e-01	-2.3535453e-01	-1.8097328e-01	-1.5361974e-01	1.1045531e-02	-6.7488998e-02	-4.6514139e-01	-9.5372446e-02	-1.8995848e-02	-2.8119851e-02	-1.1337209e-01	-5.2280301e-01	-4.3728882e-01	-3.0393830e-01	2.8942030e-02	-2.1333922e-01	2.4858569e-01	7.3293321e-02	-2.2830604e-01	1.4466412e-01	1.7233755e-02	1.2680034e-01	-1.3035086e-01	8.6912595e-02	7.0833218e-01	5.0485369e-02	-2.2028558e-02	-1.1070736e-01	1.2668064e-01	-5.1075304e-01	-1.4721251e-01	-2.1086769e-01	-2.8634560e-01	2.2504911e-01	-4.7233410e-02	-1.0561259e-02	1.2075356e-01	1.2762640e-01	2.1179175e-02	1.2379620e-01	2.5707630e-02	-5.7202786e-02	-2.1867006e-01	-9.4816670e-02	-5.8571172e-01	4.0254310e-01	1.6479047e-01	1.9057590e-01	9.2415161e-02	-1.0589749e-01	4.7084573e-01	1.9820342e-02	-1.0053083e-01	1.4901935e-01	2.2163668e-01	6.8386771e-02	-2.3063709e-01	6.6542074e-02	2.8190243e-01	1.2371852e-01	-1.8602149e-01	9.6089981e-02	-1.2895871e-02	-3.1852332e-01	-1.9469494e-01	-1.0086525e-01	-2.3049715e-01	-8.6623050e-02	-1.9874476e-02	-2.7598611e-01	2.7542122e-02	1.1207645e-01	3.7743337e-02	2.4407820e-01	-2.3098738e-01	1.5045547e-02	-1.3875328e-01	-4.9854255e-01	1.5116001e-02	-1.7211728e-01	-4.5315363e-02	-2.6753327e-01	-2.6534590e-01	3.2000947e-03	-2.3238581e-01	-1.7333785e-02	1.4365772e-03	-2.7473906e-01	-1.1311306e-01	-6.8596892e-02	-2.6000521e-01	8.1847243e-02	3.0490848e-01	9.4293825e-02	-8.9416325e-02	-3.2581365e-01	2.4281690e-01	-2.4996424e-01	5.6241486e-02	-2.0199518e-01	1.4268008e-01	-6.8833367e-03	1.0184239e-01	-1.2978740e-01	6.1416820e-02	-9.0776369e-02	1.8803014e-01	4.0517796e-02	1.0686655e-01	-3.4358855e-02	1.5829860e-01	-1.2139723e-01	-2.0401882e-01	-1.8256521e-01	-8.0188745e-01	1.1819845e-01	2.6441979e-01	1.6531733e-01	-3.9247373e-01	-2.4684246e-01	2.4653286e-01	1.5284489e-01	1.3841942e-01	-3.7745741e-01	-6.5809987e-02	-2.5645930e-01	-1.6150463e-01	-1.5274787e-01	-9.7862475e-02	1.0702994e-01	1.4717670e-01	3.3993402e-01	-7.2857447e-02	-1.2762317e-01	-2.6533115e-01	-3.8260484e-01	2.8224388e-01	9.6247844e-02	-1.3003129e-01	5.6542191e-03	8.9046977e-02	1.9612655e-01	-2.4210753e-01	-2.4720930e-01	1.8198206e-01	3.2326332e-01	-1.1612296e-01	1.2620604e-01	5.8503756e-03	7.8678541e-02	6.9116112e-03	2.0851577e-02	4.0160441e-01	8.4577993e-02	-1.6089961e-02	-1.3845034e-01	-8.4645890e-02	9.0756640e-03	1.2993333e-01	9.2465609e-02	1.5147616e-01	2.2221240e-01	-2.3082913e-01	3.4140751e-01	2.6230824e-01	1.0733738e-01	6.3155875e-02	-2.5277793e-01	2.7132675e-01	2.0151381e-01	-1.7566465e-02	1.4508969e-01	-2.9039711e-02	3.2584065e-01	5.3165993e-03	5.0837643e-02	1.6903473e-02	1.2179366e-01	1.5404786e-01	2.2095342e-01	-1.5269785e-01	1.5218559e-01	8.3859056e-02	-8.9047067e-02	3.3359654e-02	-2.7162719e-01	-2.1561632e-02	-2.9449382e-01	-2.4002945e-01	-2.6563480e-02	-1.9523887e-01	3.0207178e-01	-2.5136358e-01	1.6300410e-01	-2.9924330e-01	-1.2591781e-01	-1.6084254e-01	-4.3882788e-03	-2.4138013e-01	7.0377216e-02	2.8687953e-03	2.2123411e-01	-7.7082679e-02	-1.2930949e-01	-1.0270616e-02	-1.3923971e-01	-3.3775926e-02	-5.7636879e-02	1.0570290e-01	-2.0773537e-01	1.2191266e-01	-1.2361971e-01	-2.8387031e-01	3.2065621e-01	-1.6946931e-01	-6.0179867e-02	-3.2135534e-01	9.1644533e-02	4.4769624e-01	3.2498041e-01	9.4462022e-02	2.0427695e-01	-2.5150487e-01	-2.8721905e-01	2.3662770e-01	-4.2860880e-01	-5.0406877e-02	-2.9701564e-01	2.2383478e-01	8.3288476e-02	-4.1361189e-01	2.4654474e-02	7.0642740e-02	-1.5293062e-01	-3.5797703e-01	-5.7080948e-01	-4.8408974e-03	-2.9862258e-01	8.1086181e-02	1.1951248e-01	-1.7083663e-01	-6.7648828e-02	-4.4644814e-02	2.1345070e-01	2.1265061e-01	-8.4499493e-02	-1.0728192e-01	2.4359794e-02	-3.1351218e-01	1.5232093e-02	1.3231891e-01	1.7401397e-01	2.8945360e-01	2.8054890e-01	1.1428142e-01	1.7609714e-01	-2.2881638e-02	-1.0925724e-02	-2.3168755e-01	3.4963423e-01	2.2162959e-01	-1.1273123e-01	-2.2148652e-01	-2.2540323e-01	2.3251085e-01	1.0269081e-01	1.4224522e-01	2.3366883e-01	2.6405793e-01	6.3102469e-02	1.9625650e-01	1.6687980e-01	4.6276446e-02	9.1728941e-02	-4.4718843e-02	2.8251898e-01	-3.0814034e-01	-6.1243556e-02	-2.6669316e-02	2.1753205e-01	-2.3095693e-01	2.6161623e-01	-1.6591340e-01	-1.0232538e-01	-2.2886953e-01	-1.0959536e-01	-5.3772209e-03	-4.6167690e-02	1.7695837e-01	-1.6752742e-01	2.2925101e-03	2.7339888e-01	-2.5194746e-01	1.3217162e-01	-2.1523660e-01	2.0358115e-01	1.9944933e-01	9.3782179e-02	-2.8845462e-01	3.1924869e-03	-6.6765514e-04	-4.8413682e-01	-2.7750191e-01	-1.5788570e-01	2.7254269e-01	2.4535817e-01	8.5313283e-02	1.1885715e-01	-2.2944900e-01	5.2078620e-02	3.7130591e-01	-1.5530591e-01	4.7792718e-01	1.4451832e-01	-3.2851297e-01	-2.1544810e-01	3.8897324e-01	-3.8652495e-01	-2.8964227e-01	9.1061853e-02	3.1419435e-01	-4.9708533e-01	-8.6984791e-02	-2.6585989e-02	1.0587816e-03	-2.2399507e-03	-3.9039987e-01	-1.1427739e-01	-1.1059096e-01	2.9425498e-02	-6.5967880e-02	-5.7437575e-01	-5.6002802e-01	1.6315991e-01	2.4864724e-01	4.4410806e-03	-4.3063764e-02	-1.8681709e-02	4.7718364e-01	-1.4366610e-02	-1.2139025e-01	-1.0207069e-01	-5.8497373e-02	1.0175470e-01	-6.9590616e-01	4.4536158e-02	1.5160596e-01	1.8430464e-01	-2.5494593e-01	-7.7269110e-03	2.4749209e-01	8.9477204e-02	-1.3679056e-01	4.8813220e-02	7.8076862e-02	-3.2887485e-02	-2.1806493e-01	-1.2129463e-01	4.4560139e-03	2.6945272e-01	-2.5062403e-04	1.5788008e-01	-1.3173150e-01	-1.8780002e-01	-1.4465865e-01	-1.0501658e-01	3.8099419e-02	2.2664291e-01	-1.4567518e-01	-1.6293053e-01	1.6319369e-01	1.3579540e-01	-2.3159385e-01	2.5471154e-01	-2.0234069e-01	1.0543665e-02	-3.8778141e-01	4.6819974e-02	-2.2569902e-02	3.0997783e-01	-3.0310792e-01	3.5830207e-02	8.9048743e-02	1.7092240e-01	-3.6460763e-01	2.9901460e-01	-3.6270585e-02	-9.0895824e-02	-4.6378914e-01	-2.1492527e-01	2.1224664e-01	3.5087264e-01	-2.7533181e-02	-9.6336611e-02	-8.1392981e-02	2.3461272e-01	-1.2470428e-01	-4.7520366e-01	-1.2247312e-01	-1.4263232e-01	1.7862514e-01	-2.2649145e-01	1.4812181e-03	-5.5175625e-02	-1.6700935e-01	-1.9509935e-01	-2.1994947e-01	2.3998612e-01	-9.5822081e-02	-1.1550160e-01	-1.0937566e-01	-1.8706095e-01	-2.0922503e-01	-6.0474323e-03	1.9168295e-01	-2.7238008e-01	7.0276693e-02	-1.0394531e-01	1.4719900e-01	4.2009085e-02	1.2264438e-03	4.7290854e-02	-2.0028889e-01	3.4753129e-01	2.9559997e-01	2.0674610e-01	-7.0256777e-02	-2.1571016e-02	-7.7978075e-02	-1.0677052e-01	-1.4691164e-01	2.1281087e-01	7.8844637e-02	-2.3071000e-01	6.0739156e-02	3.4536749e-02	-3.6248332e-01	3.1744683e-01	2.9871720e-01	-7.9226896e-02	-3.5249069e-01	-1.4635125e-02	-4.3014836e-01	-1.0721739e-01	-1.3217138e-01	-2.3519979e-01	-2.0239274e-01	-1.0420751e-01	-2.1118273e-01	1.9241851e-02	-1.8739322e-01	-4.4025731e-01	-8.8302523e-02	1.8737119e-01	2.3704730e-01	2.8199750e-01	1.9783020e-02	-2.4623139e-01	1.4205402e-01	-2.5652012e-01	3.6034954e-01	3.4494773e-01	7.4594028e-02	-3.6683097e-02	1.1535960e-01	-1.1335816e-01	-8.9458749e-02	1.1192068e-01	-3.3676508e-01	-2.6711252e-01	-1.5754450e-02	5.6269202e-02	-3.4472832e-01	-2.1193424e-01	-1.4986703e-01	-1.5326135e-01	-2.1505235e-01	2.1825422e-02	-3.5580063e-01	-2.6883802e-01	-2.4739507e-01	-1.0070444e-01	-1.8530311e-01	4.2016543e-03	-2.5842056e-01	-1.9041010e-03	3.0872038e-02	2.7156556e-01	7.4823700e-02	2.3261659e-02	1.3932136e-01	8.6748026e-02	-4.2751152e-02	-3.1116411e-01	2.6091275e-01	-4.7377092e-01	2.9922876e-01	-1.5198107e-01	5.1687527e-01	-2.9782444e-01	-1.1190067e-01	9.5487751e-02	-6.7168777e-03	-5.7024020e-03	-4.4925484e-01	-2.5524399e-01	2.9749534e-01	2.3210722e-01	-4.0060546e-02	3.2086894e-02	-4.2879611e-01	6.2174179e-02	-3.4887743e-01	-1.1847389e-01	1.0969128e-01	-8.2389563e-02	-1.1984865e-01	1.8485060e-01	-3.5260400e-01	-6.7903154e-02	-2.0301040e-01	-3.9356221e-02	-1.9246447e-01	8.5415076e-03	-3.7505922e-01	1.1583681e-01	1.6492243e-01	-1.5442339e-02	1.1358784e-02	-1.9205865e-01	-4.5429815e-02	2.1649519e-01	-9.9948511e-02	6.5609105e-02	6.3872591e-02	-4.4503745e-01	-8.5475251e-02	-6.3109860e-02	2.6456499e-01	-7.2300926e-02	-3.9891668e-02	1.8946977e-01	7.9357035e-02	1.4301565e-01	3.4227473e-01	-2.5973275e-01	3.0906591e-01	-2.6614692e-02	1.8161885e-02	-3.3159282e-02	-4.2732844e-01	-2.7679250e-01	1.1805736e-01	-2.0340338e-01	-3.1715566e-01	9.5569722e-02	3.9702320e-01	2.9114157e-02	-9.2918962e-02	8.3629176e-02	-2.9049948e-01	-2.4341306e-01	-1.2921722e-01	2.0566743e-02	4.0939305e-02	2.6207787e-01	-1.7919719e-01	9.8251380e-02	-4.6843338e-01	2.4478790e-01	1.5098779e-03	-4.6905462e-02	-1.1196534e-01	2.1678589e-01	1.6931002e-03	-1.2450325e-01	1.5177634e-01	2.6612218e-02	-2.1449879e-01	-4.6812687e-02	1.7049207e-01	-1.6056395e-01	-5.4760024e-02	-3.2908417e-02	3.1909168e-01	2.8223848e-01	-9.1335118e-02	-1.0493170e-01	3.7229549e-02	-3.6270063e-02	-2.5812477e-01	3.2361144e-01	-2.3543102e-01	2.2205605e-01	2.6664889e-01	-1.9371195e-01	-2.2177744e-01	-6.1311688e-02	-2.4380784e-01	-1.6510589e-01	2.1935013e-01	-2.2364375e-01	-1.7558105e-02	2.1300808e-01	-2.6506159e-02	-7.7773824e-02	3.0881622e-01	8.3058156e-02	-8.5438721e-02	3.6124885e-01	-3.3272636e-01	2.3112895e-01	2.0040141e-01	-2.3974378e-01	-2.8927535e-01	-3.8558900e-02	-1.6151081e-01	1.0035076e-01	-1.1477287e-01	-2.2945112e-01	-1.1065226e-01	3.8739195e-01	-3.8214277e-02	4.0142962e-01	-4.0192360e-01	1.2415688e-01	-4.4271603e-01	5.1995628e-02	2.1588455e-01	-9.8798145e-03	-1.9865966e-01	-5.9460085e-02	2.0537663e-01	2.7069372e-01	-2.2939366e-01	-1.3427843e-01	-5.0581966e-02	-2.5913858e-01	3.1239003e-01	3.2186443e-01	1.8402830e-01	3.6615908e-01	-3.4525290e-01	2.8543702e-01	-1.8745564e-02	-7.9708651e-02	1.0893133e-01	3.9448019e-02	-8.2889095e-02	-1.1077519e-01	-9.4090044e-02	7.5323600e-03	3.9180437e-01	3.1387880e-01	2.6604998e-01	2.2747445e-01	-7.7161312e-02	8.2859725e-02	-1.8379645e-01	-1.9825532e-01	6.7175210e-02	-1.6240455e-01	-2.6674312e-01	1.0377351e-01	1.3764688e-01	2.5633755e-01	1.8653147e-01	-2.2687756e-01	3.3529449e-02	1.5362006e-01	-1.7321728e-01	-3.7307106e-02	-4.6352785e-02	-9.0094514e-02	-3.7725795e-02	-1.0180232e-01	2.7112958e-01	2.0818387e-01	2.0123261e-01	3.0833295e-01	-3.5519466e-01	3.2432249e-01	5.8365084e-02	3.0116597e-01	-3.3439928e-01	-3.5093650e-02	2.7012679e-01	1.6336022e-01	2.5208440e-01	-1.1398122e-01	1.5245411e-01	1.5501381e-02	-3.5549551e-01	2.5976676e-01	-3.2691371e-01	1.8232732e-01	-4.8579982e-01	1.7340612e-01	3.3886045e-01	1.8258330e-01	2.5154728e-01	3.1476566e-03	-6.5535503e-03	-2.8189903e-01	-1.4005281e-01	-4.5877427e-01	1.7324701e-01	-1.0165245e-01	-1.9875294e-01	1.4210401e-01	-3.9543581e-01	2.1212994e-01	-8.7266319e-02	-1.1983798e-01	-8.1449941e-02	-2.6522893e-01	-4.8018503e-01	-6.0184270e-02	-2.2928157e-01	6.9648005e-02	-1.4384003e-01	6.4365551e-02	2.8987706e-01	2.0746870e-02	4.5014337e-02	-2.0567460e-01	-3.3944011e-01	1.9405605e-01	-3.1290996e-01	2.4702363e-01	8.3963417e-02	-1.3001482e-01	4.0110309e-02	3.6995526e-02	2.0334977e-01	-1.6773188e-01	-4.8859710e-01	2.7562460e-01	-8.7044179e-02	-2.5578725e-01	-1.3926296e-01	-1.4439914e-02	-8.8329867e-02	-1.9138955e-01	3.0001497e-01	3.2012436e-01	1.1610932e-01	-2.9546463e-01	-4.6351689e-01	3.2832864e-01	9.5522776e-02	-9.1655776e-02	3.9744356e-01	-1.6344096e-01	2.3143718e-02	1.8776195e-01	5.2284788e-02	3.0083111e-01	3.0324465e-01	-2.2971168e-02	5.1369500e-01	3.0326533e-01	2.0618121e-01	1.2446825e-01	2.7686614e-01	-3.1373379e-01	-6.0485458e-01	-4.1946739e-01	2.8429151e-01	-2.5838968e-01	-6.4568177e-02	-2.4194597e-01	1.1262750e-02	1.6813451e-01	-3.2529365e-02	-1.3638635e-01	-3.0625764e-02	-7.3520996e-02	-1.0973782e-01	-3.5427582e-01	-7.3159826e-01	-6.8755336e-02	4.6426415e-02	-6.0856096e-03	1.1407108e-02	-5.3410745e-01	9.5192626e-02	-1.9412750e-01	-1.7833094e-01	-1.7728963e-01	-5.8405120e-02	-1.5659590e-01	-9.4112843e-02	-9.1077164e-02	1.1831559e-01	2.3789376e-01	4.5860276e-02	3.4781119e-01	-8.4620133e-02	-1.4544739e-01	-6.2086314e-01	-3.3027810e-01	-2.3049963e-01	1.6192955e-01	6.5087132e-02	-8.2449310e-02	9.0969346e-02	-2.4524693e-01	3.3470795e-01	-1.0147644e-01	-2.7731204e-01	-3.0299038e-01	-3.5190687e-01	-2.0117727e-01	1.9823031e-01	-2.0070744e-01	6.5375768e-02	-1.4435467e-01	-2.8284249e-01	1.3284430e-01	-2.3384246e-01	1.3820836e-01	1.9045880e-01	-1.2467454e-01	-2.8390825e-01	-3.3350538e-02	3.4971897e-02	-9.8805115e-02	-1.4159641e-01	1.7495471e-01	-3.0624762e-01	-1.5071782e-01	3.7712496e-02	4.1280091e-02	-2.7208823e-01	-2.6383024e-01	2.2275920e-01	-3.7307113e-02	-1.8195635e-01	-1.0180710e-01	-2.6923928e-01	-2.0531417e-01	-2.8774956e-02	2.7279663e-01	-1.1758762e-01	2.3520296e-02	-5.4119471e-03
-3.9616796e-01	2.2203791e-01	-2.2786815e-01	-1.4450902e-01	-2.9601663e-01	-9.4246119e-02	-3.5788324e-01	4.6369061e-02	2.2812372e-01	3.1251025e-01	-2.5300711e-01	-1.1047307e-01	1.9599760e-01	7.2738320e-02	-8.8319354e-02	1.0003334e-01	4.0221211e-02	1.0414821e-01	-2.9966307e-01	-9.7252473e-02	2.0553757e-02	4.2955163e-01	-2.8905477e-02	1.1111912e-01	1.3182232e-01	-3.3613288e-01	1.5413529e-01	3.3146325e-01	5.7398528e-02	-1.0727941e-01	3.0739017e-02	-1.3237010e-01	7.1229763e-02	-1.3707925e-01	1.2812252e-01	1.5101843e-01	3.8238809e-02	-2.5544447e-01	-3.1879015e-02	-3.8050416e-01	7.3247328e-02	-4.1056487e-01	-1.0066400e-01	-2.9948750e-01	-2.4772355e-01	3.2398048e-01	-2.2383925e-02	1.7031167e-01	1.4224835e-01	-2.9201284e-01	1.3408877e-01	-7.8714430e-02	-6.3294187e-02	2.8266710e-01	3.5046313e-02	-1.0120039e-01	2.4657659e-01	-2.2765318e-02	1.1512025e-01	-2.7539930e-01	-1.1167199e-01	4.2072943e-01	1.2885126e-01	1.6179040e-01	1.1082257e-01	2.9183434e-02	3.3869021e-02	-7.1980163e-02	6.1087713e-02	-8.3923414e-02	4.9294630e-01	-1.1492722e-01	-2.1291468e-02	-7.5951695e-02	2.6633903e-01	-2.5471467e-01	-1.9802007e-01	-1.3757570e-02	-1.4792624e-01	-1.0593112e-01	-3.4499708e-01	-1.2309515e-01	-2.0178604e-01	-2.4087459e-01	1.3752592e-01	-5.0674808e-01	-6.2682636e-02	4.6030317e-02	-5.8246458e-01	6.7671284e-02	3.9777312e-02	-1.5341709e-03	-4.1987099e-02	-1.9355049e-02	4.2284679e-02	6.2534481e-02	-2.2402650e-01	-2.9266346e-01	1.8291643e-02	-4.5570582e-01	2.1334642e-01	1.2553261e-01	-4.5622606e-03	2.6640493e-01	-5.8105733e-02	-5.2169847e-01	5.9590057e-02	1.0861789e-01	-2.5256819e-01	2.7695978e-01	1.2191984e-01	1.4178845e-01	-5.4068606e-02	-8.0598526e-02	-1.9358857e-01	-4.3083739e-02	1.4367718e-01	-4.3597046e-01	2.6226285e-01	-1.8940739e-01	1.8670496e-01	7.8052536e-02	-2.0750374e-01	4.5854863e-02	-1.3491808e-01	-4.1807389e-01	3.0836976e-01	9.3914509e-02	-1.1734541e-01	-3.2305321e-01	-1.8442847e-01	2.6456243e-01	-1.4767504e-01	1.7883317e-01	-3.4613416e-02	3.0334848e-01	2.4439182e-02	2.0933139e-01	-1.9696856e-01	-9.0523474e-02	1.0131855e-01	-1.3564242e-01	6.6679806e-02	-6.3530751e-02	2.2515181e-01	3.3032957e-01	2.3556754e-01	-3.4906766e-01	1.9702393e-01	2.6734379e-01	1.6313560e-01	1.7552176e-01	1.2352324e-01	-4.5996439e-01	-4.6994895e-02	1.6261624e-01	4.3684593e-01	1.7347506e-01	2.4064980e-01	2.7306879e-01	-8.9660279e-02	1.5896709e-01	2.1812465e-02	1.1821596e-02	-4.5163983e-01	-1.4520937e-01	2.7954540e-01	-9.4479248e-02	-7.5206161e-02	-4.0655035e-01	2.9917088e-01	-2.4473558e-01	-2.7335128e-01	-1.7918555e-02	2.4872230e-01	4.7389519e-01	-3.3015642e-01	-2.6719323e-01	-3.0623510e-01	2.9655999e-01	9.8308891e-02	-2.9128779e-02	1.1174510e-01	3.4697570e-02	5.1178950e-01	-1.4799705e-01	-6.7517214e-02	-4.5251220e-01	-2.1120922e-01	-9.8937593e-02	2.2654754e-01	-1.2903768e-01	-1.1237416e-01	5.3884663e-02	4.5403067e-02	3.5147452e-01	-8.2060046e-02	-3.5161880e-01	-5.6041505e-02	-3.9076027e-02	1.1736366e-01	-2.1100856e-01	3.7968513e-02	2.7558181e-01	-2.6027378e-01	-1.6438943e-01	2.2480898e-01	7.6239079e-02	2.1447973e-01	2.2831152e-01	1.9842584e-01	-1.6119653e-01	-1.1955065e-02	2.0471512e-01	-7.5203925e-02	-6.0989019e-02	2.2179601e-01	2.5711885e-01	1.8951505e-01	2.1747631e-01	-2.3044439e-01	-3.2843980e-01	9.8678224e-02	1.7006040e-02	-3.8409624e-01	1.0254679e-01	-2.7957469e-01	1.6216475e-01	1.4216609e-01	-1.9211207e-01	-7.9679094e-02	-1.9179702e-02	2.5649649e-01	5.8794409e-02	-3.0379599e-02	-2.2859417e-01	6.0392893e-03	2.2781238e-01	1.5917668e-01	-5.2728611e-01	2.4857335e-01	8.5200727e-02	1.2641451e-01	1.5976775e-01	3.3934560e-02	-1.5177395e-02	2.1310498e-01	1.0352078e-01	9.0653397e-02	1.6164791e-02	-2.3959534e-01	-2.7530459e-01	1.1887815e-01	1.0265082e-01	-4.1612262e-01	-2.1027757e-02	9.5923215e-02	5.1749215e-02	-1.7523932e-01	1.9178843e-01	-2.8570092e-01	6.6271943e-01	4.7079977e-03	6.1906319e-02	-3.5046384e-01	-9.8377675e-02	-2.3216864e-01	-2.4351823e-01	4.6682942e-01	-2.4253859e-01	2.0048770e-01	-6.1479926e-02	-1.0906514e-01	-1.0166652e-01	-1.6241683e-01	-2.3790641e-01	1.5996191e-01	5.7036018e-01	1.0218162e-01	-1.4417988e-01	1.2154273e-01	-8.9998353e-01	4.1063116e-03	1.8369442e-01	1.4739262e-01	1.9689399e-01	5.3903490e-01	-2.8252149e-01	4.9991392e-02	1.1770349e-01	-4.4974186e-02	3.7467209e-01	-1.0668514e-01	-7.8631304e-02	1.0010587e-01	-2.9628519e-02	-1.3992342e-01	1.6232163e-02	-1.4209497e-01	1.3865497e-03	3.7517387e-02	-2.1197298e-01	2.8878380e-02	1.9250014e-01	1.0942885e-01	4.0643016e-01	1.5138234e-01	1.3809589e-01	-1.4885797e-01	-3.8074839e-01	-1.2216683e-01	7.3213525e-02	-4.4183120e-02	2.8009868e-01	-4.9307591e-01	-3.7315896e-01	-1.8907383e-01	-2.6822212e-01	-2.7014989e-01	2.7968988e-01	-2.5260988e-01	-2.2931390e-01	-5.6766105e-01	9.1922022e-02	-5.5824494e-01	-3.7979046e-01	-1.1670973e-01	-2.7972734e-01	6.2253673e-02	1.3217211e-01	6.5851738e-03	1.7729329e-01	2.5005880e-01	-2.1041912e-01	-1.2703273e-01	1.7246859e-01	-1.5735309e-01	-3.6814505e-01	-3.2153860e-01	-2.0318151e-01	-3.2225379e-01	-4.3669969e-01	-2.1591933e-01	2.5789121e-01	3.2077543e-02	1.6742416e-01	2.0537569e-01	-5.8593560e-02	-2.6229113e-01	-1.0821648e-01	-2.6915312e-01	2.5771126e-01	-2.4229570e-01	-1.5438300e-02	-8.6179310e-03	2.5922495e-01	-1.5175349e-01	6.7214563e-02	-2.0635287e-01	1.0232450e-02	9.4644725e-02	1.3887303e-01	-2.9461181e-01	9.3207017e-02	1.3112235e-01	1.4185469e-01	3.0089244e-01	-3.2395974e-02	3.7497389e-01	2.8571722e-01	4.3802850e-02	-5.7557803e-01	-3.1274486e-01	2.0568579e-02	1.3652094e-01	2.7264503e-01	1.3914114e-01	-3.1444776e-01	-1.4435208e-01	1.3539968e-01	4.8159382e-01	2.5834465e-01	1.8593955e-01	4.3580230e-02	-1.0529296e-01	4.8158504e-02	-1.0811289e-01	-1.5107670e-01	-3.3144259e-01	2.7410850e-01	-2.4408258e-01	6.5261386e-02	1.4765012e-01	3.1506732e-01	1.6257928e-01	1.3344139e-01	1.8807964e-01	-1.2251440e-01	-6.7965046e-02	-3.9905217e-02	-1.2837534e-01	7.8599669e-02	7.4124052e-03	-2.1574369e-01	-2.2735374e-01	5.0013047e-01	-2.2598527e-02	-1.1809822e-01	2.2110082e-02	-4.0174448e-01	-5.2698262e-02	-7.1813032e-02	-1.5565898e-01	2.0629995e-01	3.0939952e-01	-9.5592685e-02	-2.0959459e-02	-5.8527905e-01	-7.9012221e-01	-6.1282262e-02	-5.9699291e-01	-1.4653391e-01	6.0315299e-01	-8.5297130e-02	3.9023161e-01	-5.9165484e-01	2.3428507e-01	3.3176232e-03	8.3661499e-03	-3.3383054e-01	2.1030825e-01	4.0126520e-01	-1.7583682e-01	1.1015595e-01	2.1147314e-01	2.1949278e-01	2.2305410e-01	-3.1280398e-02	-8.0538280e-02	-1.3064273e-01	4.5892283e-02	7.8166135e-02	-1.5282409e-01	-1.6957459e-01	-4.1100210e-01	8.3490521e-02	-8.6013570e-02	1.2793566e-01	2.1966261e-01	4.3107528e-02	4.5675304e-02	-3.0083986e-02	-3.0712530e-01	6.8763822e-01	-1.5518184e-01	6.6900216e-02	3.4654692e-02	1.4237155e-01	-2.1836488e-01	8.0292754e-02	2.8211674e-01	1.4787826e-01	3.9507458e-01	3.1945169e-01	-1.6766942e-01	-9.4772158e-03	2.7416641e-01	-2.7403703e-01	1.6917552e-01	2.1659860e-01	2.1849249e-01	-2.0351864e-01	2.5500575e-02	-5.9105945e-01	-9.6303403e-02	2.5202435e-01	3.3576068e-01	7.6616511e-02	1.8866916e-01	-2.3057733e-02	4.4656485e-02	2.4980083e-01	-1.2464912e-02	1.2782356e-01	-1.9451696e-01	-2.0231088e-01	-4.8232007e-01	8.5123695e-02	4.7729105e-02	-4.0459380e-01	1.9962746e-01	1.9785005e-01	-1.6349508e-01	-1.8681557e-01	1.9174552e-01	-1.5693536e-01	2.6866472e-01	4.6298523e-02	-2.4736929e-01	2.2968735e-01	5.9564501e-02	-1.0962758e-01	1.8642989e-01	-2.1932335e-03	2.9601136e-01	-3.0996921e-02	-1.2253290e-01	-1.7113408e-01	1.4176489e-01	2.2629304e-02	-5.7293028e-02	1.1703362e-01	2.8170669e-01	1.0180253e-01	1.1939456e-01	-2.4652764e-01	-2.4976541e-01	-2.5886235e-01	-2.3928852e-01	3.0756146e-01	1.1378495e-01	1.0395410e-01	1.9006762e-01	1.4200033e-01	-2.3446372e-01	-4.2237625e-02	-5.7198122e-02	6.6816784e-02	5.7417899e-02	2.5102627e-01	1.5080237e-01	1.5376079e-01	2.7790019e-01	-1.4327855e-01	3.9537153e-01	-1.9459902e-01	3.0236018e-01	-2.1254405e-02	4.1603062e-02	-1.5250088e-01	2.3800763e-01	1.7028128e-01	3.1675220e-02	2.6117131e-01	-9.1942094e-02	1.4817293e-01	-2.4633595e-01	-3.4105766e-01	-6.4695023e-02	4.0502876e-01	-3.1548819e-01	1.2518156e-01	-9.2017941e-02	-1.6195290e-01	2.1290286e-01	1.9288316e-01	-1.7375976e-01	1.3498354e-01	1.3925716e-01	-2.5729769e-01	7.0925355e-02	3.0448043e-03	-2.6557321e-02	-4.3646213e-01	-1.4186881e-01	1.6329663e-02	-4.3793585e-02	-2.4792103e-01	-5.1547483e-02	6.3557550e-02	-1.5603163e-02	-8.9219593e-02	3.2272533e-01	3.1752840e-01	-1.9585237e-01	2.0401630e-01	-2.2088091e-01	1.9967319e-01	-2.4818657e-01	1.7613815e-01	-2.6898992e-01	-4.3506646e-03	-8.2326366e-04	-1.4104453e-01	1.8281537e-01	9.5468022e-02	6.4470500e-02	1.2080953e-01	2.2603647e-01	5.6957576e-02	9.4306380e-02	2.9656807e-01	-2.1415046e-01	2.6206827e-01	-1.3580264e-01	8.7656006e-02	5.3556874e-02	2.2226050e-01	-2.9402873e-01	-3.9966546e-02	-1.7843710e-02	-3.8012424e-01	-2.0402844e-01	7.5533852e-02	-7.4050114e-02	2.9307973e-01	3.8237315e-01	1.0043174e-01	-3.4232816e-01	6.1889790e-02	-2.1601686e-01	-2.4950200e-01	-3.1614384e-01	2.3578806e-01	-1.3615181e-01	-4.0018216e-01	-6.2854856e-02	-3.0274481e-01	-5.1151678e-02	1.5319788e-01	-3.4333542e-01	-2.0465960e-01	-5.3008690e-02	8.0375977e-02	-3.4184325e-01	1.7353405e-01	1.3997248e-01	8.3210461e-02	-1.7892558e-02	4.0111292e-02	-1.8261215e-01	5.4685224e-02	-3.3847857e-01	7.2288267e-02	-5.1097076e-02	-4.4489607e-01	-1.9810866e-01	6.2028337e-02	-1.7593145e-01	2.9913187e-01	4.7077946e-02	-4.1719999e-02	2.2668949e-01	1.1573949e-01	-3.1034535e-01	-2.4583976e-01	-4.5871856e-03	-3.2560047e-02	2.6026314e-01	2.8974104e-01	-2.4753530e-01	4.3567479e-02	8.3260864e-02	2.2347797e-01	1.0707877e-01	1.8468153e-01	1.5752868e-01	9.7582258e-02	-2.3939446e-01	-2.7813852e-01	1.8996601e-01	-1.0978924e-01	-1.5272227e-01	6.3027330e-02	1.7357135e-01	-3.4158211e-02	-1.0623726e-01	-2.4021189e-01	-3.5136837e-01	1.3229850e-01	-7.7574372e-02	1.8122472e-01	2.8693193e-01	-2.2543254e-01	2.0843570e-01	-1.5966471e-01	-1.7908607e-01	-1.1649917e-01	-8.7821677e-02	-1.0677983e-01	-2.6319829e-01	-2.4997489e-01	-3.3163160e-01	-2.4643709e-01	1.4744759e-01	-7.3882006e-02	4.6696872e-02	7.2160721e-02	-2.1750729e-01	-1.4433020e-01	3.1484060e-02	2.0255968e-01	2.5482833e-01	-3.0146307e-01	1.3756306e-01	4.8874740e-02	2.1153789e-03	2.3301544e-02	-2.7776453e-01	-1.4024293e-01	4.9516284e-01	1.9336395e-01	1.8420583e-01	-9.8143116e-02	-2.7874669e-01	-1.5258235e-01	-1.0258424e-01	1.0795988e-01	-2.2597997e-01	-1.1706071e-01	-2.1877322e-01	1.6618866e-01	-2.8482875e-01	7.5399905e-02	-1.9753468e-01	1.1158419e-01	9.3081228e-02	-2.9626146e-01	1.3989398e-01	-3.0192861e-01	-1.9823752e-01	-3.2520387e-01	-2.8046089e-01	-1.1553558e-02	1.6710389e-01	1.6230085e-01	1.8953016e-01	-3.4885257e-01	1.7825684e-01	-4.4438713e-03	-9.2917942e-02	-1.4370912e-01	-1.6656734e-01	1.2727910e-01	1.4555174e-02	-2.5005791e-01	2.1927977e-01	1.3975398e-01	-2.3717591e-01	6.1590709e-02	-8.5123047e-02	-3.6271334e-01	5.8962334e-02	7.2066121e-02	9.7268686e-02	5.3724814e-02	3.0652183e-01	-2.5503150e-01	-8.4626883e-02	-2.0077351e-01	-3.4806576e-01	-1.4540620e-01	-8.8813052e-02	-3.3548665e-01	9.8065317e-02	-4.3445271e-01	3.1722775e-01	-2.2030129e-01	2.6625848e-01	-4.9639050e-02	2.3566291e-01	3.1787267e-01	2.0149110e-01	1.2536925e-01	6.1657470e-02	2.7610785e-01	1.0780368e-01	2.4871399e-01	-2.1865284e-01	3.9756719e-02	-1.4891243e-01	1.8499367e-01	1.0423324e-01	-2.9564786e-01	-1.8562998e-03	2.8422943e-01	9.2237882e-02	3.7937376e-01	-7.8938194e-02	2.6788998e-01	2.4882324e-02	-1.8583040e-01	4.1832110e-01	2.1958750e-01	1.0903461e-01	2.7072197e-01	-3.4262419e-02	-4.6411645e-01	-1.0638924e-01	-2.3688763e-01	-1.9516052e-03	2.6522085e-01	-1.2140547e-01	-8.0806278e-02	2.7164373e-01	-8.2259290e-02	-2.7218515e-01	-5.6893945e-02	-1.2157682e-01	3.1578657e-01	-3.7310962e-02	1.4221494e-02	-3.1035548e-01	-3.8723741e-02	-2.1012323e-01	-8.5060894e-02	-3.4466696e-01	9.4965575e-03	1.6471533e-01	1.5508936e-01	8.4649757e-02	1.3750172e-01	-8.9648865e-02	2.5233972e-01	1.9833751e-01	3.8435806e-02	-2.8629705e-01	1.2860140e-01	-1.3309127e-02	-9.2950694e-02	1.9432722e-01	9.8711401e-03	2.0133106e-01	1.6030353e-01	-1.0912597e-02	-1.0806947e-01	-2.7989733e-01	2.0337966e-01	-1.3690375e-01	2.6932403e-02	2.3521906e-01	2.2701694e-01	2.2179686e-01	7.5984351e-02	-5.5314686e-02	9.4690651e-02	-3.2820374e-01	5.3188038e-01	3.3014143e-01	-5.7327311e-02	1.4650448e-01	-2.9782334e-01	-2.1025948e-01	-1.0067110e-01	3.7473497e-01	-1.9383304e-02	2.5784466e-01	1.9830544e-01	-7.3539950e-02	-2.1132211e-01	-2.4438488e-01	-1.6032739e-01	-2.9761824e-01	5.2266765e-01	3.0043402e-01	1.1898004e-01	1.2650624e-01	-4.0260041e-01	-1.6330026e-01	-8.2675546e-02	-5.0242987e-02	-1.2926646e-01	8.6017683e-02	9.0968341e-02	2.0386562e-01	-5.9875224e-02	-2.8073233e-01	-3.9272195e-01	3.2404650e-02	-5.4225639e-02	-3.6274514e-01	-1.3363026e-01	-2.4239253e-01	-2.1205120e-02	-1.6142134e-01	-8.4027052e-02	-2.9676500e-01	-2.0206000e-01	-3.2470681e-02	-2.5564212e-01	2.5019237e-01	1.8581614e-01	-2.4251604e-02	-2.9515229e-02	1.2354100e-01	-2.1478257e-01	-1.5032737e-01	-6.0961235e-02	-9.0095242e-03	1.4248131e-01	-3.1448498e-01	2.9266801e-01	1.2327675e-01	-2.3269841e-01	3.1566810e-02	2.4622014e-01	-8.0255091e-02	-1.0394982e-01	2.8049901e-01	6.9876529e-02	-1.2579313e-01	4.6046713e-01	-1.5490453e-01	2.8860536e-01	-2.8469515e-01	2.2659740e-01	-1.7737994e-01	-1.8868253e-01	1.6890612e-01	5.1286142e-02	3.0335021e-01	-1.8160839e-01	3.7421998e-02	2.5127876e-01	4.4456549e-04	9.6910395e-02	1.1650502e-01	9.0342417e-02	1.8055739e-01	5.2689780e-02	-5.7089973e-02	3.9770093e-02	2.0646209e-01	3.4237701e-01	-8.9701004e-02	8.8320799e-02	2.6409945e-01	-2.8837487e-01	1.3393097e-01	1.6596030e-01	-1.4081833e-01	-2.0512326e-01	-4.2406133e-01	-1.1323576e-01	-3.5901234e-02	-1.5605828e-01	-3.5954349e-02	-8.3879001e-02	1.5234752e-01	1.8838833e-01	-3.7535795e-03	-3.5427999e-01	-2.9246429e-01	-2.8736889e-01	-1.1798171e-01	1.8799638e-02	-1.1099499e-01	-1.9784689e-01	-2.5401244e-02	-3.1719968e-01	-6.8472289e-02	2.0338763e-01	-2.5251830e-02	5.0319456e-02	1.5123607e-01	-6.3103296e-02	1.5199679e-01	3.7086904e-01	3.0859563e-01	-2.5000960e-01	-4.9178421e-02	-6.0195088e-02	-6.1066646e-02	6.2483121e-02	-2.5019869e-01	3.0850562e-01	3.6489017e-02	1.9941939e-01	3.7935030e-02	1.0741963e-01	-6.4613731e-03	-9.2558965e-02	3.6825210e-01	1.3636470e-01	7.7021755e-02	-1.1097815e-01	1.4235240e-01	1.2454879e-02	1.7125012e-01	-3.1397521e-01	1.6568850e-01	-6.4581864e-02	2.1779673e-01	-8.9356452e-02	9.5690623e-02	-3.3137430e-02	1.6165249e-01	3.3334658e-01	-1.5786459e-01	-1.6051722e-01	3.7674731e-01	-1.7370338e-03	-1.8045953e-01	1.3390572e-01	-1.6918369e-01	-1.7970893e-01	2.0139324e-02	2.1451263e-01	-5.0353527e-01	8.4414214e-02	1.6715319e-01	-6.9490708e-02	2.3589985e-01	-2.2336034e-01	1.8470961e-01	-3.5514706e-01	4.8743170e-02	3.4976771e-01	2.9592955e-01	-1.7000960e-01	-1.9773874e-01	-2.4177741e-01	-2.8814194e-01	2.9257283e-01	-5.3584725e-02	1.7329347e-01	3.6408493e-01	-4.5698610e-01	4.2741053e-02	2.3611957e-01	2.0134339e-01	5.8289960e-02	-1.5255095e-01	-2.5966752e-01
4.8351261e-01	-2.9587024e-01	5.3212315e-02	8.7367363e-02	4.6842369e-01	-3.5030401e-01	1.9864902e-01	-1.3283992e-01	4.4754755e-01	-1.3560103e-01	-8.6356051e-02	2.2693831e-01	3.8509816e-01	-3.1992549e-01	3.6119699e-01	-3.2641566e-01	-2.6783526e-01	-1.0097471e-01	4.1679770e-01	-2.9431680e-01	1.9839648e-02	6.6297024e-02	-2.9551697e-01	-1.2573150e-01	2.2240907e-01	-3.4279189e-01	5.1328671e-01	1.4320148e-02	3.5233513e-01	-5.5180025e-01	1.5152052e-01	1.5030034e-01
