9
input	23
dense	32
relu	0
dense	32
relu	0
dense	32
relu	0
dense	1
linear	0
7.999999979801942e-06
-1.2688166e-01	-4.7670089e-02	-1.7461909e-02	2.8294960e-02	-4.3018810e-02	-3.0990887e-02	-5.2743446e-02	1.5911447e-01	-8.7781720e-02	-1.2140789e-01	-4.2697303e-02	-2.3062477e-02	3.2565128e-03	1.1938346e-01	4.5385078e-02	-8.5775927e-03	-1.3520688e-01	-2.6943620e-02	-1.5940608e-01	-2.5044587e-02	-1.6752725e-02	-4.5118585e-02	-4.2459697e-02	1.2811270e-01	4.5299847e-02	6.1323009e-02	1.7269100e-01	1.2813730e-02	9.2618600e-02	-1.7039745e-01	1.1549215e-02	-3.7312124e-02
-7.6761510e-04	9.6653234e-03	6.5433182e-02	6.1353792e-02	-2.4774341e-02	-2.1605378e-02	-1.6434053e-02	-9.8312452e-02	-1.1562818e-02	-8.0892488e-02	6.8935141e-02	6.9707572e-02	-2.8370263e-02	-1.4542117e-02	4.3572184e-02	-2.8608728e-02	-4.3483287e-02	8.7609915e-03	-6.7366637e-02	8.6512730e-02	1.9417472e-02	8.0688216e-02	1.0275484e-02	2.8289277e-02	-7.5282216e-02	4.1136327e-03	-3.9616771e-02	-9.3428098e-02	-5.2690107e-02	6.4768143e-02	-4.8701271e-02	-4.5175903e-02
-1.9355657e-03	2.6818819e-02	2.4249358e-03	-4.2811025e-02	-1.9362730e-03	2.7322056e-02	-4.3192718e-02	-8.1522353e-02	6.9252282e-02	3.4519792e-02	3.0656893e-02	-2.8286928e-02	2.1482777e-02	9.1938088e-03	-6.2767342e-02	-9.8757129e-03	-2.9300390e-02	-9.9019393e-02	3.7758760e-02	-1.7198374e-02	4.3937307e-02	4.8729377e-03	-4.2278439e-02	-3.5710417e-02	-3.5800025e-02	-2.1789739e-02	5.1048193e-03	2.5079818e-02	-3.7941713e-02	-1.7943898e-02	-1.8809523e-02	-4.4000365e-02
2.3110509e-02
-3.1858414e-01	6.9829419e-02	1.4574628e-01	-2.4354808e-02	-1.6125816e-01	2.3527636e-01	1.3433958e-02	-3.7571108e-01	1.5122736e-01	2.3095708e-01	1.0176735e-01	-6.6698439e-02	2.2543877e-01	8.9135647e-02	-2.2395347e-01	-2.3735493e-01	1.4673218e-01	1.8300830e-01	1.7291803e-02	-1.9106321e-01	-8.1446394e-02	-1.8299998e-01	2.8826126e-01	-4.2821933e-03	-1.8599646e-01	5.3087942e-02	-3.3151969e-01	8.0025136e-02	3.4710135e-02	-3.5067806e-01	9.3332425e-02	1.8203253e-02	1.4884897e-01	6.0977325e-02	3.1217754e-01	4.8676538e-01	-8.7203890e-02	2.5656024e-01	1.5971178e-01	-4.4070464e-01	-7.2440147e-02	-4.0817443e-01	-2.1186700e-02	1.6649373e-02	-3.6141998e-01	1.5633100e-01	2.4931060e-01	-2.2848500e-01	2.3791391e-01	3.7137252e-01	1.6358872e-01	-2.1457805e-01	6.0009483e-02	2.2481464e-01	3.3917823e-01	-1.7864175e-01	2.8047037e-01	-2.9852995e-01	-4.5519415e-01	-2.1893981e-01	-2.7297333e-01	2.8356063e-01	-1.8695883e-01	-2.2190456e-01	3.2289580e-01	-2.0354867e-01	-1.8018860e-01	2.2849678e-01	-1.5146612e-01	3.3841807e-02	-2.4356757e-01	5.7982892e-02	-2.9525688e-01	2.1926554e-01	-2.6651007e-01	-2.7972823e-01	2.3859446e-01	-3.0647438e-02	6.2208977e-02	1.7605767e-01	3.7672418e-01	-4.4503686e-01	-2.5166515e-02	2.8855917e-01	1.5857901e-01	-1.9883619e-01	-1.7610569e-01	3.7159041e-02	-2.3842555e-01	-4.1298602e-02	4.3480891e-01	-3.4006417e-01	2.8991771e-01	8.4620595e-02	1.2597339e-01	-3.3288500e-01	-2.0465226e-01	-2.6250178e-01	-1.5908907e-01	7.3540822e-02	2.4845583e-02	1.5944962e-01	3.5314986e-01	1.4725491e-01	5.7679005e-02	-1.5591912e-01	1.3137081e-01	-2.3760673e-02	-3.3136156e-01	1.5426141e-01	1.9736379e-01	9.6240625e-02	2.5901156e-02	-3.0178148e-01	1.0438014e-01	-2.4805059e-01	-3.4537709e-03	1.7651282e-01	3.8682637e-01	2.7569532e-01	-1.3089503e-01	9.5214015e-03	1.3016586e-01	-2.2570559e-01	2.0929448e-01	1.9541156e-02	-3.1698450e-02	-5.2127820e-01	3.0591673e-01	-6.4254117e-01	-2.0240119e-01	-1.7107564e-01	2.3479128e-01	1.6275521e-01	8.3605550e-02	1.2348544e-01	9.1965723e-01	-1.7026998e-01	3.8621640e-01	-6.8077676e-02	-5.3408895e-02	-3.0435464e-01	-3.0377311e-01	-3.3775377e-01	-8.6275615e-02	-2.6831865e-02	-1.5166700e-01	3.3447134e-01	1.9769715e-01	2.7025867e-01	2.3885664e-01	3.1531170e-02	-5.0064981e-02	8.9907587e-02	-1.5811847e-01	-2.9594896e-02	2.2445756e-01	-6.1853804e-02	-2.0637552e-03	1.9453207e-02	2.8362662e-02	-3.5476533e-01	-3.6279181e-01	-3.2087222e-01	4.4549754e-01	-3.5833979e-01	6.6787064e-02	-2.4370708e-01	-6.9317207e-02	1.6625725e-01	-7.9037704e-02	-1.8324080e-01	-3.7470305e-01	-5.3382874e-03	-2.8114632e-01	-7.1388975e-02	9.3733475e-02	1.4559445e-01	-1.7457934e-01	-6.7344256e-02	1.8654768e-01	1.3867153e-01	-4.0209100e-01	3.5568225e-01	-2.8301752e-01	-2.8169245e-01	-2.4755572e-01	1.2514435e-01	7.8502990e-02	2.2241913e-01	1.9562438e-01	2.1324553e-01	-2.0809527e-01	2.3448245e-01	-3.2658216e-01	-1.9293258e-03	1.8829018e-01	-1.8418379e-01	-4.7161371e-02	-1.4448443e-01	-2.5390327e-02	2.3237178e-02	1.6834475e-01	-2.4270794e-01	2.1992940e-02	4.0164340e-01	5.9075916e-01	-1.8908694e-01	1.6519238e-01	4.5428380e-02	1.4330472e-01	8.5705474e-02	-2.5064689e-01	1.0161655e-01	-1.5736467e-01	1.3024968e-01	-1.1007717e-01	2.8885412e-01	3.0412734e-01	-1.6262555e-01	1.6660012e-02	8.1803404e-02	1.1151771e-01	-2.8053513e-01	-1.5644217e-01	1.6918009e-02	9.1566443e-02	-1.5031982e-02	-8.6467397e-01	5.7157826e-01	-1.2444764e-01	-2.5465456e-01	-5.3754312e-01	-1.1672254e-02	-1.2937200e-02	-6.9001839e-02	-7.4564278e-02	-5.1449481e-02	2.6222270e-03	3.7912428e-02	-3.1040531e-01	6.4053446e-02	6.4482808e-01	5.9099680e-01	-3.1957963e-01	1.1115900e-01	4.1576751e-02	2.1951464e-01	3.2670930e-01	6.7129046e-02	-3.5485514e-02	1.0613395e-01	1.7024136e-01	1.2244590e-01	-2.0009844e-02	6.8379329e-03	1.6415893e-01	8.4790930e-02	2.2964215e-01	8.0284281e-03	-1.8286414e-01	-1.4087610e-01	1.8559987e-02	-1.6193520e-01	1.7844819e-01	-2.9318842e-01	-4.4509178e-01	-2.7246308e-01	-1.0306661e-01	-2.2312239e-01	-8.4545359e-02	2.0770626e-01	1.3232392e-01	1.9716388e-01	3.4280643e-01	-7.9991269e-01	-1.5605940e-01	-9.9067919e-02	1.5450953e-01	-1.8287730e-01	-2.8637487e-01	-9.6130602e-02	2.5866625e-01	1.5844139e-01	-2.6604700e-01	-6.9804028e-02	2.6347435e-01	1.5444407e-01	7.8333956e-01	7.6614447e-02	8.0562510e-02	-2.9178849e-01	9.6026272e-02	1.2004599e-01	-1.5117596e-02	-1.0776633e-02	2.1073764e-02	-3.6584529e-01	5.7151001e-02	1.3073401e-01	-1.3885732e-01	7.9664044e-02	-6.0352105e-01	-8.7155956e-01	2.7557585e-01	-1.0687988e-01	2.4505824e-01	2.9984939e-01	5.5597477e-02	8.4323213e-02	1.3321866e-01	2.9192740e-01	-4.1190349e-02	-1.6307513e-01	-1.0154081e-02	2.5255623e-01	-9.7921409e-02	-8.5342322e-03	8.0101930e-02	2.2907050e-03	2.8782591e-01	-2.3644997e-01	-1.1946079e-01	5.4674763e-02	-1.7284253e-01	2.6094452e-01	7.6481707e-02	3.1049827e-01	-3.0033642e-01	-1.3872838e-01	-3.8649458e-02	-4.1534729e-02	8.6507030e-02	-7.2597325e-02	-4.1110978e-01	-2.0866935e-01	-3.8459029e-02	9.5499679e-02	2.0320247e-01	-6.1345655e-02	-2.5735885e-01	-3.6753859e-02	-9.2396230e-02	-2.9434323e-01	8.7390900e-01	-2.5648037e-01	1.1219074e-02	-4.4156280e-01	-1.4858450e-01	2.9897062e-02	1.2696992e-01	-1.9734100e-01	-2.7935925e-01	-2.0044866e-01	2.3594455e-01	2.6546839e-01	3.1422445e-01	8.8626020e-02	-2.5426748e-01	4.8920464e-02	3.5287777e-01	-7.3948927e-02	3.1869113e-02	-1.1853868e-01	-3.4714082e-01	-3.7802130e-02	-7.1270227e-02	-1.9623126e-01	-3.9391745e-02	1.2934266e-01	2.7476555e-01	1.0844608e-01	1.7331646e-01	-6.2990084e-02	1.0569032e-01	5.3840484e-02	6.9684885e-02	1.5064459e-01	-1.5778374e-02	-2.6029894e-01	-3.7753275e-01	1.3922028e-01	-4.9154586e-01	8.3183534e-02	1.1262042e-01	4.3364823e-01	-1.4144515e-02	2.5431326e-01	-5.6879343e-03	5.5786663e-01	-3.1031778e-01	-4.6836811e-01	-2.9967910e-01	-5.5879807e-01	-3.5450724e-01	-3.9083689e-01	-1.3226318e-01	-2.9366067e-02	1.2339664e-01	6.8051107e-02	9.6484289e-02	-2.2261152e-01	-3.8759835e-02	1.7037092e-01	2.7261642e-01	1.4573257e-01	-1.6711855e-01	-2.1208881e-01	-2.0986305e-01	1.1223026e-01	-1.2107991e-01	-2.1181202e-02	4.0369235e-02	-1.7805927e-01	-5.2778077e-01	-4.4702354e-01	-5.2873671e-01	-1.0936274e-01	-2.3127688e-01	-3.6811122e-01	-1.0578442e-01	4.0125001e-02	-5.6455121e-04	4.5335371e-02	-1.8606958e-01	-2.1949534e-01	-3.5604772e-01	2.3889016e-01	2.1069480e-01	-1.1830888e-01	-2.5214961e-01	-9.1670156e-02	1.0103836e-01	-1.9854609e-02	-5.4026280e-02	-5.4184753e-01	1.4071130e-02	-1.1464447e-01	2.6530886e-01	3.3185028e-02	-3.6448044e-01	1.5189493e-01	2.9015866e-01	1.2872520e-01	1.1575189e-01	6.2836990e-02	-3.4875226e-01	-1.0560680e-01	4.1059431e-02	3.7116453e-01	-2.2899739e-02	-3.1199018e-02	2.3926491e-01	-2.2273179e-02	3.8681617e-01	-1.5486704e-01	1.6730534e-01	-2.8128505e-02	-3.3050198e-02	3.7953091e-01	5.6943409e-02	-7.6492846e-02	-1.0295169e-01	-2.4589936e-01	-2.6778322e-01	1.5841982e-01	-6.7365095e-02	1.8309236e-01	3.2757071e-01	3.2950461e-01	-2.2772122e-02	4.0527818e-01	6.0512003e-02	-7.4723995e-01	-8.8128746e-02	2.3582004e-01	6.3990511e-02	1.4915962e-02	3.4517726e-01	2.8884500e-01	2.9620117e-02	-1.6716475e+00	-3.5491314e-02	-1.6944610e-02	3.4766436e-01	-1.8018007e-01	-1.3603979e-01	-3.0398640e-01	-2.3283319e-01	-2.2233625e-01	2.3374699e-01	2.0686868e-01	7.7832587e-02	-7.0054725e-02	-3.2186013e-02	8.4264863e-01	-6.0422137e-02	-1.8076459e-01	1.8587212e-01	-1.6008952e-01	-1.1504828e-01	2.2040629e-01	-5.0039258e-02	-4.2060081e-02	-4.4561826e-02	1.4560735e-01	-1.8880418e-01	-3.1539109e-01	1.1506250e-01	2.3123570e-01	4.6743226e-01	2.0116591e-01	1.3201007e-01	-8.0564275e-02	1.9200702e-01	7.1261287e-02	2.1265392e-01	-1.3014396e-01	6.8179026e-02	-1.7434156e-01	-4.0952751e-01	-3.9387897e-02	2.0394303e-01	-1.4359641e-01	3.6161721e-01	6.4685799e-02	-1.0048465e-01	7.6868808e-01	6.3504118e-01	-2.3973159e-01	1.0427178e-01	5.7627309e-02	1.3293870e-01	-5.2097750e-01	-1.1323919e-01	-5.3361904e-02	-1.3057374e-02	-6.6521935e-02	4.0489998e-01	1.5493174e-01	3.7968326e-01	-6.2528819e-01	1.7943230e-01	-1.1999728e-01	-2.2070833e-01	-2.5913194e-01	8.8878728e-02	1.7706476e-01	-1.3593081e-01	1.0562164e-01	-1.1953251e-01	3.5020763e-01	-8.0317579e-02	2.3799708e-02	2.2894560e-01	-2.9665801e-01	-1.0477878e-01	-1.7394077e-02	-2.3155591e-01	-2.7397370e-01	2.0335248e-01	-1.0861595e-02	4.4765405e-02	3.8583374e-01	3.1755140e-01	2.6448551e-01	-5.6486800e-02	-3.1670317e-01	6.6559881e-02	-2.6905814e-01	-2.3859464e-01	1.7521226e-01	6.5166056e-03	6.5862483e-01	3.0099115e-01	2.1106485e-01	1.0832448e-01	-2.4511343e-01	-2.7166131e-01	-2.5903236e-02	-1.2095795e-01	1.2228183e-01	2.4753743e-01	2.6264468e-01	3.0157554e-01	-1.9203736e-01	-1.8613416e-01	3.6809245e-01	-1.9558543e-01	1.8363784e-01	-6.8216302e-02	-7.2789855e-02	-3.6110732e-01	-4.8281763e-02	2.1559405e-01	4.7608018e-02	-3.1923857e-01	5.9796941e-01	4.1041440e-01	2.7572700e-01	8.1641302e-02	-2.9338317e-02	-4.2684674e-01	-1.0852781e-01	-3.0514461e-01	-4.2054169e-02	-2.2157190e-02	9.3346052e-02	1.8837085e-01	1.8482124e-03	-5.6309092e-01	3.0216030e-03	-1.0617675e-01	2.7284646e-02	3.5279375e-01	-7.7360101e-02	3.8432679e-01	1.8697059e-01	-4.1762028e-02	-2.1175493e-01	-7.0978135e-02	1.6282965e-01	2.4621677e-01	2.2112529e-01	2.6174229e-01	-1.5503100e-01	-1.7168052e-01	-1.6933422e-01	1.8582660e-01	6.3990369e-02	1.4857514e-01	-5.7152499e-02	1.0477603e-01	-8.3887452e-01	-8.2518518e-02	2.6362633e-02	4.0068962e-02	2.1008024e-01	2.1763413e-01	-2.2245000e-01	-2.4095291e-01	-8.5616045e-02	1.6629766e-01	2.3915960e-01	6.6379540e-02	8.3593376e-02	3.2459924e-01	-1.7336197e-01	2.8564936e-01	-5.1869348e-02	-3.1586340e-01	2.4903403e-01	-2.0150906e-01	-2.4802502e-02	-2.6023561e-01	2.2111610e-01	-4.8740649e-01	-2.8822032e-01	-4.0192690e-01	-6.3700840e-02	-1.5164399e-01	-1.6022018e-01	9.1533780e-02	1.0967734e-01	-1.2351345e-01	-1.0056087e-01	-7.2929358e-01	-3.0886149e-01	8.9077719e-02	7.2038524e-02	-2.0245796e-01	-4.3277335e-01	9.2200026e-02	-3.6078244e-02	1.7632285e-01	8.6020909e-02	-2.2875533e-02	-9.5561050e-02	4.0688220e-02	2.6680979e-01	-9.1497719e-02	2.1149786e-01	-2.9253542e-01	1.1590980e-01	-1.7343301e-02	1.6159382e-01	-1.9951524e-01	2.1984160e-01	9.9331528e-02	2.3358287e-01	3.9442891e-01	2.9752409e-01	-3.2152456e-01	7.3827118e-02	-2.8701100e-01	-1.7480923e-01	6.5655716e-02	-1.7173402e-01	-6.1903074e-02	-2.4311586e-01	2.8896317e-01	3.1659481e-01	-2.0926540e-01	-5.6417948e-01	-1.5675898e-01	-3.7426971e-02	-1.3224514e-01	-2.3176797e-01	-2.0562562e-01	2.9702883e-02	4.5820363e-02	1.4910072e-01	1.3713545e-01	2.0847245e-01	-2.4973954e-01	-6.7213655e-02	1.2885395e-01	-1.9008483e-01	-2.6862973e-01	-3.0460820e-01	6.3592941e-02	7.9050444e-02	1.7999019e-01	2.0277157e-01	-9.0066954e-02	6.6605151e-01	6.5414995e-02	-1.2685724e-01	1.5614791e-01	1.1197276e-01	-1.0922710e-01	-6.8411385e-03	-9.7628266e-02	1.5698900e-02	-4.6791792e-01	3.6018285e-01
1.3227129e-01	2.0782751e-01	-9.6800312e-02	-1.2019253e-01	4.0253353e-01	-7.4211203e-02	1.9410533e-01	-1.7061751e-01	-2.6668555e-01	-1.0694076e-01	-1.5974645e-01	-1.5066655e-01	-3.3125454e-01	-5.0175609e-03	-3.0821088e-01	-4.5940250e-01	-6.4163357e-02	-2.1912308e-02	2.9029295e-01	2.2978108e-01	2.1491079e-01	-2.1452159e-01	2.5432777e-01	-1.4497784e-01	5.4483570e-02	2.6736560e-01	1.0159449e-01	-1.3285385e-01	-5.7673704e-02	-2.6575100e-01	1.2047006e-01	-4.3559815e-03	-1.8621680e-01	-3.2464764e-01	1.7165342e-02	2.8906339e-01	-6.3790157e-02	1.5158354e-01	-8.7515935e-02	-1.7237368e-01	-3.6798021e-01	2.8786349e-01	-1.8507903e-02	-8.9701198e-02	-8.7473139e-02	-3.7901440e-01	-2.2407080e-01	-7.8161508e-03	5.7683051e-02	-4.1886149e-03	-3.4503341e-01	-5.4135239e-01	9.6474312e-02	-5.4282093e-01	-1.3795447e-01	-7.6375395e-02	1.5421209e-01	-2.3083600e-01	3.0974977e-02	4.0091014e-01	-1.1710281e-02	3.3021923e-02	1.9294240e-01	-1.5106192e-01	-1.0908951e-02	-2.0320876e-01	-1.7525287e-02	-8.4212951e-02	-3.5378569e-01	2.0673889e-01	-3.5287565e-01	3.8420117e-01	1.2338018e-01	4.7316428e-02	-6.1798785e-02	-1.9480100e-01	-3.4448236e-01	-4.8964816e-01	2.3515292e-01	-3.6269050e-02	3.0696598e-01	-1.4259298e-01	-2.2224906e-01	-2.6762682e-01	-2.0499982e-01	-4.4253346e-01	2.3760298e-02	3.4410868e-02	-1.2908630e-01	4.6550389e-02	-1.4135993e-02	3.5217109e-01	-2.0156544e-01	-2.3288621e-01	-1.7186794e-01	-1.8368939e-01	1.8904137e-03	1.1689225e-01	-4.0591039e-02	3.2172874e-01	5.7920296e-02	1.2135541e-01	3.8300283e-02	1.0209098e-01	4.1194316e-02	-5.7299934e-02	1.3125747e-01	9.4533928e-02	-3.9235484e-02	-2.9728916e-01	-8.8084742e-02	3.2141292e-01	7.9956330e-02	-1.3708885e-01	-5.1847458e-01	2.7002031e-01	-2.4671167e-01	1.5166841e-01	2.4796173e-02	-4.6448895e-01	1.2682126e-01	2.8352323e-01	-2.9992065e-01	-2.2402570e-01	-8.7134123e-02	-2.3063998e-01	2.9540418e-02	-2.7914324e-01	-2.9543549e-01	-1.9455907e-01	-3.1431237e-01	8.8235423e-02	-2.2714581e-01	-1.0198645e-01	-4.5725293e-02	-1.2322801e-01	2.9057971e-01	3.5809811e-02	-1.4838478e-01	7.8934126e-02	-1.2493342e-01	2.5430208e-01	-2.1480092e-01	-1.4448579e-01	1.6344996e-01	2.0912467e-01	-5.6154717e-02	-9.8365426e-02	8.8056684e-02	-3.0562642e-01	1.5623896e-01	-1.5079255e-01	1.1352835e-01	-3.3423308e-01	-2.5425481e-02	-3.3455810e-01	2.9670158e-01	2.7245855e-01	2.0463970e-01	-3.0760860e-01	-4.4174388e-01	-2.1987493e-01	8.3397806e-02	1.1596455e-01	2.9298663e-01	-2.1103910e-01	3.8999993e-01	-1.3940027e-01	-4.8446327e-01	-5.9144163e-01	-1.8726376e-01	9.2576526e-02	5.1843658e-02	1.4899898e-01	4.5933373e-02	-2.1632363e-01	-2.5011519e-02	4.8380189e-02	-3.6679515e-01	-2.0778631e-01	-3.5280204e-01	-1.2668550e-01	1.6777599e-02	1.0920563e-01	6.1709557e-02	7.2594158e-02	3.8986489e-01	2.1174626e-01	1.7416291e-01	-8.7802693e-02	3.8186160e-01	8.2263060e-02	-4.1603014e-02	6.5565579e-02	1.8142249e-01	-9.6928410e-02	-1.0337584e-01	-4.9074579e-02	-1.8129155e-01	-1.4698297e-01	-1.8639627e-01	3.8326028e-01	-2.4100767e-01	-2.3240869e-01	-2.5832069e-01	-3.9297026e-01	-6.9589965e-02	1.8201809e-01	3.9925423e-01	8.8482065e-04	-1.0559842e-01	2.0045088e-01	8.7781325e-02	-5.1819623e-01	-1.1012696e-01	-3.6214978e-02	5.7061641e-03	4.2253580e-02	4.4529051e-02	2.4545148e-01	1.4224112e-01	1.0773262e-01	4.4612519e-02	1.4991212e-01	2.9426581e-01	2.3133533e-01	1.9343311e-02	-2.3274401e-01	7.5531632e-02	-5.4485604e-02	-3.1521925e-01	1.7406954e-01	-2.5888657e-02	1.8130909e-01	3.0743787e-01	-3.7006453e-02	2.6823071e-01	-4.5992833e-02	2.8120780e-01	2.1577103e-01	-4.1017521e-02	6.0122635e-02	2.3143990e-01	-1.2937193e-01	1.8375282e-01	-8.5374363e-02	1.0846216e-01	1.0084993e-01	2.6686165e-01	-3.8450304e-01	2.2926150e-02	-2.1171300e-02	2.3237862e-01	-3.6779147e-01	-1.9185033e-01	-1.0544127e-02	-1.3484760e-01	1.4341883e-01	-2.6662967e-01	1.3760491e-01	-1.3852532e-01	2.0560715e-01	-5.5057429e-02	6.9012590e-02	-1.5597063e-01	8.3699271e-02	1.9098574e-01	-7.7317312e-02	4.7235560e-02	-2.5231456e-02	6.1459962e-02	-3.1790364e-01	2.4184784e-02	-2.8455085e-01	1.0150915e-01	-2.5204027e-01	-3.4865579e-01	2.0830475e-01	-2.0460519e-01	-1.7641011e-01	2.0439308e-02	-8.0632403e-02	3.3847275e-01	-1.5523244e-01	2.0695950e-01	-2.4118893e-01	-1.1375237e-01	1.9241664e-01	4.2381179e-02	3.2412848e-01	-1.6432290e-01	3.5780549e-02	-5.1839328e-01	3.4609076e-01	-1.6450073e-01	3.4954646e-01	-1.7423734e-01	3.9686871e-01	1.6614364e-02	-2.9783022e-01	3.1008783e-01	6.1544770e-01	-2.3446603e-01	6.9433011e-02	-2.0443271e-01	-8.5943662e-02	3.2074302e-01	-1.8709491e-01	-1.4013754e-01	-2.2329018e-01	2.8651688e-01	2.1964468e-01	6.8849348e-02	-1.5954545e-02	-5.1105618e-02	1.6809046e-01	-1.6281112e-01	-3.2450750e-02	-1.4062831e-01	4.1932788e-01	1.3350446e-02	-2.7816620e-01	-1.9442011e-01	1.2818029e-02	-3.5632703e-02	-1.7386961e-01	2.9765272e-01	-3.1416661e-01	-5.5556864e-01	-4.9480805e-03	-3.7245531e-02	-4.9169537e-02	-5.1832914e-01	-2.0871723e-01	-2.9201187e-02	-1.3314284e-01	6.5973975e-02	-1.9290461e-01	-2.2091724e-01	-1.8653718e-01	-1.4653076e-01	-7.1843706e-02	8.2739174e-02	2.5694042e-01	-8.4712625e-02	-2.4216294e-01	4.9469095e-02	3.7871724e-01	7.9876192e-02	2.2683510e-01	5.0510597e-01	2.2681892e-02	-1.6377168e-02	7.2151117e-02	2.8600064e-01	1.8232447e-01	8.6648710e-02	1.2399416e-01	-4.3287344e-02	-1.4762828e-01	1.9257240e-01	-4.7409195e-02	-3.0202419e-01	-1.1859329e-01	-3.4709033e-01	3.2000877e-02	1.1277564e-02	1.6189206e-01	-1.4986637e-01	-2.9338866e-01	-1.0959900e-01	-9.0952709e-02	-6.9748260e-02	-4.4749346e-01	-2.1291378e-01	-1.2890236e-01	-1.7618001e-01	2.1603365e-01	2.5190428e-01	6.9253966e-02	-2.8590024e-01	-3.8140753e-01	-3.6916282e-02	-1.9521819e-01	2.4691308e-01	-1.2277267e-01	-2.0516501e-01	4.5187835e-02	4.5613760e-01	-2.7978343e-01	2.2475275e-01	5.9158012e-02	2.3309679e-01	5.9848174e-02	1.4846153e-03	-4.1261345e-02	2.1406040e-01	-3.6115614e-01	1.6366303e-02	-4.2689893e-02	-2.7647829e-01	6.0382105e-02	1.0214622e-01	-5.5517126e-02	1.7742616e-01	4.9063304e-01	-2.1601491e-02	-2.8378779e-01	-2.7309868e-01	-2.6693584e-02	-7.5115010e-02	1.8761797e-01	-6.3705444e-02	-7.0109777e-03	2.6410663e-01	3.1697431e-01	8.9561954e-02	-3.9875325e-02	3.2370335e-01	-4.8719738e-02	-3.1835705e-01	2.8808802e-01	-2.6426688e-01	-3.9365500e-02	6.4282335e-02	-2.5634110e-01	1.9000907e-01	2.1728527e-02	-2.5142780e-01	2.0211980e-01	-1.6127896e-01	-9.8579109e-02	-1.1582624e-01	-3.2665622e-01	2.5526008e-01	3.0007061e-02	-1.3940603e-01	-5.5666689e-02	1.7344333e-01	-6.5362014e-02	-1.0396428e-02	-3.0336984e-02	-3.7879504e-02	2.0343173e-01	1.9860014e-01	-5.0051615e-02	-1.0631519e-01	9.9854976e-02	-2.3992753e-02	-6.5105729e-02	-1.5391536e-01	-1.2959591e-01	4.9151787e-01	1.3331856e-01	-2.3346816e-01	-5.6619719e-02	2.4617872e-01	3.2301682e-01	1.9535989e-01	-3.2788041e-01	-1.9283113e-01	-3.0757913e-01	3.4468326e-01	4.0803488e-02	-4.1517645e-01	3.7034560e-02	-1.4166035e-01	-1.2265100e-01	1.2255759e-01	-3.2323164e-01	1.2035847e-01	1.0981341e-01	-3.0500904e-01	1.1019779e-01	1.6045463e-01	5.3308602e-02	-2.9206020e-01	-3.2166317e-01	1.4280763e-01	2.2122760e-01	-7.2503954e-02	4.0639840e-02	-5.3509486e-01	-5.0679469e-03	-9.8134094e-01	-8.0522470e-02	1.5876071e-01	-5.1520155e-03	2.2104643e-01	-2.1865845e-01	3.1646896e-02	-4.6383914e-01	-4.0286273e-01	-2.2426978e-01	1.9930759e-01	2.4700049e-01	-7.2654568e-02	1.2962206e-01	-7.7645928e-02	1.9577228e-01	3.0415125e-02	1.7479734e-01	-1.9785522e-01	-4.0315020e-01	4.5410139e-03	2.7462873e-01	-1.7897768e-01	-4.5191607e-01	-6.5618767e-03	1.6614111e-01	2.9623611e-02	1.3871372e-03	-1.2608439e-01	-2.7173248e-01	1.9076690e-01	-2.4790284e-01	1.2425493e-01	3.9296141e-01	2.6712118e-04	-2.0683235e-01	1.8822761e-01	1.7930432e-01	7.5882125e-01	-5.4852460e-03	-4.2547405e-01	2.4872422e-01	-8.8343042e-01	-2.3558669e-01	2.5794715e-01	-3.1188935e-01	3.6116537e-01	-2.3147453e-02	2.2288854e-01	-4.5008960e-01	3.2767394e-01	-1.8744391e-01	-1.1887675e-01	1.7006904e-02	-2.4941044e-01	-2.2436487e-02	-2.9929582e-02	1.9109544e-01	-6.5124854e-02	-3.3807394e-01	-3.3855212e-01	-2.0920131e-01	1.1008683e-01	3.1841156e-01	-5.8231729e-01	-9.4454415e-02	-3.5021350e-01	-3.3975780e-02	1.3139474e-01	-1.5841098e-01	-1.4261910e-01	1.0860717e-01	-1.5861249e-01	-4.4960573e-01	1.0191020e-01	-2.1501485e-02	3.5830274e-02	-2.8626673e-02	-1.9452417e-01	-1.3721254e-01	-1.0448212e-01	-9.4353832e-02	-1.3898566e-01	3.9214823e-01	-1.5831709e-01	-2.4595624e-01	5.7181664e-02	2.5712797e-01	8.3967075e-02	-3.5634038e-01	1.5020071e-01	-1.8980856e-01	2.9099920e-01	6.0659591e-02	-1.6065174e-01	-6.3188648e-04	-1.6745177e-01	-1.2304972e-01	1.8511282e-01	-4.4113640e-02	-1.1635432e-01	-8.0064751e-02	-9.2525311e-02	4.1681176e-01	1.1693365e-02	1.2936933e-01	1.4813863e-01	5.3759772e-02	2.2300316e-01	-1.6070861e-01	2.2309542e-01	3.8229880e-01	1.1374594e-01	2.8661993e-01	6.4591929e-02	-1.6528904e-01	1.3339664e-01	-1.5095441e-01	1.2831916e-01	1.8040507e-01	3.2134503e-01	3.4111759e-01	7.6003604e-02	1.1373203e-01	7.4162208e-02	-4.3192080e-01	-2.6335260e-01	1.9199620e-01	1.1151078e-01	1.8061484e-01	-4.1342676e-02	2.7100626e-01	-2.6896822e-01	-2.4948128e-01	-2.6499350e-02	-2.5515848e-01	-3.3147460e-01	2.8131819e-01	-7.2667547e-02	-4.4589618e-01	-6.9439644e-03	-1.8025167e-01	-4.1584155e-01	1.2738000e-01	4.5693580e-02	-3.4801617e-01	2.3147620e-03	-1.9997697e-01	2.2463648e-01	-5.8389473e-01	2.4576484e-01	2.8311795e-01	-2.1605001e-01	-3.7052412e-02	-3.2352683e-01	1.6646884e-01	-1.0612629e-01	2.1550699e-01	-2.7801919e-01	-8.2112335e-02	4.0513092e-01	-9.7482309e-02	-3.1045331e-02	1.8096453e-01	-2.6330316e-01	-1.9419292e-01	3.0803293e-02	1.3051806e-03	3.3592051e-01	-4.5706120e-01	-3.0307025e-01	-1.0461667e-01	-9.5769212e-02	1.6305016e-01	-1.3094264e-02	-4.1529971e-01	3.1776279e-01	6.2876701e-02	-6.1200127e-02	7.9262204e-02	-1.5738802e-01	5.9131484e-02	-9.3093835e-02	1.0181595e-01	-3.5922918e-03	2.0487425e-01	-6.6732556e-02	1.4132097e-01	4.2633086e-02	-3.5922709e-01	1.2847884e-01	1.6212876e-01	-3.5876748e-01	3.1100921e-03	1.8141049e-01	1.8717140e-01	2.1809439e-01	1.3726992e-02	8.0293074e-02	2.2012156e-01	-5.0489384e-01	-4.8781464e-01	1.5766762e-01	2.4498409e-02	2.8399479e-01	-4.3742508e-01	-3.6722237e-01	-2.6123154e-01	-2.4404766e-01	-1.6304186e-01	7.9012051e-02	2.5953588e-01	-5.8451605e-01	1.8083809e-01	9.0512834e-02	-1.0316677e-01	1.5813167e-01	-9.7179696e-02	-1.5225571e-01	-2.0746529e-01	-6.1352294e-02	3.4793532e-01	-1.5788485e-01	-4.0705476e-02	2.5741830e-01	-2.5156882e-01	-1.2244190e-01	-5.2126116e-01	-2.1642168e-01	1.3035448e-01	-3.0088061e-01	1.4136174e-01	1.6816802e-01	-4.9995956e-01	-3.9566800e-01	-8.8070899e-02	1.3211788e-02	1.1765276e-02	1.4602287e-01	4.4659635e-01	1.5822941e-01	-9.1820218e-02	-4.5522368e-03	5.6105264e-02	-2.2906820e-01	4.4541943e-01	-2.1111378e-01	-1.5240850e-01	7.0048064e-02	-1.7005694e-01	5.1788159e-02	-1.9420262e-01	-1.9006653e-02	2.4919307e-01	-2.6853329e-01	3.5019842e-01	1.9902065e-01	-1.3743693e-01	5.5319047e-01	-1.1966492e-02	2.7986455e-01	9.0596691e-02	1.9055852e-01	1.7798011e-01	-1.0534222e-01	2.2094783e-01	-9.7434588e-02	-3.2431322e-01	-7.8041628e-03	-2.2809315e-01	-1.4894527e-01	5.4382343e-02	-2.6598182e-01	-7.4203998e-02	2.3424254e-01	-2.4702363e-01	1.3940813e-01	-5.8126561e-03	-1.1693503e-01	2.6365361e-01	1.6621530e-01	1.2494253e-01	-1.4434071e-01	-1.8025346e-01	-1.2555388e-01	-4.5546475e-01	1.7863872e-02	1.2360198e-01	6.1220676e-01	-4.0460220e-01	2.3494722e-01	2.1018641e-02	2.8989777e-01	-4.4058788e-01	8.3334371e-02	1.1388301e-01	1.9884066e-01	1.0724699e-01	7.8001723e-02	3.1931725e-01	-2.2266926e-01	-3.9957814e-02	3.3595997e-01	2.2427858e-01	-1.2091280e-01	4.6216273e-01	-7.4650091e-01	5.9774812e-02	2.0526241e-01	-1.7950012e-01	1.4743000e-01	-3.1166750e-01	-1.3498428e-02	-8.3459973e-02	2.0172650e-01	1.6301900e-02	-2.3051970e-01	1.6962346e-01	1.7973636e-01	-2.7277216e-01	-2.6879498e-01	-4.4823289e-02	-1.9188942e-01	3.5574472e-01	2.3875405e-01	-2.7235794e-01	9.4491243e-02	-3.0519590e-01	1.4479758e-01	1.9610673e-01	-1.5573138e-01	5.0305359e-02	-1.0554186e-01	-3.5504070e-01	5.9477139e-02	1.5190528e-01	9.2703968e-02	-4.6295401e-01	-3.7308976e-01	4.4388792e-01	1.8937816e-01	1.9257233e-01	-2.3651142e-01	1.9231151e-01	-5.6662764e-02	6.0290080e-02	-3.1703573e-01	1.1121298e-01	-2.1232460e-01	5.0674351e-03	-9.6939325e-02	-2.1974148e-01	-1.6898105e-01	2.6945791e-01	1.5439706e-01	1.0380581e-01	-3.4582615e-01	2.3866571e-01	-1.6413529e-01	-9.2047900e-02	1.2598810e-01	-1.7497355e-01	-1.2320998e-01	-3.2874987e-01	-2.0721963e-01	-1.1433793e-02	4.0589005e-02	-2.6125687e-01	-3.0076382e-01	-2.7547395e-01	-7.0596471e-02	-1.5205553e-01	-1.0282154e-01	-8.7912634e-02	-2.8329599e-01	1.0818001e-01	2.0548478e-01	6.3613942e-03	1.2336716e-01	-2.8034262e-02	1.8621501e-01	-1.2286053e-01	-1.7335112e-01	-1.6939987e-01	-3.6885362e-02	-1.4026237e-01	4.0778164e-02	-5.1583327e-02	1.6027588e-01	-3.9575565e-01	-1.2022108e-02	3.0040967e-01	-6.2071629e-02	-3.8023767e-01	-6.3080966e-02	-1.1508706e-01	-1.4569552e-01	1.6620091e-01	5.2164572e-01	-3.1766137e-01	-8.4767419e-01	2.0706356e-01	-3.4774208e-01	1.7056826e-01	-1.5697019e-01	6.8346925e-02	3.8244334e-01	1.5418365e-02	1.4895967e-01	-1.1548280e-01	2.0392515e-01	2.0180258e-01	3.0388165e-01	4.9032480e-02	6.9965735e-02	-8.3133847e-02	-3.2101423e-01	-1.4390604e-02	3.1860089e-01	-1.4347047e-01	-2.6140484e-01	6.8296343e-02	1.6424006e-01	-8.0710590e-02	-1.3567360e-01	5.4650581e-01	-7.7397540e-02	-9.8546997e-02	1.1331806e-01	8.9658946e-02	2.5135654e-01	1.6225867e-01	-2.5684831e-01	2.1941535e-01	-2.6399681e-01	-3.6983332e-01	4.6040305e-01	1.4382924e-01	1.8141519e-01	-3.5337651e-01	1.4742911e-01	1.0632574e-01	2.0254010e-01	-9.1413679e-03	1.8640918e-01	-2.5617778e-01	5.3605888e-02	1.3750337e-01	-3.9077425e-01	6.2328883e-02	-3.1830996e-01	-5.6141879e-02	-2.0429957e-01	-9.3135528e-02	-1.9583237e-01	2.9383209e-01	-5.5783051e-01	-2.7360091e-01	-9.1819860e-02	1.4345519e-01	1.9461897e-01	-3.0172181e-01	-4.1391644e-01	-1.3687907e-01	-1.0364328e-01	-4.6157801e-01	1.1412898e-01	3.1778058e-01	-9.6379109e-02	-1.4055911e-01	3.1431800e-01	2.1387674e-01	1.8344082e-01	-1.1056662e-01	2.1742798e-01	-3.6137280e-01	-9.1156252e-02	-1.0449951e-01	-8.7667117e-03	-2.7710596e-01	1.7624012e-01	-2.1920221e-01	-9.3574688e-02	1.1733949e-02	9.2471249e-02	-2.1242791e-01	-2.2934924e-01	3.1400826e-02	1.0070278e-01	-2.7425641e-01	-1.9335474e-01	6.0341988e-02	8.4842831e-02	-1.2127362e-01	-3.5612643e-02	-1.4438957e-01	1.4330092e-01	-2.7752647e-01	7.0584670e-02	-1.3253552e-01	-5.0811410e-02	-2.4704528e-01	1.9209811e-01	-1.3280722e-01	-1.5046036e-01	-2.3767699e-01	-2.0293763e-01	-8.1526212e-02	-8.7615423e-02	2.0968397e-01	-1.9482136e-01	2.5407165e-01	2.4041371e-02	1.7395292e-01	1.7606060e-01	7.0084620e-04	-3.4867164e-01	2.1126431e-01	1.4175633e-01	7.3690020e-02	1.5283886e-01	-7.0735043e-01	2.1868300e-01	-3.6303020e-01	2.6904967e-01	-5.6706041e-01	-6.5723233e-02	2.7122855e-01	-3.3370909e-01	-4.0962607e-01	-1.1800010e-01	1.5280761e-01	6.4658649e-02	-4.0400797e-01	2.7498749e-01	1.2399804e-01	-2.4010870e-01	2.5195375e-02	-1.6631262e-01	2.4360499e-01
7.5152002e-02	9.8725885e-02	2.2653253e-01	-3.5629568e-01	2.0418459e-01	6.4991690e-02	-1.2686789e-01	1.9923408e-01	-1.8918228e-01	-2.6189637e-01	9.6106485e-02	1.2456549e-01	-7.1507275e-02	1.4505333e-01	3.4012911e-01	-3.7102997e-01	8.4845297e-02	3.1219423e-01	5.6921732e-02	2.1943499e-01	-4.7090921e-01	1.0944625e-01	-2.0122522e-02	1.2612577e-01	-2.7570683e-01	-2.0379435e-02	-4.8636768e-02	-2.2348312e-01	-8.0477178e-02	4.4630423e-01	3.1167086e-02	1.4087883e-01	-1.8743357e-01	3.2017693e-01	2.8654987e-01	-2.1362741e-01	5.8929797e-02	3.6246691e-02	-3.3246845e-01	9.4458163e-02	2.4944292e-01	-1.6737901e-02	1.1442033e-01	-1.5513282e-01	-1.0291035e-01	-3.3449147e-02	-3.3226597e-01	-1.9744723e-01	-1.6214061e-01	5.1860895e-02	-9.9729575e-02	-1.1363684e-01	7.5561814e-02	1.8454936e-01	-7.1584888e-02	3.1203691e-02	-2.2542261e-01	-2.2841838e-01	-6.7539766e-02	-1.2001529e-01	-3.5476491e-02	3.0875903e-01	-2.5634113e-01	-2.0517087e-01	-1.0658362e-01	2.2395146e-01	3.3048886e-01	-3.2240537e-01	5.4923106e-02	-2.7132809e-01	-1.9060339e-01	3.6615353e-02	-2.3968744e-01	-3.4705758e-02	5.4999273e-03	2.4605563e-01	2.2754039e-01	2.4549523e-01	3.0146059e-01	-7.5399309e-02	2.9119861e-01	1.8192776e-01	-1.2218364e-01	3.0078469e-02	-6.7398176e-02	2.5889066e-01	-6.3747220e-02	-1.4226706e-01	-3.2302734e-01	2.3702584e-01	-1.8883077e-02	8.8834405e-02	3.9031196e-01	1.9963224e-01	-2.2298276e-01	2.2828801e-01	-1.9774967e-01	-5.4664478e-02	-1.8784480e-01	-4.7241710e-02	-1.5809439e-01	-2.8575954e-01	1.6879450e-01	-2.0167877e-01	1.0894809e-03	1.9447233e-01	-3.7856635e-01	1.6625020e-01	-2.7576702e-02	1.5747917e-01	2.0010961e-02	2.0390214e-01	-5.0993755e-02	-2.6582778e-01	-3.9826399e-01	-4.4025838e-02	3.2477781e-02	1.8337557e-01	4.2814884e-02	2.5341943e-01	1.5258685e-01	-2.7029333e-01	-1.5149744e-01	-2.2562520e-01	-1.9501674e-01	-2.3192844e-01	-3.0845022e-01	-4.0677350e-02	2.0993681e-01	5.2329558e-01	1.2596180e-01	-5.3898132e-01	1.8251400e-01	2.0071393e-01	4.9340978e-02	-5.6277066e-01	3.1979629e-01	5.0659873e-02	5.1342875e-02	3.0667189e-01	-3.8935924e-01	1.4744574e-01	-4.7460329e-02	-1.7224297e-01	1.5059674e-01	3.6175838e-01	-1.0155201e-01	1.1280665e-01	-4.4317367e-03	-1.8956479e-01	-1.7565046e-01	1.4648411e-01	-1.3159339e-01	4.6130907e-02	2.3423074e-01	-9.7358413e-02	-1.8131813e-01	5.1522845e-01	-3.0004078e-01	4.9853176e-01	7.8035831e-02	3.5609287e-01	8.0833994e-02	-6.8854111e-01	-8.1061833e-03	-2.2772530e-02	2.2855312e-01	-2.9149818e-01	-1.4800739e-01	-1.9270697e-01	1.1929262e-01	2.1901487e-01	-2.4411631e-01	-9.1889806e-02	3.6165515e-01	-3.2487679e-01	8.9368813e-02	1.5010369e-01	7.2997294e-02	1.6163599e-01	-1.5211301e-01	4.2502508e-01	-1.9782633e-01	7.8312285e-02	-5.2308464e-01	2.6112512e-01	-1.5080756e-01	-6.1157241e-02	-6.7291237e-02	3.3880031e-01	1.3370520e-03	4.3767884e-01	2.3196755e-01	2.0765361e-01	-7.6787144e-02	-1.2849754e-01	9.2969969e-02	-2.4653468e-01	-9.1872387e-02	-1.2429550e-01	-1.8108524e-01	1.6771084e-01	-1.0014306e-01	1.0049126e-01	1.5872724e-01	1.1378989e-01	-4.1534357e-02	3.8622148e-02	1.1886903e-01	9.0944499e-02	3.5817552e-02	1.2945077e-01	1.9609031e-01	2.4433398e-01	-3.9102945e-02	1.1463814e-01	-7.0633687e-02	1.8791461e-01	1.3337472e-01	1.7771842e-01	2.4549417e-01	1.5672555e-02	1.9759904e-01	1.3619792e-01	1.0259162e-01	-3.9066742e-03	-2.6730153e-01	2.7803576e-01	-1.6081414e-01	2.5913283e-01	1.2273598e-01	-9.7117491e-02	-1.8100774e-01	-3.1843510e-01	4.1165102e-01	-1.2882370e-01	-3.6937276e-01	2.1463889e-01	2.5505304e-01	-2.7738798e-01	1.6853121e-01	-9.8597720e-02	2.4704003e-01	8.0448531e-02	-2.7446765e-01	-1.4167231e-01	2.3850532e-01	-4.6621908e-02	-7.6332241e-02	-5.0655667e-02	-3.1097844e-01	-9.1401068e-03	-5.3091243e-02	-5.1786937e-02	-1.5283394e-01	-2.3769639e-01	3.9119941e-01	-9.9594340e-02	-3.2700559e-01	3.2918924e-01	-9.0785116e-02	1.0455552e-01	-2.3905905e-01	-2.2278108e-01	2.6231768e-02	-4.4868937e-01	2.5740516e-01	3.5176638e-01	-1.1637502e-01	5.3525906e-02	-1.4744776e-01	1.2345207e-01	-2.6661390e-02	-1.2427787e-01	9.0683565e-02	2.4497667e-01	-2.0165221e-01	2.9247507e-01	8.2572512e-02	2.2050400e-01	8.3756953e-02	-1.6617551e-02	-2.6349461e-01	-7.5405672e-02	-2.0788071e-01	-4.4552052e-01	-9.6135750e-02	-6.5012962e-02	8.0770582e-02	-1.2732826e-01	-4.1569922e-02	2.3069559e-01	-2.5584015e-01	1.8512693e-01	-4.7198392e-02	-2.0053476e-01	2.5776806e-01	-3.4640068e-01	-3.7233362e-01	-3.0058013e-02	-1.2680206e-02	-9.2788108e-02	-3.2609540e-01	2.2336070e-01	-2.0055170e-01	-1.8695340e-01	2.0202790e-01	-7.2909290e-01	2.2201389e-02	-1.1954045e-01	9.5633425e-02	1.4948307e-01	1.2384772e-01	-8.8901266e-02	-2.2310036e-01	-1.2240895e-01	5.2770046e-03	-8.9441133e-01	2.3424360e-01	-2.0713058e-01	-4.5658213e-01	2.9799855e-01	5.2646352e-03	-5.4382837e-01	6.1234195e-02	-5.0778884e-01	-1.9367222e-01	-9.6305527e-02	1.6659395e-01	-5.7271715e-02	-4.1513231e-01	-1.3546784e-01	1.3508962e-01	-1.4653668e-01	-3.7931241e-02	-3.9979798e-01	-4.6352848e-02	-3.0496767e-01	1.5609914e-01	1.2920707e-02	-1.2441844e-02	3.5763067e-01	4.7066655e-02	1.8338012e-02	-2.3179382e-01	1.0900659e-01	-2.1237433e-01	-7.8024559e-02	3.2442439e-01	5.9126519e-02	6.8356879e-02	6.6296183e-02	-6.4119034e-02	-6.5793850e-02	-2.0418569e-01	-4.8670489e-02	-3.2850236e-01	3.0048713e-01	2.4898235e-01	1.7449634e-01	-4.1871704e-02	1.0323658e-01	-2.3068844e-01	1.2965363e-02	2.2660566e-02	2.1838291e-02	6.9895536e-02	5.4428216e-02	2.7517721e-02	1.7701688e-01	2.8015184e-01	2.4151574e-01	2.3561262e-01	5.0458625e-02	1.0813435e-02	6.7893416e-02	2.0892414e-01	-2.0614088e-01	-2.1763551e-01	-1.1248516e-01	1.6995490e-02	-1.9108512e-01	2.6233828e-01	-3.2034746e-01	2.4131797e-01	-2.5515684e-01	-1.8873313e-01	3.8480926e-02	1.6646677e-01	3.9059988e-01	-2.1002975e-01	2.4564235e-01	2.2646594e-01	2.7180561e-01	1.2185624e-01	-1.1745045e-02	2.9785690e-01	3.2303798e-01	-1.8130489e-01	4.1573974e-01	-3.3308530e-01	6.2357094e-02	-1.8097539e-01	-1.5092808e-01	-9.7422190e-02	-4.0799305e-02	1.2666816e-01	2.8685501e-01	9.7294115e-02	-2.9844946e-01	1.9693685e-01	-2.5104044e-02	-2.0564076e-01	-1.8818590e-01	-1.9076906e-01	-1.8659225e-01	-1.7938286e-01	-7.0056781e-02	-3.5314882e-01	-2.7901262e-01	8.0449857e-02	4.9692667e-01	-1.2737067e-01	-1.1551195e-01	1.2414885e-01	1.9542329e-01	-8.3737664e-02	9.6575528e-02	-2.2155644e-01	1.4911783e-01	-3.7352705e-01	1.7542084e-01	-2.4394354e-01	-2.1022215e-01	1.8218425e-01	1.5977775e-01	-1.0341705e-01	-3.8294055e-02	-4.7074568e-01	-1.2824649e-01	-1.6210949e-01	5.0574294e-03	-1.3912553e-01	7.1987651e-02	-6.2182412e-02	2.4536718e-03	5.5240136e-02	-3.7454179e-01	1.8727621e-01	-1.0579625e-01	3.3627689e-02	-3.9954957e-01	3.3074924e-01	-3.8183016e-01	1.4619030e-01	-1.8657890e-01	-2.9466519e-01	-4.1704568e-01	-2.7117822e-01	-2.2658479e-01	-2.6443571e-01	-3.1389821e-01	-1.2553783e-01	-2.5969720e-01	1.7419079e-02	3.0574471e-01	1.8237156e-01	-2.6942694e-01	-3.0400870e-02	4.3140482e-03	-5.3574394e-02	7.3892288e-02	5.6960881e-02	-1.7937334e-01	-1.8471998e-01	-5.8920667e-02	2.8159216e-02	2.5302112e-01	1.6921711e-01	8.1661806e-02	2.1518853e-02	2.1479411e-01	-3.8404232e-01	1.0048040e-01	-9.5169075e-02	-1.1966822e-01	-2.9117125e-01	2.2693373e-01	-1.0147900e-01	-5.7195103e-01	-4.8703510e-01	1.1712526e-01	-4.7247790e-02	1.1679115e-01	6.4767197e-02	4.0691024e-01	2.9115841e-01	-1.3271770e-01	-1.8634526e-01	8.0533653e-02	8.6227588e-02	3.5759348e-01	-2.1305071e-01	4.2555846e-02	2.7753142e-01	1.1502033e-01	-3.0098107e-01	-1.8340200e-01	-3.9959842e-01	3.0259898e-01	1.5429555e-01	-1.2232090e-01	-1.1097078e-03	1.7465460e-01	-9.8636299e-02	-7.3866919e-02	-4.4456627e-02	-6.0329191e-02	3.6005437e-01	-6.4250194e-02	-4.7528535e-02	1.3587180e-01	3.6961868e-01	-2.0831864e-01	-1.0686453e-01	2.3651056e-01	-1.6246122e-01	4.6543851e-01	3.8701791e-01	3.5110438e-01	-1.3791019e-01	4.5147982e-01	2.2584613e-01	2.9479071e-01	-1.2703973e-01	-2.2790981e-02	-2.9458234e-01	-9.7852692e-02	-1.5082541e-02	-1.0669264e-01	2.4490215e-01	4.2551196e-01	2.2074021e-01	1.4033441e-01	6.0837016e-02	-1.5498503e-01	4.6308227e-02	1.9712898e-01	3.2781532e-01	7.5337432e-02	2.9920796e-02	-9.5675573e-02	-8.2208747e-03	9.2027240e-02	4.0356844e-04	-2.1380465e-01	-6.2267598e-02	-4.3714117e-02	5.2488625e-02	1.0624953e-01	1.3044225e-02	8.4092319e-02	-3.1117279e-02	-2.1740060e-01	-2.3883010e-01	1.6691428e-01	1.2739626e-01	7.1286686e-02	-6.4837295e-03	1.7117037e-01	3.2686269e-01	7.3021866e-02	-6.3022949e-02	-2.6537806e-01	-2.8972587e-01	9.4968364e-02	1.3205323e-01	-1.2527523e-02	1.3356601e-01	-1.9602636e-01	-1.8618728e-01	-1.6518112e-01	3.8867298e-01	1.1220770e-02	5.2777570e-02	-1.5441871e-01	-4.1646650e-01	2.3466004e-01	4.5726579e-02	-2.3357280e-01	-7.6969415e-02	6.1064970e-01	2.1004450e-01	-7.9123639e-02	-2.0947419e-01	1.4697523e-01	2.4388019e-02	-3.9136440e-01	-2.6332531e-02	-1.2397793e-01	-4.5357725e-01	2.6360369e-01	2.7726218e-01	-1.9697908e-01	1.1754428e-01	-2.9184121e-01	-1.3609882e-01	-1.0603952e-01	-1.0715413e-01	-4.3620172e-01	5.3838080e-01	7.1418896e-02	-1.2031254e-01	-1.7031796e-01	-2.8780153e-01	1.3439748e-01	-2.2260049e-01	-2.6066089e-01	-4.1063577e-01	9.3611907e-03	1.8212482e-01	-3.4384349e-01	2.3888309e-01	-2.9468152e-01	-3.7594356e-02	-1.0032132e-02	-4.0681908e-01	2.5241670e-01	-7.7650067e-03	1.6803165e-01	-3.6737463e-01	-1.5256551e-01	3.4090217e-02	3.0751488e-01	-1.0399669e-03	-3.9404146e-02	-2.4132583e-01	-2.4205729e-01	1.8520977e-01	5.6665838e-03	1.1459749e-01	-2.1499285e-01	-2.1832252e-01	2.4248482e-01	-2.6372159e-01	-1.3836122e-02	1.5917252e-01	1.5806039e-01	2.3524198e-01	-1.8218811e-01	1.4190527e-02	-7.1490057e-02	2.3782073e-01	2.9673749e-01	1.6389902e-01	-5.1261283e-02	-4.0948793e-01	-1.4177865e-01	2.3761955e-01	4.4465265e-01	-8.5999697e-02	-4.2708412e-01	7.5798482e-04	-2.5432971e-01	-1.3903809e-01	6.1338648e-02	1.0055988e-02	1.3017370e-01	7.9739146e-02	-1.9918026e-01	-8.4534079e-02	-2.0099597e-01	2.9462621e-01	3.9712053e-02	2.9465723e-01	-2.5687146e-01	-2.0472667e-01	-3.5233747e-02	1.2394353e-01	1.4458555e-01	2.1780853e-01	-6.1838480e-04	1.4771861e-01	3.0785990e-01	-1.6352285e-01	-1.5892190e-01	1.1953536e-01	1.8006021e-01	3.8232353e-01	3.5662320e-01	8.8190809e-02	-1.9624282e-02	-3.8469461e-01	-1.4657736e-01	3.4747213e-01	2.5803584e-01	-2.7364087e-01	-2.5479348e-02	1.6885473e-01	-3.5607034e-01	4.1367322e-01	-6.9270402e-02	2.6834717e-01	4.2956847e-01	4.6847570e-01	-1.1625594e-01	-1.2675498e-01	4.9491382e-01	2.3238082e-01	3.9817414e-01	-3.6164308e-01	-1.0484994e-01	1.5800029e-01	1.6704096e-02	3.4754151e-01	5.2275013e-02	-4.0937219e-02	-5.3654474e-01	2.0345093e-01	2.0957625e-01	1.2637402e-01	-5.9265083e-01	-7.6390594e-02	4.5271692e-01	-2.0591442e-01	-2.2946745e-01	-1.2325273e-01	-1.0381749e-01	-8.2464777e-02	-2.3275363e-01	-1.1652116e-01	1.8018052e-01	-1.7501539e-01	-4.8304972e-01	-2.6959687e-01	-4.9509189e-01	2.9867163e-01	2.4796072e-01	5.0654259e-02	5.4099731e-02	-1.1658844e-01	-1.2619248e-01	2.3083955e-01	-4.7931183e-02	8.9253873e-02	2.0133735e-01	-7.2344460e-02	2.7809805e-01	2.4727756e-02	2.9788347e-02	-2.4893123e-01	-3.7742440e-02	1.6338986e-01	-1.9699198e-01	2.5199014e-03	2.8421971e-01	-1.3004038e-01	3.6763042e-01	-1.4509490e-01	8.0781028e-02	-2.5825275e-02	3.6950141e-01	5.2030977e-02	2.5524262e-01	-5.1852024e-01	3.0452946e-01	5.4354697e-02	2.2029510e-01	2.3409539e-01	-1.4752963e-01	4.5120180e-02	-1.0829352e-01	-1.6667321e-01	-1.6653064e-01	1.4365786e-01	-4.9593423e-02	4.0168863e-02	2.3225138e-02	1.1649081e-01	4.2113148e-02	-1.1758934e-01	8.1838056e-02	2.1486390e-02	-3.1245348e-01	3.0337474e-01	-2.5712568e-01	-1.4082013e-02	1.4104800e-01	-8.4537171e-02	-3.2396826e-01	-1.5192854e-01	2.5021821e-01	-7.1798429e-02	2.1799415e-01	-2.1547776e-01	-1.8857898e-01	-2.5520876e-01	-3.8933828e-02	2.0694318e-01	-2.0066233e-01	1.9683567e-01	3.6738330e-01	-3.1737483e-01	-4.2779714e-01	2.1096873e-01	7.5515650e-02	-2.3621827e-01	2.0603390e-01	1.9434725e-01	-1.2924187e-01	9.6186206e-02	-1.5153411e-01	-3.3141330e-01	1.3642608e-01	-4.9727738e-01	7.2082706e-02	-6.1357164e-01	4.8769704e-01	-2.2851281e-01	-4.4251567e-01	1.9725811e-01	4.4441515e-01	1.0096333e-01	-2.3200063e-01	-6.4453560e-01	3.9624932e-01	-1.9687392e-01	-3.9304981e-01	-5.1249605e-01	6.1989659e-01	3.7892580e-02	1.3430835e-03	1.4978108e-01	5.3878329e-03	-1.7650902e-01	-3.7744665e-01	2.2289221e-01	5.3896868e-01	-4.3213093e-01	-6.7183144e-02	3.6436111e-01	-1.0497652e-01	2.7275985e-01	1.1999572e-01	-2.3449281e-01	4.9912542e-02	2.5156662e-01	-1.1939120e-01	-3.0908948e-02	2.6845815e-02	-5.0429362e-03	1.2128545e-01	-1.4084765e-01	-4.4136652e-01	-1.1433223e-01	3.1273937e-01	-9.9938534e-02	1.1500426e-01	-1.0068520e-01	2.8653559e-01	-4.4951808e-01	-2.6103073e-01	-6.6777901e-03	-4.9045300e-01	-5.0765183e-02	6.8791264e-01	1.8165258e-01	-7.9134667e-01	-7.5368471e-02	3.6855996e-01	2.7440098e-01	2.7225731e-02	1.2388229e-01	-1.7173032e-01	1.5905167e-01	3.3777893e-01	-1.9120172e-01	-2.8852186e-01	-8.8296672e-03	-1.5927519e-01	4.5313606e-01	2.7523673e-01	1.1326472e-01	1.9476185e-02	-2.9661080e-01	2.7917689e-01	-2.6973718e-01	-3.1107053e-01	-7.0010638e-01	1.7711155e-01	-9.8521553e-02	-6.4943992e-02	-2.0964544e-01	5.8756578e-01	-1.7382613e-01	5.4885685e-01	-1.1443081e-01	-2.8225649e-02	-3.2426158e-01	-2.1667248e-01	-1.7053169e-01	-9.0636671e-02	-1.8247439e-01	2.0451167e-01	2.5895789e-01	-7.4664161e-02	-1.4902282e-01	-1.1340713e-01	-1.3427609e-01	-3.7107117e-02	-1.4479713e-01	-9.1586486e-02	8.3595254e-03	-1.4612690e-01	-1.5313596e-01	-2.8924763e-02	9.5995888e-02	-3.1150392e-01	-1.7518729e-01	1.6221093e-01	-3.0083093e-01	-2.8768224e-01	-7.0086420e-03	-2.6423358e-03	-1.6735935e-01	2.1790476e-01	-8.5996762e-02	5.8490098e-02	-3.2782513e-01	1.8187520e-01	2.8940681e-01	-2.5581005e-01	-3.3636734e-01	-2.9899962e-03	-1.5549393e-01	-3.4061903e-01	1.1219798e-01	1.2851346e-01	1.7349391e-01	1.7072572e-01	-2.8415671e-01	9.3499333e-02	2.1969569e-01	-6.8431251e-02	3.8395539e-01	8.1602998e-02	4.9628373e-02	6.0965680e-02	-1.6566950e-01	4.8606512e-01	-4.3136701e-02	1.7589733e-01	-1.6725053e-01	1.2195121e-01	-3.1852263e-01	-1.3221318e-01	-7.1808144e-02	2.2560443e-01	2.8894541e-01	6.1236268e-01	-3.1055021e-01	5.7539444e-02	-4.0000913e-01	-1.5793204e-02	-3.0763081e-01	-2.9955059e-01	-2.4278149e-01	2.9534688e-02	1.5765530e-01	-3.1046039e-01	-2.6868460e-01	-2.4433480e-01	-1.1604365e-01	-3.2821360e-01	3.0244735e-01	4.6355820e-01	2.5258818e-01	-4.8317215e-01	-4.7281440e-03	4.3367654e-02	-1.3400914e-01	-6.1419744e-02	1.4546819e-01	-1.7138968e-01	5.8335662e-02	-1.7364782e-01	1.9000879e-01	4.2782649e-02	-2.0780370e-01	-1.1499651e-01	-1.2204513e-01	2.7022070e-01	-1.2569533e-01	-6.6451263e-01	6.0347047e-02	-1.1614083e-01	-1.5697730e-01	2.4903965e-01	-1.7677069e-01	1.0138093e-01	2.0001391e-01	2.1650825e-01	-2.1536900e-01	-8.2783407e-01	4.1886801e-01	-4.1961852e-02	-3.9627546e-01	-4.6491321e-02	-1.0599858e-01	-9.1869459e-02	3.7150744e-01	-8.4377366e-01	2.3260264e-01	-4.4672343e-01	6.6535316e-02	-1.3416545e-01	-3.7227102e-02	-2.4512479e-01	1.6688502e-01	2.7606013e-01	-9.4785199e-02	-5.2483755e-01	-2.7078119e-01	-5.7174641e-01
6.0351346e-02	2.4731812e-01	3.7686139e-01	1.1560960e-01	3.1958520e-01	2.5150746e-01	3.0270861e-02	2.5598389e-01	-3.3788696e-01	3.7216687e-01	-2.3051430e-01	-4.5440666e-02	-3.4762415e-01	-2.7540070e-01	-4.0131027e-01	-2.6271585e-01	3.8255528e-01	2.5558326e-02	-1.4464778e-01	2.3966199e-01	-2.6731911e-01	9.6209630e-02	-5.4860681e-01	1.0745060e-01	-1.1378331e-01	6.1182660e-01	-2.7995569e-01	6.6845608e-01	-6.8488255e-02	1.7561974e-01	-4.0573096e-01	2.1619709e-01
