9
input	16
dense	32
relu	0
dense	32
relu	0
dense	32
relu	0
dense	1
linear	0
7.999999979801942e-06
5.2078918e-02	1.3497111e-02	-1.0112694e-01	-5.5446777e-02	6.9240518e-02	1.6713639e-01	-1.4146355e-01	-4.0488973e-02	-7.5241119e-02	1.4664760e-03	6.9739401e-02	-9.2598796e-02	-2.3144783e-02	-1.1535636e-01	0.0000000e+00	-1.3872436e-02	3.2223284e-02	-1.3693124e-01	-1.3772427e-02	-4.7528662e-02	6.8408646e-02	-1.1435821e-02	-3.8290389e-02	-2.0177502e-02	-1.1072544e-01	9.1322280e-02	-3.3710212e-02	-1.1183307e-01	6.8350814e-02	-3.4395173e-02	-4.0989012e-02	1.4269832e-02
3.7445486e-02	-2.7163513e-02	1.2549305e-01	-1.0332714e-01	2.0390105e-02	-5.5390231e-02	2.4450719e-02	1.7407898e-02	3.0764500e-02	-8.2643971e-02	-4.2690139e-02	-6.1862729e-02	-6.4740121e-02	3.4233294e-02	7.3699117e-02	-3.2517590e-02	-6.7723647e-02	-2.3408800e-02	-1.7921716e-02	-4.2393994e-02	-4.6200342e-02	-7.4677549e-02	1.3200478e-02	1.9754202e-03	-3.0672731e-02	-8.0587246e-02	-7.4118532e-02	-3.5064634e-02	-1.6750954e-02	-1.0040463e-02	-1.3135434e-02	8.4587157e-02
-6.6648312e-02	-8.7308697e-02	-4.0066551e-02	-3.7255522e-02	-8.4643122e-03	-2.5659202e-02	-4.6780784e-02	-1.4053530e-02	8.4760576e-02	3.7614689e-03	-4.9079567e-02	1.2176226e-02	8.4683292e-02	-1.2582946e-01	-1.2229489e-02	2.1752142e-04	1.7158110e-02	-3.7238367e-02	-4.7776777e-02	1.9450659e-02	6.9900304e-02	1.3945261e-02	-2.7934974e-03	-9.7812414e-03	7.8797832e-02	-3.0941488e-02	-1.3657075e-02	-3.8676225e-02	1.2887362e-01	3.9821561e-02	-1.3136396e-02	-3.6109302e-02
6.0347392e-04
3.1236954e-02	2.8423792e-01	9.3254440e-02	8.4601305e-02	3.7618899e-01	-2.4065393e-01	-2.8160280e-01	-1.6269983e-01	-4.8273259e-01	-5.6682710e-02	4.4016294e-02	-1.6706534e-01	-1.6898811e-01	-1.4776333e-02	4.3700746e-01	-1.5277040e-01	-2.1982759e-01	-5.4872817e-01	-4.6186107e-01	-4.1125792e-01	-1.9704305e-01	-1.5801083e-01	-9.7465152e-03	-4.3427989e-02	-2.0887166e-01	3.7947309e-01	3.0151489e-01	-2.4935427e-01	-1.5891472e-01	1.2009145e-01	2.9522833e-01	2.3333684e-01	3.2763500e-02	-1.4892209e-01	-2.0116650e-01	2.8027323e-01	-2.8882550e-02	1.9788469e-01	-2.8921330e-01	-1.7956385e-01	-1.5004569e-01	6.1329031e-01	3.2708314e-01	-1.2382659e-01	-2.3320565e-01	-1.4965965e-01	1.0576392e-01	1.2400552e-02	1.0031784e-01	-2.2444101e-01	4.1106835e-02	-2.6478690e-01	7.6805786e-03	1.8514834e-01	2.2252974e-01	-2.6091787e-01	4.2595321e-01	4.6553719e-01	7.8862697e-02	1.1365788e-01	2.8109433e-02	5.5444920e-03	-4.9333680e-02	5.9450720e-02	-1.8827090e-01	-8.7071814e-02	1.9632335e-01	4.8227987e-01	2.9388243e-02	5.6803197e-02	7.5966060e-02	-2.5328074e-02	-4.1393331e-01	-2.9694292e-01	-7.1070008e-02	3.4258208e-01	-1.1159810e-01	-1.5000089e-01	2.5243017e-01	1.4833698e-01	1.4056617e-01	-1.2740409e-01	-3.5504371e-02	3.1244335e-01	3.6159953e-01	6.3976824e-02	-2.2927643e-01	-2.3294713e-01	8.5295968e-02	-5.9004474e-01	5.4034211e-02	-1.8876064e-01	5.7608198e-02	-3.8621806e-02	-4.3796103e-02	3.9111078e-01	1.4325367e-01	-3.2207054e-01	-5.4234691e-02	3.1694222e-02	-3.3387995e-01	2.2735254e-01	-2.8938279e-01	3.5118258e-01	4.6129236e-01	1.0099168e-01	-8.5551187e-02	-2.9931897e-01	-2.3676111e-01	-3.2875896e-02	-9.6140280e-02	3.3944708e-01	2.2763851e-01	-2.5876911e-02	1.7444310e-01	2.0252901e-01	1.8927011e-01	-9.7085141e-02	1.5031394e-01	2.1039140e-01	-2.9882371e-01	-4.6239829e-01	9.5538452e-02	-1.7909846e-01	2.7099472e-01	1.3591454e-02	9.3163118e-02	-3.6409056e-01	-5.4739382e-02	-2.7312556e-01	-4.1499645e-01	-2.8885171e-01	-1.6578215e-01	5.0300103e-01	3.3973998e-01	-3.9057311e-01	1.9750705e-01	2.9270059e-01	8.2574792e-02	-1.3575853e-01	-5.9845135e-02	4.5432765e-02	-7.4573092e-02	-6.4699560e-01	1.7877984e-01	1.2165742e-01	3.1652653e-01	1.4592658e-01	2.0194429e-01	-3.3831245e-01	1.0587541e-02	1.6612902e-01	-1.7143606e-01	-2.3106521e-01	-2.0674862e-01	-4.1992314e-02	-1.3834643e-01	-3.8361687e-02	-1.1764701e-01	-3.6345947e-01	1.1506507e-01	7.6000832e-02	1.6390813e-03	-1.4282759e-01	-4.3580916e-02	-1.4185916e-01	-3.4537897e-01	2.9113847e-01	9.9613443e-02	5.5838269e-01	-7.4939430e-02	-4.3033391e-01	2.2567898e-01	2.3996161e-02	-5.6878030e-02	4.4588935e-01	-6.1606620e-02	-2.9390121e-01	2.1975987e-01	-3.0348864e-01	-5.8166996e-02	1.2961188e-01	9.5569491e-03	3.9922002e-01	1.6276484e-02	-1.1942611e-01	-9.4416276e-02	-2.9852465e-01	-2.4347611e-01	-6.4058909e-03	-4.6192095e-01	7.6179343e-01	2.5578894e-02	-1.7790538e-01	3.2690459e-01	3.2575149e-02	1.0359909e-01	-1.9215789e-01	-6.2492039e-02	-2.7122748e-01	1.8869376e-01	7.8422748e-02	-5.3701639e-01	-3.7327784e-01	2.6434034e-01	3.7655485e-01	1.7353345e-01	-4.3384114e-01	2.6658255e-01	1.2855718e-01	-3.7762168e-01	-3.3017409e-01	3.2530516e-02	1.8414874e-01	1.2585860e-01	3.1779039e-01	-5.4084077e-02	4.7927082e-01	-8.2756072e-02	-1.7561904e-01	-1.7581619e-01	-1.4842311e-01	-1.6107956e-01	3.1022227e-01	-1.9968182e-01	3.1634489e-01	-1.6596678e-01	2.2168019e-01	-3.2015461e-01	3.3657494e-01	-2.3201713e-01	1.1996269e-02	-1.0678957e-01	-1.9668156e-01	-2.4345064e-01	3.3872965e-01	9.4411731e-02	4.2231381e-02	8.1788063e-02	-2.9670522e-01	-1.0023234e-01	1.6427122e-01	-2.5865772e-01	-2.3283572e-01	1.2479695e-01	-9.6085206e-02	1.0036171e-01	-1.6138177e-01	5.1025182e-01	6.9691712e-01	-2.4497433e-01	1.7598766e-01	5.0484590e-02	1.9713303e-02	-1.5065306e-02	3.0508998e-01	1.7814432e-01	1.8379463e-01	2.6845261e-01	-8.1904978e-02	-9.4475590e-02	-2.1774074e-01	-3.6527742e-02	1.5337786e-01	-4.6908590e-01	1.7140629e-02	3.2144701e-01	2.7882189e-02	4.2596795e-02	4.1127797e-02	8.5366642e-01	-1.2480285e-01	-3.6835304e-01	1.0879958e-01	7.8425199e-02	8.9557499e-02	1.1960559e-01	1.2605326e-02	-2.8088847e-01	6.3358352e-02	3.8240588e-01	5.6263572e-01	5.0099804e-03	-1.2161784e-01	-2.1857504e-02	2.8125804e-03	-4.3222505e-01	-5.6118060e-02	-3.8566646e-01	2.0675716e-01	1.8459955e-01	1.6545273e-02	3.2631794e-01	2.0946883e-02	8.8928498e-02	-2.3709151e-01	-3.5870621e-01	2.2643559e-02	-2.6367736e-01	-4.3839997e-01	-8.6226612e-02	-1.4600677e-02	4.5706114e-01	-4.9079794e-02	1.2524667e-01	-2.8085133e-01	3.6918852e-01	5.1838082e-01	-1.1356696e-01	1.7817456e-01	1.3583294e-01	-9.3672151e-04	1.3769569e-01	-3.9422408e-01	-2.3883319e-02	6.8321109e-02	3.8674003e-01	-3.2304428e-03	8.2909989e-01	4.7465645e-02	-8.4373772e-02	6.6188864e-02	-2.1358687e-01	4.5205104e-01	3.4675294e-01	-1.3023442e-01	-6.7762747e-02	-1.2885298e-01	-2.8882596e-01	-9.3260787e-02	-2.0566490e-01	1.6590609e-01	1.4071606e-02	1.3748321e-01	1.6408445e-01	1.4345470e-01	-1.3265821e-02	2.3110355e-01	-6.6622496e-02	-3.1618673e-01	1.8614134e-01	3.5051960e-02	1.1801451e-01	-2.7347830e-01	-1.4509089e-01	-2.1164027e-01	3.2884398e-01	-3.3480993e-01	1.3596769e-01	-1.3485299e-01	2.4323812e-02	1.3494389e-01	-9.3037724e-02	-1.7741136e-01	-1.6469084e-01	-7.6198936e-03	2.4233469e-01	-2.2092792e-01	7.0232004e-02	1.0213027e-01	-1.0921306e-01	-3.2250622e-01	-2.5880966e-01	9.0863807e-03	1.5597057e-01	-2.7107736e-01	-2.3965262e-01	1.4928070e-01	2.4738379e-01	-7.4770130e-02	-3.8119248e-01	-4.7891322e-01	-3.0000809e-01	1.9624911e-01	-3.1175566e-01	3.3736411e-01	1.8498555e-01	5.2837402e-01	7.0351623e-02	-6.8161003e-03	-2.1558277e-02	-8.4761761e-02	1.9755240e-01	-2.6465794e-01	-1.0354187e-01	8.5679606e-02	-1.8991530e-01	1.5318914e-01	-3.3806685e-01	-2.2547992e-01	-3.6908817e-01	1.5430945e-01	-8.4631337e-04	2.3989798e-01	-3.8265246e-01	-2.4066643e-01	-1.3310023e-01	1.9356450e-02	-8.3168529e-02	-8.8901699e-01	-4.7222447e-01	-4.6475995e-01	-5.2250695e-01	1.5360181e-01	-1.0322433e-01	8.1459172e-02	-1.7170617e-01	-5.5172183e-02	-2.0413147e-01	6.9338310e-01	3.5729566e-01	1.7488472e-01	1.2969820e-01	-2.3981927e-01	-5.6131947e-01	3.3574319e-01	8.6644255e-02	1.4661512e-01	-2.0817810e-01	3.2309631e-01	4.7652245e-02	2.5722376e-01	-3.0655664e-01	-3.3266443e-01	4.3424986e-02	-1.6584176e-01	8.5890174e-02	1.0184001e-01	-2.1731262e-01	-2.7369225e-02	1.4934774e-01	2.6798865e-01	3.3921379e-01	1.2206659e-01	1.6300237e-01	-8.5781880e-02	-2.9909682e-01	2.7615842e-01	-1.0627054e-01	2.0623863e-01	9.7155407e-02	-1.1086351e-01	-2.6669225e-01	2.4718073e-01	9.9294111e-02	-4.7438387e-03	-3.9793033e-02	2.6873714e-01	1.1278139e-02	-6.3762031e-02	-1.3721339e-01	-2.7247512e-01	-8.9629702e-03	3.5627550e-01	8.1707843e-02	8.7964304e-02	2.9292381e-01	-4.8815915e-01	2.2779038e-02	-1.0339183e-01	-4.9638487e-02	1.9658804e-02	-1.2900043e-01	1.5324166e-01	3.4703648e-01	5.1342934e-02	3.3215162e-01	-4.6274546e-01	-2.7313319e-01	-2.1929848e-01	2.3354317e-01	3.1781241e-01	2.6651850e-01	-1.1998030e-01	1.8163738e-01	3.1010711e-01	-6.0865261e-02	-1.5053336e-02	-3.5397238e-01	-2.4764242e-02	-3.1068845e-02	-8.8344745e-02	4.2430511e-01	2.2916232e-01	-4.2915519e-02	-9.9899126e-03	1.1243690e-01	1.9990027e-01	-2.6961511e-01	-2.1101581e-01	9.6371174e-02	-1.6936959e-01	1.6196680e-01	-6.5950520e-02	1.0135353e-01	-4.4531718e-01	6.5116189e-02	-3.3078858e-01	-7.1925066e-02	5.4644253e-02	-2.5581992e-01	2.6124936e-01	-1.3928932e-01	-8.1782706e-02	2.6833338e-01	-2.7355418e-01	-1.4388435e-01	9.3127884e-02	-6.1724775e-02	-1.7581232e-01	9.7091161e-02	2.5650805e-01
-1.6404854e-01	-2.5048837e-01	1.2319317e-01	-1.5450647e-03	-4.5902270e-01	-4.2586252e-02	-8.2006067e-02	-5.7926495e-02	-2.6884383e-01	3.2976404e-01	1.3179602e-01	8.1232458e-02	2.3636575e-01	-2.3095024e-01	-1.6216627e-01	-3.0738255e-01	1.5688534e-01	-2.0684330e-01	2.8368065e-01	-2.0205146e-01	3.6699700e-01	-2.9931682e-01	2.7757588e-01	4.8172973e-02	-5.2237517e-01	-6.5778963e-02	-2.0110148e-01	8.1054188e-02	-3.9946709e-02	-1.4971101e-01	-1.3220045e-01	-1.7625102e-01	1.4345723e-01	6.0547151e-02	-2.1619527e-01	1.0197756e-01	-8.7882161e-02	2.9700866e-01	2.5928061e-02	4.6297379e-02	4.3259677e-01	-3.9695278e-01	-2.9868755e-01	2.7717680e-01	-3.1619436e-01	-1.1757065e-01	-1.1930674e-01	1.7839272e-02	-1.9332793e-01	-2.1133436e-01	4.1908398e-02	4.7439542e-01	1.6290680e-01	-6.0709100e-02	2.5176808e-01	-2.8775129e-02	2.7560157e-01	-7.2930241e-03	-1.0013285e-01	2.3774171e-01	2.5765610e-01	-2.1244176e-01	3.7792730e-01	-2.3798819e-01	2.6230854e-01	-4.2025685e-01	-1.8656239e-01	-2.6462352e-01	3.4711862e-01	-1.2351893e-01	-5.1273108e-02	-1.5006535e-01	-1.0526089e-01	1.6239631e-01	3.0280858e-01	2.3643252e-02	-3.3230078e-01	-6.6024512e-02	1.1564839e-01	-5.9913582e-01	-2.7791098e-02	-2.8683063e-01	-2.0440520e-01	-4.8897362e-01	5.4395262e-02	2.5380349e-01	9.1511449e-03	5.3519518e-03	1.6860226e-01	-4.9703091e-02	-1.0658669e-01	-4.2331052e-01	-1.8572572e-01	2.8198564e-01	-2.9517192e-01	-6.1490886e-02	-5.5599120e-02	-2.9822884e-02	-3.4003574e-01	3.2593611e-01	2.2615640e-01	4.3603566e-02	-1.4231108e-01	3.7715707e-02	-1.5493292e-01	9.0247326e-02	-1.2497492e-01	-9.3667060e-02	-1.3747253e-01	2.1728268e-01	-9.3620718e-02	1.7255180e-01	1.4136913e-01	1.6082440e-01	-2.8370380e-01	-4.5320398e-01	-2.4627444e-01	-2.7616048e-01	3.0388713e-02	1.4774214e-01	-3.7414089e-01	1.7329754e-01	-1.2799709e-01	1.8172983e-02	-1.8273775e-01	2.7665412e-01	-7.3891304e-02	3.6666724e-03	3.1601167e-01	-2.3324636e-01	4.5118919e-03	-2.0663841e-01	-3.1331876e-01	-6.3378118e-02	-6.1198190e-02	-3.1641719e-01	-2.6730981e-01	3.1622937e-01	3.5364836e-01	-4.6784733e-03	3.1333819e-02	-8.8889204e-02	-6.9733053e-02	-2.4579206e-01	2.7263188e-01	-6.6587752e-01	2.7387592e-01	-3.3135936e-01	-5.3049512e-02	-2.5412410e-01	-2.4711135e-01	-9.2434131e-02	1.7468104e-01	2.0114006e-01	-1.2652044e-01	2.3383124e-02	5.2509103e-02	3.5099077e-01	-2.2835514e-01	-3.1094465e-01	-3.9136049e-01	1.0309329e-01	-3.1857955e-01	5.1671293e-02	-1.4075002e-01	-3.9695206e-01	7.2522357e-02	3.9278898e-02	-5.8611292e-01	8.6597726e-02	5.0892151e-04	2.7740884e-01	1.7996483e-02	1.4899458e-01	1.9263572e-01	-4.1555699e-02	-1.3703598e-01	1.4753243e-01	6.9518968e-02	-1.6915374e-01	-1.9051282e-01	-1.9515717e-01	-1.8439296e-01	6.8449724e-01	2.3948373e-01	-6.6421337e-02	-4.4432357e-02	1.1314712e-01	-2.1240175e-02	4.1573694e-01	5.3442635e-02	-5.6934226e-02	2.2041684e-01	-9.8341927e-02	9.0657130e-02	-1.7916487e-01	2.6307806e-01	-2.9164100e-01	-2.4842048e-01	2.3973520e-01	3.7239376e-01	1.4802690e-01	1.2408529e-01	-2.1097188e-01	1.2448125e-01	-1.4683349e-01	1.5084308e-01	-4.8319960e-01	-1.0539730e-01	1.6163486e-01	-2.8656211e-01	4.1958454e-01	-3.8121324e-03	6.0258349e-03	7.0640348e-02	-3.4784961e-01	4.5431149e-03	-1.1713546e-01	1.6956655e-02	-1.3597409e-01	-4.9968362e-01	1.0109090e-01	6.3742893e-03	1.3388894e-01	-1.1302430e-01	2.7713180e-01	-1.4148457e-01	1.7526031e-01	-5.8951657e-02	-8.8621415e-02	-1.3079363e-01	2.6394218e-01	-2.3657936e-01	-1.1090253e-01	-1.8716034e-01	-8.0870343e-03	-3.8495427e-01	-1.6092484e-01	-5.1905692e-02	1.1750106e-01	-9.9012077e-02	-3.0334568e-01	-3.2360408e-01	2.3689517e-01	1.8097933e-01	2.4420699e-01	7.0866019e-02	-1.8821782e-02	-6.8216830e-02	7.5052954e-02	1.2328234e-01	4.1347393e-01	-2.6999760e-01	-7.1403608e-02	-2.9146591e-01	-1.0727138e-02	-9.8991923e-02	-1.5427141e-03	-2.4415735e-02	-1.0956547e-01	2.1965827e-01	5.4226428e-01	1.1825956e-01	-3.0019607e-02	-1.3572165e-01	1.7092480e-01	-1.8116266e-02	3.2290739e-01	-1.9698611e-01	-7.7509329e-02	1.3352403e-01	-3.5171428e-01	-2.5092188e-01	2.5088221e-01	5.9326753e-02	4.0572831e-01	3.8197461e-01	1.3758768e-01	-2.3816362e-01	-2.0111483e-01	-2.7953252e-01	4.8762288e-02	2.1997342e-01	-2.3290186e-01	1.5757656e-01	-1.9862492e-01	2.4335611e-01	-8.6593470e-03	9.6606240e-02	-5.8701623e-02	2.7079639e-01	-1.0344572e-01	-4.7917941e-01	-1.5819588e-01	-4.1486047e-02	1.4812976e-02	-3.8667175e-01	-6.5307960e-02	2.5877523e-01	-3.2161150e-02	-2.7233630e-01	2.8231627e-01	1.2127423e-01	1.1548417e-02	-4.4572204e-01	1.5443964e-01	1.9696780e-01	1.0096656e-01	-3.3141172e-01	1.2685502e-01	9.7072393e-02	-1.1521194e-02	4.8719324e-02	3.3616236e-01	-4.4532996e-02	-9.9792823e-02	-1.3603365e-01	-3.1772929e-01	3.5714912e-01	-1.3453121e-01	-1.2653011e-01	3.4308323e-01	1.1435622e-01	8.5521765e-02	-7.9361834e-02	-6.9042772e-01	1.5000254e-01	-2.3829371e-01	-6.8294013e-01	-2.9816082e-02	3.8112080e-01	1.9082913e-01	-1.5265727e-01	2.8489009e-01	-1.2341900e-01	5.6213487e-02	2.5104052e-01	-1.5386535e-01	1.4189808e-01	-2.4094345e-01	-2.2450624e-01	1.6538012e-03	7.0482649e-02	-1.0210497e-04	2.2956101e-02	1.7365114e-01	-2.3423722e-01	2.5020653e-01	-5.0837964e-01	-2.6715660e-01	1.3512924e-01	-2.9092711e-01	-1.3685660e-01	-2.7986568e-01	-3.1066898e-01	-1.7374073e-01	-1.9167115e-01	1.8277393e-01	-1.2872648e-01	1.6578105e-01	2.3401095e-02	7.4159347e-02	-1.4299919e-02	-2.1986274e-02	9.6223392e-02	1.6113114e-01	-2.8765526e-01	-2.7179023e-02	-1.7554358e-01	-3.2423505e-01	-1.8653626e-03	2.6793775e-01	5.5814207e-02	2.9095718e-01	1.7959836e-01	-2.2887212e-01	1.2141321e-01	-2.6038304e-01	-2.2137508e-01	-2.3110436e-01	-1.5742843e-01	4.0796410e-02	-2.9455927e-01	-5.9947621e-02	9.0500906e-02	1.1318344e-01	-2.8700891e-01	2.1185517e-01	-1.0838190e-01	-1.0505728e-01	1.3359645e-01	-1.5973683e-01	6.8941146e-02	-2.5285456e-01	-2.0304488e-01	7.6161370e-02	1.1721595e-01	3.1780553e-01	2.3615161e-01	2.2471610e-01	1.8720184e-01	-7.5141728e-02	-1.3631065e-01	-2.5839075e-01	-1.0900284e-01	-3.4674585e-02	5.4414049e-02	3.0029577e-01	1.6537119e-01	2.5164643e-01	-3.2513225e-01	1.7161846e-01	3.1424296e-01	2.8289869e-01	1.3443889e-01	9.1894932e-02	2.0111096e-01	-2.8695458e-01	1.4679545e-01	-1.7130455e-01	2.2874556e-01	-3.3727229e-01	-5.1862195e-02	4.1947439e-01	2.6626462e-02	-1.0514111e-01	-1.9148712e-01	-2.1113367e-01	2.0647582e-01	1.7488687e-01	2.9929671e-01	-5.2490276e-01	8.1099905e-02	-2.8782973e-02	2.9448036e-03	5.2107263e-01	4.0043229e-01	1.6657431e-01	1.1116891e-01	-5.5088643e-02	2.4149390e-01	-4.9991316e-01	2.1183890e-01	1.8920095e-01	1.2581629e-01	2.6069373e-01	-7.2800852e-02	1.0308874e-01	-1.9791010e-01	-6.7566223e-02	-1.0939592e-01	-1.4843901e-01	-2.6197901e-01	7.0206606e-01	3.2358635e-02	2.3001295e-01	3.1271227e-02	2.1690293e-01	-4.1523865e-01	1.9435345e-01	9.5943093e-02	-1.1942890e-02	-7.1976513e-02	-4.6116874e-02	2.1030569e-02	-3.2921916e-01	-1.1631303e-01	-2.0545405e-01	1.9392110e-01	-9.7257338e-02	-1.5353221e-01	-3.2724885e-04	-3.0492464e-01	-1.1050756e-01	2.0425807e-01	-1.2424170e-01	1.4747776e-02	-5.9764151e-02	-1.8287215e-02	3.1176037e-01	3.8522321e-01	-1.1218869e-01	9.1686100e-02	-3.2311058e-01	-3.8370684e-01	-7.1550749e-02	-5.5151384e-02	-2.3737942e-01	-5.2503896e-01	1.5148060e-01	1.6011390e-01	-2.3586182e-02	2.4693996e-02	1.4851409e-01	2.4838790e-01	-4.6504521e-01	4.4704452e-01	-8.9892173e-01	-1.4900295e-01	-2.7476221e-01	-2.0626017e-01	-8.9013942e-02	3.2416999e-02	1.3336997e-01	-1.4718342e-01	-2.2639374e-01	2.0296349e-01	1.6621251e-01	5.6184284e-02	3.2201999e-01	-2.9541570e-01	-1.7967322e-01	2.8789654e-02	2.1730715e-01	-2.4479160e-01	5.7836473e-02	-2.0082259e-01	-1.3878512e-01	-2.5380671e-01	1.6990849e-01	-1.5164758e-01	1.5291393e-01	1.5802287e-02	-6.8526112e-02	-1.1532971e-01	-7.2624706e-02	2.2793683e-01	-1.5127090e-01	-2.3053886e-01	-1.5208058e-01	1.6370542e-01	1.7249432e-01	-1.0831602e-01	-2.3117480e-01	4.6216458e-02	-2.6131603e-01	-6.6471040e-02	-7.4680135e-02	-9.6872486e-02	1.5624610e-01	-1.1704513e-01	-3.0455673e-01	-2.1693436e-02	1.7671658e-01	-4.3293941e-03	-3.0241486e-01	-1.1042059e-04	2.2850980e-01	-3.1911972e-01	-4.7764277e-01	9.0084277e-02	1.0085907e-01	2.0720871e-01	-9.6370757e-02	8.3158024e-02	-2.1656352e-01	-3.2353323e-02	2.5601778e-02	-2.9177615e-01	5.5756950e-01	-1.4271507e-01	4.3660984e-03	1.7481279e-01	1.0943022e-01	-1.2663405e-01	-1.7294085e-01	-1.4164178e-01	1.2184177e-01	2.3549963e-02	2.9094331e-02	1.8409599e-01	2.2588463e-01	-9.7543016e-02	1.6823383e-01	-7.9090893e-03	-1.6320775e-01	-1.9619633e-01	-1.9509709e-01	-1.9584182e-01	-2.9389703e-01	5.5268727e-02	8.5419923e-02	-1.7214310e-01	2.4955249e-01	-1.7576860e-01	-1.7187482e-01	-2.0830470e-01	-1.6386665e-01	-2.8080770e-01	-5.3105991e-02	-8.4403083e-02	-2.0923203e-01	1.6567281e-01	-2.3728512e-01	2.2667924e-01	-2.2543480e-01	-1.1836886e-03	2.5002241e-02	-2.5021732e-03	1.5824562e-01	1.3208050e-01	-2.1348867e-01	3.8107894e-02	1.2524213e-01	5.1440541e-02	1.2425636e-01	-1.2292348e-01	-8.8269189e-02	-3.0201346e-01	-9.0587266e-02	3.7682465e-01	1.3565631e-01	-1.6064653e-01	-3.4892153e-02	2.9946238e-01	-8.3379656e-02	3.5524902e-01	-1.7167988e-01	3.9648435e-01	-1.0595895e-01	1.4027119e-01	6.2440772e-02	8.9595675e-02	6.0345787e-01	6.9888327e-03	2.4585344e-01	-2.2595027e-01	-8.5752644e-02	3.9518692e-02	2.2450930e-01	-2.5143489e-01	3.3906776e-01	1.1110831e-01	-9.8419711e-02	3.3371143e-02	2.0510828e-01	-3.3030212e-01	2.3154601e-01	1.9284660e-01	-8.3264202e-02	1.5562215e-01	-2.1460734e-01	-1.7440325e-01	1.9859886e-01	1.9492355e-01	-1.5020360e-01	-3.9723635e-02	2.7535185e-01	-1.8441302e-01	-2.1681748e-01	9.6779495e-02	-2.9788241e-01	1.1190869e-01	-2.7682090e-01	4.6265155e-02	2.6912287e-01	-2.7274966e-01	-2.6157570e-01	-2.9748461e-01	2.8636953e-01	1.1087974e-01	1.6181433e-01	2.4761972e-01	-7.9184942e-02	-1.8134356e-01	-8.4684692e-02	-1.4966275e-01	-2.4972436e-01	-1.3979161e-01	-1.8845417e-02	-8.7505579e-04	6.1015334e-02	2.1180859e-01	-1.8787989e-01	-3.0405754e-01	1.7067721e-01	-1.0688023e-01	-2.3521969e-01	-3.5193518e-02	-1.3979323e-01	-2.9344821e-01	-2.0292805e-01	6.4425498e-02	-1.0559854e-01	1.2048614e-01	-2.6783624e-01	-3.2584727e-02	1.0659859e-01	-3.7912399e-02	6.2986590e-02	-4.9685806e-02	1.0017338e-01	-2.7394271e-01	2.8001037e-01	2.1658203e-01	1.2821440e-01	-1.1578725e-01	-2.3245026e-01	-3.3223701e-01	7.7182740e-02	-2.7421653e-01	2.3521928e-01	-1.0778601e-01	2.0701321e-02	4.3941468e-01	-1.8227452e-01	-2.0600808e-01	-2.4465856e-01	-4.1651286e-02	-3.8908625e-01	6.7253970e-02	4.0664947e-01	2.3502158e-02	-1.2505585e-01	-1.2300366e-01	-3.0592752e-01	3.1790915e-01	7.1704090e-02	2.6076028e-01	-3.7892267e-01	4.9227126e-02	1.1606868e-01	3.8704133e-01	3.4317169e-01	1.3208647e-02	5.0390631e-02	2.0666074e-02	-1.6161017e-01	3.1466118e-01	4.1752879e-02	-1.1499320e-01	2.8473788e-01	-1.5436688e-02	-4.9033731e-02	-3.8676877e-03	-1.8281652e-01	1.9166175e-01	1.8962438e-01	-2.7038470e-01	-2.3670040e-01	-2.1762940e-01	2.3694219e-01	2.9264036e-01	-2.3803709e-02	4.9539596e-02	-9.2380762e-02	-1.1038712e-01	-1.9064254e-01	5.4140526e-01	3.0007750e-01	1.3664538e-01	1.2927657e-01	-1.6472843e-01	-2.7614090e-01	-3.0365080e-01	3.7291974e-01	-3.3163760e-02	1.0411009e-01	1.0364231e-01	6.7114815e-02	-3.9993826e-01	2.3300622e-02	3.2100317e-01	1.8766262e-01	8.8240027e-02	1.5203844e-01	-7.2528839e-02	1.2136199e-01	2.4563800e-01	-2.0063843e-01	2.9612148e-01	-6.1373599e-02	1.0461289e-01	-4.1640612e-01	1.6424337e-01	-2.9135889e-01	-5.0763775e-02	-7.5599171e-02	3.3759847e-01	2.9021576e-02	-2.9372135e-01	2.0029120e-01	1.5570652e-01	1.2532832e-01	2.0060365e-01	6.0293965e-02	9.4396621e-02	1.4078474e-02	-1.2208564e-01	-1.1929974e-01	4.6946211e-03	-1.4450996e-01	2.3992844e-01	1.2268806e-01	2.0130768e-01	8.4850647e-02	-6.7451638e-01	-1.1767107e-01	-4.3728703e-01	-2.0008951e-01	-2.7932018e-01	1.7659593e-01	-1.5427573e-01	-3.2092002e-01	2.1351963e-01	2.9403970e-01	8.4194623e-02	-9.1930471e-02	-1.4171378e-01	-4.7946520e-02	2.3351398e-01	-2.5917459e-01	-6.0793012e-02	1.4767766e-01	2.8358492e-01	1.4399788e-01	1.6542925e-01	-4.4621050e-01	-1.8023548e-01	-2.0329189e-01	1.3231821e-01	2.2976652e-01	2.5408918e-01	2.0582844e-01	5.7955656e-02	2.9420620e-02	2.6348409e-01	3.3614699e-02	-4.2129400e-01	-2.1592350e-01	1.5201540e-01	-1.4186895e-01	-1.0681276e-02	2.7340099e-01	2.9805848e-01	4.4771710e-01	-3.9416504e-01	-3.7091136e-01	-1.2513489e-02	-1.6394502e-01	2.3481698e-01	-5.1354755e-02	1.8256406e-01	9.5131196e-02	1.4435607e-01	1.9299380e-01	1.0751575e-02	1.4709717e-01	-2.8644379e-02	3.7322930e-01	2.4063574e-01	8.3249688e-02	-3.6105767e-01	-2.5141004e-01	-2.2371843e-01	1.9171585e-01	1.4753813e-01	2.7534011e-01	-6.7757867e-02	2.4515235e-01	3.5708640e-02	6.9744587e-02	-1.3679452e-01	3.1790861e-01	1.7642798e-01	1.7415057e-01	9.3875706e-02	-3.8190085e-01	-3.4163487e-01	-2.5565115e-01	1.5987331e-01	1.3527387e-01	-2.8819430e-01	2.3007803e-01	1.2674334e-02	-1.3103198e-02	3.3025521e-01	2.1966919e-01	2.5928631e-01	-3.1763574e-01	1.1390436e-02	2.1222289e-01	3.0388966e-01	-3.7974915e-01	-1.0044917e-01	1.4180368e-01	-1.0591543e-01	-6.8682104e-02	-3.0573961e-01	5.0719434e-01	-1.8643865e-01	1.3869317e-01	-1.1245917e-01	-3.6917019e-01	-4.8329476e-01	-2.4432145e-01	2.4257642e-01	-1.4853296e-01	-7.9589628e-02	1.7814611e-01	-2.6906565e-01	-3.2438956e-02	2.7837237e-02	8.4103048e-02	-2.4225436e-01	-3.1309754e-01	-2.8930357e-01	-3.3847892e-04	1.0560964e-01	-2.7277088e-01	-6.5678686e-02	3.8767975e-02	1.3347882e-01	-2.4031329e-01	-1.6711352e-03	-1.3964708e-01	-2.1024193e-01	-2.2559142e-01	-9.6169427e-02	-3.0774841e-01	1.9812223e-01	1.1410603e-01	-6.1317213e-02	-2.3783134e-01	1.5783285e-01	-1.0769820e-01	1.8511099e-01	1.9076781e-01	-4.7958229e-02	-1.8757036e-01	-4.4609074e-02	1.3930775e-01	-2.9110128e-01	-1.7980881e-01	9.9003755e-02	1.3958949e-01	-2.6751053e-01	8.4004693e-02	6.7449808e-02	1.7343936e-02	1.1808266e-01	-2.3981671e-01	-1.9596696e-02	3.7382811e-02	-1.5366480e-01	-1.9299512e-01	-3.6133688e-02	3.0178472e-01	-1.8617040e-01	1.4338237e-01	-8.0099925e-02	-1.7905241e-01	-1.3875996e-01	-1.5623589e-01	-1.0096536e-01	-2.3412105e-01	-2.9110253e-01	-2.8175089e-01	8.0702990e-02	-2.8215924e-01	-3.4594135e-03	-3.1980523e-01	1.8757557e-02	1.4945930e-01	1.8864152e-01	-6.9696057e-01	1.5177062e-01	-1.9852279e-01	1.2595790e-02	-5.5916555e-02	-5.4878926e-01	4.8409514e-02	-1.9383276e-02	1.0947259e-01	1.3232630e-01	2.6289558e-01	-7.2987363e-02	-3.2759959e-01	-3.1950268e-01	2.1121888e-01	-3.9686719e-01	2.4294360e-01	1.0986883e-01	-1.7604811e-01	2.6296797e-01	5.1294494e-01	1.5526101e-01	9.9593081e-02	-4.3281990e-01	1.9362500e-01	-1.0711063e-01	-3.8565937e-01	-5.6269109e-02	-2.1101479e-01	5.1531424e-03	-2.8850842e-01	7.5936042e-02	6.7881829e-01	5.8002368e-02	2.2586441e-02	-1.7289673e-01	-7.9448804e-02	-1.7940651e-01	-1.8579321e-02	1.1502812e-02	1.6454707e-01	2.7088347e-01	-1.9038789e-01	-5.6954898e-02	-1.8534270e-01	6.1465606e-02	1.4358360e-01	2.4100244e-01	-2.0358974e-02	1.5133542e-01	-4.8000085e-01	-1.1071782e-01	3.0085722e-01	2.7862130e-02	3.6813763e-01	2.0819603e-01	-3.4023430e-02	1.0857268e-01	7.8462213e-02
2.3218406e-02	1.4212177e-02	-1.0964805e-02	-7.4603930e-02	1.6921209e-01	-6.3731506e-02	-2.4527454e-01	-4.4212967e-02	-1.6175079e-01	-1.4884727e-01	-1.9735336e-01	2.3638070e-02	-1.0996292e-01	-8.3718769e-02	2.8701574e-01	-1.7009247e-03	2.3706982e-01	-9.6761093e-02	2.7650574e-01	6.8309963e-02	-2.1773395e-01	4.7890276e-02	2.4832349e-02	-1.5709721e-01	1.0751057e-01	-1.8071392e-01	8.4823817e-03	-2.5302869e-01	1.5328473e-01	2.2449473e-01	-2.7977303e-01	1.2333224e-01	2.9829773e-01	2.8714655e-02	7.0985824e-02	1.2466122e-01	1.7577904e-01	-2.0694952e-01	1.5005852e-01	2.0030470e-01	-2.4873851e-02	-4.5583755e-02	-1.7932548e-01	2.1604761e-01	-3.1768930e-01	-1.7727083e-01	9.4142124e-02	-2.2088273e-01	-2.2564754e-02	-8.2103685e-02	2.4864694e-01	-1.8487710e-01	4.2036444e-02	-2.2865957e-01	1.3559340e-02	3.8367823e-02	5.4182772e-02	1.4734356e-01	-2.9487169e-01	-1.0549102e-01	1.6356058e-01	-2.9736537e-01	2.2679114e-01	-1.2610652e-01	-2.7850911e-01	-3.3048069e-01	-1.8553869e-01	3.0332443e-01	-1.0536355e-01	8.1898665e-01	5.7048310e-02	3.1120139e-01	-2.0056468e-01	-5.6455368e-01	5.9334900e-02	3.9413977e-02	1.5810633e-01	-5.2040342e-02	-4.4143599e-01	-2.0593277e-01	-6.0097009e-02	-2.7466607e-01	2.9335251e-01	-1.0141931e-01	2.9112270e-01	1.2127586e-01	3.5044336e-01	-2.2711951e-01	9.1312684e-02	-1.6615637e-01	2.0553808e-01	-7.7503659e-02	-1.6810782e-02	-1.5688592e-01	7.0838526e-02	-1.2908868e-01	2.3362942e-01	-2.3916702e-01	-2.1445006e-01	3.6851981e-01	7.8129165e-02	3.6567941e-02	2.4106745e-01	1.5770188e-01	1.8663228e-01	1.6181579e-01	-1.1767437e-01	-2.5048104e-01	1.8963245e-01	-4.4923712e-02	-6.4476058e-02	3.8024506e-01	1.5249637e-01	-2.7598241e-01	-1.4718899e-02	1.6114411e-01	-1.9302052e-01	-6.0976308e-02	-2.5528302e-02	-1.2930141e-01	-7.4453779e-02	-2.2180781e-01	1.8100730e-01	-1.6669087e-01	5.7410367e-02	-1.1977776e-02	9.5644183e-02	2.0775022e-01	1.0014375e-01	2.1387728e-01	-2.7544610e-03	1.8053131e-01	1.2828062e-01	2.4297601e-02	-6.2506206e-02	-1.8107845e-01	-3.0867505e-01	-1.8768993e-01	1.5131775e-01	-5.4269079e-02	1.0692197e-01	-1.5175726e-01	4.3824241e-02	2.1227926e-01	-2.3001453e-01	1.6048865e-01	-1.5635431e-01	1.5451774e-02	-4.0027432e-02	-1.3666525e-01	-1.5295821e-01	1.0145693e-01	6.0402773e-02	-4.1999843e-02	3.1122336e-01	-6.2328119e-02	-2.2734021e-01	4.9406197e-02	3.8317442e-01	2.0976239e-01	4.2412069e-02	-9.2511356e-02	4.5084745e-01	-4.5798346e-02	-4.6692875e-01	-1.9443543e-01	3.7864482e-01	-2.4872476e-01	-2.2243094e-01	2.8103223e-02	1.4791326e-01	-1.4402734e-01	7.1304709e-02	1.3000685e-01	-1.9683613e-01	-1.8414086e-01	-7.7306755e-02	5.4294043e-03	-1.5224637e-01	2.3730361e-01	-2.8002021e-01	1.9056298e-01	1.1842679e-01	-4.1767616e-02	-2.6805735e-01	-2.4393608e-01	-7.5259514e-02	-2.7197224e-01	1.0073350e-01	-2.7455345e-01	1.1174346e-01	2.0049828e-01	2.4039885e-01	1.3668245e-01	1.0257529e-01	1.7782770e-01	1.0667358e-01	1.3078710e-01	-2.7213183e-01	2.2684392e-01	-1.8869770e-01	8.3915768e-03	1.5214995e-01	2.1408913e-01	2.3818102e-02	-2.5243023e-02	-9.5702052e-02	-6.3217610e-02	3.0513325e-01	9.0937413e-02	-6.2157065e-02	-1.6102169e-01	3.9559901e-02	2.8737089e-01	4.0583372e-02	-1.5084228e-01	-2.5379732e-01	-1.5695718e-01	-2.8457221e-01	-1.0976528e-01	1.1670041e-01	4.1281044e-02	1.7037739e-01	-2.1586654e-01	-2.0504341e-02	-3.8695925e-01	-7.5458787e-02	-2.5936684e-02	2.4682029e-01	2.9462472e-01	-1.4450362e-01	2.9876453e-01	-3.9504257e-01	7.7688500e-02	2.3584850e-01	2.6394141e-01	-3.5107989e-02	1.1102233e-01	2.2613786e-01	2.5561011e-01	-9.7987190e-02	1.5979597e-01	1.3562748e-02	3.3340603e-01	1.1630277e-01	-8.4057800e-02	1.2816390e-01	-3.8435888e-02	1.1134177e-01	1.0225245e-01	5.5249818e-02	-1.7832927e-02	-8.3525248e-02	1.9094869e-01	-8.9157395e-02	1.9642910e-01	4.0036044e-01	-1.6534805e-01	6.7776066e-01	-5.1846646e-02	3.1669682e-01	-2.8268003e-01	4.2165279e-02	-2.1772131e-01	2.5020685e-02	-3.2620561e-01	-1.0750664e-01	1.2848373e-01	-3.0067068e-01	1.4400731e-01	1.7824100e-01	-2.1116490e-02	-2.5632957e-01	-3.1333369e-01	1.3652143e-01	-4.5010519e-01	-2.3759249e-01	-2.2124687e-01	2.3838019e-01	-9.5090099e-02	2.4494125e-01	-3.3930197e-02	-3.0281621e-01	2.3022674e-01	-3.1364623e-02	1.3373506e-01	-9.5066696e-02	3.6030772e-01	-2.2626133e-01	-1.0077858e-01	6.7481709e-01	-5.8809347e-02	5.6651726e-02	9.6593976e-02	2.4567322e-01	1.5245451e-01	-2.3031022e-02	-2.1931346e-01	-4.1502449e-01	3.8656831e-02	-2.1161862e-01	-7.5985260e-02	2.5234656e-02	2.5594759e-01	1.5904683e-01	-2.4924304e-02	2.7125177e-01	-2.0817472e-01	8.2753338e-03	-7.4717015e-02	-2.1789794e-01	2.5811812e-01	2.6094383e-02	2.7098907e-02	-2.1111260e-01	4.5548096e-02	2.1577755e-01	9.9372774e-02	-1.7482972e-01	-3.8224270e-03	7.7601098e-02	-9.7563900e-02	-1.9014893e-01	1.5582295e-01	-4.1732639e-01	2.6031095e-01	3.3605758e-02	-1.1449922e-01	3.6507621e-01	-1.1786625e-01	-1.9253995e-02	1.4122539e-02	1.1543208e-01	-2.5152791e-01	-7.5633258e-02	-2.6258394e-01	8.7914653e-02	-6.6978991e-02	-6.2558353e-03	1.9625172e-01	7.3869616e-02	2.4823186e-01	9.8671112e-03	-1.8980977e-01	1.2510069e-01	-2.5928724e-01	-1.3955148e-01	-2.6131710e-01	1.9999561e-01	-6.8675177e-03	-5.6901794e-02	8.2657479e-02	-1.9688591e-01	9.8489551e-03	4.8598847e-01	-2.0052251e-01	7.6060563e-02	-3.2495636e-01	2.8325018e-01	-3.9097298e-02	1.8061715e-01	-3.3419024e-02	9.1350131e-02	-1.9629999e-01	-3.2496285e-01	3.3650798e-01	-5.4055417e-01	1.7885371e-01	1.9130892e-01	-3.4101671e-01	3.0411395e-01	-2.8409621e-01	6.9960222e-02	-1.6853724e-01	-1.2465168e-01	-4.9225397e-02	-1.4716801e-01	4.4764668e-02	-5.7589725e-02	-1.6362746e-01	-1.0197639e-01	1.0002744e-01	-1.6563052e-01	-2.0638362e-01	2.5889340e-01	-1.2906449e-01	4.7342384e-01	-7.1646152e-03	2.0177658e-01	-1.2529998e-01	1.9621433e-01	2.3539995e-01	9.1029190e-02	-6.0218465e-02	-2.6040855e-01	-1.6189224e-01	-3.1976274e-01	-4.7616031e-02	4.2347732e-01	1.4178878e-01	1.5917477e-01	-2.9169661e-01	2.3903070e-01	-3.8765618e-01	3.0737039e-01	-1.6832677e-01	8.9094333e-02	3.5312999e-02	1.0390843e-01	3.3093876e-01	-2.4216084e-01	-6.4836465e-02	-3.6484521e-02	1.8141483e-01	4.5074478e-02	3.7278587e-01	-2.5194916e-01	2.1158656e-01	8.2850590e-02	-8.6871147e-02	-2.1117738e-01	-1.5595001e-01	-3.9949802e-01	-5.3083342e-02	-5.5930085e-02	-1.2140268e-02	1.5459067e-01	-2.8848389e-01	5.4861996e-03	-1.2742582e-01	2.0673186e-01	-1.9628850e-01	4.8425097e-02	-1.5977608e-01	2.0572232e-02	3.3288032e-02	-4.6406418e-02	2.8893152e-01	-5.3258918e-02	2.5362599e-01	2.2014335e-01	1.6865487e-01	3.9262798e-02	1.3631824e-01	-2.6302364e-01	-2.2449741e-01	-7.1352941e-01	-1.3203731e-01	4.7949709e-02	2.4373592e-01	-2.7836084e-01	2.7002874e-01	-3.3891243e-01	-4.5404330e-01	3.1632584e-01	-2.5778955e-01	-9.1158137e-02	-2.3667270e-01	-1.4415307e-01	-1.4081001e-02	-4.3577820e-01	-5.1089276e-02	-2.1675618e-01	-2.6941726e-01	3.6891878e-02	-4.8013687e-01	-1.3391209e-01	3.3100998e-01	-2.7867323e-01	1.6869929e-01	-2.3838735e-01	-2.0497255e-01	3.8900769e-01	-1.6704443e-01	2.8063301e-02	-2.0182952e-01	-8.2645014e-02	-5.1727276e-02	9.3436033e-02	-2.1751860e-01	3.7746432e-01	1.2674098e-01	5.7619417e-01	2.0023873e-01	-2.0929368e-01	-4.0451303e-01	2.6970136e-01	-8.2134292e-02	1.5814482e-01	-1.5533920e-01	-2.1884865e-01	-1.0018144e-01	-2.8212133e-01	2.0105682e-01	2.0102720e-01	-1.6090395e-01	6.3964590e-02	1.5749510e-01	-1.1560334e-01	-3.1976274e-01	5.9665389e-02	-1.6887881e-01	1.4261374e-01	2.2358483e-01	-1.9854303e-01	2.5607809e-01	-2.7689090e-01	-4.7819786e-02	-1.9113678e-01	4.5856159e-02	-2.8453124e-01	2.9036021e-01	-5.6290485e-02	1.6329139e-01	-2.8697142e-01	1.5624273e-01	-5.7189536e-01	-1.3536561e-01	-2.8535199e-01	2.2716185e-02	-9.2161939e-02	2.3334664e-01	-1.5190206e-01	-1.3579902e-03	2.3301575e-01	8.4324993e-02	3.5729977e-01	1.6027911e-01	-1.1777881e-01	1.5115707e-01	2.4142531e-01	-3.4690392e-01	-1.4227590e-01	-1.0797076e-01	-1.9742033e-01	-1.6141129e-01	-2.7887711e-01	2.1726449e-01	3.4635526e-01	-2.8521838e-02	-2.0119001e-01	-2.6195019e-01	1.5627499e-01	-2.0322280e-01	-5.3964391e-02	1.0243563e-01	1.1656693e-01	-5.2453715e-02	-3.3152688e-01	2.9027933e-01	1.3763730e-01	-1.9744033e-01	-2.9229552e-01	-1.3770783e-01	2.1248568e-02	6.7951814e-03	-5.3638179e-02	-7.5160377e-02	3.0510327e-01	2.6056893e-02	2.3354173e-02	-1.1745784e-01	-1.0673715e-01	-1.7544217e-01	8.3750799e-02	5.5454671e-03	4.0692881e-02	-2.3574731e-01	1.6571636e-01	-9.9545665e-02	-2.0512129e-01	-5.6360674e-05	2.9063991e-01	2.1141139e-01	1.4957285e-01	1.8416412e-01	1.4935778e-01	-1.5464173e-01	2.6162991e-01	1.8378027e-01	-5.7161456e-01	1.0186422e-01	3.4929872e-01	2.9168671e-01	2.2246681e-01	2.2412457e-01	2.9512057e-01	1.7312957e-01	-1.1844517e-01	-1.6391930e-01	-1.2229061e-03	2.2890286e-01	2.3557778e-01	-3.3129460e-01	-2.8911483e-01	3.1589203e-02	-2.8054893e-02	-2.2712064e-01	-1.7831996e-01	-2.4212949e-01	5.0816104e-02	1.8015021e-01	2.1773461e-01	2.7723685e-01	-1.3280126e-01	5.6157354e-02	-5.8755737e-02	3.4927256e-02	-6.7809470e-02	-2.9317400e-01	-5.1982444e-02	-4.2133354e-02	-1.3620643e-01	-4.3387169e-01	2.5341928e-02	5.0383504e-02	7.6829664e-02	-1.2027229e-01	-2.8671703e-01	3.5839722e-02	9.0905353e-02	-5.9496973e-02	4.0540543e-01	5.3044301e-02	-1.2371572e-02	2.4041113e-01	2.1086276e-02	2.0511137e-01	2.0431745e-01	1.1872324e-01	2.1236174e-01	-1.4717317e-01	-4.8517123e-01	2.1241623e-01	-1.8999619e-02	-9.0753339e-02	-3.0290759e-01	2.0710573e-01	-8.1687331e-02	3.6169195e-01	3.2918838e-01	-1.5342650e-01	2.3627988e-01	-3.3094203e-01	1.0513274e-01	-4.7375080e-01	3.1920391e-01	-9.6416600e-02	-4.1103892e-02	4.6512440e-02	-3.6555159e-01	-1.2487943e-01	-4.3852910e-01	3.1011337e-01	6.6423707e-02	3.1013034e-02	-2.4135616e-01	-2.6130295e-01	1.0957104e-01	-4.8348841e-01	-1.4973711e-02	1.1994928e-01	3.1422105e-01	-9.8174483e-02	1.2636817e-02	1.3648464e-01	-1.2579925e-01	1.9410388e-01	-1.3635573e-02	6.6563085e-02	1.2763183e-01	3.7282807e-01	1.2563987e-01	-1.9306657e-01	3.7922412e-01	3.1985819e-02	-2.5592306e-01	-2.1360320e-01	-1.2957948e-01	-7.4544363e-02	1.3957542e-01	-2.8244546e-02	-6.3698167e-01	1.2855117e-01	4.1570395e-02	-1.1679319e-01	1.1253855e-01	6.7264378e-02	-1.2811240e-03	-1.1691301e-01	-1.2322484e-01	-2.3077111e-01	-2.9164267e-01	-7.0836894e-02	5.4933727e-02	2.2752115e-01	-8.3162136e-02	2.1178520e-01	1.0469037e-01	-1.0823382e-01	-1.9294664e-01	-8.0890588e-02	4.5413315e-02	3.0666581e-01	-5.5908207e-02	2.9902674e-02	1.1479964e-01	-2.5392425e-01	1.8122420e-02	-1.8790530e-01	-1.9616909e-01	-4.6142590e-01	2.8401172e-01	2.5452816e-01	8.3167560e-02	-6.7259215e-02	1.8754985e-02	1.6065617e-01	1.1243062e-01	-9.4301082e-02	-1.1448368e-01	7.6871917e-02	-4.8112787e-02	-1.3600010e-01	-1.8330827e-01	2.9734263e-01	3.7281878e-02	-2.7803868e-01	-3.4025081e-02	-2.7291626e-01	2.4297835e-01	-3.0514729e-01	-1.6183600e-01	9.0313494e-02	1.6642665e-02	2.3500316e-01	1.3207427e-02	-4.5468267e-02	6.9722198e-02	1.0658849e-01	3.3397469e-01	3.1009710e-01	-2.1978313e-01	1.6018704e-01	-2.7885598e-01	-1.6965988e-01	-4.4362046e-02	1.3190062e-02	2.6555246e-01	-1.1190654e-02	-8.2281917e-02	1.8742730e-01	5.5733859e-03	1.2686160e-01	2.4172132e-01	2.1094556e-01	2.0886374e-01	-4.9712140e-02	2.8764585e-02	3.2317156e-01	7.1838923e-02	2.6137996e-01	1.3221689e-01	-4.0845661e-03	4.4781271e-02	-1.5932716e-01	2.1756546e-01	6.4011306e-02	4.2599982e-01	-2.6017383e-01	3.2535496e-01	-7.3753580e-02	3.4585312e-01	-5.5159265e-01	2.8700066e-01	-5.4317528e-01	1.4074773e-01	-1.9492611e-01	-1.6317800e-01	-2.2028099e-01	-4.4217473e-01	3.5383835e-01	9.9895932e-02	-1.1320907e-01	-2.2869043e-01	-7.4628323e-02	-6.7036308e-02	-6.9958383e-01	2.9099667e-01	4.6742439e-02	1.3704289e-01	7.9544552e-02	1.1269615e-01	-5.8438242e-03	-3.8544196e-01	5.6928299e-02	-5.7955634e-02	7.6253776e-04	-3.2895201e-04	2.4716835e-01	2.3576768e-01	2.8194997e-01	-5.9677921e-02	-1.5830703e-01	5.6030340e-02	4.1024849e-01	-7.5702786e-02	4.5037374e-01	1.8665312e-02	-4.6394333e-02	1.2590563e-02	1.5245765e-01	-2.0801246e-01	-2.8110740e-01	-4.2734765e-02	-9.4843082e-02	-2.7585304e-01	-2.4887355e-01	-1.9878608e-01	4.6711780e-02	-3.6861241e-02	-7.6013073e-02	-2.7844599e-01	-7.7467695e-02	7.1747012e-02	-1.6819759e-01	1.4187324e-01	-1.0956782e-01	-8.8385433e-02	-1.6011386e-01	8.1687935e-02	-3.0728617e-01	-7.5700670e-02	1.1790776e-01	2.5513527e-01	3.5188890e-01	6.0599744e-02	1.4457409e-01	4.0769514e-01	-2.4858472e-01	-1.0545898e-01	-2.1411851e-01	-2.7420393e-01	-1.4429568e-01	-2.2784793e-01	-2.4874458e-01	4.3622412e-02	-5.6708280e-02	-2.0164055e-01	-9.5131285e-02	1.0176182e-02	1.7940415e-01	1.4350063e-01	9.7048730e-02	-7.6289222e-02	-4.8471528e-01	-1.3033290e-01	-5.3496778e-02	-7.5128429e-02	-5.7929751e-02	2.6885131e-01	2.6494494e-01	-5.6276117e-02	-2.0704730e-01	-1.5746096e-01	-3.4830652e-02	1.3828421e-01	3.1502244e-01	3.1957227e-01	-3.5431348e-02	-1.6629325e-01	-1.5734860e-01	1.5682104e-01	-8.7479368e-02	2.6016867e-01	2.4706785e-01	-1.9207017e-01	1.9019668e-01	1.1318663e-01	-1.7141121e-02	-1.3205932e-01	-2.2674914e-01	2.3549071e-01	-1.5517980e-01	1.7126472e-01	-1.9918510e-01	2.4109660e-01	-3.8038440e-02	1.9460578e-01	-5.1658186e-03	2.8340861e-01	3.1961218e-01	-4.0242732e-02	-7.1530156e-03	3.2214838e-01	-2.7206859e-01	-6.7098349e-02	-2.4296959e-01	2.3029567e-01	-3.7285048e-01	1.3522153e-01	-3.4453285e-01	1.7849438e-01	-4.2111042e-01	-7.7646300e-02	-3.5657117e-01	1.9878052e-01	1.8341186e-02	9.9777281e-03	1.4363970e-01	3.0157014e-04	4.4785179e-02	5.0988659e-02	-3.3944640e-01	-1.8132249e-01	-2.1695529e-01	1.2830129e-01	1.1506775e-01	-1.3781336e-01	-2.9543206e-01	-2.0769957e-01	-1.3878796e-01	-4.2922232e-01	3.5463062e-01	-2.7353275e-01	2.9012603e-01	3.9233381e-01	2.3364446e-01	1.2595280e-02	-2.3093824e-01	3.2385930e-01	-2.3700231e-01	4.1819900e-01	-2.6538867e-01	1.0565301e-01	-4.3968621e-01	6.5170251e-02	3.7927416e-03	-1.1768958e-01	2.8681394e-01	-1.6420202e-01	-2.3847438e-01	-3.3294189e-01	3.7464702e-01	-6.4416386e-02	-2.5401807e-01	-5.7937130e-02	-5.5900735e-01	3.0548486e-01	-2.9766190e-01	3.3171785e-01	-4.4425577e-02	3.0671543e-01	3.5273459e-02	-1.6365013e-01	5.6229222e-01	-1.1722738e-01	-3.1328756e-01	-3.5861662e-01	-7.4171647e-03	-1.7697142e-02	-2.1141241e-01	-3.7052747e-04	4.5733713e-02	4.8134401e-01	3.4048265e-01	8.1447713e-02	8.3828578e-04	-1.5337707e-01	-5.3004354e-02	1.7226100e-01	2.0789754e-01	1.2980545e-01	-2.7645400e-01	-2.2310944e-01	3.4762847e-01	1.1331083e-01	-3.3915842e-01	-2.7573830e-01	5.4212034e-02	-3.7962794e-02	6.2466092e-02	-1.8109804e-01	4.0492690e-01	7.9602540e-02	-6.9958597e-02	3.1705230e-02	3.2184541e-01	2.9128739e-01	-2.3783953e-01	1.5861717e-01	6.8244122e-02	-2.4013011e-02	2.9955769e-01	-2.6595816e-01	1.3406552e-02	-4.7124687e-01	4.0093553e-01	-2.4867548e-01	-5.2940715e-02	-1.0189228e-01	-4.5901465e-01	-2.0836303e-01	-1.0223973e-01	1.5005058e-01	-1.2842746e-01	1.5633865e-01	-7.4842674e-01	-2.8986397e-01	-5.0915714e-02	3.0192181e-01	3.3245093e-01	-7.0021398e-02	2.3287548e-01	-3.4926555e-01	3.9443007e-01	-1.5773660e-01	-2.6940843e-01	3.8106628e-02	-3.7444863e-01	1.5497902e-01	5.5199713e-02	-1.9703198e-02	1.9302702e-01
-5.9167061e-02	-2.3861441e-01	3.5572764e-01	-7.2606966e-02	-1.6209051e-01	7.1280502e-02	-1.0470888e-01	-1.1583660e-01	4.2465669e-01	3.6866158e-01	-3.4846744e-01	3.7262145e-01	2.3736608e-01	-2.8491855e-01	-3.1210032e-01	4.4923863e-01	-1.2322391e-01	-1.6829027e-01	-7.4934244e-02	1.4545806e-01	3.5645229e-01	2.9789248e-01	8.0924660e-02	-1.3414185e-01	4.0827659e-01	1.3834329e-01	-3.5255203e-01	-1.3904114e-01	4.1928604e-01	5.8094954e-01	-2.2188477e-01	3.9338395e-01
