9
input	14
dense	32
relu	0
dense	32
relu	0
dense	32
relu	0
dense	1
linear	0
7.999999979801942e-06
1.0739566e-01	-8.2909584e-02	1.1162128e-01	-4.0650118e-02	-8.1192426e-02	5.5754941e-02	-7.0321470e-02	-6.8893328e-02	-1.0892075e-02	0.0000000e+00	5.0844825e-03	-6.9575189e-03	-3.4169223e-02	1.1659008e-01	-5.7117064e-02	-7.9607807e-02	3.3122711e-02	-2.4907906e-02	-3.1317696e-02	-1.2902030e-02	1.1187706e-02	6.6782467e-02	-1.4397139e-02	-5.1681794e-02	3.3766173e-02	-9.5930196e-02	-9.9496163e-02	-1.9253580e-02	1.2305376e-01	-9.1401331e-02	8.9092568e-02	3.9567258e-03
-6.5948129e-02	1.3280093e-02	-2.7494846e-02	-7.2284165e-04	-4.7486953e-02	-6.4606510e-02	-2.9755006e-02	-4.1189436e-02	4.1557975e-02	-7.9146147e-02	8.9389183e-02	-3.0408928e-02	9.6516795e-03	-3.0372091e-02	-1.2619805e-02	-1.6015228e-02	-1.5927486e-01	-4.1047264e-02	2.5223268e-02	1.3929674e-03	8.9944206e-02	8.0177195e-02	-1.6384235e-02	-7.3342018e-02	6.4240366e-02	8.8671157e-03	-4.4387650e-02	-7.1061946e-02	1.1704607e-01	-6.1181527e-02	-5.3528689e-02	-9.1120228e-02
2.3359047e-02	-8.0182880e-02	1.5502579e-02	1.3076022e-02	-6.6088140e-02	-4.1741703e-02	-8.1266120e-02	-5.6018095e-02	-2.2849480e-03	-4.1546319e-02	-8.6673358e-03	-3.1422209e-02	8.4687453e-03	3.0998593e-02	7.0914797e-02	2.2564172e-03	2.1027772e-02	9.0450734e-02	-6.6810444e-02	-5.6450926e-02	-6.4824626e-02	-5.0380893e-02	2.1030230e-03	-3.3765778e-02	-1.7886706e-02	-7.1078204e-02	2.2302702e-02	4.6691544e-02	-1.1938371e-02	-3.7677225e-02	1.4473237e-02	-5.4692114e-03
1.4244907e-02
1.3364872e-01	7.6245338e-02	1.9237475e-01	3.0666202e-01	-9.0593405e-02	1.9996209e-01	-1.8291716e-01	-4.6376899e-01	9.3147062e-02	-3.6314559e-01	1.4929268e-02	-1.1979386e-01	-2.6737092e-02	2.1451679e-01	-1.2234469e-01	-2.4803266e-01	3.3644747e-02	-4.3704489e-01	-3.3004633e-01	3.1289518e-01	-6.1432492e-02	6.9723882e-02	-6.9801402e-01	-6.6987032e-01	-1.1551243e-02	-7.2473548e-02	-2.8818581e-01	-2.4215274e-02	7.2452337e-02	-3.2391152e-01	2.4866760e-01	1.6749580e-01	-2.8289396e-01	2.7411815e-02	-3.3191121e-01	-5.2977096e-02	-1.3201812e-01	-3.6310935e-01	-3.6721572e-01	-3.3198760e-03	-6.1144423e-01	-7.5519490e-01	-2.3558456e-01	-1.7189245e-01	1.7470674e-01	3.2270339e-01	-3.3212698e-01	-3.6171984e-02	1.9948380e-01	2.3881915e-01	2.8431833e-01	-5.3919371e-02	7.6517887e-02	4.9402688e-02	5.2021277e-01	2.1828599e-01	-2.5868122e-02	-9.6480295e-02	-2.9105452e-01	-4.9068066e-01	2.4253556e-01	-6.7144141e-02	2.3459455e-01	3.0810493e-01	4.1340005e-01	2.8580189e-01	-1.2679523e-01	-7.3922098e-02	-1.1945273e-01	-2.7663106e-01	-4.4436764e-02	-1.9938704e-01	-4.5851552e-01	2.5760201e-01	-4.0637579e-02	-4.3529816e-02	2.6264426e-01	-4.1650552e-01	1.6938531e-01	-2.4289250e-01	-1.2439165e-02	1.7002226e-01	4.8748370e-02	3.9534351e-01	1.3253173e-01	2.1716771e-01	-5.3787708e-02	-3.9533561e-01	-7.3268474e-03	-5.8704413e-02	1.5804130e-01	-1.9159871e-01	3.3627105e-01	3.3582589e-01	4.0823184e-02	-6.1814534e-03	-4.8160741e-01	7.7795237e-02	1.0071888e-01	-8.7586328e-02	2.2715935e-01	-1.4766842e-01	1.9629253e-01	-2.0655636e-01	-2.7486804e-01	2.4710979e-01	-1.5991969e-01	-2.9783601e-01	1.3585363e-01	2.1279754e-01	-2.7624309e-01	2.8227258e-01	-2.5588229e-01	7.0690125e-02	-2.1250089e-01	2.7564606e-01	3.3160806e-02	-2.6320794e-01	-7.2732896e-02	2.7474844e-01	2.2019455e-01	-8.1866197e-02	3.1806949e-01	1.5209144e-01	-2.4147549e-01	-2.3950242e-01	-2.2501259e-01	-7.4180543e-02	1.9793829e-01	1.9326946e-01	-8.5900635e-02	2.1677622e-01	-2.3533307e-01	-1.9028904e-01	-1.9667935e-01	-2.0811707e-01	1.7195114e-01	-1.6514692e-01	-1.1755420e-01	-3.1256387e-01	-2.3828736e-01	-4.4011214e-01	-4.7093666e-01	-6.2206751e-01	-4.0696007e-01	-1.8971945e-01	-2.5782505e-01	5.4001142e-03	2.4798265e-01	4.5107305e-01	1.4130697e-01	-9.0543203e-02	2.5536138e-01	-6.6028512e-01	3.3116439e-01	3.1784639e-01	2.4732207e-01	-1.0405474e-01	-2.9501757e-01	2.1433930e-01	-3.8240662e-01	1.0119905e-01	-4.3102598e-01	-3.8346794e-01	-1.7719232e-01	9.0726756e-02	5.9406853e-01	-2.7505940e-01	1.9884939e-01	1.1466241e-01	-2.0594436e-01	1.8109518e-01	1.8351118e-01	2.8826392e-01	-3.5471022e-01	-2.6784146e-01	2.3135641e-01	-3.0702493e-01	3.7164724e-01	-2.5704554e-01	-1.8515952e-01	5.6511704e-02	-8.3539955e-02	1.3082429e-02	3.6499313e-01	4.3133873e-01	-2.2589830e-01	6.7316771e-02	2.7520411e-02	-1.6476160e-01	-4.8472905e-01	-2.2882760e-01	-4.7676735e-02	1.6873943e-03	4.2402691e-01	-1.8278424e-01	2.7814547e-02	3.1154457e-01	4.4814501e-02	1.0960063e-01	-2.7322215e-01	-1.5002969e-01	-2.1207903e-01	-6.1219204e-02	2.0611174e-01	6.0747623e-01	5.9322342e-02	-1.8382391e-02	1.0725047e-01	2.3764303e-01	-2.7936623e-01	1.4050525e-02	-3.9658961e-01	2.8359967e-01	3.0304572e-02	-1.2004728e-02	-2.1485980e-01	-4.1976547e-01	1.6838422e-01	6.6069984e-01	-9.5028259e-02	1.2019823e-02	1.4139397e-01	-2.8140834e-01	1.9925386e-01	-4.5474088e-01	1.4719124e-01	5.0167158e-02	-1.9735232e-01	4.2187595e-01	-1.8470192e-01	-3.0684066e-01	7.4701172e-01	-2.5187662e-01	8.4200919e-02	1.1447376e-02	6.3518025e-02	2.9431555e-02	3.0891085e-01	9.2013225e-02	-3.7768844e-01	-3.1308734e-01	2.7453470e-01	-5.1367905e-02	1.2911117e-01	-3.7494443e-02	3.8083300e-01	4.3712971e-01	2.3810709e-01	-8.8304430e-02	-3.8892093e-01	-8.6661972e-02	-9.2274928e-03	3.3915180e-01	-1.3646439e-01	-9.1835022e-02	2.7050695e-01	1.5734586e-01	8.1068844e-02	-2.0476690e-01	-2.4979147e-01	-4.6068287e-01	2.0958122e-02	-8.2163580e-02	5.3174382e-01	-5.5339985e-02	-3.3812374e-01	2.9195973e-01	-3.7979439e-01	-5.6751680e-01	1.5224430e-01	-1.1513760e-01	-2.5204253e-01	1.9926736e-01	-3.3316320e-01	2.5090218e-01	1.3289766e-01	2.7455404e-01	-1.2209836e-01	-2.2310816e-01	-9.4223268e-02	-1.6367817e-01	-3.6091128e-01	4.4377413e-01	3.7241232e-01	-2.8864035e-01	-1.5986530e-01	-1.2116363e-01	2.5973740e-01	4.1011569e-01	6.2117774e-02	-8.5962765e-02	2.4365772e-01	1.9083679e-01	-4.0168923e-01	2.8669214e-01	-2.2076741e-01	2.1269538e-01	1.2108765e-01	1.3221745e-01	3.3865306e-01	-3.2509485e-01	-1.7375506e-01	-4.3824869e-01	-5.3150080e-02	1.6518731e-03	-5.7905849e-02	2.7311152e-01	-4.0270630e-01	1.9182532e-01	1.9339526e-01	3.2573703e-01	-1.9859768e-01	-9.2545729e-03	-2.9305941e-01	3.1870088e-01	4.3147317e-01	3.0120969e-01	2.2260132e-01	2.8990312e-02	-2.0678706e-01	-2.3281562e-01	2.8505760e-01	2.6764771e-01	-2.1334730e-01	-5.1149119e-02	-3.6466295e-01	-2.0896658e-01	-9.7019434e-02	8.6274818e-02	6.7235187e-02	6.2589031e-01	1.3837233e-01	9.9060955e-03	4.8029324e-01	4.6423152e-03	-2.1712796e-01	1.3484832e-02	-1.9795093e-01	2.8856763e-01	1.5482546e-01	-3.8624231e-02	7.8533575e-02	2.1867989e-01	-1.5280025e-01	-1.8752241e-01	-1.1933365e-01	-1.1645982e-03	-4.4012126e-01	4.7206676e-01	-1.1085867e-02	-4.3376252e-02	-9.3389787e-02	2.4074374e-01	2.0958249e-02	2.7540907e-01	2.6205307e-01	1.3454635e-01	-1.9372074e-01	-2.4815597e-01	1.2358389e-01	-1.1505113e-02	3.5927752e-01	1.5332134e-01	2.0838395e-01	-2.4515072e-01	-3.0639201e-02	-3.7185401e-01	4.9910616e-02	-2.0696469e-01	6.5928183e-02	3.6397991e-01	-2.2168362e-01	5.0757772e-01	-1.3178091e-01	1.1720295e-02	-3.0561971e-02	4.1910684e-01	2.5579974e-01	3.8059011e-01	3.7297475e-01	-4.3435588e-01	-2.6558343e-01	-4.5558012e-01	1.3624729e-02	-1.2166011e-01	1.1000051e-01	1.0124297e-01	8.0187030e-02	-2.1342766e-02	1.2836388e-01	-3.2031578e-01	2.2140685e-01	2.2585879e-01	1.3674125e-01	-7.0982210e-02	-2.1097876e-01	1.2508452e-01	8.8210486e-02	2.6510326e-02	-3.5913235e-01	-4.5494255e-01	-6.7487612e-02	-3.1067776e-02	2.5160623e-01	1.1757571e-02	-6.0612153e-02	-4.7619093e-02	-2.9956147e-01	-2.2094484e-01	-2.9655415e-01	2.3764701e-01	1.8735145e-01	2.7887648e-01	2.0055671e-01	-3.8086864e-01	-2.2771692e-01	6.3414223e-02	4.3018219e-01	-3.4959659e-01	2.3387477e-01	2.8809977e-01	4.1108225e-03	-9.7704470e-02	4.7229928e-01	-9.0006478e-02	1.2454070e-01	-2.4276474e-01	-4.0927690e-01	-2.9693273e-01	3.1542517e-02	-1.5819126e-01	1.5813068e-01	-4.0638626e-01	-2.0081680e-01	-5.8818474e-02	-3.0336100e-01	-6.9565967e-02	1.4521532e-01	1.2802549e-01	1.6947675e-01	1.0717417e-01	-1.3369773e-01	-1.9236077e-01	-3.8803939e-02	2.3347218e-01	-1.9874421e-01	-4.5995119e-01
-1.8169279e-01	-1.0858986e-01	2.3241872e-01	-5.8298569e-02	-2.4734324e-01	-1.7927812e-01	-2.8294775e-01	-1.4474849e-01	1.1122385e-01	-1.3156563e-01	-1.9613920e-01	2.7095437e-01	-1.3005586e-01	8.0302209e-02	5.8926594e-01	-1.0522302e-01	-3.6580187e-01	5.2409446e-01	3.3805113e-02	-2.3648074e-01	4.4662985e-01	-2.8295693e-01	3.8445797e-02	-3.1227547e-01	1.8973534e-01	-3.7349589e-02	-5.1432200e-02	-6.0086292e-01	-2.5915962e-01	1.6378909e-02	-6.3983321e-02	-7.1816087e-02	6.2463038e-02	-4.8149925e-02	3.1788830e-02	-1.7059621e-01	-5.0778055e-01	-5.2090376e-03	2.4736287e-01	7.6404139e-02	-1.8850186e-01	-1.5330306e-01	8.1441715e-02	1.2378236e-01	2.9071778e-02	-1.1894327e-01	1.9340830e-01	2.1455851e-01	1.8297519e-01	9.9414609e-02	2.9993179e-01	1.0476711e-01	-9.1415904e-02	-1.2653810e-01	-3.5155028e-01	3.4776879e-03	4.4445220e-01	-2.9666755e-01	-2.7614731e-01	4.2696869e-01	1.1920457e-01	-1.3347131e-01	6.9674719e-03	2.7576257e-02	-2.0360097e-01	-1.9138771e-01	-4.4213526e-02	-2.4332179e-01	-2.8909582e-01	2.3007204e-01	2.3233591e-01	-6.0994759e-02	-2.9255289e-01	2.8291735e-01	-8.4444702e-02	-2.2693487e-01	-3.2565802e-02	-1.4995578e-01	-2.4654931e-01	-1.5131488e-01	2.9459983e-01	1.3699615e-01	3.0074230e-01	-7.7977426e-02	-9.2843018e-02	-1.4068931e-02	2.5839922e-01	-2.3850784e-01	2.2036014e-02	1.6430497e-02	-2.2262770e-01	2.8288066e-02	-2.6935244e-01	8.9313872e-02	-1.6561270e-01	-2.5662583e-01	-1.7165706e-01	-1.7934589e-01	-1.4967616e-01	2.5975740e-01	-2.1546942e-01	-8.4080502e-02	1.4502385e-01	1.2751083e-01	2.4893565e-01	1.2039036e-02	-1.4841387e-01	8.3386555e-02	4.4227056e-02	-3.2214627e-01	-1.4633487e-01	8.3781756e-02	2.0605035e-02	3.8446009e-02	-3.0773839e-01	2.0722193e-01	-8.1104062e-02	2.3847674e-01	3.1025416e-01	6.2678911e-02	-1.6477905e-01	-7.3770113e-02	7.9343289e-02	1.4953953e-03	-3.0418941e-01	2.1208148e-01	-5.2020770e-01	5.4934438e-02	-5.8231078e-02	6.1235208e-02	-6.4541446e-03	-8.7000445e-02	-1.8663298e-01	-8.2784526e-02	-1.6797577e-01	1.0579666e-01	1.4254831e-01	-2.9365554e-01	4.1154599e-01	4.9618162e-02	-3.0381685e-01	-2.8158450e-01	-1.3112310e-01	-8.0528736e-02	-5.8402437e-01	-2.2338085e-02	1.4477584e-01	-5.9628680e-02	-5.5277843e-02	1.1843050e-01	5.5869069e-02	6.0094941e-01	-1.9371548e-01	-2.8663334e-01	3.3237362e-01	3.9344227e-01	-1.4334370e-01	1.5934657e-01	-3.2615349e-01	1.1439117e-01	1.1189026e-01	1.4710230e-01	3.2112482e-01	3.3100542e-02	2.6334855e-01	-1.0143368e-02	-8.9856833e-02	-1.7046595e-02	-2.8370777e-01	1.9697121e-01	1.1116174e-01	-1.6317958e-01	3.0805618e-02	-1.7634663e-01	3.9145672e-01	2.7926790e-02	-2.2678693e-01	-1.2433304e-01	-1.7590243e-01	-5.7747349e-02	4.0176120e-01	-2.6373703e-02	3.2598770e-01	4.6032220e-02	-1.8932799e-01	-8.4969275e-02	3.5637075e-01	2.9284057e-01	-3.1450552e-01	-6.6184387e-02	-2.7203974e-01	-2.4945952e-01	-8.3858334e-03	2.3424368e-01	-1.8117414e-01	1.2007973e-01	-1.5042344e-01	-2.4988894e-01	-1.2570843e-01	-1.1775458e-01	-6.1901346e-02	2.1984527e-01	1.4578161e-01	1.7979914e-04	-2.7516305e-02	-2.5828528e-01	4.9715787e-02	2.6843107e-01	9.9797949e-02	8.6649157e-02	-2.2176233e-01	7.4566804e-02	-3.7692323e-01	-3.3429731e-02	6.3277178e-02	-3.4139980e-02	-9.7062118e-02	-2.9567918e-01	1.1238511e-01	1.6715032e-01	-1.7034972e-01	-1.2067636e-01	8.4294386e-02	-6.9249779e-02	-3.5761955e-01	3.7670720e-01	-9.4428740e-02	7.7903584e-02	-1.6304629e-01	1.9261579e-01	-1.8164374e-01	-2.3725997e-01	8.5523324e-03	-1.1092782e-02	2.0000459e-01	-1.4051676e-01	-2.3350489e-01	-2.6881492e-01	1.4932986e-01	1.7573459e-01	-3.9454660e-01	3.2781509e-01	-2.9712778e-01	1.3157727e-01	2.4827676e-01	-2.0902811e-03	1.2020838e-02	1.8780568e-01	1.0841828e-01	-1.9248077e-01	4.2432895e-01	-4.5409906e-01	1.2568377e-01	-1.2291737e-01	7.3234200e-02	-4.1740525e-01	-4.7590709e-01	-1.7137811e-01	-4.0074271e-01	2.5471219e-01	8.4377863e-02	-6.3298278e-02	2.2198898e-01	-8.8095970e-02	2.0030919e-01	1.2569231e-01	2.5230750e-01	-1.2870699e-01	1.5572384e-01	-2.1410689e-01	3.4356911e-02	2.0252296e-01	-1.7985323e-01	2.1905366e-01	9.2598230e-02	-2.4612452e-01	-2.0287761e-01	-2.7842885e-01	-1.1856466e-01	-2.7243067e-02	-3.2408830e-02	2.9389161e-01	-2.3995350e-01	4.9320260e-01	1.7590412e-01	-2.3414569e-01	-1.5372552e-01	-4.6727311e-02	-2.2200248e-01	2.6742324e-01	1.0904893e-01	6.9701992e-02	3.2351953e-01	-7.0462093e-02	3.0861655e-01	-1.7595001e-01	2.4206641e-01	-2.6002896e-01	8.6317800e-02	-2.1007862e-02	2.5140682e-01	-5.6179751e-02	2.9564527e-01	3.0636597e-01	-1.5093422e-01	3.0213252e-01	-1.2880072e-01	7.5152293e-02	7.2215542e-02	-2.8785232e-01	-2.5375536e-02	1.4372912e-01	6.9917642e-02	2.4049066e-01	2.8477246e-01	5.9286807e-02	-6.9804534e-02	-2.3173200e-01	1.2908086e-01	2.0659629e-01	1.2563631e-01	-1.6980864e-01	1.2335006e-01	5.7030991e-02	-2.5385064e-01	5.3039744e-02	-1.3786611e-01	2.8855485e-01	2.1315512e-01	-2.2066462e-01	-8.0683142e-02	1.8523009e-01	-1.3760766e-01	-5.2744105e-02	-1.4071441e-01	-4.5889995e-01	-3.9485350e-01	-1.2740733e-01	3.5149023e-01	-3.3022213e-01	2.3482795e-01	-4.3213766e-02	-3.1131598e-01	-1.7208785e-01	2.0218188e-01	-2.1854258e-01	-1.9854593e-01	2.3982619e-01	-3.2135011e-03	-9.0396583e-02	2.7189711e-01	3.2750864e-02	2.4043967e-01	-3.9194018e-01	-1.0143016e-01	1.8294413e-02	-1.7312817e-01	9.0733118e-02	-4.9373659e-01	2.1885175e-02	1.2205897e-01	1.4770511e-01	-1.5373020e-01	3.4179571e-01	-2.0249490e-01	2.9991198e-01	-1.1142430e-01	-4.6211302e-02	-2.8616065e-02	5.3984817e-02	2.5686395e-01	7.6092849e-03	1.7126036e-01	3.9781538e-01	2.9277766e-01	2.7404752e-01	-1.2129808e-01	-2.5546423e-01	-2.0919038e-01	-1.7663416e-01	-1.7059658e-01	6.8681069e-02	2.6377082e-02	4.9689308e-02	2.7585050e-01	-2.6579103e-01	9.9091396e-02	-9.5110036e-02	-2.8629839e-01	-3.3178180e-02	4.3351534e-03	-1.3960247e-01	-2.6252612e-01	2.4492946e-01	-2.2497526e-01	2.5297350e-01	-1.8872723e-01	3.2329810e-01	-2.6092353e-01	-2.7471384e-02	1.3524650e-02	-1.1238134e-01	-7.9810880e-02	1.8463632e-01	-5.8539025e-02	1.5091407e-01	-3.7623104e-01	-2.4061608e-01	2.4458428e-01	5.2286640e-02	4.1320585e-02	-1.6512607e-01	1.4176705e-01	2.7901826e-02	4.0319452e-01	2.0833996e-01	-2.1676098e-01	1.1737065e-01	-3.1700578e-01	-2.3317136e-01	8.5453711e-02	-9.0805754e-02	5.3999744e-02	5.6185540e-02	-6.6554882e-02	3.2526851e-03	7.3020361e-02	2.5467110e-01	1.8098564e-01	1.6827406e-01	2.6945782e-01	1.7128427e-01	2.3704171e-01	3.1047833e-01	1.2041326e-01	1.3384736e-01	5.6070441e-01	-1.9664134e-01	2.1003103e-01	-2.7023089e-01	3.1211248e-01	2.6270318e-01	-2.1341930e-01	2.0524171e-01	-2.5173381e-01	-1.2697306e-01	-1.3373488e-01	5.4949820e-02	-2.4391638e-02	2.0071134e-01	-1.2522594e+00	-9.6191749e-02	4.5778459e-01	-8.9208163e-02	2.4551536e-01	-8.1933975e-02	2.4258599e-01	7.4935645e-02	1.2172277e-01	1.3648190e-01	2.0409761e-01	-2.5088191e-01	1.3970454e-01	-2.0208500e-01	-3.6817789e-01	2.4704030e-01	1.4445724e-01	-2.5028664e-01	-3.8866809e-01	7.1012460e-02	-4.6066504e-02	1.7423493e-01	-7.6408409e-02	-2.3115239e-01	-1.7189671e-01	-1.4159846e-01	1.2148402e-01	7.2166413e-02	-2.3221688e-01	-3.1627603e-02	-1.4221413e-01	-2.3147927e-01	-1.0577853e-01	2.5942907e-01	-3.4273151e-02	3.0147564e-01	-2.7285406e-01	-3.3804465e-02	-2.0513240e-01	2.5685146e-01	-3.6233819e-01	2.7333686e-02	-1.7084983e-01	-7.2626874e-02	-1.7436366e-01	-1.6991949e-01	-1.3809660e-01	5.2881658e-02	-9.4143219e-02	4.0755160e-02	5.7659227e-02	-1.6974065e-02	1.4256719e-01	3.3518970e-01	3.6907992e-03	-1.2618610e-01	-1.3941698e-01	-7.6229749e-03	-2.1260053e-01	1.5153739e-01	-3.8309851e-01	-3.9086241e-02	3.8542476e-02	-1.2634507e-02	1.4660776e-01	1.8966351e-01	-1.2449542e-01	-3.6151925e-01	5.5799913e-02	-2.9297122e-01	-8.6972471e-03	1.7014828e-01	-2.6851740e-01	1.2470990e-01	4.2767432e-02	-1.8097589e-02	-1.0085233e-02	4.9941190e-02	2.9813720e-02	-1.3667357e-01	4.0814999e-02	-1.5899017e-01	-3.0685762e-01	-2.0894533e-02	-3.6134255e-01	3.2097004e-02	9.7903483e-02	-3.0802578e-01	4.8601359e-02	-1.2711681e-01	1.7145845e-01	1.7940609e-01	-9.5771976e-02	-2.3972704e-01	-1.8391894e-01	2.4170302e-01	-1.6424419e-01	9.6341539e-03	2.9816660e-01	-2.3446205e-01	3.3236170e-01	-2.2715907e-01	4.1066289e-02	-1.2129188e-02	4.1965532e-01	-1.7395219e-01	-1.2716617e-01	-1.1417120e-01	-1.7286341e-01	-1.7225149e-01	-1.7048486e-02	3.2880566e-01	-3.9567880e-02	2.6472795e-01	-5.2525800e-01	8.6948685e-02	8.9659721e-02	1.7060952e-02	-1.4713217e-01	9.7517990e-02	1.2076656e-01	8.3004944e-02	-5.5418871e-02	3.2827199e-01	-1.1918118e-01	1.2370743e-01	3.0044279e-01	3.1317797e-02	5.3290490e-02	6.3031092e-03	-1.3229056e-01	1.5570886e-01	-5.0936639e-01	1.9768540e-02	-2.1001354e-01	1.5447706e-02	-1.0327093e-01	3.3792447e-02	2.9406881e-01	3.4164310e-01	6.0447861e-02	-2.4610105e-01	4.0886363e-01	-1.1985211e-01	3.4750231e-02	-1.7334495e-01	4.0510440e-01	1.4137211e-01	-6.4038746e-02	-1.7300557e-01	-1.1597945e-01	-2.5133774e-01	-3.4277007e-01	1.3016093e-01	1.0549943e-01	1.2711723e-01	3.7794884e-02	2.0813073e-01	-2.8476862e-02	1.1793136e-01	-5.4365952e-02	-4.1682923e-01	1.3342777e-01	3.6758789e-01	5.6591892e-01	2.0317300e-01	7.9955667e-02	2.0500287e-01	-9.7215950e-02	-4.3123862e-01	5.0730169e-02	1.6440290e-01	6.9586307e-02	-2.0999007e-01	2.7116063e-01	2.0818181e-01	-3.9624792e-01	6.7213275e-02	-1.5072462e-01	-4.9670035e-01	1.9638175e-01	-8.2295239e-02	-1.9095434e-02	1.1790313e-01	-1.6278870e-01	9.7628236e-02	-1.5409993e-01	-1.2529544e-02	-4.5895243e-01	-3.0501115e-01	-1.7461208e-01	-4.5548871e-01	2.1181652e-01	-2.8792807e-01	-3.4245971e-01	-4.1241962e-01	-3.2741886e-01	-2.7491373e-01	1.7357299e-01	-6.2895462e-02	-2.4702275e-01	7.5806744e-02	-2.7274340e-01	2.2431363e-01	1.9984584e-02	-2.0119236e-01	-5.8160067e-01	-2.6965263e-01	4.3901432e-02	5.7504315e-02	1.9530669e-02	-8.2905598e-02	-1.0849226e-01	1.5058075e-01	3.1675601e-01	1.4925763e-01	-3.1858417e-01	2.8128761e-01	1.5699552e-01	-1.2035962e-01	3.6857328e-01	1.0663021e-01	-1.8578246e-01	-1.6202894e-01	1.5453100e-01	1.0870497e-01	-3.7198794e-01	-4.2444631e-01	-2.6451860e-02	-2.5316640e-03	-8.0094799e-02	-1.6224563e-02	-1.5205765e-01	1.6285765e-01	1.6706352e-01	2.0273572e-01	-1.8230711e-01	-1.8704873e-01	-5.1688057e-01	-2.2358604e-01	2.0401298e-01	1.8420972e-01	-2.6561442e-01	-3.3737358e-03	-7.6062389e-02	-2.8652133e-02	2.1927211e-02	-1.0187312e-01	-4.8456037e-01	3.7699705e-01	9.8547250e-02	1.6322428e-01	3.5175690e-01	-1.5263182e-01	3.5795343e-01	-7.5350571e-01	1.1288870e-01	-5.4948568e-02	-1.0662490e-01	1.4471546e-01	-3.2368883e-01	2.4283093e-01	-1.9174600e-01	8.7256730e-03	-6.6729374e-02	7.1131386e-02	-2.0007682e-01	-1.1981665e-01	1.6637871e-01	4.8447046e-01	-4.7224221e-01	-1.2930332e-01	1.2147563e-01	-2.9240379e-01	2.5420883e-01	-3.9836681e-01	3.0478050e-03	1.3336505e-01	-3.0501074e-01	-3.2331768e-01	-2.1509109e-01	-5.4552037e-01	-1.7315817e-01	-2.6922992e-01	-1.8861245e-01	2.0514086e-02	7.1405172e-02	1.0070994e-01	-1.5460417e-01	-2.6517686e-02	-2.5819871e-01	-2.1214213e-02	-1.3591857e-01	1.1906616e-01	-9.1620207e-02	1.9878563e-01	1.4125958e-01	1.5824257e-01	-1.6003548e-01	-3.2102510e-01	-1.3860200e-01	-6.6602252e-02	-2.6806024e-01	-5.9453350e-01	2.3306441e-01	2.2046154e-02	-1.3605174e-01	-4.9431153e-02	-1.2998666e-01	1.0382012e-01	1.0080025e-01	-1.2103643e-01	-1.1593495e-01	2.7356437e-01	1.8256240e-01	-3.1850892e-01	9.8757148e-02	-1.3537166e-01	-1.1324027e-01	-1.9832152e-01	8.4270909e-02	5.1419899e-02	9.7193047e-02	-3.4464717e-01	-1.1139961e-01	-7.0174657e-02	2.8119835e-01	6.7476392e-02	-1.1150442e-01	3.2959199e-01	2.0556983e-01	2.5416359e-01	-1.3920097e-01	-3.6377007e-01	-2.6092955e-01	6.2106438e-02	3.1373718e-01	-5.4872870e-02	-1.7558643e-01	-2.0365421e-02	-3.2269475e-01	2.9997548e-01	-1.1162144e-01	2.7371678e-01	3.6533158e-02	4.8453623e-01	1.8972205e-01	-2.7736178e-01	2.0923810e-01	1.4529701e-01	9.6306652e-02	1.1518991e-01	-9.6336693e-02	-5.2210934e-02	-3.6027560e-01	2.0059483e-01	-2.5039774e-01	-6.7240749e-03	1.4536062e-01	8.3640099e-02	-1.7525330e-01	-5.5799857e-02	-1.3443626e-01	3.1206232e-01	-1.6313152e-01	-7.2693452e-02	-1.3862512e-01	-1.6072233e-01	1.6720739e-01	5.1374029e-02	-3.3858415e-01	-1.5547194e-01	-5.8008954e-02	1.0399157e-01	1.9566238e-01	1.9238576e-02	1.7434862e-01	1.9673882e-01	-1.9539425e-01	-1.1586808e-01	8.3161741e-03	-2.7107459e-01	2.6126489e-01	2.2382751e-01	-2.7528158e-01	4.0954411e-02	1.9142713e-02	-1.9682270e-01	3.8785943e-01	1.1515538e-01	2.2036889e-01	-6.9201022e-02	-3.7527376e-01	-8.1789002e-02	-2.5455090e-01	-1.0229093e-01	2.9406053e-01	-8.2268603e-02	-4.6301398e-02	-3.8071352e-01	1.6155337e-01	-2.2306468e-01	-1.2085757e-01	-3.7096590e-01	3.1714025e-01	3.1326082e-01	1.6508213e-01	-2.2686663e-01	-3.9459872e-01	2.5682291e-01	2.4256273e-01	9.1551043e-02	-1.5555674e-01	-1.9972351e-01	-1.2918919e-01	4.0520009e-02	1.7142007e-02	2.7144662e-01	3.5773820e-01	1.0803919e-01	2.9386196e-01	-2.5519252e-01	1.0333811e-01	-1.9313315e-01	2.4548937e-01	-4.8345137e-02	2.1750137e-01	-4.1629559e-01	6.1804134e-01	1.7065907e-01	3.4348193e-01	3.6593378e-01	1.0471973e-01	-2.9255623e-01	-2.2803977e-02	-1.6849734e-01	2.2143617e-01	5.0686616e-01	-1.6018088e-01	1.6963992e-01	6.5368176e-02	-3.6496201e-01	-3.9238375e-01	1.9956414e-02	1.0037097e-01	2.9558370e-01	2.2319679e-01	-3.0447665e-01	-3.0429853e-02	-3.4939891e-01	-3.0846563e-01	1.0606664e-01	-1.9982833e-01	-2.3397654e-02	-2.8688669e-02	-3.0014309e-01	-5.8551241e-02	-1.1399002e-01	4.4583686e-02	-2.4374098e-01	-2.7611667e-01	6.6528298e-02	-1.9714552e-01	3.8220069e-01	-1.4756992e-02	-5.4220274e-02	-1.4627232e-01	1.6516772e-01	-1.2824476e-01	-1.3002405e-01	3.8421026e-01	1.0246263e-01	1.1476082e-01	-3.0608892e-01	6.8955868e-02	-3.6166915e-01	-2.2878213e-01	-9.0588316e-02	-2.3806936e-01	4.9672525e-02	-1.2696964e-01	-4.7678910e-02	4.1368937e-01	5.0269522e-02	5.8580395e-02	2.7797970e-01	-5.3840194e-02	-2.3971352e-01	2.0688300e-01	9.4682388e-02	-2.7585632e-01	-3.5603330e-01	-2.8336285e-02	2.3585236e-01	-9.6255690e-02	-4.4293690e-02	1.5651643e-01	-3.9079238e-02	-1.8160963e-01	5.6446463e-02	4.9182486e-02	7.5326316e-02	1.0662156e-01	-9.9830642e-02	3.0400914e-01	3.0966076e-01	-2.7589394e-02	2.1725996e-01	7.4128851e-02	3.5277635e-01	-1.3994034e-03	1.0015219e-02	-1.2095736e-02	1.5223035e-01	-2.2382285e-01	-1.8262364e-01	9.9078022e-02	1.3023967e-01	2.8432271e-01	2.1270451e-01	-1.1596850e-01	-1.1740035e-01	1.8058422e-01	8.1475884e-02	1.5143578e-02	-1.8137912e-01	-2.9312402e-01	1.4111914e-01	-1.8331429e-01	-1.5309122e-01	-2.8970650e-01	2.6661858e-01	3.0385271e-02	-8.7483779e-02	-1.4377502e-01	-1.5359906e-02	-2.3665197e-01	-1.2819952e-01	4.9670964e-02	-2.5586084e-01	-1.4248256e-01	3.9573103e-02	1.9136590e-01	2.0425408e-01	8.6944811e-03	-1.7676452e-01	2.9182839e-01	5.9019695e-03	2.7287272e-01	-2.8665507e-01	-1.1897761e-01	2.9670820e-01	-2.5228217e-01	2.6910546e-01	2.3450013e-01	-2.6082039e-01	3.9783660e-01	2.1084712e-01	-1.1663754e-01	1.7374820e-01	-5.3578515e-02	2.5766495e-01	-4.1654363e-02	-9.2975110e-02	3.0222741e-01	4.2680743e-01	5.3530019e-02	-2.3730607e-01	3.4730900e-02	4.9749497e-01	1.2887619e-01	1.2257080e-01	-3.2285425e-01	-2.5088224e-01
1.8089646e-01	-2.3273055e-01	-7.4794844e-02	-3.3596760e-01	-1.3389388e-01	-2.6023608e-01	2.3773845e-01	3.4764282e-02	-1.4892162e-01	1.3245870e-01	-4.2378592e-01	4.5757574e-01	3.4847879e-01	-4.8980325e-02	-1.3744734e-01	-8.7224536e-02	-1.0308523e-01	2.7004302e-01	-3.9236715e-01	-6.8407468e-02	-2.3143269e-01	-1.2736931e-02	3.6497951e-01	-2.7407828e-01	1.4865083e-01	1.3278060e-01	-2.0618393e-01	2.6472577e-01	-1.5146230e-01	-2.6851131e-02	9.9367484e-02	-1.5167111e-01	5.5590373e-02	2.3327312e-01	2.7838054e-01	-2.0826083e-01	1.0884003e-01	-2.3946080e-01	-1.3086647e-01	-1.3054439e-03	-1.8014880e-02	-1.2875222e-01	-3.0719277e-01	-1.5929279e-01	-1.6841687e-01	9.8008096e-02	-2.9251799e-01	-1.3655196e-01	-2.9674518e-01	-2.0857126e-01	2.0066211e-01	4.1690234e-02	-1.6986261e-01	-2.7964437e-01	1.3160013e-01	-2.0030421e-01	8.3611295e-02	8.9614026e-02	1.0615377e-01	2.2730003e-01	2.4650289e-02	2.5060302e-01	4.6455290e-02	-8.3223023e-02	-2.3668550e-01	-1.2448580e-01	-2.4593499e-01	-1.9463179e-01	8.9183502e-02	-1.4050661e-01	-1.2310392e-01	1.0976850e-01	-2.6734862e-01	-4.6793163e-01	-3.5131595e-01	4.3542439e-01	-2.8120175e-01	1.9280466e-01	-2.5502941e-01	-8.1989199e-02	1.4543250e-01	1.0231642e-01	2.4095324e-01	-2.4534846e-02	-9.8171450e-02	2.7287605e-01	8.6317070e-02	1.5314731e-01	1.2763502e-01	1.8764156e-01	1.0028652e-01	-5.1537263e-01	-2.2028455e-01	2.1557476e-01	1.4449169e-01	-8.3259538e-02	3.3052459e-02	4.0551197e-02	1.2066771e-01	2.1389389e-01	-2.8556514e-01	1.4500612e-01	-2.3055483e-01	1.4513861e-01	2.2651134e-01	-1.3382469e-01	9.6716262e-02	2.4367191e-01	2.4943443e-01	-3.7561265e-01	-3.8246384e-01	3.3087426e-01	4.1169986e-02	-6.2769592e-02	2.9922435e-01	7.9796121e-02	3.0849618e-01	5.1899207e-01	2.5872388e-03	-1.9004633e-01	2.5977966e-01	1.8799016e-01	-2.5338060e-01	-5.6739151e-02	8.3877392e-02	-4.0624619e-01	5.2200560e-02	-1.6629878e-01	-2.0008832e-01	-3.9529669e-01	1.1212645e-01	3.4017053e-01	1.7861588e-01	2.9591592e-02	-3.1864770e-02	-1.6819647e-02	2.2163713e-01	2.7882826e-01	-2.9018185e-01	-9.7722195e-02	5.5807162e-02	-2.4916777e-01	1.4955376e-01	-2.0236522e-01	-1.3915609e-01	7.7243194e-02	-2.5281867e-01	1.8309492e-01	-2.8719991e-01	-9.5944248e-02	-2.0420143e-01	-2.4246112e-01	-4.8273948e-01	-1.8777834e-01	2.8692514e-01	4.2096299e-01	-7.9091018e-01	2.3023655e-01	2.1471572e-01	2.1159607e-01	4.6693608e-01	-3.3057708e-01	2.4088328e-01	-2.0185590e-01	4.7642211e-03	-2.6388504e-02	-2.2065051e-01	-6.5193683e-02	1.1270110e-01	5.4593764e-02	2.3277096e-01	-1.0300910e-01	-8.3705381e-02	2.2031567e-01	3.5253951e-01	2.7435485e-01	-1.5134585e-01	2.6702106e-01	-2.3864737e-01	-5.0276633e-02	5.7584744e-02	-1.5788645e-01	-2.3167841e-01	3.5192754e-02	-2.1919169e-02	2.9602107e-01	-9.9311955e-02	-2.1467801e-02	3.3246275e-02	1.7812593e-01	-1.9827409e-01	1.1633509e-01	-3.0184212e-01	2.3095430e-01	1.6855103e-01	-1.1984198e-01	-1.7168066e-01	-2.9655248e-01	-8.5424587e-02	-1.5730068e-01	2.3468865e-01	-1.6402563e-01	-1.0030033e-02	-9.1905087e-02	7.0436910e-02	1.9410147e-01	-1.9150205e-01	3.7328552e-02	-2.3107260e-01	-1.2928358e-01	-2.8905377e-01	1.4351481e-01	-1.8078567e-01	-2.3842262e-01	1.6777080e-01	-2.7097401e-01	2.2294465e-01	1.8641183e-01	1.4576736e-02	-3.1395173e-01	-1.1593173e-01	-3.2961601e-01	-2.8746486e-02	-2.2661284e-01	1.5753898e-01	-1.8562549e-01	-2.6399043e-01	6.4691864e-02	2.4188142e-01	1.4346859e-01	-8.3322801e-02	7.9702653e-02	2.2981342e-02	-1.2194774e-01	-2.5883204e-01	-5.3658035e-02	-4.3970224e-02	2.5447351e-01	2.0134377e-01	1.7917630e-01	2.6328447e-01	-3.8212156e-01	-7.2375365e-02	-2.6940045e-01	1.7207003e-01	-2.9920200e-01	2.0115890e-01	-1.4441597e-01	-9.1043867e-02	3.1427599e-02	-8.6396873e-02	-2.0491568e-02	-9.6654437e-02	-8.7313287e-02	2.0775010e-01	2.5909778e-01	1.1745843e-01	-3.2141536e-01	1.4396755e-01	-2.8714961e-01	-1.1538920e-02	-4.1598624e-01	2.9731038e-01	1.6968288e-01	3.1592700e-01	1.6208817e-01	2.5263137e-01	-1.4192632e-01	-6.7669526e-03	2.5519648e-01	-4.1558594e-01	2.8086913e-01	-1.4799583e-01	1.0432643e-01	-1.0639028e-01	1.3218701e-01	1.6901983e-01	5.0710947e-03	-1.2734573e-01	-2.5833324e-01	5.8710719e-03	1.8156902e-01	-3.8289675e-01	-2.0591861e-01	4.3414295e-01	1.8775092e-01	1.3953079e-02	1.0406508e-01	5.3131551e-01	2.1822266e-01	2.4037221e-01	1.3448027e-01	1.8420358e-01	-6.9103949e-02	-2.0898986e-01	-4.5552361e-01	-2.3143193e-01	-1.4632043e-01	2.4884637e-01	4.5903724e-02	-2.8192052e-01	1.6561954e-01	-2.0514064e-01	2.2500338e-01	6.8530310e-03	-3.0926594e-01	2.0248206e-01	-1.5466331e-01	-1.8973184e-01	-2.1563642e-01	-1.4057440e-01	2.1367040e-01	-1.5387285e-01	-1.8186450e-01	4.0005118e-01	6.2341341e-03	-1.5140699e-01	-2.5990996e-01	2.6912412e-01	4.8242994e-03	3.4562984e-01	6.9813088e-02	1.1509802e-01	3.9676078e-02	-1.8398736e-01	6.7226231e-02	-3.5296347e-02	2.9753581e-01	-2.2667491e-01	2.2240496e-01	-2.5912663e-01	-1.5612067e-01	1.4749835e-03	2.7116072e-01	-1.8031974e-01	1.0944501e-01	2.8245389e-01	-2.0345359e-01	-1.0473743e-01	1.4336674e-01	-3.3084816e-01	-9.4474591e-02	1.7927599e-01	-1.8784247e-01	2.5494921e-01	7.0879869e-02	3.0157441e-01	1.1973801e-01	7.8285183e-04	-3.8967043e-02	-1.2358002e-01	-5.6975463e-04	-6.2907964e-02	-2.6708111e-01	2.7626649e-01	-1.0497718e-01	-2.4171608e-02	-2.2565213e-01	2.8298691e-01	-3.3206183e-01	2.9195404e-01	-1.7366795e-01	2.0597538e-01	-1.1773983e-01	-1.5680300e-01	-3.2893360e-01	4.8424679e-01	2.0527080e-01	2.0676073e-01	-6.3437857e-02	9.7265348e-02	-4.5400482e-01	-3.6136740e-01	2.0166716e-01	5.6543227e-02	8.5405238e-02	-1.1855936e-01	2.7832773e-01	-1.5382262e-02	-4.5783445e-02	-3.1160411e-01	5.5772342e-02	-1.2774596e-01	-1.0674859e-01	3.9117339e-01	-2.5597882e-01	-2.1028383e-01	4.4201899e-02	-1.7699432e-02	-2.5858101e-01	1.9276357e-01	1.7698254e-01	-3.2233506e-01	3.3503434e-01	-3.1940806e-01	-1.9895837e-01	2.3857386e-01	-2.2806793e-01	3.9820254e-01	-2.0854935e-01	1.6436173e-01	-7.3121750e-01	-4.5070153e-02	-2.8619659e-03	-7.0872590e-02	2.0868193e-01	3.8925368e-01	-2.3034705e-01	9.4766520e-02	-7.0753776e-02	-1.9722684e-01	3.5586156e-02	-3.4941912e-01	-1.3070160e-01	-1.0173616e-01	7.0583071e-03	-6.9534385e-01	4.9911377e-01	2.1828875e-01	7.5193152e-02	-6.6314656e-01	5.3629510e-02	2.1420905e-01	1.8682539e-01	-3.3091426e-01	-2.3324843e-01	1.8754256e-01	4.2197000e-02	-7.7834375e-02	-3.7006640e-01	-3.0705994e-01	7.5121805e-02	-2.9898651e-02	-5.6388982e-02	1.8734725e-01	-1.0965203e-01	1.3258232e-01	5.5068761e-01	-4.6956480e-01	3.5038445e-02	2.5090441e-01	1.4029384e-01	1.6406666e-01	-2.0390986e-01	-2.8604153e-01	-2.9344562e-01	-1.7538138e-01	1.1715154e-01	-2.7148682e-01	-2.6847258e-01	-1.5667172e-01	-2.2568984e-01	-2.7102867e-01	-3.7856784e-01	1.6988243e-01	-1.7719014e-01	5.1036600e-02	-1.6718785e-01	3.4715459e-01	2.3652866e-01	-6.6329196e-02	-1.5077023e-01	-5.4028583e-01	-7.2639570e-02	1.2150104e-01	-6.9039583e-02	2.5006810e-01	-5.3420868e-02	4.3447766e-01	2.3014730e-01	1.0914536e-01	-1.1592709e-03	2.1672885e-01	-1.4052093e-01	-1.1878262e-01	-3.1796482e-01	2.3759110e-01	-2.0995986e-01	4.4051018e-03	-1.2852351e-01	-1.6478139e-01	-7.3826946e-03	1.1636931e-01	-2.1278703e-01	5.9908997e-02	-2.7169251e-01	-1.5716945e-01	-2.2133750e-01	2.4417502e-01	1.6584295e-01	-2.8997034e-01	-8.6986654e-02	2.9305747e-01	5.5743616e-02	-4.4051716e-01	-1.1720117e-01	2.2375277e-01	-1.1658351e-01	3.0880037e-01	-1.3846359e-02	7.4067540e-02	-1.4298473e-01	-9.7657450e-02	-8.0886096e-02	1.0318357e-01	2.0492634e-01	-9.7148597e-02	1.7480190e-01	3.1433992e-02	2.9293334e-01	-1.5230861e-01	-2.2764648e-01	3.4742010e-01	-1.7318416e-01	1.2048852e-01	4.3216124e-02	3.6892232e-01	1.4746985e-01	-2.4800935e-01	1.8414633e-01	7.0074648e-02	3.2723716e-01	-1.1724954e-01	9.0270109e-02	5.2113645e-02	-7.4012047e-03	-2.6100102e-01	-8.9347586e-02	-9.2030793e-02	6.3772008e-02	-6.3976556e-02	-1.4244291e-02	-2.6773226e-01	-2.4201064e-01	2.8988332e-01	6.8575710e-02	-1.1085470e-01	2.9727694e-01	2.6349992e-01	1.0049358e-01	-1.8527265e-01	1.3518795e-01	1.8221846e-01	1.0548080e-01	3.3337049e-02	1.1856918e-01	1.0264950e-01	5.1630843e-02	-5.7877988e-01	-9.3382493e-02	2.3654413e-01	7.7377789e-02	2.7701011e-01	-3.6367640e-01	3.1641659e-01	-8.8868765e-03	1.6835156e-01	-1.1673737e-01	-1.5666705e-01	-1.1270530e-01	-4.4455763e-02	-1.6677275e-01	4.0976614e-02	-1.3627225e-01	3.4780145e-01	2.3990418e-01	2.6003310e-01	1.4039332e-01	-2.4668851e-01	4.6413429e-02	-3.9823839e-01	2.8422408e-02	5.0419521e-01	-3.6497691e-01	-9.6628308e-02	-1.6890023e-02	1.0958038e-01	2.0425091e-02	-1.7219983e-01	-1.0324499e-01	-1.5091144e-01	-1.6224328e-01	1.9638053e-01	-3.7685804e-02	5.3428173e-02	-1.6296813e-01	4.6757028e-02	2.2297277e-01	-8.1177831e-02	1.0621632e-01	-3.4737289e-01	-2.3590021e-01	2.5585589e-01	1.6392700e-01	1.7858264e-01	-2.1727562e-01	-2.9072270e-02	2.2887047e-01	5.8360416e-02	-2.7763736e-01	1.5087608e-01	-2.0627169e-01	-7.1119912e-02	-8.1689455e-02	-3.0978367e-02	-3.2314375e-01	2.7367386e-01	-3.0852109e-01	2.5713164e-01	-2.4363820e-01	1.4175130e-01	2.1592769e-01	2.6492414e-01	-4.7314554e-02	7.4437380e-02	-1.7595756e-01	-3.7590063e-01	-1.3189424e-03	1.3166553e-02	-2.6945072e-01	-6.4933129e-02	1.1066097e-01	3.4067735e-01	-1.1284111e-01	5.3618564e-03	2.2479261e-01	-1.0253977e-01	-6.3067889e-01	9.3690291e-02	4.4986367e-02	1.0491905e-01	-2.5709084e-01	-1.7758998e-01	1.3628653e-01	-5.2228373e-02	-1.0674869e-01	-5.3308338e-01	-8.4545620e-02	-2.3786595e-01	8.1376024e-02	-1.6943166e-01	2.6808202e-01	-1.0847349e-01	1.4738038e-01	2.7634612e-01	-4.0680010e-02	-1.6961513e-01	-8.7642381e-03	8.6714484e-02	-3.7457809e-01	-3.1484941e-01	3.2491967e-02	3.8016099e-02	1.5071145e-01	-3.1177515e-01	2.9498717e-01	8.5979126e-02	-1.8987541e-01	2.1964254e-02	8.2979888e-02	1.2804465e-01	-2.6264220e-01	-8.2016416e-02	7.2998568e-02	1.5800530e-01	9.9423431e-02	-2.8434333e-01	1.1616936e-01	-3.0279702e-01	-1.4937809e-01	2.8500214e-01	-3.2158846e-01	-2.7844766e-01	1.5959090e-01	6.5355368e-02	4.0959895e-02	-2.1742445e-01	2.6698333e-01	1.4756580e-01	4.8425578e-02	9.2300981e-02	2.0690821e-01	-6.6634834e-02	-8.0116928e-02	1.1369298e-01	1.5470816e-01	-1.0095814e-01	-9.0017237e-02	-2.2272338e-01	-6.7799008e-01	-1.9050257e-01	-5.0779041e-02	3.2727864e-02	-1.5902834e-01	8.8743821e-02	1.0085598e-02	-1.6637656e-01	-1.8125327e-01	-1.1120266e-01	-5.3291965e-02	-4.2200863e-01	3.5812319e-03	1.5322624e-01	-2.9996562e-01	1.2711671e-01	1.6362745e-03	-6.2178141e-03	-2.9590490e-01	2.3732901e-01	1.9663586e-01	8.7775797e-02	1.1485471e-01	1.9846082e-01	3.4454039e-01	1.6139244e-01	1.1696191e-02	6.9078848e-02	-3.5620578e-02	-3.8389780e-02	5.5982914e-02	1.0933489e-01	1.1213544e-01	-3.6893624e-01	-2.6562101e-01	-2.0923413e-01	-2.0170862e-04	2.5679153e-01	-1.9306984e-02	1.1188880e-01	-1.4277261e-01	-2.1583746e-01	-5.4556288e-02	-5.3200471e-01	2.6930410e-01	-1.0309944e-01	2.6243976e-01	-1.9985679e-01	-1.8852229e-01	9.0540320e-02	-9.8960698e-02	5.7338446e-02	8.2259580e-02	2.7153894e-01	-2.4352460e-01	-7.6932147e-02	-3.0284394e-02	-2.6882902e-01	-5.5137943e-02	-2.2871594e-01	-2.7669039e-01	9.6378773e-02	-1.8784040e-01	8.3825998e-02	2.2523254e-01	-1.0904060e-01	2.0894437e-01	-2.0342126e-01	1.7863554e-01	4.8393756e-02	2.5687288e-02	3.2075383e-02	2.9899409e-01	2.2316816e-01	-1.3668941e-01	1.2986195e-01	-1.3569468e-01	2.4224341e-02	-2.9332611e-01	-4.6288332e-01	-1.0012232e-01	-9.1226950e-02	-2.5037158e-01	-1.2177892e-01	6.6813633e-02	2.1050391e-01	1.8005635e-01	-3.1011438e-01	-3.5988480e-01	1.2943296e-01	-2.9171646e-02	1.4674570e-01	1.0792585e-01	-1.7499167e-01	2.3696169e-01	-1.7198658e-01	-1.1937758e-01	2.1118531e-01	3.4105305e-02	3.0897361e-01	2.4158235e-01	1.5161391e-01	-5.7054482e-02	7.7592656e-02	1.3839373e-01	-3.4332952e-01	1.5352212e-01	-3.1340092e-01	-2.6641361e-02	-1.3228509e-02	-1.0655636e-01	2.4644473e-01	2.0419492e-01	-2.2902611e-01	1.0338913e-01	1.6619928e-01	-2.0614418e-01	8.6438149e-02	1.5665673e-01	-2.4470405e-01	-8.4200673e-02	-2.2899589e-01	2.5770256e-01	-2.4453504e-01	1.1198716e-01	-9.7280525e-02	-2.9243326e-01	1.2465783e-01	-3.6076486e-02	2.2024629e-01	-1.0817868e-01	-4.9099717e-02	-9.1871634e-02	-4.3506388e-02	-2.3511018e-01	6.2480096e-02	-3.1384611e-01	1.2033762e-01	-2.4720766e-01	-2.0932876e-01	-2.2758968e-01	2.1480389e-01	-3.7915072e-01	1.2207218e-01	1.7237663e-01	2.3741750e-01	-2.3774660e-01	-2.5682780e-01	-2.1130517e-01	1.9150442e-01	-2.3770778e-01	-6.4635269e-02	8.4041178e-02	3.4776479e-01	-1.5013807e-01	1.5934916e-01	7.9029612e-02	-7.1513909e-01	4.3406260e-01	-4.9202301e-02	-1.5529396e-01	-1.8149701e-01	1.9300254e-02	3.2599226e-01	2.5781313e-01	-2.7522046e-02	-2.2388087e-01	3.3234718e-01	1.5472212e-01	-2.8326264e-01	-9.3958065e-02	1.0580260e-01	-2.2111726e-01	2.9868966e-01	-4.2977098e-01	1.8644305e-02	-1.3378280e-01	1.2606792e-01	-1.3819712e-01	1.5598432e-02	1.1847216e-02	2.4917589e-01	-2.3749554e-01	-1.0831697e-01	-4.8487643e-03	2.0118828e-01	6.1486747e-02	-1.2878636e-02	2.9289949e-01	-2.3108712e-01	-2.0100433e-01	2.2328191e-01	-1.5075299e-01	-2.1165785e-01	-2.9089727e-02	4.2230538e-01	7.9166815e-02	-1.3307111e-01	-2.4405780e-01	1.7494197e-01	8.7496571e-02	-7.1821481e-02	-7.3881185e-01	3.5433400e-01	-1.2777872e-01	1.5786366e-01	-3.0446845e-01	-1.2995495e-01	-2.6515195e-01	-1.7147110e-01	-1.1950753e-01	-1.4379248e-01	-1.0858951e-01	7.8369863e-03	4.4418898e-01	-9.8231636e-02	4.7495507e-02	-4.1581443e-01	-1.1149856e-01	1.0168999e-01	-2.8894809e-01	8.2904197e-02	1.0777924e-01	9.5796637e-02	-1.5146334e-01	-3.4854910e-01	-8.4600353e-01	-1.4458760e-02	-5.8201587e-01	5.9285885e-01	-6.0880549e-02	6.0709625e-01	-3.7622803e-01	-4.5527080e-01	2.4495872e-02	-5.2800679e-01	-1.5154746e-01	-2.9293418e-01	4.2738858e-01	2.5946662e-01	5.8736295e-02	4.7122024e-02	1.7556608e-01	-6.7925621e-03	1.5917136e-01	4.1438166e-02	3.7232581e-01	2.1442282e-01	1.8086037e-01	-4.4818435e-02	-2.7259555e-01	2.8812953e-03	9.2453003e-02	1.8744882e-02	-1.2352275e-01	2.2822591e-02	-4.4007936e-01	-2.3035507e-01	2.5732394e-03	2.0609012e-01	-4.2028207e-01	5.7055390e-01	1.2246033e-02	-1.6127445e-02	4.2626042e-02	1.2656038e-01	-2.7865148e-01	-4.4567607e-02	1.0859608e-01	-1.8672141e-01	3.9424864e-03	-2.3276190e-01	-2.6815507e-01	-1.5742978e-01	6.5844521e-02	-2.5536448e-01	1.3822025e-01	-1.0192757e-01	-3.0915815e-01	-3.3196568e-01	-1.0622618e-01	2.1937385e-01	-1.9566055e-01	2.7525383e-01	1.0525984e-01	-1.5988180e-02	6.8426810e-02	1.4746039e-01	-2.8460094e-01	-3.2034656e-01	1.0950693e-01	-1.2970285e-02	1.1614302e-01	-2.3136875e-01	-1.5610074e-02	-4.1743021e-02	-7.7939756e-02	-1.9873169e-03	1.2467906e-02	3.3062476e-01	7.8188796e-03	-2.0973873e-01	-2.6837364e-01	1.4775787e-01	-2.7304944e-01	1.7540556e-01	-1.8919170e-01	7.4658245e-02	-2.4382521e-01	7.8655839e-02	-1.4637254e-01	-1.3826191e-03	7.4660666e-02	-1.9117221e-01	1.7076613e-01	-2.3256502e-01	-1.8081059e-01	-2.1474290e-01	1.9923598e-02	-2.4742156e-01	8.1704915e-02	-1.2928538e-01	-2.4451746e-01	-1.3721550e-01	1.1419431e-01	-1.6964896e-01	-2.1045163e-01	-2.2594504e-01	1.8638608e-01	1.6829756e-01	-1.9208079e-02	-1.7995298e-01	-1.7589766e-01	7.8134686e-02	-1.0639733e-02
-1.6926678e-01	5.3405818e-02	2.6931310e-01	3.2763982e-01	3.3167192e-01	-1.7772891e-01	-6.4653107e-03	-2.8473091e-01	1.9250035e-01	-2.6592422e-01	-3.1227279e-01	-1.0344709e-01	-2.8005192e-01	5.7180798e-01	7.6606297e-01	3.1053674e-01	-1.3253567e-01	3.8840663e-01	2.5192654e-01	-1.9991362e-02	-1.0461637e-01	-2.0245737e-01	-1.9043952e-01	-3.1713176e-01	3.9716130e-01	-2.7732566e-01	3.1678724e-01	3.6394888e-01	-6.2800717e-01	-2.4416360e-01	1.1416908e-01	-2.6852968e-01
