9
input	11
dense	32
relu	0
dense	32
relu	0
dense	32
relu	0
dense	1
linear	0
7.999999979801942e-06
3.7093360e-02	-7.2502740e-02	-1.3122933e-01	1.1597605e-01	-1.3971803e-01	-1.3882987e-02	-4.2251673e-02	-1.9164123e-02	0.0000000e+00	8.4181197e-02	7.8175500e-02	-6.3650660e-02	-3.8276322e-02	-3.4603979e-02	-5.8029931e-02	3.5192795e-02	-7.1840651e-02	-7.4934497e-02	-1.0965557e-01	-1.0275173e-02	-1.0502031e-01	1.0520536e-01	-8.4531546e-02	-1.7189643e-01	0.0000000e+00	0.0000000e+00	-5.7950072e-02	1.9339714e-02	-3.6660459e-02	-9.4888858e-02	1.1176262e-02	-3.7289497e-02
-6.2174082e-02	-1.9722603e-02	-7.1488656e-02	3.1465165e-02	-4.1979580e-04	3.0168450e-02	-2.5043368e-02	7.6072649e-03	-4.0616397e-02	-4.0616345e-02	-5.2954387e-03	-2.6771745e-02	3.7129439e-02	-7.0586979e-02	-2.8782930e-02	-4.3678112e-02	-6.4845462e-03	8.5786795e-03	-6.1885335e-02	-8.4953196e-02	-3.6114980e-02	2.2124209e-02	-1.2085114e-02	-2.2793589e-04	-3.7331540e-02	-6.7842193e-02	1.3510192e-02	-8.7097324e-03	-6.3047513e-02	-4.4594061e-02	-5.2751452e-02	-9.5899686e-02
9.2655681e-02	-2.3420069e-02	8.2941083e-03	8.2432916e-03	-1.2544324e-02	-2.0206090e-02	-1.0511350e-01	-5.1104218e-02	-7.3941708e-02	-1.1155590e-01	-7.7182971e-02	3.4388911e-02	-2.1078678e-02	-2.0549431e-02	-4.6871430e-03	-4.3630149e-02	-3.7645102e-02	-6.9897726e-02	-4.7274292e-02	-9.3137641e-03	-3.5133585e-02	3.3340171e-02	1.7333560e-02	-7.4064411e-02	-1.8370716e-03	-6.6104233e-02	-8.8519104e-02	-4.1899234e-02	-7.7553824e-02	-5.9763085e-02	-4.4445995e-02	-1.1850787e-02
-4.5468360e-03
-8.2924291e-02	1.9057533e-01	1.9293711e-01	-3.2827169e-02	-8.0037732e-03	-1.5228575e-01	-4.7569517e-02	-5.1125690e-02	2.2023180e-01	5.6966358e-01	-1.0103958e+00	-2.8687309e-02	1.8073137e-01	1.8655880e-01	-1.5421893e-02	-4.1183215e-03	-1.5831426e-01	2.6708496e-01	3.3714482e-01	6.0189933e-02	4.6749163e-01	-4.3606140e-02	-8.5114650e-02	-1.7489223e-01	2.0103954e-01	2.5923818e-01	3.7774822e-01	3.4521100e-01	5.2071597e-02	4.0401757e-01	1.3996796e-02	5.9436190e-01	2.4518302e-01	-2.5132754e-01	-9.3050636e-02	2.1632361e-01	-1.3096862e-01	1.8715505e-01	1.2301231e-01	5.2235261e-02	1.8251422e-01	2.7208179e-01	2.1210888e-02	3.4548452e-01	-6.8215072e-01	1.8528201e-01	-4.2340511e-01	-2.4141197e-01	-1.5886834e-01	1.7295903e-01	6.4073630e-02	-1.3744146e-01	3.9133094e-02	-6.0319769e-01	-6.8588071e-03	-1.7056948e-01	1.0252596e-01	-4.9818028e-02	-3.0934691e-01	1.9467787e-01	-5.1407270e-02	4.1419312e-01	-4.8971549e-02	-5.8942404e-02	3.9744934e-01	-9.2708915e-03	1.6917336e-01	1.7966963e-01	-2.6679887e-02	2.6133308e-01	-6.3119590e-02	1.9643360e-01	-4.4813243e-01	-1.3806033e-01	2.4204080e-01	2.4530950e-01	6.6779330e-02	6.7564599e-02	3.5499394e-01	3.1186113e-01	3.0582857e-01	-2.2492579e-01	-3.5700962e-01	-3.6359048e-01	-8.0322653e-02	-2.2596195e-02	-5.6478374e-02	2.6930887e-01	1.1931390e-01	3.0322307e-01	-3.1374308e-01	-1.7786774e-01	-2.9662624e-01	-1.0407674e-01	-2.3633476e-01	3.5529453e-01	2.4594039e-02	3.9399952e-02	-2.7553663e-01	-1.9929144e-01	-3.5072792e-01	-7.4939869e-02	3.5940742e-01	3.0823948e-02	-1.2035385e-01	-5.7289320e-01	-1.9136968e-01	2.7474001e-02	-8.1907779e-01	-3.4016213e-01	6.4505768e-01	-1.6524604e-01	2.0166846e-01	-2.2848044e-01	-9.2128180e-02	-3.6048099e-01	-2.6044888e-02	1.0994015e-01	2.4937967e-02	8.1517525e-02	1.0292227e-01	2.5422376e-01	-3.2996839e-01	3.3096221e-01	-2.6970958e-02	1.4721145e-01	-3.2239282e-01	2.4845883e-01	-9.2836641e-02	-1.1795923e-01	1.1520065e-01	2.9122335e-01	2.4007182e-01	3.2352388e-01	-2.7837081e-02	-2.7069882e-01	-1.2062930e-01	-2.8553492e-01	-4.5289066e-01	2.0560613e-02	6.5005854e-02	4.6899199e-01	5.0215125e-01	-1.1047041e-01	-1.6897973e-01	3.8101530e-01	7.4484356e-02	-3.8472917e-02	-2.3127124e-01	-4.6436089e-01	-3.5504341e-01	-2.0234507e-04	3.6674774e-01	5.4078851e-02	1.1825765e-01	3.0091530e-01	1.2792888e-01	-3.8022301e-01	3.4675069e-02	-4.1066700e-01	2.3417415e-01	-3.4808982e-02	-1.9252776e-01	6.0720518e-02	1.0889308e-01	-4.1190967e-01	-5.2303725e-01	-4.6667168e-01	-1.3229816e-01	2.5627321e-01	-5.6479074e-02	1.0565636e-01	1.5147288e-01	-1.5000649e-01	4.2241797e-02	-2.0021728e-01	3.7666655e-01	1.2513448e-01	-3.1014580e-01	1.7062381e-01	-2.4744140e-01	-1.0526547e-01	-1.0516637e-01	-5.2252974e-02	-1.5494281e-01	-1.2788644e-01	-6.7596024e-01	-1.2073405e-01	1.9032824e-01	3.1101331e-01	7.9914063e-02	-3.0721804e-01	2.9805076e-01	-3.9726645e-01	-1.7486900e-01	-1.0196306e-01	4.0423477e-01	-7.5690824e-01	2.2731813e-02	2.7890158e-01	4.1034749e-01	-4.0479191e-02	1.9032191e-01	2.4248445e-01	-2.4272077e-01	4.3396670e-01	1.1095992e-02	4.0856919e-01	2.0586835e-02	3.0965319e-01	-2.7113968e-01	1.2309675e-01	-7.9338238e-02	8.2665998e-03	-5.6078177e-02	3.0405018e-01	3.6540890e-01	6.8942226e-02	8.6846910e-02	-1.4792456e-01	2.9269284e-01	1.6068254e-01	-8.2272567e-02	-2.8915927e-01	1.3086942e-01	-3.3239779e-01	1.5322058e-01	-2.0324707e-01	1.4997017e-02	4.3791795e-01	1.4553703e-01	8.9370713e-02	-3.2496660e-03	-1.3173887e-01	-4.1709328e-01	5.1443577e-02	3.2929075e-01	1.7162862e-01	6.8278126e-02	1.0813582e-01	-1.5585879e+00	1.7753673e-01	7.7538073e-02	-3.2091922e-01	-1.8251795e-02	1.3340837e-01	2.3745032e-01	1.8649247e-01	-3.0863354e-01	-2.0028736e-01	8.4133409e-02	4.4695556e-02	-2.5774655e-01	5.2998358e-01	-2.6795748e-01	-3.2518008e-01	5.5465579e-02	-1.4848885e-01	9.3626063e-03	4.3144718e-01	-2.5194898e-01	3.7823543e-02	1.1436226e-01	2.7299604e-01	1.4730883e-01	1.8467695e-02	-3.3571625e-01	3.6870891e-01	-1.7858814e-01	-3.0517071e-01	2.8415066e-01	3.6740792e-01	-3.7641734e-02	-1.3352364e-01	-2.3987131e-01	3.0258954e-02	-1.4778584e-02	3.0815434e-01	-1.7080601e-01	-3.1319827e-02	-3.1039515e-01	-5.9721768e-03	2.7544731e-01	-1.7972258e-01	-2.2403881e-01	-1.1198097e-01	2.7411470e-01	3.2794741e-01	2.8997564e-01	3.2031991e-02	1.9748001e-01	-2.6834956e-01	-4.3676573e-01	-2.0600194e-01	-1.1368220e-01	2.8312898e-01	-1.6210435e-01	6.9221884e-02	2.4870118e-01	-3.5826954e-01	-3.2016921e-01	-2.9813784e-01	6.2148958e-02	4.9495572e-01	-1.0675175e-01	9.3265638e-02	-4.9787059e-01	2.3403442e-01	1.6862804e-01	-2.6031715e-01	-1.6506787e-01	8.5782543e-02	-2.1635246e-01	5.5761900e-02	1.1882637e-01	-3.0223519e-01	-1.3154423e-01	-1.2449051e+00	4.5043800e-02	4.7647383e-02	8.5144937e-02	-4.0744403e-01	1.6189368e-01	7.8409463e-02	5.7441920e-02	-5.2874804e-02	-1.5477273e-01	-3.4353901e-02	3.4409973e-01	-5.1247430e-01	-1.5860765e-01	-1.2008115e-01	-3.7587523e-01	3.3230644e-01	2.4110568e-01	1.4774513e-01	-2.8981555e-01	-8.8234358e-02	-1.2604331e-02	2.0817779e-02	5.6365907e-01	2.3961216e-01	-1.7958491e-01	2.3334815e-01	-4.1737923e-01	1.1016429e-01	-3.5683185e-01	1.0840684e-01	-3.4172192e-01	-4.0651720e-02	-6.1328471e-01	-3.7915918e-01
-2.8905678e-01	1.2501151e-03	2.0537922e-02	-7.9631202e-02	-2.2188652e-01	-8.9451820e-02	2.6279089e-01	4.4874046e-02	2.9029813e-01	1.7117821e-02	-2.7468389e-01	-9.0064846e-02	-2.1603245e-01	-4.3916725e-02	1.3736633e-02	-9.1263102e-03	-6.9103375e-02	2.4384260e-01	-9.6437056e-03	1.2817815e-01	8.3614565e-02	-3.1835324e-01	-7.4203394e-02	-2.0973983e-01	1.7410439e-01	2.4410489e-01	3.6972232e-02	-2.0364136e-01	-1.9696647e-01	2.7032867e-01	-1.3763886e-03	1.4642517e-01	8.1123270e-02	-3.5666663e-02	-1.7742684e-01	2.1517354e-01	-3.9192218e-02	2.3156972e-01	-1.1930103e-01	1.2266456e-01	-6.7537561e-02	-3.8617811e-01	-3.4875762e-01	-1.3511211e-01	-2.2889516e-01	-1.1299645e+00	2.4450827e-02	-1.9165611e-01	-1.1037763e-01	2.0723900e-01	-3.6874500e-01	1.8222693e-01	-1.9120811e-01	-7.8938387e-02	3.3531506e-02	2.0152488e-01	1.2252897e-01	-1.8823548e-01	3.5724479e-01	2.9694569e-01	-2.5678468e-01	1.3911259e-01	-1.9210830e-01	-1.9214770e-01	-9.8756500e-02	-1.7608618e-03	-4.5045981e-01	-3.0006146e-01	1.9855149e-01	-2.0872918e-01	1.9242385e-01	-1.0954856e-01	-1.3585083e-01	-3.5228163e-02	2.0864326e-01	-2.2316226e-01	3.4203348e-01	-1.7512852e-01	-7.4469820e-02	1.2528667e-01	1.7925689e-01	-3.7966892e-01	-4.3349168e-01	2.4495684e-01	3.1744307e-01	-2.8096095e-01	1.1876337e-01	2.2211918e-01	-1.5500923e-01	2.4457815e-01	2.0337521e-01	1.4110705e-01	4.7424745e-02	2.9991275e-01	3.2488325e-01	7.9247795e-02	-1.2399233e-01	-1.7621464e-01	-1.5276116e-01	1.5531255e-01	-6.6694766e-02	1.9679511e-01	7.6908104e-02	-2.4303541e-01	2.6208422e-01	-4.9181525e-02	1.6958596e-01	-2.3920396e-02	-3.0750075e-01	2.2397687e-01	7.6242015e-02	-7.7605816e-03	-1.9775538e-01	-7.2574764e-02	3.2828090e-01	-2.0992477e-01	2.4687022e-01	-3.7340498e-01	-3.5106432e-01	1.1068244e-01	-7.4503422e-02	2.0892590e-02	1.2703343e-01	5.8138454e-03	-3.4781474e-01	9.0476193e-02	2.0285547e-01	3.5355683e-02	3.4602329e-01	-3.1340685e-02	1.1389555e-01	-1.4485170e-01	-4.8945355e-01	-8.6457327e-02	-3.9863411e-02	1.7244291e-01	9.0149045e-03	-2.4824595e-01	-2.3209611e-01	2.0473439e-02	2.4850238e-02	1.3908844e-01	-2.5472650e-01	-2.2112879e-01	7.1669132e-02	-7.3973961e-02	4.5912641e-01	-3.0522943e-02	-1.3408078e-01	-3.3385947e-03	2.5281242e-01	2.3032561e-01	-1.2916400e-01	2.5278351e-01	3.7015277e-01	-3.2174712e-01	3.8879897e-02	-2.3276109e-02	3.0430179e-02	1.9024804e-01	3.4792997e-02	1.9135180e-01	-6.0003674e-01	-1.0358276e-01	-1.6357203e-01	-9.6821025e-02	3.6349148e-02	2.2322364e-01	-1.6577585e-01	-3.8753483e-01	1.3970710e-01	-1.0843270e-01	2.9507259e-01	-2.5298825e-02	1.3563538e-01	-1.4169723e-01	-1.2449898e-01	1.0281225e-01	-6.1608601e-01	1.6112107e-01	4.9547050e-02	2.6306555e-01	1.3828538e-01	1.5182708e-01	1.9298211e-01	5.2282006e-02	-8.7663837e-02	2.9741085e-01	1.2897578e-01	-2.6212928e-01	-2.1094766e-01	3.4973156e-01	-3.1585717e-01	1.3675128e-01	-1.4976507e-01	1.3772112e-01	-4.8134759e-01	2.6114088e-01	2.1497644e-02	-3.2432885e-03	-5.9293762e-02	-9.5172875e-02	2.5615224e-01	1.6727878e-01	1.8511502e-01	-4.8718810e-01	2.5583155e-02	-1.9892991e-01	1.7416172e-02	8.9684594e-04	-5.9677553e-01	-1.5527992e-01	3.2099378e-01	1.8454567e-01	-1.5260792e-01	3.3630645e-01	2.6714471e-01	-6.2959924e-02	-9.5597394e-02	5.0918126e-01	5.1468848e-03	-3.3791196e-01	-1.5442930e-01	7.6505922e-02	2.1681170e-01	1.2610705e-01	3.0516618e-01	1.5696836e-01	-6.7112513e-02	5.9641819e-02	2.1723326e-01	-4.4704705e-02	-1.3347766e-01	5.0790426e-03	-2.2222562e-01	3.7171420e-02	6.5955870e-02	1.7031333e-01	-1.4903758e-01	-2.3309965e-01	-3.3318028e-03	3.4639060e-01	4.2067868e-01	5.7703700e-02	-1.8310307e-01	7.7982363e-03	-3.4648575e-02	-2.0437069e-01	-4.0621400e-02	1.3814750e-01	1.9111638e-01	-4.8051572e-01	-1.9947620e-01	5.7369858e-02	2.7607834e-01	3.7909403e-02	-1.3806313e-02	-9.8408543e-02	-2.3673932e-01	1.3290034e-01	2.6578155e-01	-8.4705129e-02	-2.0943420e-01	-3.1266674e-01	9.4027549e-02	9.4697393e-02	1.1420704e-01	2.3857988e-01	-3.8660586e-01	-3.7898016e-01	-5.5264909e-02	-8.7466523e-02	-1.1815135e-01	2.8839976e-01	-3.3169623e-02	2.0852451e-01	3.1849760e-01	-1.5588138e-01	6.6495739e-02	3.1723306e-01	-1.6152044e-01	5.0272882e-02	-8.2616778e-03	2.9913220e-01	-1.7156169e-01	1.3511558e-01	-2.9118171e-01	-2.6736960e-01	-9.8607384e-02	2.0567927e-01	-2.3798607e-01	-1.6924067e-01	-2.0946653e-01	2.0833895e-02	-2.1108809e-01	5.8199227e-02	3.7994713e-02	6.6884033e-02	-1.3931517e-01	2.9891986e-02	1.5225942e-01	-2.6677939e-01	-2.3722333e-01	-6.6601634e-02	1.3272139e-01	-3.2053712e-01	1.5523270e-01	-1.4966333e-01	1.5822731e-01	2.3615141e-01	-2.5991419e-01	3.1520147e-02	-1.8864785e-01	1.9955888e-01	1.4294246e-01	-3.4152959e-02	-1.6765982e-01	1.3363825e-01	-4.9555909e-02	-1.6683759e-01	-3.3110991e-01	1.1078984e-02	3.9371172e-01	1.9280893e-01	-3.9160657e-01	-1.2966347e-01	6.3774973e-02	-3.4293950e-02	-2.6675159e-01	1.3438880e-01	3.6406302e-01	-1.8321507e-01	8.6242437e-02	-1.6283551e-01	4.0996909e-02	-2.0061393e-01	-2.3573592e-01	-8.9570386e-03	1.7296126e-01	2.1348192e-01	2.4211261e-01	1.5177195e-01	1.7862564e-01	-7.5544380e-02	-2.2831377e-01	4.9071610e-03	2.8808591e-01	-4.4951883e-01	-4.9690481e-02	-1.5075862e-01	3.0536184e-01	-3.7058833e-01	1.9581422e-01	-2.3788348e-01	1.5002748e-01	7.0129007e-02	-1.6125633e-01	3.3170678e-02	-2.7634451e-01	2.2161382e-01	-1.7748684e-02	7.8643858e-02	5.5730045e-02	-2.5696281e-01	-1.0377005e-01	-1.7702733e-01	-1.1482561e-01	2.1418759e-01	2.2776517e-01	-2.5188949e-02	-1.5199664e-01	-1.4530432e-01	2.0698217e-01	1.4431579e-01	-1.8703982e-01	-2.4758816e-01	2.0503488e-01	-2.3160893e-01	-1.8303931e-01	-3.0883643e-01	-2.3750401e-01	1.1012307e-01	-1.3635480e-02	4.7748804e-02	1.4156064e-01	-2.4998030e-02	-1.3357802e-01	-1.4797561e-01	1.7197262e-01	4.2869586e-01	-1.9505432e-01	-3.9041501e-01	-2.4576832e-01	1.2247491e-01	-1.5427738e-01	1.5066887e-01	2.4923854e-01	-1.7821084e-01	1.4399914e-01	4.9688360e-01	-1.7706275e-01	-4.0474515e-02	3.1396806e-01	1.7577036e-01	4.1045737e-01	-7.0236546e-01	-1.4784435e-02	1.6224554e-01	2.8538409e-01	-1.7646678e-01	-1.8750325e-01	3.1201312e-01	-2.0147625e-01	-1.8975627e-01	4.6531461e-02	-1.0186982e-01	1.2382674e-01	-2.5080103e-01	2.0978060e-02	2.1132933e-01	-2.9368434e-02	5.7488140e-02	1.1576943e-01	6.9853559e-02	3.9760530e-02	2.1558624e-02	-4.2862016e-01	1.4549342e-01	-4.8804205e-02	2.0128520e-01	2.1376381e-02	1.4418666e-01	-1.8338548e-01	-5.0137680e-02	6.4854316e-02	-2.2234872e-01	1.7968200e-02	2.8282318e-01	-6.1902761e-02	2.9426935e-01	9.2455775e-02	-8.6344242e-02	-2.7385408e-01	-2.4541944e-02	8.8560596e-02	2.1057257e-01	-1.5744457e-01	1.8119568e-01	-1.0390796e-01	-1.0334656e-01	8.2768105e-02	-1.7920943e-01	1.7289860e-03	2.5567630e-01	-2.9656675e-01	1.6742185e-01	2.7080545e-01	8.8599049e-02	6.7520916e-02	3.1620670e-02	-2.5279719e-01	-1.1157541e-01	2.0708507e-01	-2.4121997e-01	-1.8981378e-01	-2.6483202e-01	2.3401117e-01	2.0178077e-01	-3.5289103e-01	2.0572256e-01	3.9655682e-02	-1.5019940e-01	4.3439895e-02	8.2359940e-02	1.9109190e-01	-2.9661587e-01	-1.8817863e-01	9.2695385e-02	-3.3334067e-01	5.4272320e-02	-3.5399985e-02	1.7384632e-01	-7.2460502e-02	-1.3572769e-01	-2.6484606e-01	3.9395966e-02	6.8832882e-02	-3.0146971e-01	-1.7861503e-01	1.2365805e-01	-1.2054777e-01	1.9105352e-01	7.7534698e-02	-1.8262884e-02	2.4644722e-01	-1.7383367e-01	2.0837811e-01	-1.9560227e-01	1.5799564e-01	4.0726874e-02	1.7491919e-01	-1.9167823e-01	-9.9509187e-02	-2.4481645e-01	-4.9218446e-02	-1.5880474e-01	-2.6550484e-01	-1.0436609e-01	-2.3970783e-01	2.3059784e-01	-2.3675649e-01	2.6319754e-01	-1.7667109e-01	1.3999498e-01	-7.9285791e-03	-4.0099183e-01	-1.8270354e-01	1.2779392e-01	2.5804675e-01	-2.6544333e-01	-2.1184507e-01	-1.1494637e-01	-5.3101730e-01	-4.4243786e-01	6.7157499e-02	-2.1707091e-01	-3.0697741e-02	-7.1843423e-02	-3.2913172e-01	-1.6607141e-01	-2.3355268e-01	-2.9050848e-01	7.9813907e-03	-1.5611239e-01	2.1980086e-01	1.7840488e-01	2.7162948e-01	6.9846421e-02	3.4100436e-02	-1.1584864e-01	1.2997185e-01	2.8636858e-01	4.3989894e-01	-1.6811040e-01	-1.8738523e-01	2.5509918e-01	6.3237339e-01	1.3005893e-01	-5.8462825e-03	-8.2172871e-02	2.2034600e-01	3.5680526e-01	8.8797271e-02	1.7708886e-01	5.7185668e-02	2.9239617e-02	7.9717442e-02	3.0815807e-01	-8.5576229e-02	-2.8020722e-01	-1.6066642e-01	-1.2901841e-01	2.7970180e-01	-2.7886274e-01	1.3811043e-01	-1.8706149e-01	-2.4773306e-01	-1.2157524e-01	-2.3918581e-01	1.4819011e-01	1.7844847e-01	-3.1859201e-01	-1.7263272e-01	-1.0385854e-01	1.3931350e-01	-7.1871854e-02	-2.4462131e-01	-2.8844625e-01	-7.2664474e-03	-2.9526100e-01	5.1232189e-02	1.0594548e-01	-2.0665000e-01	-7.0964731e-02	1.7386824e-01	-7.7553689e-02	1.2689142e-03	-7.4137382e-02	-2.8179413e-01	-2.1279078e-02	-2.3641261e-01	-2.4365886e-01	1.9869371e-01	1.0714459e-01	1.7264830e-01	1.4307672e-01	-4.6480000e-02	1.1157884e-01	-1.9651091e-01	1.3888097e-01	2.8292260e-01	-1.2241693e-01	1.9415969e-01	-9.4033636e-02	-3.1678787e-01	6.2655047e-02	-1.4107269e-01	-3.4021497e-01	4.1875604e-01	2.3882328e-01	-3.2909089e-01	1.4083885e-02	7.2567046e-02	1.1570478e-01	-8.8006109e-02	1.8845299e-01	-6.6830844e-02	-3.9322272e-01	-1.5917176e-02	-1.6557306e-01	2.0827311e-01	2.5746167e-01	3.2921443e-03	-1.3787822e-01	2.2297609e-01	-5.1499456e-02	-2.7589867e-01	1.6216320e-01	2.5857720e-01	-1.6361964e-01	6.5382957e-02	-1.1743035e-01	-2.4550289e-02	-1.5955520e-01	9.3063526e-02	2.7761897e-02	1.6524610e-01	-8.7238513e-03	-5.2235901e-01	2.5811538e-01	8.6306512e-02	-1.2573312e-01	5.5373734e-01	-1.0814388e-01	-1.2864611e-01	-9.1947854e-02	1.3074638e-01	1.7595150e-01	7.4957699e-02	-1.1903956e-01	-4.1529655e-01	-5.5061836e-02	-3.6686984e-01	9.2422754e-02	-6.8571620e-02	-2.6638614e-02	1.8555237e-01	2.7960241e-01	5.5404812e-01	6.4193137e-02	1.8369482e-01	-1.8636934e-01	2.7796319e-01	2.5884175e-01	-1.9546792e-01	1.7549354e-01	1.2953240e-01	-1.5063895e-01	2.9328295e-03	1.1063223e-01	-3.2255518e-01	-1.0463469e-01	3.8261756e-01	2.5189066e-01	-1.2972380e-01	-5.4150796e-01	1.8264659e-01	-4.6809234e-02	3.0822164e-01	3.2497227e-01	1.9962510e-01	1.6807753e-01	3.8477299e-01	1.6181526e-01	8.1388064e-02	8.5878804e-02	1.8888977e-01	6.2483653e-02	1.0214479e-01	1.9820350e-01	3.3352467e-01	-1.9321260e-01	-2.3568970e-01	-3.1953466e-01	-2.8368756e-01	-3.6289880e-01	5.5347502e-02	1.7137080e-02	-3.0046890e-02	-3.4097027e-02	-1.8590122e-01	2.2154989e-02	-3.1511453e-01	-1.4310390e-01	4.0564738e-02	2.1417233e-01	-3.0545491e-01	-2.5765440e-01	-1.8576084e-01	-1.4816552e-02	-4.1564483e-02	-1.8587121e-01	1.7895982e-01	1.3493033e-01	1.2323546e-01	-3.4453210e-01	-3.7067913e-02	6.9823049e-02	1.4998457e-01	-1.4565974e-02	1.9811678e-01	-2.8467879e-01	-2.9850212e-01	-1.1750801e-01	-1.1991952e-01	5.2980468e-02	-1.8268080e-01	-2.4989715e-01	6.8375409e-02	-6.0901821e-02	-2.3255716e-01	-1.1874781e-01	-2.6546465e-02	-1.2413885e-01	1.2546396e-01	-2.0506348e-01	-8.6166278e-02	-1.3053568e-01	3.9442934e-02	-2.4104847e-02	-4.9486780e-01	8.2376927e-02	1.5191606e-01	-2.5268033e-01	1.3119012e-01	-5.8275230e-02	-1.6489957e-01	7.9908282e-02	-3.4534210e-01	-5.0698075e-02	-4.0892965e-01	1.7122678e-01	1.8088743e-01	-9.1779791e-02	1.1964598e-01	-8.3654523e-02	1.1689145e-01	-1.6067199e-01	3.4792000e-01	-1.9993483e-01	1.6598010e-01	1.5993676e-01	6.4784050e-02	-1.7862548e-01	4.2988095e-02	4.5506579e-01	3.7214249e-01	1.5337898e-01	4.3755022e-01	2.1096547e-01	-1.0073925e-01	-2.1289682e-01	-4.5662567e-01	1.2899792e-01	2.8772035e-01	-3.5455860e-02	7.5250864e-05	-3.3035097e-01	4.7432303e-01	-3.3874728e-02	-2.7052549e-01	-5.3666804e-02	1.8838048e-01	-2.0799668e-01	2.9533979e-01	1.9054845e-01	3.4465224e-01	2.6991042e-01	8.8238299e-02	-5.9142900e-01	-1.0254006e-01	4.3186873e-02	9.8127991e-02	7.3615819e-02	2.2149354e-01	-2.2697856e-01	-3.1847838e-01	5.4741353e-01	-4.6394414e-01	1.3827161e-01	4.9375512e-02	2.2996585e-01	-1.1169984e-02	-1.6538139e-01	1.6059412e-01	-2.5168639e-01	2.6517309e-02	8.7791570e-02	1.7025751e-01	1.8327092e-01	-1.1571628e-01	-1.1126187e-01	-8.1267402e-02	7.9282567e-02	1.2418503e-01	-2.5748247e-01	3.5839491e-02	-2.1922360e-01	-1.6680373e-03	-2.8296632e-01	-3.3713302e-01	-2.1499735e-01	-2.8661799e-01	1.7883578e-01	-6.8409264e-02	1.3003498e-02	2.0079005e-01	2.3212832e-01	-1.6617551e-01	-1.3773616e-01	-1.2954293e-01	-2.6817793e-01	1.4931977e-01	8.3452933e-02	5.2326959e-01	7.2614579e-03	1.4533441e-01	-4.3730706e-02	-2.7499104e-01	2.1421193e-01	1.5736744e-01	4.0500751e-01	1.9106467e-01	-1.2147898e-01	3.1601310e-01	-1.6035798e-01	1.7377328e-02	3.1412774e-01	-2.2716101e-01	-1.5188889e-01	2.8414917e-01	-2.1263862e-01	-1.5577276e-01	-1.3803722e-01	3.0677521e-01	2.3975259e-01	-2.4625948e-01	-5.8253214e-02	1.9815634e-01	-3.3469197e-01	-1.2830682e-01	-2.3991449e-01	-5.0938278e-02	-2.6178807e-01	-1.2572536e-01	-1.1796399e-01	1.8387140e-01	-1.3164139e-01	-1.8214492e-01	1.6827798e-01	-1.9220605e-01	-2.4285696e-01	-2.7295101e-01	-8.8771120e-02	-2.1486743e-01	-3.2209134e-01	2.4572920e-02	-2.5689662e-01	1.3258116e-01	-3.6494070e-01	2.4636708e-01	1.1383384e-01	8.0256298e-02	1.8107033e-01	-9.9742815e-02	1.2757508e-01	2.7110139e-01	-9.7427731e-03	7.9367429e-02	-1.1740029e-03	-8.6375102e-02	8.0626555e-02	4.2172756e-02	2.3981940e-02	-3.3911431e-01	1.2397909e-01	5.5729590e-02	2.4157447e-01	6.6972457e-02	-2.2862709e-01	-2.8679502e-01	-1.6479361e-01	-1.6764003e-01	2.0903246e-01	1.5415877e-01	-1.8639250e-02	-2.2912511e-01	-8.3801173e-02	-7.3702171e-02	1.9812663e-01	1.5764686e-01	-9.3693644e-02	3.4237366e-02	-1.3420621e-02	3.6178654e-01	2.2545370e-01	-4.2766631e-01	1.5634483e-01	1.9372992e-02	1.4729692e-01	1.4372605e-01	-2.7038738e-01	2.3245239e-01	-5.1439464e-01	-2.8522170e-01	8.5136741e-02	-2.3015380e-01	-3.9238825e-01	2.5157157e-01	2.4308945e-01	1.5446146e-01	1.2428659e-02	-1.2414858e-01	1.1036756e-01	-1.8357617e-01	2.6368654e-01	1.5475285e-01	-3.0301768e-01	-1.6952021e-01	4.0476829e-02	5.3304192e-02	-7.5592875e-02	2.2976440e-01	-8.5811168e-02	-8.8263422e-02	2.1664725e-01	-2.9497585e-01	-1.9332659e-01	2.2483824e-01	-1.1755448e-01	-2.3508114e-01	-3.2839379e-01	6.5945357e-02	2.6867405e-01	-2.1539341e-01	-2.0112762e-01	-2.8383681e-01	-1.8601875e-01	-2.9012191e-01	6.3492283e-02	1.1308848e-01	2.6357058e-01	-1.5505880e-01	-2.0041451e-01	3.5033071e-01	-1.6163662e-01	2.9670717e-02	9.7628217e-03	2.3080763e-01	2.3655777e-01	-4.7358862e-01	-2.7171534e-01	-3.0761477e-01	7.9599127e-02	-5.6547385e-01	-9.0615287e-02	-1.7298694e-01	-1.0140903e-01	1.7692284e-01	1.9978163e-01	-1.3796720e-01	-2.9552972e-01	1.3632871e-01	-1.5376984e-01	1.6210285e-01	-1.9773591e-01	2.4239059e-01	-3.9562371e-01	1.4087093e-01	1.5786770e-01	2.8214854e-01	-4.9930152e-02	-9.5954821e-02	2.6471934e-01	-2.2300121e-01	-1.9905351e-02	-2.0816502e-01	-2.0848927e-01	-1.5349780e-01	1.0931768e-01	2.9623172e-01	-2.8061736e-01	8.8286266e-02	1.0757915e-01	-4.2287721e-03	-3.1066737e-01	8.8886596e-02	-1.4376153e-01	-2.6864168e-01	-2.6363078e-01	7.6358981e-02	-1.4891525e-01	1.3915149e-02	-1.9918793e-01	1.7603423e-01	1.9398381e-01	-9.4488904e-02	5.0905854e-02	1.0973316e-01	-2.2178017e-01	-3.9172322e-01	1.8733960e-01	-3.8076952e-01	-2.3848217e-02
1.4365081e-01	-2.3768970e-03	-2.8258008e-01	2.3941571e-01	2.6372042e-01	-9.3914554e-02	2.3844890e-01	9.2356138e-02	3.3144382e-01	6.9203623e-02	-5.8113384e-01	2.7041295e-01	-2.6846165e-02	-2.6211622e-01	-2.8126445e-01	1.2976308e-01	3.3351939e-02	-3.2078514e-01	-2.4095601e-01	-1.2665422e-01	-3.2846799e-01	-1.9720238e-02	2.6843828e-01	-2.1827532e-01	1.2641105e-01	2.8438058e-01	-4.5291209e-01	-4.0491376e-02	-3.0001590e-01	1.3256843e-01	2.6945144e-02	6.8843335e-02	-2.4227445e-01	2.3120987e-01	-2.5680643e-01	-2.9564476e-01	-1.0724188e-01	-2.5633255e-01	2.4603632e-01	1.6531996e-01	1.4621803e-01	-1.0928905e-01	5.6709774e-02	1.3486300e-01	-7.6847188e-02	-1.7492503e-01	-6.2170878e-02	2.8504867e-02	-7.7847637e-02	1.4209531e-01	2.2440167e-01	-3.2808992e-01	3.2845727e-01	-5.4190427e-02	-6.6308558e-02	-8.2312338e-02	-2.8980449e-01	-1.4315432e-01	1.1745118e-01	1.8062659e-01	2.9623476e-01	1.5746132e-01	-5.1343404e-02	4.6302415e-03	-1.6349758e-01	-1.6913876e-01	-4.3718058e-01	1.5652038e-01	2.1111254e-01	-8.5894324e-02	-3.6483261e-01	3.6359587e-01	-2.3675469e-01	1.9201435e-01	6.0434941e-02	1.5633322e-01	2.6110145e-01	-2.5922552e-01	2.1473190e-02	-7.0858799e-02	3.5282543e-01	1.7357217e-01	2.6988471e-01	-1.9566523e-01	-1.4753136e-01	3.5104045e-01	-2.0108631e-01	2.6945800e-01	-2.9598239e-01	2.1537547e-01	-3.9762917e-01	1.7690259e-01	2.2576852e-01	-1.3346542e-01	3.3928606e-01	-3.0031469e-01	-8.6680785e-02	3.3185610e-01	4.8963051e-02	-1.3345817e-01	-2.3145318e-01	-3.1271730e-02	-2.6113418e-01	2.1718869e-01	1.6925944e-01	-7.6243669e-02	-1.0387012e-01	2.8223544e-01	-2.5614017e-01	-1.8279925e-01	-1.8228568e-02	-2.2723363e-01	-2.5973096e-03	3.6601400e-01	-4.7855970e-02	-1.8227538e-01	-3.6593109e-01	8.7787963e-02	3.4703638e-02	-9.7901568e-02	1.1470693e-01	1.6526832e-01	2.2782621e-01	-9.5064171e-02	3.8268402e-01	1.6811705e-01	1.4395426e-01	-2.0313781e-01	1.9078290e-01	3.4687780e-03	2.1713056e-01	2.4144936e-01	2.7735460e-01	-2.8446952e-01	1.5369859e-01	-1.8788506e-01	-1.1444101e-01	1.4405559e-01	3.0216154e-01	-1.8775968e-01	-2.2105625e-01	-8.7688617e-02	2.8212854e-01	1.0121743e-01	-2.0599660e-01	2.0042188e-01	-5.5780783e-02	2.1267398e-01	2.9093498e-01	-2.1763800e-01	2.8627291e-01	2.5029433e-01	-1.6363432e-01	6.4825781e-02	3.2915390e-01	-6.7472048e-02	-5.1519744e-02	-1.7779274e-01	1.2212688e-01	-4.3356471e-02	7.7129677e-02	-1.8861192e-01	-1.5174067e-01	-2.2770093e-01	1.6352774e-01	3.1018512e-02	-4.7914144e-01	-1.4704926e-01	-1.0138730e-01	-6.9733061e-02	-4.1691890e-01	7.0221573e-02	9.7821549e-02	-4.6067093e-02	2.6499060e-01	-2.1707359e-01	2.5224161e-01	4.0586483e-01	1.6254421e-01	1.1901339e-01	2.0946003e-01	2.1448840e-01	-9.3259744e-02	3.4268919e-02	2.9621562e-01	9.5991366e-02	2.3934858e-01	-3.1073394e-01	2.4484791e-01	-3.9760485e-02	2.2656994e-01	-1.0138104e-01	-7.3802471e-02	-1.1917297e-01	-8.3161831e-02	1.8911193e-01	-2.2773018e-01	-2.9972228e-01	-1.6376017e-01	1.0271174e-01	7.1179099e-02	9.7385131e-02	-1.0779032e-01	1.6566709e-01	3.2017924e-02	-3.0938047e-01	2.6413283e-01	-8.5805662e-02	-1.6982555e-01	2.0965430e-01	2.2159109e-01	-2.3601295e-01	-3.2793817e-01	2.1425368e-01	1.9538030e-01	-3.1480767e-02	-2.8373662e-01	-2.6339823e-01	-7.2640501e-02	-2.5402528e-01	-7.1042828e-02	1.4073339e-01	-9.5927328e-02	-3.7532948e-02	1.8478440e-01	2.3778522e-01	2.5228083e-02	-2.1914244e-01	-2.6933512e-01	-2.9221082e-01	-3.2534689e-01	-1.2612930e-01	2.5430301e-01	-9.4016872e-02	-1.3740091e-01	2.8954068e-01	2.2959566e-02	1.7816988e-01	-1.2720497e-01	-1.4223909e-02	-2.2236831e-02	1.9016123e-01	3.4883644e-02	-2.4247807e-01	4.3805685e-02	-1.0991848e-01	2.9898077e-02	-3.2570770e-01	-1.2094501e-01	-2.7090814e-02	2.1340235e-01	2.8087595e-02	2.0216833e-01	-1.0039044e-01	-1.0014372e-01	2.6530337e-01	3.2469514e-01	1.8530913e-01	2.0717320e-01	-9.6606560e-02	-2.4166551e-01	-7.0223759e-04	-3.9466739e-02	1.0735293e-01	-3.1464425e-01	-6.1251957e-02	-2.9350033e-01	-5.1423222e-02	-2.2243972e-01	1.5264496e-01	2.4737842e-01	2.7715796e-01	-8.2712978e-02	-9.5170863e-02	-4.9577516e-02	-2.2032851e-01	1.0757983e-01	-1.0684366e-01	-1.7389475e-01	1.0371850e-01	-2.9866749e-01	5.6662627e-02	2.1565214e-01	-1.6647270e-01	5.2337326e-02	-3.2569304e-01	1.0529621e-01	-2.0916313e-01	-6.6656150e-02	-3.9523882e-01	-2.0644908e-01	4.6369308e-01	3.7550882e-01	1.5012479e-01	-6.1200726e-01	4.8680831e-02	1.4078897e-01	9.6618429e-02	1.5337603e-01	5.4018766e-02	-9.4731584e-02	-2.0187622e-02	-3.1241548e-01	-2.2853358e-01	-3.6211658e-02	-3.2928699e-01	-1.3516571e-01	3.6589417e-01	2.4513870e-01	-1.8624018e-01	4.1112304e-03	1.8619829e-01	3.4336147e-01	-1.9663818e-01	-1.6068794e-01	-3.4611546e-02	-1.8108189e-01	9.0038359e-02	-2.0609912e-01	-1.0528266e-01	7.6331161e-02	-2.1375082e-01	-2.8704846e-01	-1.3765688e-02	-2.6174289e-01	-2.4718460e-01	1.6253152e-01	1.5410613e-01	-1.4762379e-01	-3.0160474e-02	-1.2360188e-01	2.9468834e-03	-2.8385606e-01	1.3297141e-01	-2.0231697e-01	-1.7187549e-01	-1.8720026e-01	1.0420901e-01	-9.5197767e-02	1.3634716e-01	1.2219032e-01	-1.9016795e-01	1.2252393e-01	-1.1456744e-01	5.2527215e-02	-7.5112648e-02	-4.3338713e-01	2.3434666e-01	1.1407731e-01	-2.5350925e-01	7.7435132e-03	-1.4064060e-01	-3.0046090e-01	1.8480748e-01	9.6436985e-02	-2.0818163e-01	-8.5205398e-02	2.5530148e-01	7.3070765e-02	-2.8772107e-01	2.2448516e-01	2.0517144e-01	-1.1742984e-01	2.4159521e-02	1.3074613e-01	-1.9033784e-01	1.4245448e-01	-2.3683935e-01	-3.9623678e-01	2.7403560e-01	-1.9016095e-01	-3.9492768e-01	-2.1355885e-01	-5.1551807e-01	1.6091353e-01	-3.3846369e-01	-2.0750205e-01	8.7525040e-02	-4.3164995e-01	1.0723224e-01	1.3144386e-01	-1.0046490e-01	1.9240779e-01	-5.2174616e-01	-7.4856140e-02	-3.8629726e-03	-1.7433423e-01	2.3174614e-01	-1.5332736e-01	-2.0316775e-01	-1.6146018e-01	2.2396465e-01	1.4945233e-02	2.9119778e-01	-2.6575255e-01	2.3755318e-01	4.0114537e-01	3.1585819e-01	-2.1490820e-01	2.9807085e-01	-9.1653720e-02	-2.4673866e-01	-1.0348238e-01	2.3100127e-01	-1.2228592e-01	9.2099778e-02	-2.7513537e-03	-6.0941037e-02	-1.9757074e-01	-2.3112230e-01	3.1614643e-02	2.6595896e-01	2.8690952e-01	-1.9921346e-01	2.4392539e-01	-6.1359316e-02	-2.3378134e-01	-2.0843230e-01	3.6692572e-01	5.1489446e-02	-2.7549776e-01	-4.2539483e-01	2.8104553e-01	-2.7501446e-01	3.8190663e-01	-1.0990899e-01	-6.6258863e-02	2.3630944e-01	3.6180269e-02	3.7290645e-01	1.1430225e-01	1.7867959e-01	-2.1887422e-01	-9.5238298e-02	1.9892332e-01	-9.1818549e-02	3.4484714e-01	-3.8804433e-01	8.6335368e-02	-5.9740130e-02	6.6247270e-02	9.4858512e-02	2.2094746e-01	1.2413252e-01	-4.0471643e-02	2.2977939e-01	1.5403451e-01	2.5429758e-01	2.6814508e-01	-4.9821354e-02	-2.8946605e-01	2.0117578e-01	2.3327959e-01	-1.6159987e-01	-3.8487116e-01	2.5826254e-01	4.0254764e-02	9.9339329e-02	-6.8538964e-02	7.9772502e-02	9.5397629e-02	9.1315262e-02	6.9045365e-02	1.9674341e-01	6.6531822e-03	1.6194743e-01	5.7538711e-02	-2.5011082e-03	3.1953248e-01	-1.0507816e-01	3.1518543e-01	2.5833881e-01	4.8411582e-02	-1.3272487e-02	9.0454869e-02	1.9705765e-01	2.7911535e-01	-2.9972348e-01	-1.4125146e-01	-8.3217435e-02	1.7960042e-01	2.7711770e-01	-1.7215613e-01	2.2597134e-01	-2.8066635e-01	-2.9108313e-01	-1.0655735e-01	-2.9123906e-02	2.6369908e-01	-2.6809090e-01	2.4848735e-01	1.9127864e-01	1.3808750e-01	1.7014809e-01	2.3261210e-01	-5.1764611e-02	-1.3214901e-01	-2.6592949e-01	2.6298910e-01	-1.9150826e-01	3.8738396e-02	-7.2439857e-02	-7.9811215e-02	3.9122969e-02	1.9715177e-01	2.7835116e-01	-7.9407347e-03	-3.8507190e-02	-5.5413280e-02	-2.3870509e-02	-1.4657949e-01	2.2439763e-01	-3.3054534e-01	1.9589476e-01	2.6493734e-01	1.9456224e-01	1.3474934e-01	-1.0016329e-01	3.0298853e-01	-3.6177963e-01	1.6899256e-01	2.7469558e-01	-5.7308418e-01	1.4199170e-01	5.8848497e-02	1.5113711e-01	-2.5793496e-01	-2.3068848e-01	3.9136332e-01	-1.5854485e-01	4.9916618e-02	4.5961729e-01	-8.1679583e-02	-3.6992821e-01	-8.6182773e-02	-1.7709064e-01	2.4100003e-01	-4.0459782e-02	-2.6079053e-01	2.5695410e-02	-1.9853792e-01	-1.3178226e-01	-2.2843093e-01	2.6889944e-01	-2.4507459e-01	-1.4833950e-01	8.3197542e-02	1.1180250e-01	-2.2667244e-01	2.8010347e-01	-2.2893939e-03	1.8115984e-02	3.2377645e-01	-7.0062771e-02	9.0213932e-02	-2.2306088e-01	-3.5427612e-01	9.5461011e-02	9.7209185e-02	9.3184680e-02	1.8491496e-01	5.5364933e-02	2.5038537e-01	-2.6833951e-01	-1.9023086e-01	-1.3152161e-02	-8.7337047e-02	-1.4263439e-01	3.7992984e-01	-1.4614281e-01	1.4378613e-01	2.8487447e-01	-8.7188542e-02	-2.1416526e-01	-2.0522344e-01	-3.0402055e-01	3.3118472e-01	-6.1031938e-02	-1.3834943e-01	-2.0571437e-01	-2.5780657e-01	1.1925404e-01	-2.2519816e-01	-1.4156742e-01	1.1557958e-01	-8.2738459e-02	7.2634034e-02	2.8643301e-01	-2.4257742e-01	-1.0238735e-01	-1.1390287e-01	-2.5030282e-01	1.8447632e-01	2.3507543e-01	-4.9171183e-02	6.3008532e-02	-1.1771498e-01	-2.0257565e-01	1.7665094e-01	-1.6885641e-01	-2.1714377e-01	-2.8303942e-01	5.5925094e-02	-4.7585119e-02	2.9476902e-01	2.8281858e-02	-1.6103645e-01	7.3978961e-02	-1.6394173e-01	3.6805609e-01	-5.0985422e-02	5.0191257e-02	-1.3495305e-01	2.4294063e-01	-4.2183585e-02	-2.9879898e-01	3.5829076e-01	-1.5511771e-01	-2.4816073e-01	2.6082847e-01	4.3371774e-02	-3.0775672e-01	-1.8770030e-01	2.4117617e-01	-3.0886826e-01	2.6758105e-01	-2.3414302e-01	5.7381046e-01	-7.3536523e-02	-3.0019623e-01	6.4799339e-02	-1.6142763e-01	1.1393742e-01	1.1353201e-01	-6.7010276e-02	1.2814270e-01	-9.8326869e-02	-2.3069987e-01	-1.7356358e-01	9.5346466e-02	1.1898009e-01	3.5447818e-01	5.8108930e-02	-6.7402259e-02	-3.2188639e-02	-1.3684416e-02	4.5339715e-01	-3.3890802e-01	5.3687308e-02	-2.9749200e-01	-7.9811975e-02	8.9519113e-02	7.6368356e-01	2.5782380e-01	1.5021484e-02	-6.7216896e-02	5.1067866e-02	-6.9845819e-01	-2.8486022e-01	1.0054253e-01	-1.2873188e-01	-1.2352522e-01	-5.5379838e-02	-1.1176664e-01	-2.9362911e-01	1.8503499e-01	-4.8723224e-01	-3.2995993e-01	1.1031791e-01	6.6532671e-02	1.0336640e-01	-1.2290529e-01	1.5158439e-01	1.6636918e-01	3.4350064e-01	2.6560637e-01	-1.6190882e-01	-6.5709993e-02	9.9283136e-02	-2.3679160e-01	3.6668040e-02	-1.8650544e-01	2.1893160e-01	-4.0019006e-02	1.2328342e-01	-1.1205400e-01	2.7757803e-01	1.9780713e-01	3.6666444e-01	-4.8691785e-01	-1.7348233e-01	-4.8125845e-01	-8.3167017e-02	-4.9928012e-01	-2.0113383e-01	4.1675729e-01	3.9293674e-01	2.6996368e-01	-1.8739667e-02	3.0954468e-01	1.2748767e-01	-5.7243038e-02	-6.6543347e-03	-2.8432688e-01	3.6522818e-01	-2.6910952e-01	2.1093087e-01	-1.0562342e-01	3.2867381e-01	1.1172848e-01	-1.2579237e-01	3.1814528e-01	-3.0689776e-01	9.6730828e-02	2.4249022e-01	3.4632146e-02	-2.3685846e-02	9.5359340e-02	-2.8679153e-01	8.8430010e-02	-3.6105242e-01	2.4858736e-01	6.6636577e-02	1.9449006e-01	2.9177663e-01	-1.5285117e-02	-2.5804356e-01	-1.6176505e-01	-1.1018269e-01	-2.2527797e-02	-2.3068156e-02	1.8121466e-01	-1.3770330e-01	-1.2859168e-02	-2.1477307e-01	-1.6595587e-01	-1.5070227e-01	-1.3316493e-01	-6.7307718e-02	-4.6418320e-02	-8.1589982e-02	1.4403485e-01	-3.2827801e-01	-6.1785169e-02	-8.5360922e-02	-1.0979330e-01	-2.0484008e-01	2.8314844e-01	-2.2169337e-02	-4.0220231e-02	-5.4134667e-02	-2.7973816e-01	-2.1874985e-01	1.3324979e-01	-2.1792915e-01	4.5254230e-02	6.9225714e-02	8.6818777e-02	-3.2669604e-02	-2.2062171e-01	-2.3326838e-01	1.0479730e-01	1.6359696e-01	2.9078209e-01	-2.4632581e-01	8.7969519e-02	-1.7953107e-01	-1.4596270e-01	-2.2761165e-01	1.4250156e-01	2.5229713e-01	-7.7872679e-02	1.6525656e-01	2.1046908e-01	1.4827736e-01	-3.9690676e-01	3.2000065e-01	-2.3360258e-01	-1.9731497e-02	1.1008117e-01	2.4817006e-01	5.8910534e-02	1.1286361e-01	1.0786214e-03	2.8290406e-01	-1.6535746e-01	2.6702565e-01	-3.6557976e-03	2.1018046e-01	-1.1944447e-01	7.6565174e-03	9.2640474e-02	-2.5598678e-01	-1.0090491e-01	9.1025699e-03	-4.6914957e-02	-1.2599018e-01	-1.7851071e-01	2.5911793e-01	-2.3307170e-01	-6.2372353e-02	1.4449318e-01	-2.1123879e-01	2.4559560e-01	8.5405022e-02	-2.6457089e-01	2.3532186e-01	2.5537619e-01	-1.9813329e-01	-1.5638307e-01	1.0225216e-01	1.6016568e-01	3.3815678e-02	-3.9879489e-01	2.0418350e-01	2.4539524e-01	-2.9072478e-01	2.2763137e-02	-1.9957657e-01	-7.8212284e-02	-5.4732271e-02	1.9354597e-01	-6.3268349e-02	2.9778346e-01	2.1085092e-01	1.7719288e-01	-1.3660944e-01	2.5399879e-01	1.6895299e-01	9.9959344e-02	-1.8121205e-01	-5.9436142e-02	-4.4502355e-02	9.6384935e-02	3.6710832e-02	-2.2846119e-01	-1.4698236e-01	1.2546049e-01	-8.0068454e-02	-8.6064495e-02	-9.1992626e-03	1.7900595e-01	-2.9207489e-01	-2.2336280e-01	2.8495792e-01	-2.6084802e-01	-2.6875150e-01	-1.8911572e-01	8.8692680e-02	2.3407634e-01	-9.9382579e-02	8.4764883e-02	1.0272529e-01	8.2150407e-02	1.6522872e-01	-2.9245910e-01	-2.9025066e-01	-1.4833394e-01	-1.1468059e-01	-1.2937698e-01	-1.2974936e-01	-1.3227862e-01	-2.7890450e-01	-1.4255077e-01	-2.1260494e-01	-6.9888723e-01	-1.6226114e-01	-3.2077476e-01	-1.2669617e-01	-2.6899743e-01	1.7970908e-01	3.0591676e-01	-1.4039917e-01	-1.5136565e-01	1.2523241e-01	1.7172408e-01	-6.6436869e-01	-5.5141475e-02	-2.1845083e-01	-1.0944939e-01	5.8552867e-01	1.4495690e-01	1.7446290e-01	2.8476486e-01	2.6755220e-01	3.1153587e-01	1.0914579e-02	3.1863409e-01	-2.5322700e-01	4.2482190e-02	-2.1507108e-01	-2.4198335e-01	-8.8281594e-02	1.2178199e-01	1.3895474e-01	-4.9613521e-02	-1.0420226e-01	-2.9064810e-01	-3.4720904e-01	-2.4603964e-01	-8.4352970e-02	-2.1920929e-02	5.0337862e-02	2.5090091e-02	-3.0332020e-01	-1.6308506e-01	1.8321905e-01	-8.5469916e-02	-4.1433953e-02	-1.5322253e-01	2.2114405e-01	2.6350576e-01	1.6925658e-01	2.3960564e-01	-1.8262714e-01	-1.0820772e-01	9.3951158e-02	-2.0962119e-01	7.6485515e-02	7.8353144e-02	-1.1791088e-01	1.1129812e-01	1.0369183e-01	2.0480211e-01	-2.0320432e-01	-2.4017081e-01	2.9482637e-02	1.8718943e-01	-1.6855462e-01	8.5515693e-02	-4.1705191e-02	6.6093408e-02	1.5024890e-01	-2.6972055e-01	-2.1493044e-01	2.0254858e-01	-1.2647757e-01	-1.9574013e-01	2.0480623e-02	-2.8924865e-01	-1.3015111e-01	-1.0423064e-02	-1.2470973e-01	-2.9379645e-01	-1.3999837e-02	-5.6811437e-02	1.1082891e-01	-9.6011817e-02	-2.7794167e-01	1.5306072e-01	-3.3007622e-02	-1.7797293e-01	-5.0654665e-02	-8.9615390e-02	-2.7473122e-01	1.8412401e-01	-1.8544212e-02	2.6173902e-01	-2.1880116e-01	-1.6522093e-02	2.4840565e-01	-8.4490500e-02	-2.9241526e-01	-3.5812601e-01	-2.4822926e-02	-4.8788348e-01	9.4517201e-02	1.7174135e-01	1.3675216e-01	-4.4647615e-02	3.2219818e-01	2.7032867e-01	-4.0017045e-01	1.2060581e-01	8.3759889e-02	-2.1490763e-01	-2.1295457e-01	-7.6066047e-02	4.6989910e-02	-1.9544292e-02	1.7212199e-01	-1.4289252e-02	-2.1326610e-01	2.2801954e-02	1.4284815e-01	1.0542480e-01	2.1618685e-01	-2.3786852e-01	-1.8402126e-01	1.8943253e-01	-2.9716405e-01	3.4983791e-02	1.5639487e-01	-2.2375165e-01	2.6655158e-01	-6.7677274e-02	2.1633607e-01	-1.1579145e-01	-9.4409950e-02	-3.0507466e-01	3.9815304e-01	-2.0704855e-01	-4.6928135e-01	2.3514155e-01	3.8445505e-01	-3.2304612e-01	1.9557671e-01	3.1101778e-01	8.5049011e-02	-6.5143116e-02	-8.1628270e-02	2.2469929e-01	-2.4868439e-01	1.2147924e-01	1.8633462e-03	-2.4407557e-01	1.0951657e-01	-1.0426305e-01	6.2273409e-02	1.9287817e-01	-5.1993098e-02	1.6912876e-01	5.9197437e-02	1.0661139e-01
-1.9924545e-01	3.3257416e-01	-3.3176738e-01	1.8013069e-01	1.4702410e-01	1.8234767e-01	2.0209284e-01	3.7966585e-01	3.5559225e-01	6.7841226e-01	2.4661943e-01	2.4852705e-01	-1.4271875e-01	-2.8234082e-01	3.6167267e-01	9.8291889e-02	-3.0765003e-01	1.5466461e-01	3.3196142e-01	-4.6298820e-01	2.9843280e-01	-3.9676836e-01	2.5856248e-01	1.0687944e-01	-1.8674937e-01	2.4768554e-01	-7.1966968e-02	-3.5382965e-01	6.4042792e-02	-1.1528194e-01	5.4635733e-01	-2.7805111e-01
