9
input	11
dense	32
relu	0
dense	32
relu	0
dense	32
relu	0
dense	1
linear	0
7.999999979801942e-06
-5.7375394e-02	-8.8578360e-03	-4.6188809e-02	5.2649505e-02	-6.5371923e-02	-1.2209824e-01	-9.8171845e-02	-6.8045467e-02	-6.7005605e-02	6.8374969e-02	-7.3890902e-02	2.4364298e-02	1.2564060e-02	1.5840863e-01	3.5813272e-02	0.0000000e+00	-6.9155894e-02	-1.2424528e-01	-7.4115820e-02	1.0845008e-01	-7.2818659e-02	-6.9585092e-02	1.6584389e-02	5.7149664e-02	-7.9750203e-02	1.4407580e-02	1.8851265e-02	1.1630332e-02	6.1849203e-02	-4.0915452e-02	1.7841626e-02	-7.1872943e-03
-4.5359772e-02	-6.5839559e-02	-6.9034155e-03	1.8841600e-02	5.7385955e-02	-1.6025985e-02	4.7286648e-02	-5.3305780e-03	-6.4588025e-02	-2.0699047e-02	-6.7368887e-02	-9.2971154e-02	-4.9971644e-02	-4.1045737e-02	4.3452229e-02	1.3223320e-02	3.9620467e-02	-8.3727967e-03	-5.1684521e-02	-2.8209796e-02	3.1184478e-02	6.4536735e-02	-4.6392124e-02	3.2591850e-02	-2.6291519e-02	4.6157073e-02	7.1609445e-02	2.8935436e-02	-1.4741967e-02	-2.5990214e-02	-6.8869755e-02	-6.6927686e-02
-4.7306564e-02	-6.0622049e-03	1.3252137e-03	-3.0587340e-02	-6.5204874e-02	-8.8488068e-03	-2.6175743e-02	-1.2549933e-02	-5.4331478e-03	-2.8645707e-02	5.7761869e-03	-5.8176748e-02	-3.3445314e-02	-1.0268785e-02	1.9839847e-02	-8.0283083e-02	-4.0232290e-02	1.2719596e-02	-1.7711040e-02	-3.5961717e-02	-5.6912743e-02	5.7080956e-03	-4.4319637e-02	-2.8462306e-02	-1.6433831e-02	-4.9227346e-02	-9.1946706e-02	-5.3610206e-02	-2.4074145e-02	-3.4974959e-02	-7.0392736e-03	-1.5280159e-02
1.3651323e-02
-9.8315492e-02	1.2732811e-01	2.9315752e-01	-3.8925606e-01	-4.1245857e-01	-4.4430348e-01	4.4592583e-01	2.0825095e-02	-2.8372617e-02	3.0066293e-01	8.1443809e-02	4.5206904e-02	-1.3346155e-01	6.9710128e-02	-2.9740110e-01	-1.7364791e-01	1.7286116e-01	-1.3640510e-01	-2.4125803e-01	1.2960792e-02	-4.2617294e-01	-9.0894079e-01	-2.8281039e-01	2.2960860e-01	-2.5982860e-01	-7.1648955e-02	1.2636442e-01	7.4980550e-02	-1.3890453e-01	4.1187051e-01	-7.1052879e-02	3.6758964e-04	2.9498124e-01	-1.9885723e-01	1.5344436e-01	9.0178102e-03	-2.3215751e-01	8.2187727e-02	4.8917472e-02	1.4132731e-01	-7.3476315e-02	-1.1833119e-01	-8.6871099e-01	3.5285437e-01	2.3487138e-02	1.1843280e-01	-5.7827741e-02	-2.7066374e-01	-2.1509252e-01	-3.3259043e-01	3.1970251e-01	1.2820609e-01	-3.6760937e-02	4.7221196e-01	-1.6591094e-02	1.2356622e-01	1.2408727e-01	3.1565621e-01	9.9690296e-02	4.2899486e-01	-2.0454703e-01	1.9113658e-01	4.8951256e-01	5.7883719e-03	-6.7062974e-02	-3.0519560e-02	2.1868213e-01	3.1627551e-01	-1.7593858e-01	-1.2059893e-01	2.8580442e-01	2.1541950e-01	-3.9420712e-01	2.5813901e-01	3.0135879e-02	2.2041033e-01	-2.6969191e-01	-8.3240800e-02	3.5879368e-01	3.1487519e-01	4.1538632e-01	-1.1503531e-01	-4.1703022e-01	-2.1980327e-01	-2.3571283e-01	-9.9819049e-02	2.1427727e-01	-7.6394469e-02	-4.2194310e-01	-4.4931239e-01	8.3450228e-02	1.1550070e-01	-1.8768972e-01	3.0319747e-01	1.5569752e-01	-1.9633000e-01	-9.7602524e-02	-1.3488549e-01	4.9721923e-01	-3.4815408e-02	1.4049316e-02	3.7072602e-01	4.2951941e-01	-1.5306334e-01	-1.2746111e-01	-4.2791387e-01	2.3485798e-02	-9.2200361e-02	6.3446188e-01	2.0444760e-01	-3.6124682e-01	-2.2902630e-01	3.0121776e-01	1.1670060e-01	-1.7083868e-02	3.8083985e-01	6.5079756e-02	-2.4325532e-01	-7.1991153e-02	-4.7676089e-01	7.9699025e-02	7.5709932e-03	4.5388055e-01	-2.5382981e-01	-4.8938042e-01	-3.1410513e-05	-1.1705913e-01	4.7928762e-01	5.6746148e-02	1.0373242e-02	3.6268038e-01	8.3473496e-02	-2.1115799e-02	2.8557256e-01	-1.5407057e-01	1.0906792e-01	2.8752249e-01	-3.5767430e-01	-4.3486381e-01	-1.4357911e-01	-5.8380164e-02	4.2527255e-01	-9.2638981e-01	3.1934980e-01	-2.3304327e-01	-1.9200280e-01	-1.1068698e-01	-4.6828181e-02	3.6059338e-01	2.1449722e-02	2.3098895e-01	-5.1915245e-03	-6.9071209e-01	4.7524534e-03	2.3046836e-01	1.4122465e-01	2.8369865e-01	-2.8137723e-01	-1.1883223e-01	-3.0802953e-01	-2.9704437e-01	5.5106916e-02	-2.6261967e-02	1.4330675e-01	6.1102402e-01	9.3870491e-02	-2.2305158e-01	1.0050938e-01	-7.5847924e-02	-1.3952644e-01	-2.9292297e-01	3.6901605e-01	3.3539706e-01	1.5227270e-01	-3.5352945e-01	2.1505278e-01	-1.8600889e-01	1.9322138e-01	-1.4606953e-01	3.5484567e-01	1.2777586e-01	2.1182925e-01	2.8892142e-01	4.0214902e-01	-4.7548204e-03	4.2326385e-01	1.7271587e-01	4.7799361e-01	1.4658153e-01	6.0187824e-02	-2.8513643e-01	2.9418907e-01	-1.5167321e-01	8.2437485e-02	-2.7366701e-01	-1.1692591e-02	1.0444899e+00	-5.3803372e-01	-6.4805396e-02	1.8368635e-01	3.5072646e-01	-5.2155115e-02	-1.1716968e-01	2.9106650e-01	-1.8392380e-01	6.6476204e-02	1.6918579e-01	1.5741707e-01	1.6100926e-02	2.7829203e-01	-3.2543817e-01	-1.2296500e-01	-2.4892414e-01	2.5727159e-01	2.4421768e-01	1.2012468e-01	1.0003573e-01	-8.9592606e-02	4.6886107e-01	2.1511126e-01	-1.3911404e-01	-3.5489178e-01	1.3957152e-01	-5.3995013e-01	-5.2255499e-01	6.6604309e-02	-4.1032545e-02	1.0182472e-01	8.3034426e-02	-4.6243910e-03	-1.0264302e-01	-4.2724901e-01	-4.2398253e-01	-4.2432749e-01	2.6302049e-01	1.3859667e-01	1.8471642e-01	-3.3704889e-01	3.1387173e-02	1.1130786e-02	7.6098353e-02	1.8418647e-02	4.7714403e-01	-3.9806426e-01	7.9674974e-02	7.3246203e-02	-4.6167949e-01	1.1304860e-01	2.6650691e-01	-1.2477807e-02	-1.4346280e-02	-3.8037089e-01	4.2274627e-01	-7.4094301e-01	-2.1109866e-01	-2.5939146e-01	1.1849549e-01	1.8898413e-01	8.4125333e-02	-2.5729430e-01	1.1290666e-01	-6.1820913e-02	-3.9121720e-01	-5.3687602e-01	2.9973778e-01	1.0710060e-01	-1.5396342e-01	2.4373253e-01	2.3258784e-01	-3.0949807e-01	9.5304675e-02	4.4509780e-01	-2.3000541e-01	2.3086017e-01	6.4379878e-02	-1.7154056e-01	-1.9676236e-02	-1.9025026e-01	1.1481337e-01	2.8892982e-01	-5.0134953e-02	2.8116968e-01	2.5558779e-01	1.5573755e-01	2.3964903e-01	4.2162824e-01	-7.2426125e-02	-3.6419234e-01	4.3661695e-02	4.3683864e-02	3.7856212e-01	-1.0987887e-01	-4.8912814e-01	8.4714621e-02	4.6845976e-02	4.6126094e-01	2.1223232e-01	4.2452896e-01	-6.0196310e-02	-3.6607397e-01	2.1120618e-01	1.2224761e-01	-5.9196811e-02	-1.6816917e-01	2.6339778e-01	-2.4425292e-01	6.5972745e-02	2.9446104e-01	-1.3548313e-01	4.1632742e-01	-2.7184001e-01	3.0137700e-01	1.9988811e-01	-3.3009484e-02	-2.7203268e-01	2.9347661e-01	-2.3581293e-01	-7.2633818e-02	3.0722448e-01	8.9290150e-02	-2.7704450e-01	-3.3219373e-01	6.3998483e-02	2.3440494e-01	2.3769295e-01	2.1769319e-01	1.7193356e-01	-2.9090062e-01	2.6530838e-01	1.1096272e-02	-2.1333344e-02	-2.0821261e-01	7.7286229e-02	-7.1043484e-02	8.0786139e-02	-1.7565309e-01	-1.9480687e-01	-1.4512764e-01	6.5026864e-02	1.0096592e-01	5.8511946e-02	1.0634769e-01	-1.3882576e-01	-2.0875931e-03	-4.0777475e-01	8.1708416e-02	-9.0540946e-04	4.4134942e-01	-2.3749921e-01	-2.1350133e-01	-3.1807908e-01	-1.5756683e-01
-1.4851382e-01	-1.7104126e-04	2.7045712e-01	-1.8865907e-01	2.1183032e-01	1.5652481e-01	1.0122772e-01	1.7555296e-01	-2.0873368e-01	2.4631822e-01	-1.5853895e-01	1.2328444e-01	-3.0206710e-01	2.5182816e-01	-2.0161553e-01	-2.3554650e-01	8.0385003e-03	-7.4899890e-02	1.1070347e-01	-2.0403260e-01	2.0765427e-01	2.6416034e-01	-7.5338788e-02	-9.7900510e-02	6.0109589e-02	-6.0726516e-02	-3.0062854e-01	1.4411671e-03	-2.7143633e-01	4.0239632e-02	-1.9943045e-02	-2.9546309e-01	6.0570133e-01	-2.6077959e-01	-2.5464535e-01	1.6723473e-02	9.9642433e-02	2.0269684e-01	2.5415182e-01	-1.0435829e-01	-1.4658397e-01	2.3205841e-01	-1.0625129e-01	-6.1475620e-02	1.8027399e-01	-8.1569061e-02	-1.4422739e-01	-2.1043544e-01	-1.0933353e-01	3.9876323e-02	-5.5174522e-02	1.0328255e-01	2.7454272e-01	-3.2043767e-01	-1.5244556e-02	1.3692097e-01	-2.4285100e-01	-1.3913988e-01	1.8981539e-02	-1.9695438e-01	2.6475704e-01	4.7069665e-02	2.3110892e-01	-1.3869715e-01	1.0072473e-01	1.9217339e-01	-2.1329033e-01	1.4680602e-01	2.6920238e-01	-8.1987351e-02	1.3795391e-01	-2.6836234e-01	1.2336670e-01	-1.6736706e-01	-1.8226302e-01	-1.7446281e-01	2.3580739e-01	1.9810811e-01	2.9317003e-01	-1.6921118e-01	1.4618188e-02	-1.3979788e-01	-3.0681480e-02	-2.4368839e-01	-1.6584885e-01	-1.1262759e-01	1.9404137e-01	1.2471690e-01	1.4112052e-01	-1.3343875e-01	-2.6640618e-01	6.0258240e-02	-5.8011413e-03	1.7244816e-03	-2.7940890e-01	-2.9492840e-01	3.0129614e-01	1.2399623e-01	-4.1581810e-02	-2.5471911e-01	-7.1421146e-02	2.0853451e-01	-2.7229899e-01	-1.2463912e-01	4.6594594e-02	6.0205646e-03	1.0454381e-01	4.3263890e-02	-2.8383061e-01	-1.8560386e-01	-7.3378948e-03	-2.4966845e-01	-2.6223135e-01	-1.4515010e-01	3.7924889e-02	1.5285459e-01	7.8865632e-02	-1.9852554e-02	-1.8037696e-01	2.9341283e-01	1.9487619e-02	-1.1457351e-01	-1.4616798e-01	-2.9983202e-01	5.4010764e-02	6.4611152e-02	-1.0246167e-01	8.1997588e-02	-3.9487100e-01	-2.6154107e-01	-1.0922132e-01	-1.9269699e-01	3.2960817e-02	-6.1001080e-01	-2.3558860e-01	-1.0965019e-01	4.2576277e-01	-1.0528778e-01	-1.9058757e-01	4.0559536e-01	-4.4951838e-02	-3.0959624e-01	-5.4518197e-02	-2.4533769e-01	2.1463199e-02	1.5379854e-01	-7.3643185e-02	1.6822143e-01	-2.2268969e-01	2.8838482e-01	-2.5627092e-01	3.8747442e-01	-2.3272116e-01	1.6650087e-01	-2.0372964e-02	1.3496071e-01	-1.7011578e-01	-3.9742358e-02	-2.6827797e-01	2.2352973e-01	2.7998483e-01	-2.1175669e-01	-8.2959998e-03	-2.8877366e-01	2.5022253e-01	1.5393646e-01	2.5356168e-01	2.6052719e-01	1.1996438e-01	-2.5863099e-01	-1.6014802e-01	5.5616692e-02	-5.0494615e-02	1.0165523e-01	-1.2271777e-01	5.5966616e-02	-8.1130832e-02	-3.1628510e-01	1.5687433e-01	3.1660918e-02	-2.9385120e-01	-2.0870833e-01	1.3266410e-01	-2.1183960e-01	-5.6232106e-02	-1.5471458e-01	-2.5479189e-01	2.5865656e-01	-2.0315492e-01	2.2954784e-01	-9.0831831e-02	-6.9138752e-03	6.5711141e-02	1.6534023e-01	-1.4690692e-02	1.7928557e-01	6.3347846e-02	8.0911800e-02	2.4483415e-01	-3.3850253e-01	-5.8637187e-03	-3.8791880e-01	7.1644753e-02	5.8905327e-01	-2.6799470e-01	9.8839052e-02	-4.5023343e-01	-2.8267688e-01	1.6844840e-01	-6.2944978e-02	2.1817172e-01	2.7329370e-01	-2.3927721e-01	2.4605201e-01	1.1904813e-01	1.2883556e-01	-9.1243617e-02	-8.3428077e-02	8.9323625e-02	-1.9411218e-01	-2.7867582e-01	-2.0991640e-01	-1.5166710e-01	2.3004346e-01	-3.1719527e-03	8.0175146e-02	1.2049651e-01	2.8359372e-02	-8.9249142e-02	-3.7843436e-01	1.9092727e-01	-4.0561664e-01	5.8014885e-02	-1.7538081e-01	-2.8690821e-01	2.4646309e-01	-8.3563335e-02	2.6158479e-01	-1.5973000e-02	-7.3090196e-03	-1.5805426e-01	1.8110295e-01	-1.2149470e-01	2.6954737e-01	-1.3176417e-01	4.5468625e-02	3.4372741e-01	-1.2497392e-01	2.1242100e-01	9.9682614e-02	-2.9681164e-01	-1.3495715e-01	-9.8442875e-02	-1.5356754e-01	1.0644841e-01	1.4111756e-01	9.5472820e-02	2.9114190e-01	-3.0024397e-01	-3.8086519e-01	1.0556628e-01	-3.8574067e-01	-2.4084002e-01	-8.7846883e-02	-5.7906508e-03	-1.8970532e-02	-5.5257380e-02	1.8361273e-01	3.8821825e-01	-5.1592976e-01	-2.1292129e-01	-1.3481885e-02	-6.4479128e-02	3.4713605e-01	-1.2132480e-02	2.5820687e-01	-4.3474111e-01	-4.0918980e-02	-2.7753496e-01	2.0619522e-01	2.8389058e-01	-2.4599601e-02	2.5847954e-01	-1.3131495e-01	3.3567739e-01	-2.6475580e-02	-3.8130870e-01	2.3388472e-01	-1.0239375e-01	1.4809646e-01	-1.0579832e-01	1.7842410e-02	2.7281079e-01	-2.5433701e-01	1.1780000e-01	-1.8121617e-01	2.3684412e-01	-5.9349161e-02	1.6860361e-01	3.2349119e-01	2.4453223e-01	-8.6095355e-02	-7.0146360e-02	1.7028138e-01	2.4400921e-01	-9.0202458e-02	1.5781362e-01	-2.1427098e-01	-6.3669540e-02	1.5673736e-01	-2.2608688e-01	1.3352081e-01	1.2079205e-01	2.2850351e-01	3.1016538e-01	-2.4014225e-02	1.3194036e-01	-2.0180646e-02	-2.1936862e-01	2.1742813e-01	-2.6777622e-01	-2.0361817e-02	-2.6207721e-01	-2.3358428e-01	2.3065865e-01	3.4360102e-01	-2.5533462e-01	-3.5954118e-02	2.4435945e-01	-3.4255795e-03	1.5314866e-02	-5.2563500e-01	-1.5924530e-02	-4.3566111e-01	-1.0301863e-01	-5.7269543e-02	4.5470667e-01	1.5553376e-01	-3.8601409e-03	1.8114023e-01	-4.2903876e-01	1.3853608e-01	-1.4563823e-02	-4.3101224e-01	2.9909036e-01	-7.6357210e-03	-1.8733303e-01	1.9433570e-01	1.6283473e-01	3.2382190e-01	2.8796303e-01	1.3034448e-01	-2.5758424e-01	2.6517954e-01	2.3441686e-01	-9.1739275e-02	1.1247774e-01	1.0042132e-01	9.9686533e-02	1.0706190e-02	-3.2412499e-01	-1.6430344e-02	2.7049372e-01	1.5184412e-02	1.4870432e-01	-5.7618552e-01	-1.9820376e-01	-5.3815663e-02	3.5741231e-01	2.7636930e-01	-1.6730620e-01	-1.1962041e-01	5.0580192e-02	-2.3890938e-01	8.0939926e-02	-1.5664054e-01	-5.0516829e-02	-7.7348061e-02	1.7833296e-02	-2.2545300e-01	2.1412399e-01	1.2728754e-01	-3.4529004e-01	-6.6470794e-02	6.9342062e-02	-1.5495987e-01	1.7301717e-01	-4.7901997e-01	2.2232060e-01	1.4915892e-01	3.4068128e-01	1.8140042e-02	-4.7416791e-01	3.1393725e-01	-3.2377419e-01	5.6161571e-02	-1.8553093e-01	6.7306384e-02	1.2732150e-01	2.1960357e-01	-1.5117644e-01	1.4667055e-01	2.2207201e-02	2.1916476e-01	3.9968707e-02	2.2263886e-01	1.5973543e-01	-2.2728240e-01	1.4348185e-01	-2.2945713e-01	-4.6302691e-02	-1.0084352e-01	-1.5629564e-01	-1.4093424e-01	-4.6342790e-01	1.0024329e-01	-2.0295754e-02	2.5529823e-01	4.9408458e-02	-2.6156882e-02	1.2374812e-01	7.8810006e-03	8.3505362e-02	2.3823997e-01	-2.6193678e-01	-2.4798855e-02	-3.2568854e-01	-1.7998549e-01	-1.7860292e-01	-1.1431440e-01	-2.6031989e-01	1.3923916e-01	-4.2259060e-02	3.1633848e-01	6.6781595e-02	1.1153381e-01	1.8573318e-02	-6.3791454e-02	-2.0550480e-01	-2.2548638e-01	1.8558414e-01	-4.0345290e-01	1.5815009e-01	1.7814526e-01	-1.6733916e-01	1.0407024e-01	3.7570249e-03	-1.5446389e-01	3.3683622e-01	-2.7910447e-01	-5.1536180e-02	1.9011824e-01	2.8939813e-01	-2.7540743e-01	2.7222142e-01	5.6920689e-02	6.6045597e-02	-1.2122621e-01	-1.0054433e-02	6.0374999e-01	5.3905942e-03	4.0821028e-01	2.6522326e-01	8.1359982e-02	-2.9524735e-01	-2.3667657e-01	6.6466443e-02	2.5875217e-01	1.3540216e-02	5.9806310e-02	-2.1648598e-01	3.8198286e-01	6.3736141e-02	2.2268872e-01	-3.8436249e-01	6.8639211e-02	-1.1567341e-01	1.9250344e-01	2.0100468e-01	2.6475361e-01	-1.6000092e-01	-1.5306884e-01	6.8561777e-02	1.1305978e-01	2.1648856e-01	-3.1284961e-01	-2.1762365e-01	-3.5008690e-01	1.4644308e-01	-4.6831599e-01	2.4000157e-01	9.7408310e-02	-1.5765508e-01	-3.7482628e-01	-3.1941155e-01	2.5452414e-01	-2.9099351e-01	-7.0005725e-03	2.3277819e-01	2.1608521e-01	1.7524102e-01	4.1339007e-01	2.0750369e-01	2.2149862e-01	-3.9594758e-02	1.2645743e-02	1.6670462e-01	3.7031093e-01	-1.8388389e-01	-1.4630231e-01	1.8005383e-01	1.6642459e-01	-2.1947195e-01	6.1695985e-02	1.5808190e-01	-1.7320383e-01	-1.9796397e-01	-3.5244584e-01	1.7544353e-02	-8.5561752e-02	5.1021375e-02	2.9003483e-01	-8.8680290e-02	-7.9843581e-02	-1.9008945e-01	-1.1163756e-01	-3.4050035e-01	5.0978929e-02	3.7966102e-01	1.7677629e-01	6.4722173e-02	2.4146114e-01	-2.6734066e-01	2.8903913e-01	-4.7748426e-01	-4.2939022e-01	1.0839943e-01	1.8411661e-02	4.1155122e-02	-1.4311649e-02	8.2546294e-02	1.9308202e-01	6.7830145e-02	-1.7278604e-01	-1.5504161e-01	6.4202845e-03	-2.2376014e-01	-3.0297413e-01	1.9107556e-01	1.7168513e-01	2.6436430e-01	-3.9074738e-02	4.4569194e-02	-1.3486624e-02	-6.2800460e-02	3.4266949e-02	-1.5422031e-01	-1.2927926e-01	-4.3092102e-02	-2.2294465e-01	2.0322898e-01	-2.4611236e-01	-5.6766588e-02	-1.6888782e-01	-1.4315133e-01	-9.6512854e-02	9.3198813e-02	1.2050331e-02	-1.6678376e-01	-1.9634435e-01	-1.3312303e-01	-1.7093129e-01	-4.5431644e-02	4.9476951e-02	-1.1490291e-01	1.3391642e-01	-2.8792199e-01	-3.2175031e-01	1.0406193e-01	-2.5040683e-01	1.3620040e-01	1.6516460e-01	-2.7208215e-01	-3.4459686e-01	1.6733515e-01	2.3916313e-01	-2.8705120e-01	1.4850122e-01	1.4951152e-01	-1.4321834e-02	-2.5441197e-01	-1.8472984e-01	2.0891260e-01	6.9509134e-02	1.4627129e-01	2.0886654e-01	1.6577110e-01	1.8185507e-01	-2.3275982e-01	-5.0580040e-02	-1.4287315e-01	-7.3531933e-02	-2.4266107e-01	-7.1510235e-03	-7.6443620e-02	2.6953343e-01	-3.0445474e-01	-2.2693783e-01	9.9653602e-02	-2.6670426e-01	1.0213572e-01	-3.0451888e-01	2.6979747e-01	2.3930839e-01	1.7169920e-01	-7.1902886e-02	-7.9616457e-03	-1.2464065e-01	-2.8278759e-01	2.4854375e-01	1.8707345e-01	3.1707972e-02	2.5473335e-01	2.4653199e-01	1.7521942e-01	-2.2645745e-01	-2.6660335e-01	-3.2552558e-01	2.1286802e-02	1.0685427e-01	-2.9483587e-01	1.2096657e-01	-9.7849265e-02	1.0209243e-01	3.4866475e-02	4.9294978e-02	2.3737815e-01	-9.0425875e-04	-3.2786238e-01	2.1424279e-01	2.6075083e-01	-1.0489860e+00	-2.8282636e-01	3.1399273e-03	-1.9336681e-01	-4.9287874e-01	1.7176157e-01	2.9238511e-02	-1.0709018e-01	-4.2749476e-01	-3.9419640e-02	3.6443498e-02	-5.1924521e-01	-2.1801360e-01	-1.4094488e-01	3.3141494e-02	-1.2322667e-01	1.1144714e-01	2.1223800e-02	-1.2537871e-01	-4.4780932e-02	-1.9912644e-01	1.8782876e-01	-4.6058666e-02	-2.2114787e-01	-1.4340949e-01	5.6513226e-01	1.7487702e-01	3.9323017e-02	-7.5609192e-02	-1.3687840e-01	2.3867850e-01	-1.3505059e-01	-3.3114341e-01	-4.7118571e-02	2.2671966e-02	-3.7718344e-01	-1.3967457e-01	-3.1936601e-01	3.8553175e-02	7.6300249e-02	4.6745142e-01	-2.0026964e-01	-2.8757599e-01	-5.5497675e-03	-9.1893867e-02	-2.4226020e-01	1.4847773e-01	1.1684036e-01	-1.4335366e-01	2.0179318e-01	3.5410294e-01	2.4374269e-01	4.4202402e-01	2.8078121e-01	3.0271548e-01	1.3200763e-01	2.0946108e-01	2.8716570e-01	-1.3650761e-02	3.0373812e-02	-2.4395913e-01	-4.0526271e-01	-1.8293159e-01	-1.6818586e-01	1.0893073e-01	4.5634314e-02	8.5454360e-03	1.7515853e-02	3.2006496e-01	1.0547289e-01	1.7021096e-01	-1.7979969e-01	2.6631743e-01	-6.8428390e-02	-2.2265597e-01	-9.6520230e-02	-2.7827153e-01	-4.6367355e-02	-2.3022389e-01	6.2975407e-02	3.0257735e-01	2.6171127e-01	5.5364491e-03	-1.2351014e-01	-4.7071032e-02	-8.2440183e-02	-5.2289933e-02	1.6763709e-03	-3.3141341e-02	3.6690116e-01	2.2369069e-01	-1.5762332e-01	-1.2978514e-01	1.2869383e-01	5.9111781e-02	-3.5152909e-01	3.7696775e-02	1.7249016e-01	-5.3646695e-02	1.0499817e-01	-2.3115245e-01	2.2113152e-01	-3.4464952e-01	-1.5291277e-01	6.9862589e-02	2.2392340e-01	3.7226215e-01	-1.8361886e-01	-6.1578628e-02	-4.2246562e-01	-1.1523397e-01	-6.5321371e-02	3.6194239e-02	1.0755698e-02	1.8821774e-01	-2.1441928e-01	4.3865365e-01	-1.3078335e-01	2.5630552e-01	-1.2083746e-01	1.2545919e-01	3.2781133e-01	-1.9509247e-01	4.9282838e-02	3.6953753e-01	6.2685482e-02	1.0830639e-01	-2.2773504e-01	-2.6968196e-01	2.0137815e-01	-2.5108698e-01	-7.7148147e-02	4.9173716e-01	-2.0156236e-01	-1.0827739e-01	4.3930475e-02	1.4211667e-01	2.0818505e-01	-4.3378353e-01	2.6051891e-01	3.6805266e-01	5.8912694e-02	-1.2402293e-01	-5.2134529e-02	-4.8261136e-03	1.7498639e-01	-7.7762343e-02	-4.0407708e-01	-1.4562428e-01	7.0672967e-02	-3.1960133e-01	1.3053583e-01	1.1485392e-01	1.6020969e-01	2.2206094e-02	1.2838113e-01	3.9007261e-02	2.8296524e-01	-7.7750934e-03	-1.5418035e-01	-1.5798606e-03	1.3493629e-02	1.4919136e-01	-3.4993270e-01	3.4942651e-01	-1.1678427e-02	2.1278134e-02	1.9064581e-01	1.6588440e-02	-7.6858975e-02	-1.6870889e-01	-5.1521450e-02	-2.0107313e-01	7.5591527e-02	-5.0984114e-02	-2.8320655e-01	-2.5834551e-01	1.0786422e-01	-2.2910371e-01	-1.3956462e-01	-4.0322739e-01	3.4909168e-01	-2.1313615e-01	3.1361467e-01	-3.7709288e-02	2.1512353e-01	-3.0061010e-01	-9.5849276e-02	-2.0058864e-01	3.1800240e-01	-2.7309752e-01	4.9786240e-01	-7.9717755e-02	3.2380956e-01	-1.0552150e-01	3.4892830e-01	-3.5089150e-01	-1.9375089e-01	-7.3156781e-02	-2.6307175e-01	2.5165641e-01	9.4233058e-02	2.4601215e-01	3.9526576e-01	2.1243140e-01	-8.6562335e-02	-2.0303077e-01	-2.4066816e-01	-1.6337971e-01	-2.0348214e-01	-1.2353262e-01	-3.5444793e-01	-4.1498142e-01	-7.4472493e-01	1.6937459e-01	-2.0947124e-01	-2.9346853e-01	-4.7417011e-02	-1.4585081e-01	-1.6911235e-01	1.4510563e-01	-4.3366976e-02	-1.0403196e-01	-4.2427009e-01	-1.1348236e-01	4.6980537e-02	4.6887912e-02	-1.9489524e-01	4.7343782e-01	3.0095541e-01	4.3790728e-02	2.4619641e-02	3.6013448e-01	2.8221508e-02	-6.5170711e-01	-2.2608256e-01	1.4951620e-01	2.3623224e-01	1.9216824e-01	3.5150117e-01	-1.3165063e-01	3.2273434e-02	1.4680727e-01	3.4554299e-02	2.3625226e-01	6.4695403e-02	8.0503739e-02	1.1951380e-01	-1.5172776e-02	2.0639256e-01	1.4460383e-01	2.0706612e-01	1.6751787e-01	1.8701814e-01	-2.0334935e-01	-9.4973318e-02	-5.3809255e-02	9.5547050e-02	-1.4409061e-01	-3.0659887e-01	1.2720631e-01	2.8867111e-01	2.8793001e-01	-1.1310905e-01	-3.8383121e-03	7.5930208e-02	5.3132854e-02	3.4809928e-02	2.8640106e-01	-2.9934001e-01	-1.5804072e-01	-1.6561882e-01	-3.4374571e-01	8.2954401e-03	2.6368520e-01	-3.0426043e-01	4.1668452e-02	-2.1184969e-01	3.2193255e-01	-1.7194010e-02	2.4907270e-01	1.9685014e-01	-1.9804835e-01	9.3126386e-02	7.4207142e-02	2.6342383e-01	-3.2103339e-01	-2.4274363e-01	1.3043654e-01	1.7462227e-01	1.0752022e-01	2.7723312e-03	2.5251326e-01	3.2614559e-02	-1.9301912e-01	-2.3597157e-01	-1.0602364e-01	-1.8747693e-01	8.5426033e-02	1.5116125e-01	-2.4015549e-01	-1.9367000e-01	1.4734930e-01	-1.4068136e-01	-1.8583189e-01	-1.9113564e-01	-1.2119709e-01	-3.3367492e-02	2.7293810e-01	-3.4510314e-02	6.3625410e-02	2.8000060e-01	4.8062205e-04	-1.7492986e-01	-2.3925900e-03	-2.9490057e-01	1.6705036e-01	-1.9264679e-01	-1.7531846e-01	1.1816595e-01	2.2759615e-02	1.7774634e-01	-2.6944450e-01	-3.5645958e-02	-1.4234348e-01	-1.9569738e-01	8.8268071e-02	1.3525356e-01	-1.7308021e-01	1.8327019e-01	-2.1033745e-01	1.0813285e-02	-1.6964898e-01	3.2947224e-02	-2.9211831e-01	-1.2695751e-01	9.3851075e-02	-3.4664217e-01	-3.6642453e-01	8.1023403e-02	2.5555840e-01	1.6250143e-02	-2.1845493e-01	-1.3405243e-01	-2.6729764e-02	-3.3555958e-02	-8.9087419e-02	-1.6615136e-02	5.7023589e-02	1.9047561e-03	-2.7628595e-01	-2.1253185e-01	-5.1295477e-01	1.1428685e-01	-2.7096888e-01	-2.2617830e-01	2.2281002e-01	1.5854380e-01	2.6868388e-01	-1.6199481e-01	2.6855284e-01	-3.9935723e-02	-1.9462155e-01	2.2819836e-01	7.0029989e-02	2.4246451e-01	-2.6455778e-01	-2.7046170e-02	-2.9308727e-01	1.6063304e-01	2.3365458e-02	-2.8919455e-01	1.3653511e-01	3.2924592e-01	2.9284814e-03	1.2401652e-01	2.6101875e-01	2.4001136e-01	2.5851849e-01	-4.2454892e-01	4.5955714e-02	-1.7449725e-01	-1.8496305e-01
8.1321053e-02	2.4171664e-01	-1.8514508e-01	-2.9750794e-01	-3.8889922e-02	2.4259330e-01	1.7129192e-01	5.1239390e-02	-1.8511016e-02	-2.2958168e-01	-2.2290306e-01	9.9736616e-02	2.0503475e-01	9.6927501e-02	3.4165520e-02	-1.8483844e-01	-4.1860003e-02	9.9243820e-02	-2.0029584e-01	-1.8484437e-01	-2.8404996e-01	-2.4125496e-01	-1.9149867e-01	-2.0788443e-01	-1.4657533e-01	-8.8332236e-02	-2.1368068e-01	1.9400609e-01	3.9524600e-01	1.3578704e-01	2.5924307e-01	-9.0545240e-05	-3.0911893e-01	-2.0213431e-02	2.5326121e-01	-1.5899280e-01	2.2814733e-01	1.5707849e-01	3.3224356e-01	2.8949571e-01	1.4079815e-01	-7.0135176e-02	2.2402303e-01	-2.1763556e-01	6.3837886e-02	-1.6313446e-01	-8.9822724e-02	2.3548666e-01	1.0180329e-01	9.4078891e-02	-2.2690135e-01	8.0438249e-02	-1.6281688e-01	-6.3030072e-02	-2.6599994e-01	1.3109376e-01	-1.9189981e-01	-4.3950848e-02	9.6659310e-04	3.6631550e-03	-2.1020088e-01	-3.1482194e-02	2.2405016e-01	2.3672853e-02	-6.3971728e-02	2.8537062e-01	-5.3606618e-02	-1.4805974e-01	1.5757030e-01	-2.7476382e-01	-2.7358381e-02	-5.0384265e-01	2.1859735e-01	2.7954710e-01	2.6521954e-01	9.3187891e-02	-2.3214184e-01	-2.3751932e-01	-1.3494354e-01	9.5631760e-03	-4.0873189e-02	2.2498587e-01	-1.1294392e-01	-3.1407863e-02	1.6070171e-01	-1.3565817e-01	1.3088699e-01	-3.6080936e-01	-1.3331074e-01	2.6258507e-01	-8.2712686e-01	-6.4750999e-02	2.3830492e-02	-1.4771938e-02	6.2283076e-02	2.2449020e-01	-2.1846476e-01	2.5003082e-01	2.8134638e-01	-2.9621780e-01	2.6029375e-01	2.6557773e-01	8.6627506e-02	3.5438025e-01	1.9563657e-01	1.8379292e-01	1.1190581e-01	1.8248886e-01	-5.8755234e-02	9.6088082e-02	1.0462049e-01	6.7173742e-02	-3.0465409e-01	-2.2006336e-01	2.4965785e-02	1.7106582e-01	1.6111384e-01	-1.3153936e-01	1.7100596e-01	2.5188091e-01	-3.7943378e-01	-8.5056059e-02	5.9637821e-01	-3.2541972e-01	-6.4430073e-02	1.8916258e-01	-2.3584335e-01	-1.5087683e-01	-4.5085140e-02	-1.6397972e-01	1.7245087e-01	-1.0939746e-01	1.0328137e-01	1.6382189e-01	-2.7474198e-01	-1.3419326e-01	3.4259886e-01	2.5607726e-01	3.1169954e-01	9.1614097e-02	-2.0701726e-01	2.4932729e-01	-1.1541501e-01	2.5295678e-01	1.2339345e-01	-6.4755142e-02	-1.4179921e-01	-1.0005461e-01	-2.2380825e-02	6.8849027e-02	-2.0265646e-01	-3.5093516e-02	-3.1695575e-01	-5.1355183e-01	8.6506173e-02	4.3476917e-02	7.4662693e-02	-2.4413705e-01	-2.8557688e-01	2.2118585e-01	-1.9635576e-01	-1.8866459e-01	7.5526968e-02	2.9192990e-01	4.1689014e-01	-1.7399211e-01	5.6175511e-02	-3.3540130e-01	4.0257749e-01	-3.2365212e-01	-2.8801703e-01	3.6058021e-01	-3.5761897e-02	3.3018568e-01	-2.0542717e-01	2.1268306e-02	-1.0343110e-01	-2.7712575e-01	-1.8862741e-01	2.2399250e-01	-1.8222983e-01	-3.0271256e-01	-1.7934214e-01	1.9762634e-01	7.2601870e-02	-7.0983738e-02	-3.1599423e-01	1.9506885e-01	-1.7886829e-01	-1.6129443e-01	-2.1199358e-03	3.2997143e-01	8.2539082e-02	1.1608580e-01	-2.0449550e-01	-7.4147418e-02	1.4606228e-01	-2.4079488e-01	4.3279701e-01	1.9958092e-01	-2.9207087e-01	2.9329437e-01	3.9813139e-02	-9.6083514e-02	-6.9393265e-01	-6.3966805e-01	-2.7655005e-01	1.3875562e-01	-2.5510019e-01	-2.5658876e-01	-3.3759281e-01	-3.0140352e-01	4.8363185e-01	2.1313801e-01	-6.0571421e-02	1.7383990e-03	8.1783839e-02	5.9345957e-02	1.2761986e-01	-3.0919427e-01	-1.8140689e-01	-2.7619624e-01	-1.6811481e-01	-5.0246418e-02	-4.3592345e-02	-4.3440130e-02	1.8345529e-01	1.7205569e-01	1.4126150e-01	-5.2550688e-02	-7.0787303e-02	3.7877053e-01	-1.7364572e-01	2.9428268e-03	-2.1642782e-01	-4.3244100e-01	1.1537638e-01	-3.8465995e-02	-8.7861665e-02	-8.6666815e-02	-2.7970168e-01	-2.2920641e-01	-2.5977579e-01	2.9260993e-01	2.5813863e-01	1.0096915e-02	-4.9397990e-02	1.7081332e-01	2.5115812e-01	2.2415049e-01	4.4637212e-01	-2.4016893e-02	1.6407338e-01	1.5868866e-01	3.3730707e-01	3.8207468e-01	5.5486415e-02	-1.8296333e-02	2.5746197e-01	-2.6544735e-01	-7.2071932e-02	2.2999132e-01	3.3833233e-01	2.4771017e-01	1.4522716e-01	1.7215340e-01	-2.4780042e-01	-4.8518971e-01	2.2049049e-01	-2.3599061e-01	2.5548747e-01	6.9626980e-02	-8.8196926e-02	1.8277295e-02	3.2692659e-01	-2.3378285e-02	-1.0185414e-02	-1.4102909e-01	5.4695372e-02	-5.2417982e-02	-6.0382877e-02	1.1255904e-02	-1.2021838e-01	1.0387647e-01	2.3420081e-02	-7.8608558e-02	2.0791556e-01	-4.5716483e-02	-8.2293108e-02	1.4144880e-01	-2.1298030e-01	1.4825445e-01	-5.7565048e-02	3.0371124e-02	1.5691920e-01	-2.4744022e-01	4.1050673e-01	-6.5118186e-02	5.7143014e-02	2.1885683e-01	-1.9387327e-02	2.3583090e-01	-1.5901769e-02	-4.5879933e-01	3.2857299e-01	1.5071747e-02	-2.6936937e-02	2.8160584e-01	-4.3064076e-01	1.1100176e-01	1.0342420e-01	2.7806675e-01	-1.9179873e-01	-4.4911125e-01	-4.2619058e-01	2.0118478e-01	-2.9484667e-02	1.8819007e-01	2.0174597e-01	-3.0441202e-02	9.9409856e-02	-1.9825187e-01	1.4475806e-01	2.7808761e-02	-1.5209916e-01	8.3202563e-02	9.1202691e-02	-5.3727352e-03	-1.8875533e-01	2.0072703e-01	1.3813893e-01	1.3539658e-01	4.1573852e-01	-4.2190173e-01	-7.7325933e-02	-2.1016027e-01	-2.4314405e-01	-2.2727817e-01	-2.7915797e-01	-2.4335471e-01	-7.6615193e-04	-1.9705740e-01	-2.3792723e-01	1.6567029e-01	1.0797506e-01	-2.1493983e-02	6.5680973e-02	-2.5255403e-01	-1.1915118e-01	2.7948430e-01	1.3958494e-01	-2.0013873e-01	-2.9866619e-02	-2.9626128e-01	-9.4080001e-02	2.2587197e-01	2.8307557e-01	2.2865590e-01	-2.2481762e-01	4.2883564e-02	3.7678105e-01	-5.1159881e-02	2.8091851e-01	8.6666390e-02	1.5840915e-01	3.0221123e-01	1.8116714e-01	1.0174748e-01	-9.1671534e-02	1.9253908e-01	-4.4055026e-02	9.0268970e-02	5.7828325e-01	1.7079327e-01	-1.2017342e-01	-2.2700088e-01	-1.3978274e-01	2.1371119e-01	-1.0440446e-01	4.9807165e-02	-2.8771374e-02	2.0199570e-01	7.6712519e-02	1.4012854e-01	-2.9174146e-01	-4.9367107e-02	7.8432560e-03	2.4846832e-01	2.0798698e-01	5.3416193e-02	-4.8598755e-02	-8.3114423e-02	4.6819106e-01	-3.4792104e-01	-4.1007289e-01	5.9349889e-01	-3.0664593e-01	4.9018465e-02	1.3346446e-01	5.4684941e-02	2.9087767e-01	8.2844824e-02	2.7467120e-01	-1.4149787e-01	-4.2762804e-01	9.9525586e-02	-3.3561859e-02	1.9573754e-02	1.6048184e-01	-3.0922094e-01	-2.2315867e-01	-4.4622168e-01	1.8791179e-01	3.7396908e-02	1.7929494e-02	-2.5479466e-01	1.4354414e-01	1.4927235e-01	2.0633629e-01	3.7255123e-02	3.0248570e-01	9.9530062e-03	-1.8058173e-01	5.3439075e-01	1.6962273e-01	-1.5547344e-01	6.1659366e-02	-1.4704496e-01	-1.3105242e-01	-4.1675442e-01	-1.6007657e-01	-2.0327948e-01	-3.8935596e-01	-3.0448976e-01	2.2461696e-01	1.5759331e-01	7.0657209e-02	-1.4375131e-02	2.9794674e-02	-2.0187624e-01	-5.3638113e-01	-4.6112028e-01	-6.0330564e-01	-2.2682305e-01	-1.4670113e-01	1.8758088e-01	1.4653656e-02	9.0867393e-02	1.6419368e-02	3.3127379e-01	2.7810448e-01	8.8675827e-02	4.4093022e-01	-1.8609770e-01	-2.1921736e-01	-2.1680804e-01	3.7053880e-01	4.2550799e-02	-2.6009247e-01	1.3249841e-01	-2.5652373e-01	2.2257096e-01	-3.8824916e-01	-1.2289260e-01	2.9833204e-01	-1.4498621e-01	-1.2795731e-01	-9.1701858e-02	-2.9462463e-01	1.2243979e-01	-7.2295062e-02	4.3601427e-02	-4.2332120e-02	-1.2331463e-01	-3.6117896e-01	1.9696456e-01	1.7717554e-01	8.8445842e-03	9.9141560e-02	1.1261869e-01	-4.3552902e-02	3.7121590e-02	-1.6831659e-01	-2.6785967e-01	1.1867430e-01	4.1003101e-02	2.7029181e-01	2.8373656e-01	3.0232924e-01	-2.2975418e-01	-2.4191624e-01	1.2062436e-01	-2.2440152e-01	4.8713408e-02	-2.5560532e-02	1.7570382e-03	2.6670444e-01	2.1726612e-03	-1.3720098e-01	-2.5506079e-01	3.9345369e-01	-7.1811467e-02	1.7398435e-01	-2.0139368e-01	-5.6064006e-02	-2.9179883e-01	9.4277792e-02	7.8175277e-02	-1.4365600e-01	-2.3123130e-01	2.5324023e-01	-2.1171582e-01	-2.2180089e-01	-1.2432032e-01	2.9368696e-01	1.6824719e-01	-8.3024196e-02	1.8493845e-01	3.1985295e-01	2.6898664e-01	3.4542665e-02	1.8739191e-01	2.8145018e-01	3.3024931e-01	1.1699807e-01	1.5781495e-01	-1.5295438e-01	-2.9282529e-02	-3.4879643e-02	-1.2275013e-01	8.8401623e-02	-1.5739262e-02	-6.0419953e-01	-2.6194051e-01	1.1518636e-01	3.7128186e-01	2.1935807e-01	-7.4664429e-02	1.5689571e-01	3.0357647e-04	2.7335140e-01	-3.0546367e-01	1.1840541e-01	2.1093959e-01	-1.3936040e-01	-6.0588945e-02	-3.8033273e-02	2.0315044e-02	9.4651133e-02	-2.9049423e-01	1.1965387e-01	3.6030206e-01	1.7337786e-01	-8.6565107e-02	2.7524359e-03	8.9546509e-02	-1.5851274e-02	7.2207324e-02	-1.7546561e-01	-2.8749036e-02	-3.8350490e-01	-8.3450690e-02	1.0680974e-02	1.4931628e-01	2.2870751e-01	-1.2406615e-02	-2.1117901e-02	1.2380712e-01	-2.2629237e-02	-1.7221415e-01	-6.3729537e-01	-3.6784095e-01	-9.0498976e-02	-2.5584042e-02	6.1899379e-02	9.4866015e-02	-2.3419331e-01	-2.3706283e-01	-2.3367350e-01	6.5453887e-02	-4.4441444e-01	-2.8326499e-01	1.6094702e-01	1.3288338e-01	-2.7079558e-01	1.5708424e-02	6.2691085e-02	3.3827183e-01	1.9179404e-01	-4.9445815e-02	1.4317867e-01	-9.2988219e-03	2.3607351e-01	-9.2430018e-02	-4.6875640e-03	-1.7357320e-02	-1.6027634e-01	2.8455234e-01	3.1376445e-01	2.1908683e-01	1.7251836e-01	-1.5494518e-01	1.5211187e-01	3.0486804e-01	2.6341483e-01	2.8499815e-01	-1.7969838e-01	1.6017486e-01	-1.4244489e-01	-1.0198027e-01	-4.0288538e-02	8.5902661e-02	-6.9263309e-02	-1.1239734e-02	-2.9210139e-02	-1.7390615e-01	1.2199486e-01	1.3907993e-01	-2.7608564e-01	4.4440645e-01	3.1339291e-01	-4.4516481e-02	-2.9391378e-01	2.0250645e-02	-4.2221289e-02	2.4530527e-01	1.8870865e-01	-2.7327543e-01	-4.8120669e-01	-1.8984100e-01	2.6875153e-01	-2.9431424e-01	2.0184396e-01	-1.2811309e-01	-2.2837994e-01	-1.9573872e-01	-1.3527167e-01	-3.0737936e-02	-1.2319630e-01	-1.2965718e-01	-2.5245303e-01	9.1536172e-02	2.5353268e-01	7.7805929e-02	1.9513732e-01	2.5829926e-01	2.6769105e-01	3.5408533e-01	-6.9053493e-02	2.2184844e-01	-9.1316648e-02	1.7686935e-01	-7.1647924e-01	-4.1406155e-01	-9.0509094e-02	2.2463410e-01	-1.8849239e-01	-1.3004321e-01	2.6596659e-01	2.5671002e-01	5.4812747e-01	-5.7709187e-01	-1.2692717e-01	-8.3670922e-02	2.7720952e-01	7.7789530e-02	1.6986555e-01	-4.1627765e-01	3.1154943e-01	-8.8111460e-03	-5.9817236e-02	-1.8501553e-01	1.5676023e-01	-1.8883197e-01	3.0023366e-01	9.3012929e-02	-9.5226899e-02	-2.5538328e-01	8.6039491e-02	-3.6659658e-01	1.9173132e-01	2.7610304e-02	2.1363385e-01	3.1487283e-01	-1.2298967e-02	-7.5523511e-02	-1.3962372e-01	-2.8972304e-01	1.5715854e-01	-1.9098897e-02	1.0407498e-01	-2.0820755e-01	-4.9355534e-01	1.0182428e-01	2.2836500e-01	-3.0236308e-02	-7.5987764e-02	1.8021762e-01	-3.5328016e-01	3.6771873e-01	7.7010006e-02	2.3964682e-01	7.1726344e-03	2.5605625e-01	-3.0020830e-01	-4.2704761e-02	1.7984268e-01	-1.1555729e-01	-5.3625740e-02	1.3187775e-01	-2.8056571e-01	-1.4793247e-01	9.4157860e-02	1.8633933e-01	4.8764925e-02	-1.4552458e-01	1.4824510e-01	-2.7185601e-01	-2.9762018e-01	2.2056246e-01	-2.3427168e-01	9.0664864e-02	-2.1542153e-01	-9.5720649e-02	-3.0006066e-01	7.8716345e-02	-2.0221706e-01	-1.1250532e-01	-3.2192852e-02	-2.2657175e-01	3.6210141e-01	-2.7552247e-01	1.4693075e-02	1.7046833e-01	1.0643273e-01	-3.6981117e-02	-1.4079241e-01	-2.0329751e-01	4.6280064e-02	2.6017490e-01	-1.1826985e-01	1.1639964e-01	1.0777787e-02	-2.8614956e-01	2.0227832e-01	-8.4286239e-03	3.9464574e-02	-2.0856117e-01	2.7055392e-01	-7.1028166e-02	4.8436015e-03	-6.0791015e-03	2.2048333e-01	3.2432050e-02	1.9329284e-01	5.7098076e-02	-2.5716820e-01	1.7218485e-01	2.5174013e-01	6.2794149e-02	3.0092207e-01	2.8160496e-02	-2.9871145e-01	7.2048895e-02	-8.7465741e-02	-2.8877831e-01	1.2244624e-01	-5.6435496e-02	2.6370722e-01	-1.1286471e-01	-2.1966159e-01	-1.9834755e-01	2.4791521e-01	-2.1487702e-01	-2.3267984e-02	-3.7455302e-01	3.0659133e-01	-5.9608955e-02	7.2506401e-03	-1.1317367e-01	-1.4109096e-01	-2.2188848e-02	-1.7581443e-01	-3.1207144e-01	-9.9879749e-02	-8.6199999e-02	1.8667124e-01	-2.1804771e-01	2.0515886e-01	7.5735830e-02	2.7496076e-01	2.2274442e-01	2.4139763e-01	-6.1364049e-01	-5.1049179e-01	-3.1164017e-02	-2.0599046e-01	-1.0777843e-01	1.0304626e-02	-4.9356669e-01	1.4357115e-01	9.0301163e-02	-1.9487621e-01	-7.8894496e-03	5.7344083e-02	2.5031194e-01	3.4344211e-02	2.4620131e-01	2.8854212e-01	-2.7339282e-02	9.0998327e-03	1.1200371e-01	1.4627619e-02	1.4746772e-01	-4.1912818e-01	2.4905456e-02	-2.4194917e-01	1.9538437e-01	7.4436329e-02	-1.3923886e-01	2.1819772e-01	3.2693440e-01	2.0060503e-01	1.0787833e-01	-3.6568123e-01	-2.2163002e-01	2.5155139e-01	-4.1442874e-01	8.7286234e-02	2.1316090e-01	-2.7081138e-01	-7.7428557e-02	-9.8599434e-02	-2.2330862e-01	2.1144152e-02	2.1527469e-02	3.1413037e-01	-1.1619627e-03	-1.9390146e-01	-4.4140231e-02	7.8194879e-02	-3.0108136e-01	-1.0352311e-01	3.6324814e-01	-1.0025758e-01	5.4275684e-02	-4.5199648e-01	8.9881271e-02	2.2365001e-01	5.8277667e-02	1.9638781e-01	-2.4676953e-01	2.7476650e-01	-4.1391441e-01	2.5243846e-01	-2.1809070e-01	-6.8387382e-02	-2.6709267e-01	-2.7818027e-01	-4.6441483e-01	-3.8421936e-02	1.1195362e-01	5.5133194e-02	-2.9879645e-01	3.6237191e-02	-2.1108349e-01	3.4274101e-02	3.1096041e-03	8.4671497e-02	-1.0253722e-01	3.5177995e-02	-1.1685202e-01	3.3492306e-01	-3.6500597e-01	-2.6023301e-01	4.1683528e-01	2.8238496e-01	3.2959569e-01	-1.6749384e-02	-7.0646846e-01	6.2326699e-02	-1.7801778e-01	-1.8435793e-01	-2.5837457e-01	-2.1407211e-01	-1.3598494e-01	3.1316418e-02	-3.0712578e-01	-5.7319056e-02	-1.0871388e-01	-2.9531798e-01	-2.3010266e-01	4.1545775e-02	-1.8878116e-01	1.8657392e-01	1.9663139e-01	-4.1900102e-02	-1.0751681e-01	-1.1857031e-01	-1.7292114e-01	-6.2959813e-02	-3.7210912e-02	-3.4201865e-03	-1.4691292e-01	1.1980305e-01	-1.8746038e-01	-2.7950559e-02	-2.2488254e-01	9.9693248e-03	2.8362731e-02	-1.3817602e-01	8.1402925e-04	-2.3356291e-02	2.2827134e-01	2.8699404e-01	2.4551526e-01	-2.6912180e-01	-2.0188726e-01	-7.0684202e-02	-1.3366148e-01	3.3539256e-01	-2.4867778e-01	2.0925041e-02	-1.5934747e-01	3.1069404e-02	-2.8495872e-01	-2.8075060e-01	-1.8534036e-01	2.7288115e-01	-1.1715195e-02	2.8772267e-02	-5.7863958e-02	3.1072664e-01	-2.4450541e-01	-1.6952157e-01	-1.2933968e-01	6.7539535e-02	1.8631794e-01	1.9002980e-01	2.2081538e-01	1.1992304e-01	1.6572621e-01	3.1961601e-02	3.6016914e-01	1.6670404e-02	2.0854174e-01	-1.9701727e-01	-3.8635135e-02	3.6105177e-01	-8.0246232e-02	-5.7358332e-02	1.4279422e-01	1.8936963e-01	-2.4387088e-01	-1.0645725e-01	-3.9161686e-02	-5.6925800e-02	9.6965276e-02	2.1123621e-01	2.2829758e-01	1.7346092e-01	-3.2261524e-01	-2.0585407e-01	-2.0528696e-01	2.3642431e-01	-3.0764950e-02	1.4234082e-01	9.3912212e-03	-4.3367124e-01	-1.8817674e-01	1.6614901e-01	-1.1689416e-01	3.1447858e-02	1.7140244e-01	9.6099302e-02	3.0191898e-01	8.5940659e-02	-9.6122228e-02	-1.0595851e-02	1.9131887e-01	-2.7060892e-02	-5.4928109e-02	-3.1702301e-01	-6.6680484e-02	1.4978026e-01	-2.6799029e-01	-1.3866156e-01	8.0198064e-02	1.8775517e-01	-1.7876250e-01	-1.6085678e-01	-6.5003194e-02	5.6019846e-02	-8.5119247e-02	3.8933947e-03	1.9199194e-01	2.2882009e-01	-2.4815559e-01	-2.2281742e-01	-7.5711519e-02	1.0762627e-02	-8.0693014e-02	3.4417468e-01	7.0876852e-02	1.3884722e-01	4.3558177e-01	-1.6272578e-01	-4.9530321e-01	1.0280602e-01	5.3448826e-02	-7.1502305e-03	8.9639693e-02	-4.8850796e-01	-1.8001182e-01	2.5401589e-01	-1.0550170e-01	2.6459357e-01	-6.9983795e-02	-2.0764966e-01	-2.2126073e-01	1.0520452e-01	2.3679253e-01	2.4185893e-01	-1.7863496e-01
5.3351779e-02	-2.0059055e-01	2.2121599e-01	-2.9817975e-01	-5.2146417e-01	5.3823543e-01	2.0289378e-01	1.2416817e-01	-1.7167000e-01	2.4540347e-01	-1.8855576e-01	-1.2417639e-01	4.3028033e-01	-3.2849994e-01	3.3935529e-01	-1.4658633e-01	2.5564519e-01	-1.9410835e-01	1.3843934e-01	2.9854390e-01	3.9740673e-01	3.6926550e-01	-1.4659987e-01	1.5788504e-01	1.8937951e-01	-3.2668170e-01	-2.0377879e-01	5.1875848e-01	-3.2777017e-01	-3.5348424e-01	-1.3639344e-01	5.3000504e-01
