9
input	13
dense	32
relu	0
dense	32
relu	0
dense	32
relu	0
dense	1
linear	0
7.999999979801942e-06
8.9638986e-02	-9.3983792e-02	-7.1753584e-02	-7.8117892e-02	7.4010924e-02	-1.5861711e-01	3.6038829e-03	-5.1966112e-02	7.6421730e-02	9.4764955e-02	-2.1788752e-02	-5.4863613e-02	1.9155713e-02	-2.0801209e-02	8.9534335e-02	-5.9161972e-02	-2.2669666e-02	-9.8609455e-02	-7.9762705e-02	-6.3595198e-02	1.3101508e-01	-7.9276405e-02	3.3675261e-02	3.2565348e-02	2.4739686e-02	-2.3633240e-02	-9.8103553e-02	-4.5186938e-03	-4.2907149e-02	-3.0788895e-02	2.4366857e-02	4.9246583e-02
5.0537489e-02	-9.2527933e-02	-9.7507872e-03	-6.5000482e-02	2.4681624e-02	1.1068081e-01	7.0084538e-03	-5.8073781e-02	5.4245541e-04	2.7840508e-02	0.0000000e+00	-1.7999092e-02	-2.1137848e-02	-2.3233853e-02	-4.9410280e-02	1.3649909e-02	-9.0262920e-02	-1.4183407e-02	-5.3342443e-02	-2.5537931e-03	-6.1161693e-02	2.1986511e-02	-3.9521869e-02	4.0593170e-02	-5.9637204e-02	7.6817609e-03	-6.1481159e-02	5.3421319e-02	-2.0068597e-02	1.4628951e-02	-3.6995646e-02	-7.1948834e-02
-1.3244567e-02	-3.3588406e-02	-4.4215161e-02	7.2103337e-04	-8.7311730e-02	-3.9743777e-02	-3.4448948e-02	6.8988703e-02	-4.3666311e-02	4.1918654e-02	-3.3250328e-02	-3.2151140e-02	-7.4974969e-02	-4.5495413e-02	-1.6752509e-02	-1.5437120e-02	-4.0370502e-02	-2.4194170e-02	5.8414051e-03	-3.1774014e-02	1.3968099e-02	2.6878063e-02	-5.8851730e-02	-1.9485041e-02	-1.1582121e-02	-7.1761593e-02	-6.0615093e-02	-2.3218438e-02	-3.9309930e-02	-7.5305447e-02	-1.0092292e-02	-2.1043375e-02
2.1988426e-03
4.6189055e-01	9.9219466e-03	-2.5978737e-02	-4.4375026e-01	-2.2653508e-01	1.4893892e-01	-1.5088643e-01	2.0751922e-01	2.0424104e-01	1.3174523e-01	1.5782898e-02	2.6916018e-01	-5.7570105e-03	1.5944605e-01	-2.5585994e-01	2.9539118e-02	3.0729291e-01	3.7778169e-01	-8.4620014e-02	1.1617991e-01	3.5689253e-02	-1.1341625e-01	2.8266105e-01	1.6402528e-02	5.9154403e-01	1.0376820e-01	-2.2255884e-01	-3.6555203e-03	1.3120422e-02	-3.2654124e-01	1.8087925e-01	-7.9479203e-02	2.8385052e-01	4.8067564e-01	1.7389707e-01	-3.0410567e-01	-1.9380857e-01	-7.2750503e-01	-4.3128759e-01	-5.2271485e-01	-9.9208929e-02	-3.3224382e-02	-5.5608280e-02	-1.9159131e-01	-1.3400598e-02	4.0790271e-02	1.2664667e-01	7.0203491e-02	-5.9452400e-02	3.1513867e-01	-2.1473457e-01	-4.4927377e-01	1.2588789e-01	-2.0562738e-01	-2.3955493e-01	3.5108870e-01	3.1502873e-02	2.7526087e-01	-3.5911712e-01	-2.2394544e-01	5.9681367e-03	-1.0072169e-01	5.0321918e-02	-7.3208719e-01	1.6148570e-01	-1.2974887e-01	-7.0502299e-01	-2.0336655e-01	-1.6377386e-01	-3.6491784e-01	-2.1010865e-01	1.2794966e-01	-5.4826953e-02	6.2872492e-02	2.9649047e-02	4.5592174e-02	-8.7481433e-01	-1.4068410e-01	-2.1749227e-01	6.2543407e-02	1.1600320e-01	-2.0236070e-01	-9.4454795e-02	-3.4909785e-01	-4.4146317e-01	-2.3713416e-01	-7.5681493e-02	1.7144752e-01	1.6607636e-01	1.7617869e-01	3.4905499e-01	-1.1788706e-01	2.2970544e-01	-7.3722467e-02	1.9415414e-01	1.0813187e-01	-2.8630239e-01	-2.8664459e-02	-2.6508582e-01	3.1073764e-01	-1.8775648e-01	-1.3239669e-04	3.5939917e-01	-9.4672048e-01	3.4401143e-01	-8.0276735e-02	-2.7884305e-01	-3.6189204e-01	3.0261660e-01	3.4409913e-01	-1.9592902e-02	-4.1305110e-01	-9.2227347e-02	1.8016279e-01	9.7073533e-02	-5.0126803e-01	-4.8617375e-01	7.1809083e-02	2.1296798e-01	-3.0750808e-01	1.1057957e-01	2.0704572e-01	-1.8861933e-01	1.7607090e-01	-2.0184913e-01	-2.0363088e-01	8.6570315e-02	1.4907753e-01	-1.0515867e-01	4.0300894e-01	-1.6511740e-01	-1.9654074e-01	-1.1765090e-01	2.7166796e-01	1.9244944e-01	-2.7034879e-01	3.3829164e-02	3.1950149e-01	-7.7201612e-02	2.1194896e-02	9.3298905e-02	-3.9104867e-01	-4.4113296e-01	-1.1439225e-01	2.2598699e-01	-2.0212722e-01	1.7809126e-01	-2.4717401e-01	-1.3736391e-01	-4.5305986e-02	9.0728834e-02	5.4448768e-02	-2.9310113e-01	1.3369070e-03	-4.6557773e-02	7.7702054e-03	-2.2548646e-01	5.2508987e-02	-2.2112620e-01	-2.5646722e-01	1.3355082e-01	8.2196146e-02	-1.6695608e-01	1.0356391e-01	3.9702731e-01	2.0877214e-01	1.5754189e-01	1.8159583e-01	4.4076893e-01	2.4648342e-01	1.2447143e-01	-1.5818569e-01	2.8887334e-01	-2.2657253e-01	2.7998352e-01	1.4080853e-02	-3.9637390e-01	5.2140945e-01	-8.8088453e-02	-4.7931921e-02	1.0975469e-01	2.7711928e-01	1.9135918e-01	-1.2944511e-01	4.1647601e-01	2.2204402e-01	-3.6657944e-01	1.4054894e-01	-4.6673584e-01	-1.0269324e-02	-1.9287860e-02	2.1061482e-02	-1.6119426e-02	-3.8242704e-01	2.5269538e-01	8.5465364e-02	3.2578027e-01	-6.6237114e-02	-2.4739695e-01	7.2622418e-02	-3.8867247e-01	1.9260806e-01	-1.8791601e-01	-1.6186120e-01	-2.4348755e-01	-6.0058571e-02	7.2158277e-01	-2.3970457e-02	-3.2036218e-01	-1.2334374e-01	-7.7447481e-02	-3.1568396e-01	-1.2053563e-01	-5.8296029e-02	2.7078378e-01	1.4931743e-01	1.4291228e-01	2.9562569e-01	-3.3957434e-01	-1.4516994e-01	3.0022250e-02	-6.9769748e-02	1.6995740e-01	3.9646688e-01	4.7337811e-02	-2.1945794e-01	2.4072124e-01	2.7658358e-01	-1.4958273e-01	2.7548176e-01	3.3220226e-01	2.1239296e-03	1.1974173e+00	-7.1960908e-01	-1.3378726e-01	1.1691420e-01	9.1617525e-02	3.2426608e-01	4.2835030e-01	-3.0851057e-02	-2.7124557e-01	5.6570094e-02	3.1160194e-01	-1.4494930e-01	-3.6404584e-02	3.0140847e-01	1.7805286e-01	2.5824335e-01	1.3573982e-02	1.8470433e-01	-2.9099727e-01	3.7759173e-01	1.0770814e-01	2.8176033e-01	-4.1250852e-01	-3.6617559e-01	1.9036919e-01	-7.3591098e-02	5.5026656e-01	-2.6808742e-01	2.8877142e-01	5.4396972e-02	-2.7958903e-01	-2.2545131e-01	-2.7554667e-01	-8.1514478e-02	1.8216032e-01	3.7872317e-01	-7.3467119e-04	1.4736205e-01	2.8538541e-04	-1.0750916e-01	-8.5163070e-03	-1.3463737e-01	3.2297388e-01	3.8203299e-01	1.3763253e-02	-2.6830623e-01	-1.5919222e-01	-8.5275099e-02	2.4119454e-02	-4.0962107e-02	-2.5181574e-01	1.4211345e-01	4.5213005e-01	9.0014212e-02	8.8588065e-03	-1.3556087e-02	-1.2524995e-01	2.0494798e-02	1.2469053e-01	-3.5439128e-01	1.9364448e-01	-5.0282377e-01	-5.7360470e-01	-3.0958644e-01	4.1784174e-03	2.4533837e-01	-4.5882562e-01	-1.3680953e-02	-6.9978827e-01	-2.2834530e-01	-6.0376547e-02	-4.7322768e-03	1.8000042e-01	5.7750683e-02	-2.2280237e-01	6.4197367e-01	1.4309452e-01	2.3955025e-01	2.1264453e-01	3.2962787e-01	-9.8832659e-02	1.3638793e-01	-1.2570353e-01	2.3898973e-01	3.7959710e-01	3.1259935e-02	5.7928734e-02	-8.4981173e-02	-3.5559753e-01	1.9029497e-01	4.7234293e-02	5.3414631e-01	3.2549942e-01	9.7787291e-02	2.5479802e-01	1.1972750e-01	-2.0248356e-01	-4.2769206e-01	6.4290427e-02	6.2416080e-02	5.0020027e-01	-2.6970189e-02	-1.5102121e-01	6.5294601e-02	-5.3298280e-02	-5.1936734e-01	1.4228791e-01	-1.5255511e-01	2.6696485e-01	2.4567163e-01	3.6364788e-01	-2.3815326e-01	9.2730246e-02	-2.9923499e-01	2.0170002e-01	-2.4890764e-01	-3.1029474e-02	8.7154061e-01	-1.2583689e-01	4.1783672e-02	-2.2966003e-01	-3.7160479e-02	-3.7863410e-01	-3.0252749e-01	3.8028064e-01	1.7867036e-01	3.0797344e-01	2.5129419e-02	-1.2829250e-02	-1.8577518e-02	1.2509735e-01	-2.9091337e-01	1.3504276e-01	-7.0487037e-02	2.8138918e-01	9.8989554e-02	8.5732557e-02	6.2519364e-02	-1.9985002e-01	1.0082077e-01	-4.2500046e-01	1.9945632e-01	2.3418242e-01	3.7979767e-01	-1.0891425e-01	-5.9303164e-02	6.9053814e-02	2.5883257e-01	2.4836752e-01	-3.0236018e-01	-3.3115822e-01	-5.0444134e-02	3.4323746e-01	-2.0882411e-01	3.5515073e-01	2.2170576e-01	1.2843040e-01	2.3467327e-02	-5.6044984e-01	-1.9672219e-01	-1.6529265e-01	3.1423113e-01	-2.5213176e-01	-2.6848954e-01	-2.1030807e-01	8.4580161e-02	1.5097465e-01	8.2186488e-03	-2.0256309e-01	-3.7096727e-01	-4.3218499e-01	2.5099459e-01	-3.0041164e-01	-1.7361668e-01	-2.3840407e-01	-1.6709922e-01	2.9290920e-02	-1.5243264e-01	4.1738626e-01	-2.3561352e-01	-2.0903695e-01	4.0789749e-02	-1.5649599e-01	5.5254567e-01
1.6974083e-01	-8.5725054e-02	-2.7928874e-01	9.7178034e-02	-3.1898279e-02	-1.9743980e-01	-1.3450228e-01	1.5980898e-01	-1.3737625e-01	4.0535767e-02	2.9360202e-01	2.2212874e-02	-4.3644704e-02	-2.4312814e-01	-1.3726829e-01	-2.0875153e-01	1.2291171e-01	-2.6473883e-01	3.9633997e-02	-4.6556726e-01	4.8508078e-01	1.1244364e-02	-6.1262175e-03	4.9196918e-02	1.2090908e-01	-2.8217742e-01	-3.2242551e-02	-5.5591929e-01	-2.3009801e-01	-1.8691479e-01	-5.3129349e-02	2.5803509e-01	-1.8191362e-02	5.0846583e-01	1.8787928e-02	-8.6003326e-02	-2.8819677e-01	-7.0076519e-01	-1.4220635e-02	3.8653389e-01	1.0879035e-01	8.3114572e-02	1.3377073e-01	2.7773727e-02	1.7102356e-01	-1.8246566e-01	-5.3866277e-03	-9.5913187e-02	2.1131231e-01	1.8010874e-01	2.7205437e-01	1.2974344e-01	-3.6743918e-01	5.3753894e-02	3.6572391e-01	-2.1092702e-01	-1.6614656e-01	1.4965901e-01	3.1677696e-01	4.7267891e-02	1.4260101e-01	8.7418653e-02	-1.2080898e-01	-3.7783188e-01	8.9619551e-03	1.3226667e-01	-2.9862704e-02	5.6521047e-02	2.9355922e-01	-8.5230887e-02	2.9736888e-01	1.7867436e-01	-2.5757948e-01	-4.4000439e-02	8.3855763e-02	-5.1334687e-02	1.6953987e-01	-3.0135268e-01	1.1955556e-01	2.6614359e-01	1.9462292e-01	6.2673345e-02	-1.4502786e-01	1.5007034e-01	-5.2852911e-01	-3.2245271e-02	5.5379149e-02	-1.3868275e-01	-4.4314325e-02	-3.4728846e-01	3.0771512e-01	-7.7847946e-01	-4.8071463e-02	7.9400271e-02	1.4914493e-01	-2.9307303e-01	-2.4900049e-01	-2.5889057e-01	1.2411582e-01	-3.4382299e-01	-1.3375957e-01	2.5479636e-01	-2.2548686e-01	-3.2368335e-01	6.7166373e-02	-3.2872540e-01	2.0842388e-01	2.3530497e-01	2.4574503e-01	-1.9166680e-01	1.3913034e-01	-2.4808516e-01	6.3701242e-02	-2.9427471e-02	-3.1913573e-01	-2.6010001e-01	-2.4885818e-01	3.0431992e-03	2.2248216e-01	-8.5528411e-02	1.6114643e-02	2.2170797e-02	-7.7903338e-02	1.1117473e-01	6.8936437e-02	2.0168617e-01	-1.6875890e-01	-2.9860786e-01	2.7232525e-01	-1.2366057e-01	1.7400178e-01	-2.1927567e-02	-2.7112970e-01	-2.4510840e-01	-4.0616629e-01	-4.9127978e-01	1.9723941e-01	2.0258206e-01	4.8526842e-02	2.6057376e-02	-1.7122300e-01	9.5458716e-02	1.3762672e-02	-4.3508567e-02	2.5373846e-01	-3.2457334e-01	-2.6563602e-02	-2.2080360e-01	-1.8888770e-02	1.5058520e-01	-1.3775723e+00	3.8603242e-02	2.0189930e-01	3.8771221e-01	-2.2939144e-01	-7.9861186e-02	-1.4778060e-01	1.4026521e-01	-4.6455488e-02	-6.2876493e-02	3.9782619e-01	-1.9304024e-01	5.5047262e-02	-2.7305323e-01	2.2877990e-01	1.7188723e-01	-4.1094777e-01	-3.2812268e-02	2.2303616e-01	1.8193315e-01	1.9881116e-02	4.8580568e-02	-2.1106075e-01	-1.5141587e-01	1.0271878e-01	-4.2277303e-01	-2.1097198e-01	-2.9822725e-01	5.3783428e-02	-6.6359252e-02	7.2038829e-01	-2.1223418e-01	1.4213537e-01	-2.3812258e-01	-8.4321685e-02	-1.4211848e-01	-1.5611629e-01	-4.9417156e-01	5.8176260e-02	1.7523810e-01	-2.7562431e-01	-4.6825698e-01	4.4484913e-01	-2.9275054e-01	5.1376075e-02	8.0643058e-02	-4.0583840e-01	-2.1985917e-01	8.6255603e-02	-2.1099807e-01	-1.3184077e-01	-6.0469758e-02	-2.3280947e-01	1.9079170e-01	-1.1330534e-02	-1.7536581e-01	2.9264587e-01	1.9493815e-01	-8.4629744e-02	-4.3986437e-01	1.1610393e-01	1.1095314e-01	4.6040976e-01	1.3914970e-01	-3.3066288e-01	-2.3496404e-01	-2.8979361e-01	1.5318952e-02	-1.3926448e-02	5.0826758e-01	-3.8887367e-02	1.9771057e-01	3.9916329e-02	2.7703783e-01	2.6796800e-01	-6.8264157e-02	-2.3149087e-01	-5.0932944e-02	9.4628476e-02	1.6143851e-01	-2.3731919e-01	1.9119149e-01	2.4700777e-01	-2.1997871e-01	-2.8996974e-01	-3.0885041e-01	1.5786087e-02	-9.2554472e-02	2.2694795e-01	-3.1875160e-01	1.2012938e-01	-2.5924891e-02	-1.0835811e-01	-2.0652136e-01	6.2722720e-02	-1.0991924e-01	-1.6383593e-01	-2.3614388e-02	1.6474816e-01	-1.6703935e-02	-3.3157879e-01	-1.1188850e-01	2.5818298e-02	2.0357972e-01	1.7926034e-01	2.0827259e-01	-5.0868958e-02	1.4203110e-01	-3.0008826e-01	-2.6055950e-01	-2.3661685e-01	-3.2314652e-01	3.9995179e-01	9.0946063e-02	-1.4577110e-01	-2.4304268e-01	-1.4989175e-01	2.6985100e-01	1.7102110e-01	1.3189976e-01	-3.1482673e-01	3.1246364e-01	-2.2033405e-01	1.2113534e-01	6.2349200e-02	-6.5777643e-04	-6.6829926e-01	2.9360774e-01	-9.7809590e-02	2.6119632e-01	2.9412389e-01	2.7788350e-01	4.5834042e-02	-4.6849647e-01	-2.2453366e-01	-2.8364423e-01	1.7075709e-01	8.9835644e-02	1.2690522e-01	-1.0803600e-03	-3.8181797e-01	-1.1136777e-01	-5.9673656e-02	-6.5259732e-02	1.7306025e-01	-2.3521449e-01	8.7280735e-02	4.7771308e-01	7.3822111e-02	-3.9158317e-01	1.5720724e-01	1.6207395e-01	-1.7042968e-02	8.8604733e-02	-4.6241742e-02	1.7393969e-01	-3.9336166e-01	-3.1874385e-01	1.6471197e-01	-2.2391383e-02	-7.2645970e-02	-3.4551716e-01	-8.6459503e-02	-5.7157820e-01	-7.1082488e-02	4.3565094e-01	-1.4421761e-01	-8.5235173e-03	-1.1777224e-01	2.0409404e-01	1.9930533e-01	-2.2921379e-01	-9.0322182e-02	-1.5952037e-01	-2.0117292e-01	7.3877871e-02	-1.8047896e-01	-1.3735107e-01	-2.9585958e-01	-2.6873887e-02	-1.2845217e-01	1.4814982e-01	6.7884326e-02	-7.6068327e-02	-1.6521667e-01	-8.6610988e-02	-2.2718430e-01	-1.9909284e-01	-2.6189283e-01	-1.8131745e-01	5.8292508e-02	-1.7540462e-01	-8.3312541e-02	2.4641308e-01	-1.3864230e-01	7.1879715e-02	9.7236633e-03	-1.6396537e-01	1.3942319e-01	-4.2558610e-03	-1.3167988e-01	-2.4311848e-01	1.0136142e-01	-1.3256107e-01	-2.2593004e-01	-2.1790127e-01	1.9935051e-01	-1.6164927e-01	7.6304816e-02	6.4186916e-02	-1.1703958e-01	-2.9350308e-01	-2.1012288e-03	-2.9900843e-01	-1.3312817e-02	-2.1505481e-02	9.8442854e-03	-1.4698277e-01	-5.1828384e-02	-2.6844117e-01	-2.3170792e-01	1.8771964e-01	-1.5331252e-01	-9.4876021e-02	1.2075691e-01	-2.7854118e-01	2.6132792e-02	1.5341941e-01	-1.0850414e-01	1.8713860e-01	8.9287847e-02	1.1696422e-01	-2.6770948e-02	7.7007175e-03	-7.7849157e-02	3.6540800e-03	1.9988111e-01	-2.2681142e-01	-2.6838690e-01	4.5114744e-02	-6.1630052e-02	-1.1918179e-01	-1.0133339e-01	-1.6644993e-01	-1.0296856e-03	2.8079480e-01	-1.9208123e-01	-2.8119379e-01	-6.0998522e-02	-2.6983632e-02	6.4940751e-02	-2.8159729e-01	4.8217412e-02	1.9721335e-01	3.6751851e-02	2.2212593e-01	-1.6354780e-01	2.0237683e-01	-2.2418657e-01	1.8888400e-01	-2.2848397e-01	5.4961914e-01	1.6562483e-01	2.4529186e-01	2.5683028e-01	3.9372590e-01	-2.3210520e-01	-2.4331076e-01	-5.5624720e-02	1.0692850e-01	-2.3416039e-01	-1.1924820e-01	-1.5156609e-01	1.7933154e-01	-7.8272656e-02	-2.0533502e-02	-6.3202217e-02	-1.8257596e-01	-2.2653620e-01	-9.9171579e-02	-1.0956518e-01	1.7414717e-01	2.2277501e-01	1.7424721e-01	-2.2555530e-01	2.1882449e-01	1.5230568e-01	-2.7685314e-01	-6.3370727e-03	1.1832568e-01	4.3026134e-02	2.5134450e-01	-7.6022811e-02	-1.4986552e-01	-1.6354641e-01	2.5670758e-01	-1.8323494e-01	-1.9691810e-01	-2.1208617e-01	5.1511836e-01	4.9701329e-02	-2.2822699e-02	-2.4295653e-01	3.0478403e-01	-4.0825039e-02	3.0603569e-02	-2.1013865e-01	5.9678316e-02	-1.5695730e-01	-3.1943393e-01	-1.8410023e-01	-1.1100662e-01	-6.6814937e-02	-1.3155136e-01	1.7888075e-01	3.2678056e-01	1.1438567e-01	2.8042188e-01	9.3794145e-02	1.7319629e-01	4.0581903e-01	-2.6646242e-01	2.9233223e-01	-1.1868607e-01	-8.6406264e-03	1.3015316e-01	-8.0496848e-02	-5.3832430e-02	-3.5698941e-01	-1.6701178e-01	1.5116800e-01	7.7944383e-02	-6.8896919e-02	-2.6289517e-01	4.7015496e-02	-4.6274623e-01	-9.5689237e-02	-2.7482942e-01	-2.0620120e-01	3.3365667e-02	-2.6381204e-01	-2.7600539e-01	-1.4118598e-01	-1.8766651e-01	-3.6126104e-01	1.3686013e-01	2.2172423e-02	5.3370339e-01	1.5253325e-01	2.5602132e-01	-8.5439011e-02	-1.0850623e-01	2.8711328e-01	1.9014645e-01	3.7114248e-01	-2.5129604e-01	1.5517682e-01	-3.4134984e-01	1.3397551e-01	2.3342559e-01	-5.9673930e-05	-1.5114883e-01	1.7295097e-01	-3.4763876e-02	1.2705402e-01	1.0744880e-01	-3.8477781e-01	-7.0627644e-03	1.9497938e-01	-2.1142092e-02	-8.7213948e-02	7.7455893e-02	1.0393752e-01	-6.0182647e-03	-1.2100784e-01	-2.2215946e-01	-1.1187411e-01	-1.1937740e-01	1.7840049e-01	-1.0798873e-02	-1.2263895e-01	3.3667707e-01	2.3497230e-01	8.7246411e-02	3.0522963e-01	-1.1587605e-01	2.7935952e-01	-5.2247155e-02	2.1168755e-01	-1.7165725e-01	5.0694861e-02	-1.5835063e-01	-1.2429294e-02	-4.7693211e-01	-3.0109286e-01	-1.9457757e-02	-9.4211601e-02	5.5620829e-03	1.2623380e-01	1.4700271e-01	-4.6090607e-02	-1.6585380e-01	-5.2050922e-02	2.6445460e-01	-2.0462792e-01	-8.1220523e-02	-5.7596721e-02	2.0274295e-01	-1.9660455e-03	-1.8079305e-02	1.9343477e-01	2.6581433e-01	-3.0346736e-01	2.4430496e-01	2.2333544e-01	-3.6642012e-01	2.5121325e-01	-1.9998291e-01	-1.8811008e-01	-2.2979687e-01	6.0393792e-02	-3.1602077e-02	2.6276795e-02	-1.2432201e-01	-1.2402612e-01	-8.3631486e-02	1.2037165e-01	-2.4107365e-02	2.1310034e-01	8.8631205e-02	-1.8585305e-01	1.5081598e-01	8.6157046e-02	-3.1529433e-01	-2.7317145e-01	1.3468309e-01	-4.6328317e-02	-1.6373396e-01	-1.7333438e-01	1.5490793e-01	-2.0632802e-01	-5.8125723e-02	-1.5406625e-01	-1.3341835e-01	-1.3210405e-01	3.6025923e-01	1.8008454e-01	2.3182957e-02	-6.7727667e-01	6.8395421e-02	1.7045468e-02	4.2677466e-02	9.4067737e-02	-5.5531379e-02	3.7079993e-01	1.2123282e-02	1.5531100e-01	1.7080188e-02	4.6934072e-02	1.4479126e-01	-1.5278229e-01	-3.2738026e-03	5.6704372e-02	9.8183170e-02	-1.5383065e-01	-1.4935151e-01	-2.5388065e-01	2.0315909e-01	-7.9814106e-02	-1.1061426e-01	3.6356801e-01	1.9558492e-01	-4.3059230e-01	1.9983734e-01	1.8832518e-01	8.2029283e-02	2.7690023e-01	1.9801360e-01	-1.8442373e-01	-6.6943742e-02	2.1413055e-01	2.6181102e-01	-6.1627772e-02	-2.3175745e-01	3.0846554e-01	-4.1367044e-03	1.3523889e-01	-1.1610811e-01	-2.0119596e-01	-2.1888129e-01	3.1943408e-01	3.9958879e-01	-3.5685679e-04	2.0293525e-01	-3.6867908e-01	2.5509948e-01	-4.3912303e-01	-1.6137454e-01	-5.4589294e-02	-1.9093120e-01	-9.7145773e-02	-2.5073373e-01	-1.9444597e-01	1.4941689e-01	-7.0280761e-02	2.7112883e-01	-6.8212278e-02	-2.8479293e-02	-3.3920863e-01	-4.3985181e-02	2.3100705e-01	1.9459124e-01	4.0683150e-02	-6.6517048e-02	-3.7649866e-02	-2.2746082e-01	2.0241579e-01	-1.4410983e-01	2.9124591e-01	3.7588421e-02	9.1224030e-02	-1.8629691e-01	-1.0159125e-01	-2.1985677e-01	-2.0661122e-01	8.7173522e-02	1.3798043e-01	-1.5086012e-01	-2.2290727e-01	2.5038466e-01	1.5275650e-01	-5.1451063e-01	3.3004081e-01	1.0787284e-01	-6.4431436e-02	-8.5640781e-02	-3.6110872e-01	-9.0514585e-02	2.7205265e-01	-1.3084756e-01	9.3604229e-02	1.2571007e-01	7.5448078e-01	9.8214246e-02	1.0025541e-02	-9.1221489e-02	-2.5129642e-02	1.1987371e-01	-2.5577715e-01	2.8034346e-02	-2.4320096e-01	-2.7241418e-01	-3.6398631e-01	2.5731171e-02	1.3531128e-01	-2.8982514e-01	1.1216197e-01	1.8880215e-01	-7.7477753e-02	1.6108397e-01	-3.2957745e-01	2.7334458e-01	3.5888702e-01	-1.7379028e-01	-3.6407521e-01	1.9651449e-01	4.5936294e-02	-2.4239723e-01	-7.2589499e-01	-2.7869850e-01	2.9049879e-01	1.8737549e-01	-1.0362159e-01	3.9429557e-01	8.3081901e-01	-3.2057720e-01	2.7081141e-01	5.6025196e-02	1.5292463e-01	-4.5367245e-02	4.4455856e-02	8.7231570e-01	-3.8269693e-01	1.4626168e-01	1.1163335e-01	-1.2454606e-01	-4.4315314e-01	9.5001884e-02	-1.2412275e-01	9.3669586e-02	-1.9355111e-01	-2.2569048e-01	-2.1920130e-01	-2.2455078e-01	-2.3810518e-01	5.5596869e-02	-1.3351797e-01	-1.9417998e-01	-1.0078704e-01	8.4651291e-02	-9.4079621e-02	-1.5341605e-01	1.4319488e-01	3.0475909e-01	2.9521543e-01	2.6328290e-01	-2.5294772e-01	2.6542467e-01	1.3991745e-01	-1.1318457e-01	-2.1504287e-01	-3.6285055e-01	1.3479277e-01	-2.6278678e-01	4.8474770e-02	-1.1421510e-01	3.2659462e-01	1.3401882e-01	-4.2780501e-01	5.3959329e-02	2.6076338e-01	-1.6146080e-01	7.3765218e-02	2.4302988e-01	-8.2631305e-02	-2.3838137e-01	3.3560666e-01	3.2504848e-01	-3.3538109e-01	1.3232139e-01	8.2466863e-02	-2.7438030e-01	5.3791989e-02	-1.6330597e-01	2.8654078e-01	-2.9564416e-01	-1.1578009e-01	-3.7528045e-02	-2.2942120e-01	-2.9971325e-01	3.2122734e-01	-1.7411479e-01	6.8707831e-02	-4.1772105e-02	9.5780954e-02	1.4077491e-02	-2.5982765e-02	-3.1517473e-01	-1.2499071e-02	-6.5841533e-02	-1.5681510e-01	-1.3616613e-01	-7.0961602e-02	-3.9723876e-01	-1.5928294e-03	-4.6755311e-01	-1.8436421e-01	-2.5774008e-01	-5.7715535e-02	1.2634963e-02	-5.8532827e-02	1.3057187e-01	-4.0508509e-01	-3.3022591e-01	-3.6174354e-01	-7.6964758e-02	-1.4927478e-01	-9.2832614e-03	-2.5963622e-01	1.1687274e-01	3.2569498e-01	1.7080776e-04	2.9790714e-01	1.4525765e-01	7.2290927e-02	-5.3512418e-01	1.3767880e-02	-1.4797169e-01	7.4099869e-02	-6.1251204e-02	-1.0502317e-01	6.4150311e-02	3.1249562e-01	6.4709477e-02	-4.3184452e-02	9.7309604e-02	1.7188519e-01	-2.0225930e-01	-1.9908634e-01	-1.5458253e-01	9.3344472e-02	-1.8883882e-01	-2.6290575e-01	-3.1390136e-01	1.1911302e-01	4.5174912e-02	-2.8923068e-02	5.1024441e-02	-3.5369381e-01	2.9470876e-01	1.6166836e-01	1.1829051e-01	4.7369365e-02	-3.1609971e-02	-2.9845629e-02	-1.5000741e-01	-2.8200451e-01	4.1018851e-02	-3.3708092e-02	3.3600770e-02	1.6954222e-01	-1.8075182e-01	2.1301347e-01	3.9661862e-02	9.3197823e-02	-1.6080222e-01	-5.6367509e-02	-8.2455702e-02	5.8643248e-02	-1.0934386e-01	-3.8038105e-02	2.3992077e-02	-8.8747172e-03	3.4969002e-01	1.1632245e-02	1.2443909e-01	9.9920891e-02	6.5196022e-02	-2.0585668e-01	-7.2728865e-02	2.8338496e-02	1.3059120e-01	1.5755112e-01	-1.5265436e-01	-4.1855857e-01	-2.5900969e-01	6.5045066e-02	3.8130570e-02	2.9569757e-01	-2.9595667e-01	9.5559835e-02	1.9139086e-01	-2.5294477e-01	3.0534165e-02	1.3902535e-01	1.0422483e-01	-1.4309497e-01	-6.3819930e-02	-3.1635350e-01	5.7920739e-02	-2.5275379e-01	-4.2077988e-02	-1.2040132e-01	1.2238143e-01	-5.3436637e-02	-2.7123576e-01	2.3482087e-01	-8.9367330e-02	1.0593755e-01	-6.2698938e-02	-2.4703309e-01	-1.7238066e-01	-2.0913172e-01	1.3871513e-01	1.3840219e-01	-1.8757802e-01	2.6637700e-01	-4.3470178e-02	-1.4391536e-01	-1.3844261e-01	-3.0288551e-02	4.3247651e-02	5.1318247e-02	-2.0701444e-01	1.6615233e-01	1.1914800e-01	2.7149478e-01	-4.8245322e-02	1.1621530e-01	7.6664142e-02	8.7793835e-02	-9.3979992e-02	1.7838906e-01	7.3417597e-02	4.6580706e-02	-2.5339299e-01	-1.9833800e-01	-1.8673140e-01	2.5960070e-01	-1.2583828e-01	2.2752544e-01	4.7264330e-02	2.3498650e-01	-1.1345458e-01	1.0582491e-01	-9.5895097e-02	-7.0977723e-03	3.3084682e-01	-2.9152719e-02	2.5014902e-02	-2.8688437e-01	-2.2431384e-01	-2.8211689e-02	-2.6410243e-02	-2.2056547e-01	8.9232363e-02	-2.0290415e-01	3.7939660e-02	1.4756893e-01	-9.2886731e-02	3.5064784e-01	-8.1672240e-03	1.6419259e-01	-5.6611528e-03	-4.5448560e-01	-2.3758972e-01	-1.1260329e-04	1.2614673e-01	-1.5073867e-01	2.9788169e-01	-1.4216718e-01	-1.9261055e-01	-1.6817619e-01	-1.9929543e-01	-1.0742237e-01	7.1223959e-02	-2.7087832e-02	-1.5375310e-01	-1.5585122e-01	-6.8607919e-02	3.6327669e-01	-5.1936645e-02	2.9074705e-01	-8.5818827e-02	2.4672230e-01	-7.5133659e-02	2.5098574e-01	3.3963524e-02	1.4877508e-02	2.1458702e-02	-4.1544607e-01	1.6459396e-01	-3.1804737e-01	9.4190359e-02	9.4895512e-02	-1.3563961e-01	-1.9473476e-02	-6.5275908e-01	-2.4668822e-01	2.2449653e-01	9.0801373e-02	1.4626485e-01	1.1380374e-01	1.9831489e-01	9.0093069e-02	2.9644674e-01	-4.7519338e-01	9.3865104e-02	5.1531747e-02	3.8418731e-01	1.6414864e-02	2.4885038e-01	-4.1796410e-01	-1.1069249e-01	1.1285118e-01	3.2315224e-01	-1.9547604e-01	2.0581956e-01	1.8777865e-01	-1.6993085e-01	-9.4181672e-02	1.8791841e-01	-2.2423024e-01	-3.8799282e-02
-2.2119890e-01	5.5862304e-02	-1.3862480e-01	1.3682921e-01	-1.6440129e-02	-2.2059411e-01	-1.8778679e-01	-7.5110495e-02	1.0450045e-01	-2.1791282e-01	-1.3400377e-01	-2.3046035e-01	-1.3921700e-01	1.0861632e-01	1.4758894e-02	2.3930666e-01	9.1909356e-02	2.3754546e-01	-6.0143298e-03	-3.2538044e-01	-9.4214030e-02	1.2712207e-01	6.1627854e-02	-2.9372790e-01	2.6052588e-01	-7.9640239e-02	-2.0765656e-01	1.8772338e-01	3.0503711e-01	2.0806728e-01	-3.2668111e-01	-1.1432769e-01	-1.7296049e-01	-2.8841090e-01	8.9955002e-02	-7.2849974e-02	3.4409139e-01	7.9827763e-02	-1.1341055e-01	-2.6707215e-02	1.4983219e-01	7.0393845e-02	8.5935295e-03	-3.1994641e-02	6.9317378e-02	8.6317640e-03	-2.1460080e-01	1.7101569e-01	-1.5824154e-01	2.1299582e-02	2.6860526e-01	-2.6555490e-01	-3.8920406e-02	1.0473454e-01	-4.7175076e-02	8.5224763e-02	-2.5340104e-01	-6.0728900e-02	-2.0769359e-01	-1.0122278e-01	-7.6226234e-02	3.4452799e-01	-7.3932379e-02	-2.8736584e-02	-4.5370889e-01	-1.6601127e-01	1.6121368e-01	2.9391071e-01	1.0803889e-01	2.1646255e-01	2.9721156e-01	-9.4236329e-02	2.5879243e-01	4.7565252e-02	6.0713202e-02	1.3690415e-01	-3.2183695e-01	8.7502241e-02	-1.1476867e-01	-3.1301671e-01	-1.8983626e-01	-2.3025496e-01	2.2634508e-01	7.6394238e-02	3.5259932e-01	3.2939288e-01	-1.1752868e-01	-5.1838405e-02	2.0455986e-03	-1.5691796e-01	1.2474541e-01	-3.5545099e-01	-1.7501575e-01	1.8746434e-01	2.2731924e-01	-9.4159029e-02	-7.7830538e-02	3.4806010e-01	-2.4081308e-01	1.5893705e-01	-3.8833466e-01	2.0022111e-01	-1.7878132e-01	2.7132115e-01	1.6053908e-01	3.8948447e-02	-2.8512850e-01	1.5818398e-01	-2.0790201e-01	-8.2205191e-02	3.5528269e-01	-1.3866106e-01	8.7753842e-03	2.0720977e-01	1.8237688e-01	2.3847818e-01	-6.5691240e-02	-2.6030344e-01	-1.8964094e-01	2.0415312e-02	1.6347171e-01	5.5431120e-02	6.9396190e-02	1.8764630e-01	-8.8385738e-02	-4.2431332e-02	9.8273113e-02	3.4926355e-02	1.1370017e-02	-1.8647917e-01	1.1178945e-01	-6.7682981e-02	7.7502161e-02	-8.1672192e-02	-2.5314066e-01	2.5735474e-01	-2.9016821e-02	-9.4937809e-02	1.2047410e-02	-3.0356529e-01	-3.3948925e-01	-6.4158231e-02	-3.3944079e-01	3.0499173e-02	-2.0154399e-01	3.5397947e-02	-2.0474757e-01	-1.9642292e-01	-1.1253281e-01	-2.7149838e-01	-2.0685379e-01	2.0636362e-01	2.6325589e-01	-8.5827634e-02	5.2788787e-02	1.8573107e-01	2.9209271e-01	-1.6260850e-01	-1.8660842e-01	-3.2625052e-01	2.1777077e-01	1.4441675e-01	-2.1206121e-01	2.5406414e-01	-3.0701134e-01	-1.1222545e-01	-1.6033271e-01	-2.7916962e-01	-1.5463190e-01	-1.0845631e-01	-1.9767472e-01	2.6102886e-01	-2.3229687e-01	2.0372525e-01	-1.1535831e-01	-1.8323752e-01	2.9078025e-01	-1.2822856e-01	-3.0219114e-01	-2.0317556e-02	2.6412088e-01	-2.7987942e-01	-1.5248625e-01	1.0133041e-01	2.3267944e-01	-9.3031572e-03	1.9813794e-01	-1.2596712e-02	-8.1277356e-02	-1.9439888e-01	-2.4406137e-01	-2.3161398e-01	-1.0726523e-01	2.7563769e-01	-2.0623519e-01	-1.5360464e-01	2.5389957e-01	-2.4675676e-01	-1.5310449e-02	2.7352282e-01	-2.0196317e-01	9.6097149e-02	-1.6580760e-02	-1.5320583e-01	-4.5993286e-01	-2.5131804e-01	3.7261298e-01	1.2463985e-01	2.3924191e-01	-1.1485225e-01	1.8294854e-01	8.0361538e-02	-2.8405026e-01	-1.2786016e-01	-1.6627075e-01	-1.3834612e-01	1.3631414e-01	-4.7507908e-02	2.1616516e-01	2.0502159e-01	-1.1314207e-01	-1.9310409e-01	-6.6899054e-02	-4.2496420e-02	-1.2945798e-01	-2.3892000e-01	-1.8455708e-01	-2.2040336e-01	1.5213165e-01	1.2848908e-01	2.0239100e-01	1.0855523e-01	-4.0243246e-02	2.7154073e-01	2.4034712e-01	2.9892865e-01	-4.9850839e-01	2.4047586e-01	-4.0253991e-01	3.7034029e-01	-1.8082140e-02	1.4825964e-01	-1.3185056e-01	-1.2255089e-01	-1.7023284e-02	-4.4345322e-01	-3.6415234e-01	-1.5640517e-01	-2.8823663e-02	1.6454324e-01	9.7457238e-02	-1.7947343e-01	1.8034172e-01	3.7794295e-01	-1.0258680e-01	-3.9933720e-01	8.2287654e-02	-4.1480967e-01	1.5551995e-01	2.2016342e-01	4.1558498e-01	5.0806537e-02	3.5041603e-01	-2.0790969e-01	-6.5171212e-02	1.1353777e-02	-9.8950565e-03	-2.6339531e-02	-1.7985883e-01	8.4120095e-02	4.4739712e-02	-1.1529616e-01	1.0850312e-01	1.7334956e-01	-7.4935727e-02	-3.7879819e-01	-1.3468789e-01	2.3388174e-01	4.0794209e-01	1.4757106e-01	-1.7630282e-01	-1.8898293e-01	1.2174831e-01	-4.1407734e-02	2.4893400e-01	-3.2404089e-01	1.1823791e-01	-1.5823892e-01	-6.1507259e-02	-2.4860144e-01	-8.6876512e-02	2.0137327e-02	8.7973066e-02	-7.1861222e-02	-1.6931477e-01	2.2756165e-01	1.2903252e-01	2.9736736e-01	1.7535594e-01	-1.3456309e-01	-4.5079133e-01	-1.2499267e-01	-7.3348209e-02	2.4113655e-01	2.6057759e-01	-1.0263909e-01	-1.9069152e-01	3.5464665e-01	-3.0267495e-01	2.6959592e-01	-1.9351269e-01	9.3848713e-02	-2.8512070e-02	3.6681050e-01	-8.8479079e-02	2.7443799e-01	-2.3995389e-01	2.4767616e-01	1.6454834e-01	-3.6241749e-01	-8.2890578e-02	4.8596576e-01	-2.9977936e-01	1.5488499e-01	-4.2699981e-01	-3.0357081e-01	-1.7452930e-01	-1.7103569e-01	1.6543838e-01	-3.2895323e-02	2.7399126e-01	-2.9394937e-01	-1.3565965e-01	2.4977979e-01	1.5952768e-04	2.4907060e-01	-8.4084578e-02	-2.9119700e-01	-5.3496391e-04	1.7570216e-02	2.2104605e-01	-4.2500266e-01	-2.7117571e-01	-2.0197695e-01	1.3095424e-01	-1.6033594e-01	2.0960864e-01	-3.8391551e-01	1.3884732e-01	-5.1489986e-02	2.3109442e-01	2.7311784e-01	1.9183899e-01	-1.0123064e-01	1.7837688e-01	2.9946056e-01	3.1522223e-01	2.8458533e-01	-1.5829513e-02	-2.5814897e-01	4.3140918e-02	-3.1615672e-01	-1.8647522e-02	-1.4169233e-01	2.8600210e-01	2.0397112e-01	-4.9731635e-02	2.1977405e-01	-1.7609102e-01	2.1725951e-02	-2.8159851e-01	-3.3911369e-03	9.5061637e-02	1.5555327e-01	3.2139400e-01	4.2676557e-02	4.9804091e-02	-4.0571147e-01	1.9657512e-01	-3.8030561e-02	-2.0862153e-02	2.4963450e-02	1.9017227e-01	1.8016288e-01	-1.8030016e-01	5.5327192e-02	-2.0418003e-01	1.5873837e-01	1.1370768e-01	-5.9151597e-02	2.3017301e-01	2.2754523e-01	4.7216065e-02	-2.5159326e-01	-1.8705344e-01	-2.3025273e-01	3.0359560e-01	1.6655082e-01	1.2250647e-02	-2.8263919e-02	2.2632986e-01	-2.7772459e-01	1.9661933e-01	2.0960698e-02	2.9708332e-01	4.1870439e-01	-1.4718492e-01	6.6744156e-02	-2.0589551e-01	-1.3285665e-01	-1.9898635e-01	-3.4045208e-01	-9.3227252e-02	-2.2256818e-01	-2.5367284e-01	-2.6536891e-01	1.8829429e-01	-2.4491635e-01	2.9316849e-01	1.0484415e-01	-2.6209438e-01	1.6645332e-01	-2.1405351e-01	-5.0130486e-04	-2.3564459e-01	-1.3477632e-01	8.6841732e-02	2.1140888e-01	1.1973325e-01	1.8426082e-01	-6.4562783e-02	-1.3283645e-01	1.7239612e-01	-2.7006212e-01	2.4499312e-01	1.1243704e-01	2.3192465e-01	6.8313755e-02	-2.4923736e-01	-9.4788559e-02	-2.0853500e-01	1.2674166e-01	8.7509550e-02	1.1130123e-01	2.8655097e-01	2.1112993e-01	2.4764936e-02	-1.5041178e-01	1.3536002e-01	-3.4053078e-01	-3.5089839e-01	2.6786095e-01	3.4494936e-01	-4.1322559e-02	-2.6159726e-02	2.1458712e-01	-2.3357120e-01	9.4243325e-02	-2.4707000e-01	-2.4862498e-01	4.6186131e-01	-5.9817098e-02	1.3914318e-01	-2.0346251e-01	-2.9681459e-02	-1.4158894e-01	2.5708959e-01	2.0557657e-02	-3.0133840e-01	1.9536680e-01	2.7817366e-01	-1.3015661e-01	-9.5933527e-02	-3.4655467e-01	1.5625851e-01	-5.7331306e-01	2.8264722e-01	1.6138782e-01	-1.8083973e-01	-9.6348420e-02	2.0950828e-01	3.5085559e-01	1.7333811e-02	1.9467975e-01	-2.5298351e-01	-4.0125376e-01	-2.2039878e-01	-8.6653538e-02	2.3235220e-01	-3.5620350e-02	-2.5475898e-01	-1.4666539e-01	1.2942120e-01	-1.4248644e-01	9.5941000e-02	3.3613744e-01	1.1879388e-01	-1.0479797e-01	-2.6481098e-01	-1.0393775e-01	2.3708592e-01	-1.4903764e-01	-2.3524557e-01	-1.6393836e-01	-2.5820795e-01	8.6854555e-02	-1.2263617e-01	-6.2511046e-03	-1.3581440e-01	-1.5551153e-01	1.1002679e-01	2.1434560e-01	-1.2370461e-01	2.6996920e-02	3.5149422e-02	1.3837685e-01	-6.9336906e-02	2.5040644e-01	-1.5063941e-01	-5.0113946e-02	7.4229531e-02	-1.7891973e-01	-1.0122329e-02	-2.3730078e-01	-9.4537020e-02	-2.3659021e-02	1.9766641e-01	-1.3500807e-01	-2.5833541e-01	2.0255323e-01	2.6558015e-01	-2.9570150e-01	2.6690829e-01	8.4417202e-02	-3.4786695e-01	-1.1834977e-01	2.0649794e-01	-9.1269188e-02	2.4810106e-01	-1.1327872e-01	-9.9078164e-02	1.6366746e-01	-2.6257220e-01	-1.1252557e-01	-3.1162354e-01	-1.1800077e-01	-2.1805953e-02	8.6011156e-02	-1.8810536e-01	4.8446845e-02	-2.1286179e-01	-2.4661638e-01	1.5206930e-01	-1.8784894e-01	2.9513153e-01	1.7149055e-01	-1.0360181e-01	2.0092812e-01	-2.6861582e-02	3.6825445e-02	1.8233168e-01	6.2953301e-02	2.1461301e-02	2.8914076e-01	3.3053386e-01	-1.2043343e-01	3.3107761e-01	-1.8303940e-01	-4.2642254e-02	-2.7321936e-03	-1.6758505e-01	2.3770986e-01	-2.1480167e-01	1.0691178e-01	9.8640718e-02	-3.7117115e-01	-9.0210680e-03	4.8367959e-01	-3.4727007e-01	-1.0151366e-01	-3.4225652e-01	-4.3917808e-01	2.0564854e-01	1.4940286e-01	3.7931651e-02	1.1489599e-01	-2.6432410e-01	-2.2216675e-01	-1.9184349e-01	-2.4787351e-01	-2.8070849e-01	-2.2385132e-01	1.9028281e-01	1.2266634e-01	-4.3953690e-01	3.1674847e-01	-1.5178558e-01	-5.9490059e-02	-5.0701553e-01	-2.5959298e-01	1.4208971e-01	-5.3994246e-02	-1.7089365e-01	-2.4185075e-01	2.4145411e-01	5.9955180e-02	-1.0911799e-02	-9.5503926e-02	-2.0652322e-02	1.4668651e-01	1.3063282e-01	-2.5318164e-01	1.4148524e-01	-2.5223298e-02	-2.6776072e-01	-1.4959058e-01	-1.5873268e-01	-2.7844729e-02	3.7795067e-02	1.8176936e-02	3.2627378e-02	5.6379795e-02	-1.8499275e-01	-1.0345943e-01	-1.2768836e-01	-2.8140339e-01	-2.8932767e-02	1.0611744e-01	-2.4222274e-01	-1.7226478e-01	1.1224262e-01	1.1362141e-01	4.7999196e-02	-1.0115691e-01	-1.1705698e-01	2.7334124e-01	-1.1751965e-01	2.5312474e-01	-1.5180810e-01	2.1327895e-01	-3.7112266e-01	-2.2135565e-02	3.1158948e-01	-1.0109448e-01	-8.4980190e-02	2.9612043e-01	-4.9769022e-02	-1.6280422e-01	-1.1732761e-01	2.6550126e-01	2.6218411e-01	5.7352453e-02	-3.5670418e-01	1.6184333e-01	-1.9312248e-01	7.3768616e-02	7.8549676e-02	-2.6941109e-01	1.2681919e-01	1.0906252e-01	-2.6137236e-01	6.5780289e-02	-5.1909026e-02	-2.5048536e-01	2.3591782e-01	1.7559917e-01	-9.9273391e-02	1.9840528e-01	1.5644318e-01	1.8570405e-01	-1.0694190e-01	9.2719249e-02	-3.3005679e-01	-1.4073244e-01	1.4175030e-03	1.7923069e-01	1.7668180e-01	6.6750631e-02	-7.7457353e-02	2.7670223e-01	-3.4992760e-01	3.7094402e-01	1.7892361e-01	2.9083776e-01	-2.4304171e-01	-4.9768150e-02	1.7521940e-02	-1.3661717e-01	1.5489459e-01	-1.1616562e-01	-1.7597738e-01	-8.8753298e-02	-1.8473867e-01	2.4534419e-01	1.4454578e-01	-2.0209710e-01	1.8224366e-01	2.0506817e-01	2.6800194e-01	3.1489158e-01	9.3410030e-02	-7.0463285e-02	-6.4164862e-02	1.1803097e-01	-8.3727106e-02	1.5472883e-01	2.7043037e-02	2.8405616e-01	2.4942563e-01	-2.2023985e-01	2.9428634e-01	2.6797780e-01	1.8391950e-01	9.2798918e-02	1.1456457e-01	-2.9520221e-02	-5.4463901e-02	7.6397732e-02	7.5958697e-03	-2.4203292e-01	-2.0178422e-01	-2.6502201e-01	-5.9929057e-03	-7.6531502e-03	6.9947131e-02	5.8866260e-03	4.3530574e-01	2.5297484e-01	1.9007319e-01	-1.9473629e-01	-2.9192541e-02	1.8721023e-01	3.5745215e-02	1.9214785e-01	1.8538958e-01	4.0491525e-02	-4.6088549e-01	1.0047294e-01	-2.2114107e-01	-2.7780044e-01	-3.6496088e-02	-4.4993141e-01	4.0491387e-01	1.6243279e-02	5.8310322e-02	-6.2617235e-02	2.6284072e-01	-2.3358046e-01	3.5187620e-01	2.5327045e-01	-3.8913354e-02	-8.6315535e-03	-3.8551055e-02	3.0610478e-01	1.1093517e-01	-2.9752004e-01	2.7940124e-01	-8.0930561e-02	-5.0814833e-02	-8.3223872e-02	-3.7555170e-01	1.3493452e-02	-5.6731504e-01	6.3544318e-02	2.8982958e-01	8.9554951e-02	8.9370035e-02	-1.6679256e-01	1.4572167e-01	-1.5887155e-01	-3.3971372e-01	9.9353157e-02	2.2069255e-01	-1.2230289e-01	3.9733627e-01	2.1413772e-01	4.4864886e-02	-2.2672975e-01	1.6995266e-01	7.1276148e-04	1.9264345e-01	-2.2279218e-02	-6.4884514e-02	-2.2486718e-01	9.4832808e-02	2.8479895e-01	2.3003204e-01	-1.7353263e-01	8.6090475e-02	1.6949371e-02	1.8500046e-01	1.7637251e-02	9.5359765e-02	-1.9384046e-01	-1.0351592e-01	-1.9657625e-01	-2.8070518e-01	-2.3431364e-01	1.4618902e-01	9.4651602e-02	2.9296923e-01	2.1880734e-01	3.5455287e-02	2.1053766e-01	2.1541788e-01	-2.4343850e-01	3.3033863e-01	2.6477951e-01	3.8865834e-01	1.3764687e-01	-2.9275239e-01	-1.7316554e-01	1.5687820e-01	2.2439736e-01	-2.0888193e-01	-2.7896782e-02	1.5497929e-01	1.5586795e-01	-8.4571838e-02	-1.7069317e-01	-2.8366473e-01	-2.9817842e-02	-1.7825088e-01	-1.4270057e-02	3.3598995e-01	1.4304268e-01	1.0269799e-01	-2.6011059e-01	-1.7727691e-01	2.4077813e-01	-3.6648467e-01	-4.9050622e-02	-1.7848884e-01	8.3537310e-02	1.0243893e-01	-2.0309538e-02	-1.8307507e-01	-2.7103096e-01	-2.5513792e-01	1.7645320e-01	-3.4983758e-02	-2.8460413e-02	-1.6350269e-02	1.6653359e-01	-6.2362939e-02	1.0495785e-01	-1.6500321e-01	7.5192355e-02	-2.5502300e-01	-1.1769205e-02	1.0148748e-01	2.4615756e-01	-2.6440346e-01	1.5547642e-01	-2.6753768e-01	-2.3086813e-01	-3.0244422e-01	-1.8768013e-01	-1.6010654e-01	-1.2116343e-02	-2.4542092e-01	1.2025779e-01	-2.3035860e-01	-2.7963331e-01	-1.3089120e-01	-1.3784692e-01	-3.5985038e-01	-1.1365501e-02	-1.6316119e-01	-9.3234040e-02	-1.6729604e-01	-1.8069981e-01	7.9608209e-02	2.7073404e-01	1.6357219e-01	-2.3280352e-02	-2.1186566e-01	-2.2649246e-01	-1.0308352e-01	-8.4252004e-03	5.3189062e-02	3.6389429e-02	-2.1017110e-02	-3.2893863e-01	-1.2035564e-01	-5.2321259e-02	-1.4286864e-01	-6.4056747e-02	-1.8845285e-01	3.5543159e-02	-3.6574490e-02	2.9189226e-01	1.7350256e-01	-3.6170654e-02	2.4952921e-01	-1.1326922e-01	-2.0001054e-01	1.2595953e-01	-1.8485892e-01	2.7528676e-01	-5.8858570e-02	2.0055997e-01	-6.9246843e-02	-1.5053627e-01	1.8210611e-01	-2.2828019e-01	-4.2706966e-02	-2.7319512e-01	-8.8592149e-02	7.4454814e-02	-1.7394677e-01	2.5115844e-03	-9.7728275e-02	1.1116821e-01	9.2648320e-02	-2.8089672e-01	-2.3974337e-01	-1.1538858e-01	-1.5090130e-01	-2.7141047e-01	1.9523931e-01	-1.0203157e-01	3.5489284e-02	9.1634348e-02	-2.3039487e-01	-3.8739655e-02	-1.5332232e-01	-2.4147628e-01	-2.3996519e-01	-1.8284623e-01	9.6270882e-02	2.5808021e-01	5.2910517e-03	2.4198811e-01	-2.0500877e-01	1.0986960e-01	1.3364382e-01	-1.5356633e-02	-6.6952616e-02	-2.0395240e-01	-1.9996588e-01	5.7200849e-02	-5.1733971e-02	-2.1256851e-01	-1.9033998e-01	-5.5190369e-02	-2.6300979e-01	-4.4690147e-02	1.8279010e-01	-2.2773126e-01	1.1433938e-01	1.1346055e-01	-2.3912448e-01	2.1156959e-01	-4.0426899e-02	-3.1557956e-01	8.7898493e-02	2.7488339e-01	-7.6532699e-02	1.2783930e-01	4.6696194e-02	2.7795887e-01	-1.1187816e-01	1.2420958e-01	1.5874371e-01	-2.9152462e-01	-9.7095191e-02	6.3799873e-02	-4.3231878e-02	2.6295090e-01	6.0613751e-03	2.6278588e-01	-1.4607768e-02	2.3847976e-01	2.7296636e-01	3.5531232e-01	3.2924405e-01	-2.3360896e-01	-1.4563355e-01	1.9312914e-01	-3.6533898e-01	1.9988357e-01	-1.3216196e-01	2.0403497e-01	2.2314824e-01	1.0574256e-01	-1.3003069e-01	1.2918815e-01	-2.4888249e-01	-4.8103645e-02	-1.1020855e-01	2.4954635e-01	1.2717391e-02	1.0009236e-01	4.0813187e-01	-1.3029855e-01	-1.0519605e-01	3.3849058e-01	1.3140485e-01	-2.6295686e-01	-2.8960142e-01	2.6998051e-02	-2.6683611e-01	-8.7099783e-02	-2.8181618e-01	2.1402988e-01	-9.6487701e-02	-1.3749661e-02	1.1156459e-01	-2.4002071e-02	-2.7159080e-01	-1.7515770e-01	-2.7247328e-01	1.1120264e-01	4.0025000e-02	-2.1658449e-02	-1.0338512e-01	-1.6224343e-01	2.9658571e-01	5.1514253e-02	2.5952861e-01	-2.1830358e-02	7.5968787e-02	-8.9048751e-02
-3.8785824e-01	6.6478789e-02	-4.4123363e-01	2.5780055e-01	2.0535445e-01	1.3133377e-01	2.4524488e-01	2.4913563e-01	2.5120947e-01	1.4195003e-01	4.6977717e-01	-1.0370300e-01	3.3710068e-01	2.5523025e-01	3.2495540e-01	2.2741473e-01	2.8952345e-01	-9.9982738e-02	5.4785198e-01	-1.3764554e-01	-3.6888760e-01	-2.4112974e-01	-5.7689067e-02	-2.2136359e-01	-3.2161716e-01	-3.4798878e-01	-3.6629611e-01	3.0989143e-01	-2.3537108e-01	1.8422343e-01	3.2172844e-01	3.1658709e-01
