9
input	14
dense	32
relu	0
dense	32
relu	0
dense	32
relu	0
dense	1
linear	0
7.999999979801942e-06
-1.6816407e-02	9.8917820e-03	-3.5384312e-02	-8.8926904e-02	-5.8538463e-02	-6.1787564e-02	-9.1458619e-02	0.0000000e+00	-1.0743640e-02	-6.2046841e-02	0.0000000e+00	-1.4835767e-02	-1.7850710e-02	-8.5065112e-02	-1.2963632e-02	-3.6219403e-02	-7.9725415e-02	6.6420019e-02	5.4876268e-02	-8.1661560e-02	3.1960288e-03	2.0952286e-02	-4.9390569e-02	2.9297755e-03	-4.0115766e-02	8.1980608e-02	-5.3853713e-02	3.7051503e-02	-8.1327990e-02	-9.5137365e-02	-8.0929831e-02	-5.0724570e-02
-8.4554657e-02	-3.3891916e-02	-2.0808328e-02	-2.7811933e-02	-5.2965336e-02	-6.6024296e-02	-7.4976057e-02	8.7188900e-02	-7.0789479e-02	4.9429981e-04	-4.5645791e-03	2.7387058e-02	1.5441738e-02	-5.1935010e-02	-4.0159109e-03	-9.3899481e-02	-3.6127775e-03	-3.5986423e-02	-2.2861736e-02	-4.8450269e-02	-4.2119488e-02	2.7668534e-02	-5.8830578e-02	-8.9790881e-02	0.0000000e+00	-1.0279423e-01	5.4527909e-02	-2.2452349e-02	-2.7197439e-03	-3.3677943e-02	-6.0820501e-02	-5.6801133e-02
6.1473711e-03	-7.2795101e-02	6.1073620e-03	4.5085546e-02	-9.9641532e-02	-5.5486053e-02	-5.9978988e-02	5.0397780e-02	-3.9910439e-02	-5.9888657e-02	-4.3497074e-02	-3.2514278e-02	-9.0981849e-02	-6.4952858e-02	-7.8187594e-03	-1.8368475e-02	-4.4161808e-02	-1.1905787e-02	-2.6487757e-02	-5.6419284e-03	-9.4891138e-02	-2.4158603e-02	-1.5390248e-03	-4.4064880e-03	-3.0325199e-03	-9.5196236e-03	1.5766937e-02	-7.7924887e-03	-5.5875331e-02	-3.0018525e-02	-6.3628919e-02	-5.5189066e-02
1.2980676e-03
2.3709316e-02	-8.4618554e-02	-3.1813654e-01	2.0883876e-01	2.2432658e-01	-4.1756973e-02	-1.6848040e-01	1.4524455e-01	-3.5596338e-01	-3.2816264e-01	-1.5824458e-02	-3.7043568e-02	2.5741166e-01	-1.6367939e-01	-8.8752657e-02	-1.1937080e-01	-2.3578699e-01	-1.7742199e-01	2.6610824e-01	4.2131823e-01	1.9577794e-01	4.1283950e-02	-2.6208797e-01	3.2086998e-02	-7.1123652e-02	-4.9707554e-02	-6.2063819e-01	-5.0669992e-01	-1.4677647e-01	-2.2602436e-01	2.5691512e-01	2.9922944e-01	3.4732962e-01	-1.6824545e-01	1.0081882e-01	2.5361045e-03	2.4921553e-01	-1.3633856e-01	-7.6234385e-02	1.7958811e-01	4.0237546e-01	3.3929715e-01	-3.7485167e-01	3.9089617e-01	1.2648085e-01	-2.2300634e-01	1.2861638e-01	1.5206197e-01	-1.4593607e-01	-7.2473496e-02	-1.5813079e-01	3.6780214e-01	-1.8655756e-01	-3.0785255e-02	-6.2721282e-02	3.3179486e-01	-6.8012596e-04	3.4036666e-01	-3.6108655e-01	3.2983080e-01	2.9781052e-01	3.3912036e-01	1.6245610e-01	2.0410749e-01	-2.7545026e-01	-1.4362238e-01	-2.6963297e-01	-1.0548048e-01	4.5757982e-01	-8.4150016e-01	4.1324802e-02	-2.6398310e-01	-3.0624908e-01	9.6490636e-02	3.5394102e-01	-1.3917144e-01	-1.0400165e-01	-1.8383127e-01	3.2358384e-01	2.1308744e-01	-2.3828042e-01	-3.2019719e-02	1.9349347e-01	-6.0892028e-01	1.6711374e-01	3.7722945e-01	-4.1123535e-02	-3.4069577e-01	2.4528031e-01	-2.9071850e-01	-1.0261175e-01	-4.1626805e-01	-2.2049414e-01	-4.6639796e-02	-5.0625980e-02	7.4528635e-02	2.0425312e-01	-6.2110353e-02	8.7642044e-02	-3.5275957e-01	-3.1957570e-01	2.7052858e-01	-5.4902464e-02	1.4591005e-01	1.0097206e-01	-3.1147006e-01	2.7632073e-01	-1.0677022e-01	3.4479228e-01	-2.6914132e-01	1.0301656e-01	-3.4935647e-01	-1.5460586e-02	1.8951046e-01	-2.6700434e-01	-2.7744198e-01	-1.7171861e-01	5.5618352e-01	-9.1346331e-02	9.2575163e-02	-3.2088780e-01	2.5470755e-01	-7.8445375e-02	2.9541342e-02	-1.4247179e-01	4.5904171e-01	-2.8839153e-01	3.5977706e-01	2.5173160e-01	-2.6155564e-01	-6.7054138e-02	-2.7785233e-01	4.8123658e-01	2.4932103e-02	2.8651246e-01	-1.4771371e-01	-6.4528584e-02	2.6612384e-02	4.1467953e-01	1.6159290e-01	-1.6046710e-01	2.0091712e-02	2.6592347e-01	1.1960492e-01	-2.1618776e-01	1.9834051e-01	1.7273358e-01	-2.5242481e-01	1.0131553e-01	-5.5144101e-02	3.4020594e-01	-1.4803804e-01	-5.9099227e-02	-1.1656243e-01	-1.8677014e-01	2.5585580e-01	-7.9145640e-02	-3.1530693e-01	2.5621834e-01	3.7038603e-01	-2.4005355e-01	1.7783099e-01	7.7979036e-02	-5.8513790e-02	-1.2005804e-01	4.0385049e-02	-1.1343560e+00	3.2571054e-01	-5.9886705e-02	-2.5962526e-01	-7.9010921e-03	2.5910425e-01	2.2608720e-01	-6.4399257e-02	3.3676926e-02	-7.2171733e-02	-1.0540023e-01	-1.3057082e-02	-1.4347732e-01	-7.9065576e-02	-1.2504143e+00	5.2283752e-01	-1.4274186e-01	1.0146933e-02	3.5692295e-01	3.4159386e-01	8.6474940e-02	-5.0068247e-01	-1.3907580e-01	2.2749303e-01	-1.5944736e-02	5.4122377e-02	-1.9553357e-01	1.1179009e-01	6.9966692e-01	-1.8390325e-01	-9.9636152e-02	2.3035906e-02	9.9341525e-03	1.5418017e-01	2.2218625e-01	4.7062065e-02	1.8564743e-01	1.9367136e-02	-1.0127394e-01	-4.9220526e-01	1.3394351e-02	1.6243055e-01	3.7689131e-01	-8.4117480e-02	-3.5883668e-01	2.1584336e-01	-2.6024753e-01	2.7478859e-01	-2.2141669e-02	2.2530082e-01	7.8782834e-02	-1.8806648e-01	-1.8389748e-02	-1.6199382e-01	-1.7804843e-01	-2.5204515e-01	2.0713638e-01	3.1392336e-01	4.2764592e-01	1.3862363e-01	3.2842350e-01	-1.1855165e-01	-2.8382912e-01	2.7947718e-01	3.3142018e-01	-1.7347121e-01	-6.8156635e-03	5.8999088e-02	-2.4157408e-01	1.9427468e-01	2.8314206e-01	1.6485132e-01	1.7227753e-01	2.0956264e-01	-3.1857524e-02	-2.8464365e-01	2.3758993e-01	1.3874997e-01	-2.4751244e-01	1.4605521e-01	1.4529090e-01	-1.7234546e-01	7.6900326e-02	-7.1234383e-02	-4.9819782e-01	6.3908219e-01	1.6228557e-02	2.3984683e-01	-3.9933562e-02	-3.1125614e-01	1.9074707e-01	1.7796727e-02	-1.8419203e-01	8.8415965e-02	1.5189461e-01	-3.2478502e-01	2.3092682e-02	-2.2566283e-01	-4.7534305e-01	1.3193040e-01	1.6303632e-01	-7.8191184e-02	-1.2451030e-01	-3.1522241e-01	-5.4044321e-02	4.5896149e-01	1.1199348e-01	1.4696155e-02	-2.1713533e-01	8.8024668e-02	-2.2614557e-01	-7.4784435e-02	-7.1243450e-02	-8.8286651e-03	-1.9353113e-01	1.7139998e-01	-1.5088667e-01	4.1915795e-01	-1.9738153e-01	2.2108768e-01	-2.4873900e-01	-2.0411289e-01	-3.7446105e-01	-2.3475087e-01	1.1540451e-01	-3.6798771e-02	4.4138068e-01	1.8813135e-02	2.1534726e-01	-2.6352477e-01	-2.7263176e-01	4.2192328e-01	-2.6994610e-01	-5.2678525e-02	-1.2992197e-01	6.6798232e-02	-3.0283761e-01	-3.4245598e-01	-2.2479150e-02	1.1079246e-01	2.2746280e-01	1.5220153e-01	5.4856292e-03	-2.3870462e-01	-3.6413947e-01	8.1751399e-02	3.8019672e-01	-1.9259106e-01	2.5309104e-01	1.8906677e-01	-2.4644269e-01	-4.8896063e-02	-1.2941082e-01	-4.2361602e-02	-2.6361549e-01	3.3527207e-01	1.1404794e-01	1.6173009e-02	9.5550247e-02	3.9218981e-02	2.8286549e-01	-3.0245990e-01	-2.2234112e-01	-2.0459105e-01	2.4128014e-01	1.1847822e-02	1.5693958e-01	2.4761942e-01	-6.8542492e-01	-3.3903298e-01	1.8538679e-01	4.2190474e-02	-4.1323509e-02	8.6571544e-02	2.5706410e-01	-4.1708666e-01	-5.5396068e-01	-1.9554234e-01	2.1477304e-02	2.6246426e-01	-7.2874472e-02	-9.4031453e-02	2.5295484e-01	1.7291630e-02	-1.0719575e-01	1.3496336e-01	-1.7668179e-01	1.2327567e-01	-2.4294476e-01	1.2218057e-01	2.2562537e-01	-3.0492717e-01	-9.9663287e-02	-2.2875330e-01	3.4082836e-01	3.5488874e-01	-1.1968195e-02	-1.0846324e-01	3.0169624e-01	-4.2641041e-01	3.4965006e-01	5.0456859e-02	-1.6584282e-01	1.5777962e-01	1.0417566e-01	-3.1732315e-01	1.7599829e-01	-2.1616498e-01	-1.8743433e-01	-1.6325334e-02	-7.2194152e-02	-2.9245615e-02	2.5371489e-01	1.0015725e-01	-3.1263298e-01	3.6001223e-01	2.7870679e-01	1.2009942e-01	-3.0193770e-02	-2.4419874e-03	2.3974471e-01	3.6497664e-01	2.6081067e-01	5.4890733e-02	-7.7400744e-02	4.9333653e-01	-2.5908661e-01	2.4837311e-02	3.8264957e-01	-3.1061828e-01	-1.9137271e-01	2.2578290e-01	-3.6318493e-01	1.3912766e-01	-1.4424182e-01	2.0792508e-01	-2.1642742e-01	-6.7179359e-02	-1.2350122e-01	-2.3450008e-01	-1.8332925e-01	3.7900633e-01	2.2836843e-01	4.7794931e-02	8.7378122e-02	-4.0878800e-01	3.0902621e-01	1.8618409e-02	-2.3998451e-01	-1.7918925e-01	-2.6434359e-01	-1.3817838e-01	9.5619559e-01	1.9628391e-01	-2.2377561e-01	-2.1532362e-02	-1.6064990e-02	1.6206381e-01	6.4456031e-02	1.3199000e-01	-5.4405179e-02	1.8736748e-01	2.9033548e-01	1.2937321e-01	2.2727458e-02	-1.7039248e-01	2.7114469e-01	2.9917980e-02	-3.0186117e-01	-4.5690209e-01	-5.9861386e-01	-5.8564208e-02	-6.4879018e-01	-2.2630088e-01	-2.0465502e-01	5.2648928e-02	1.6978326e-01	-2.6337361e-01	1.9963381e-01	-1.0997543e-01	-3.9142936e-01	1.6310778e-01
-3.3390972e-01	2.3816964e-01	-1.8708339e-01	-4.7607757e-02	5.5403020e-02	2.2019625e-01	-3.3709458e-01	-1.5493236e-01	-2.6150647e-01	-2.8045282e-01	1.7568487e-01	-2.7128094e-01	-3.1655952e-01	1.5496513e-01	-7.9981409e-02	1.3209469e-02	2.2042577e-01	4.7021315e-02	1.0365833e-01	-4.4851080e-02	-1.2649451e-01	-1.1994129e-01	1.5522718e-01	9.0101309e-02	-2.6566797e-01	4.1017127e-03	2.0516784e-01	8.1046350e-02	-6.0357668e-02	1.0238763e-01	5.6749642e-02	1.3755949e-01	1.5039121e-01	-2.8995547e-01	2.3305483e-01	-8.1899948e-02	-8.1923373e-02	-9.5181100e-02	3.0131705e-02	-2.7952749e-01	3.9035100e-02	2.5777018e-01	-3.0539235e-01	-2.8910179e-02	2.7558419e-01	5.4768294e-02	1.2649423e-01	1.5414891e-01	-4.5123119e-02	3.0115476e-01	1.2000992e-01	1.5769659e-01	-4.6948619e-02	-1.2819642e-01	3.8943794e-01	-1.9069181e-01	2.0273763e-01	1.6658285e-01	1.8082255e-01	2.6199403e-01	-1.1046074e-01	-1.8289870e-01	-5.8510683e-02	-9.0991095e-02	1.7998998e-01	-2.8144720e-01	3.8034204e-02	-2.0613104e-01	-2.1094699e-01	1.5733667e-01	-1.1686052e-01	-2.4688604e-01	2.7611247e-01	1.4873174e-01	2.9700905e-02	-8.5747629e-02	1.4848591e-01	1.6143915e-01	7.1373448e-02	2.5104726e-02	2.0918112e-01	2.5091705e-01	2.6258636e-01	4.6590425e-02	-3.0731156e-01	-2.2375913e-01	6.2308986e-02	2.4804962e-01	-1.0876729e-01	2.1600224e-01	-2.1400891e-01	-2.1160232e-01	-6.7473494e-02	-2.1632054e-01	-4.2533565e-02	-2.5735285e-02	-1.6614512e-01	1.9312826e-01	-1.8174112e-02	-2.1178353e-01	1.9219384e-02	-3.1475461e-01	1.0963488e-02	1.0102916e-01	3.6775357e-01	3.0865946e-01	-2.2552368e-01	3.0916449e-01	6.8448663e-02	-6.5770552e-02	-7.4440162e-03	3.1896585e-01	1.3370207e-01	-3.1120363e-01	-2.1676641e-02	2.6950490e-01	-2.1689729e-01	5.9486259e-02	4.3529939e-02	-1.0864086e-01	9.1045029e-02	2.5872701e-01	-2.3642382e-01	1.1606607e-01	-8.2903512e-02	-5.1776089e-02	-1.1074673e-01	3.3707860e-01	-1.4759399e-01	-3.0189905e-01	-1.4629829e-01	2.4016188e-01	-4.2931870e-02	1.8844657e-02	-2.1624970e-01	2.7038574e-02	2.4739394e-01	-3.1508976e-01	-9.0829983e-02	-2.5690952e-01	-4.2580158e-01	-3.0203488e-01	6.1741304e-02	2.1468632e-01	1.7074455e-01	1.7153704e-01	-1.3933346e-01	3.4406632e-02	-1.0861770e-01	-2.8310326e-01	1.1036528e-01	-2.0822980e-02	-1.0443041e-01	1.6531946e-02	-1.1996164e-01	1.4293455e-01	-3.5625526e-01	1.8110333e-01	-3.1264946e-01	3.0619952e-01	-5.1221188e-02	-1.8805842e-01	1.0690124e-01	6.7069687e-02	4.8345089e-02	-2.7819455e-01	1.1194426e-01	1.8638426e-01	-7.7521965e-02	-2.0660648e-01	-2.9181135e-01	-5.8731921e-02	-3.4812587e-01	-1.8236467e-01	-3.3733144e-02	-3.1134343e-01	7.8826398e-02	-1.4983171e-01	1.1803785e-01	1.0298334e-01	-3.5922844e-02	-1.6645321e-01	2.7768695e-01	3.8188111e-02	1.9196900e-02	2.8492135e-01	-8.0101967e-02	-5.5293059e-03	2.4771427e-01	7.3876962e-02	8.5000038e-02	5.6528930e-02	-7.2090439e-02	-5.0879729e-01	-4.4252355e-02	3.9603922e-01	-4.7562963e-01	6.9768853e-02	2.2391230e-01	6.3237756e-02	2.6821863e-02	2.4229991e-01	3.3059001e-02	2.2389826e-01	-1.8999493e-01	-1.7108862e-01	-4.9318677e-01	-1.8386021e-01	-5.8576956e-02	-9.7947091e-02	-1.1757032e-01	6.8512239e-02	-2.7005950e-01	2.1287279e-01	8.7219648e-02	1.5196174e-01	6.1747015e-02	-2.9367575e-01	-4.0452814e-01	-4.5611992e-01	1.8848874e-01	3.5620794e-01	-7.7796891e-02	3.1584129e-01	3.3710334e-01	3.3622804e-01	-1.0038278e-01	-3.5738591e-02	2.3169859e-01	-1.9097488e-01	2.8123336e-02	5.6580335e-02	5.0349671e-01	-1.5411334e-01	3.0524209e-01	-1.8436168e-01	1.8262076e-01	-1.8136400e-01	-8.1505557e-04	-1.9883487e-01	-2.4882397e-01	1.7555870e-02	1.5237415e-01	2.2362012e-01	3.2667730e-02	1.0523893e-01	2.5156832e-01	3.9872400e-02	-2.5063589e-01	-2.1698226e-01	-2.0935856e-01	1.6041975e-01	-3.7598893e-01	-3.8134417e-01	-9.2242427e-02	-3.8631055e-01	-2.4777065e-01	2.8870037e-01	1.4701812e-01	-2.3704158e-01	-2.4159184e-01	9.6252356e-03	-2.6383299e-01	-3.1111717e-02	9.9760201e-03	-2.6156113e-01	1.2763441e-03	-2.6823545e-01	1.5864478e-01	2.2197938e-02	-4.2887490e-02	7.7612095e-02	-2.0234250e-01	-1.1904784e-01	1.0872129e-01	1.2864237e-01	1.4562199e-01	-6.7721829e-02	-1.8517353e-01	9.7510882e-02	1.0871278e-01	6.4206511e-02	2.2131681e-01	4.6253029e-02	-9.9674240e-02	-2.3225439e-01	1.2188154e-01	-1.2146349e-01	2.8788728e-01	-3.6310253e-01	3.1695220e-01	1.7257541e-01	-1.4668277e-01	3.1827369e-01	4.0412631e-02	-9.5373899e-02	-4.4400355e-01	6.4488225e-02	2.9976398e-02	-1.4563303e-01	-1.6477551e-01	-9.3460269e-02	2.2736952e-01	-5.3825881e-02	-6.1929859e-02	2.0904486e-01	1.3895778e-01	-3.6861280e-01	1.6498037e-01	-1.4714393e-01	2.2899377e-01	3.8321100e-03	7.6069236e-02	-6.9337443e-02	2.1423355e-01	1.9471335e-01	-2.7303532e-01	1.7728189e-01	2.6214689e-01	1.0278268e-01	2.4750905e-02	1.3216886e-01	1.3100375e-01	7.5494669e-02	-9.9166386e-02	-1.6791958e-01	2.3477820e-01	-5.4101527e-02	1.0380480e-01	-1.5347727e-01	1.1134100e-01	3.0245170e-01	1.2620674e-01	-2.9248217e-01	-2.3292781e-01	-8.1551023e-02	1.1663655e-01	1.0885474e-01	2.2187401e-01	2.6441610e-01	-1.1802027e-02	-3.0808249e-01	-5.8773667e-02	1.5800731e-01	-3.1349626e-01	2.9855363e-02	2.1529992e-01	7.4532423e-03	3.2909441e-01	-2.7201915e-01	2.1711503e-01	2.5722980e-01	6.0103862e-03	-1.9210081e-01	1.5273771e-01	-2.3189454e-01	1.2594123e-02	-1.5047945e-01	-6.2061949e-03	-2.7690092e-01	-2.1489047e-01	1.6696262e-01	1.3926756e-01	-2.2965926e-01	-5.6345388e-02	2.5057063e-01	-5.7888784e-02	2.1755281e-01	2.2349653e-01	-1.7904125e-01	-1.3790452e-01	6.2454678e-02	2.4328645e-01	3.2584232e-01	3.8729351e-02	-2.6928887e-01	9.7008802e-02	-3.6234730e-01	-2.3971452e-01	-9.9692315e-02	-1.4038831e-01	7.5283788e-02	3.1315508e-01	-1.6985980e-01	-2.4257600e-01	2.3938699e-01	-1.9060518e-01	-2.7713513e-01	-1.3198924e-01	8.6440958e-02	-4.9489308e-02	-1.2416127e-01	5.6257840e-02	-1.3870156e-01	-4.5270443e-02	-3.1035021e-01	-6.9009915e-02	-2.6100039e-01	-6.1579984e-02	7.3345736e-02	-1.7511328e-01	-2.8550333e-01	2.0422992e-01	-2.1963875e-01	-2.5599638e-01	-1.9602109e-01	1.7495604e-01	-1.2627456e-01	-1.8324489e-02	2.0206001e-01	9.2782930e-02	9.4996035e-02	2.3492995e-01	-1.6995612e-01	-1.9438230e-01	-2.2412233e-01	1.3589959e-01	-1.0595363e-01	-1.1417376e-01	2.2911553e-01	-2.8515950e-01	1.8458350e-01	6.3205957e-03	-2.5993139e-02	3.2951298e-01	-1.3075885e-01	-2.9203692e-01	-1.0122530e-01	2.2470582e-01	2.0768119e-01	2.9590672e-02	2.0296845e-01	-2.0123484e-02	3.0300045e-01	-1.1729744e-01	-5.0372362e-02	8.9765392e-02	-2.4298662e-01	3.0733496e-01	1.5968306e-01	-3.0508515e-01	-4.4540402e-02	-6.9502562e-02	-3.6645409e-01	2.8438896e-01	-1.3087893e-01	-3.6153784e-01	2.0381442e-01	7.2551176e-02	2.4913767e-01	-3.4604073e-01	1.5334657e-01	1.5417802e-01	1.2282556e-01	2.1469349e-01	-8.6977378e-02	1.1922373e-01	-1.5403970e-01	-1.1663054e-01	-3.9749660e-02	-1.9662149e-01	-1.0051160e-01	3.1530726e-01	-1.5653422e-01	3.0576190e-01	-1.8603143e-01	1.9514427e-01	-1.6347854e-01	-1.0702409e-01	-2.8917807e-01	6.5784574e-02	-1.6500933e-01	-1.0456206e-01	-1.0400406e-01	-3.5067955e-03	-3.9854550e-01	2.7264050e-01	8.6215623e-02	-1.6995491e-01	1.3105431e-01	-1.4174944e-01	-3.4306813e-02	2.2612676e-01	-1.5520881e-02	1.4501238e-01	1.0284869e-01	-2.7205917e-01	-1.5889600e-01	-3.9724936e-03	-1.9460727e-01	2.6391223e-01	-1.4395675e-01	3.0627444e-01	2.7743289e-01	-2.5378516e-01	-1.7056522e-01	-1.4063340e-01	2.1129331e-01	-1.3245608e-01	-8.4477141e-03	6.3251376e-02	-5.6358542e-02	2.2181310e-01	-5.2890040e-02	-1.0233156e-01	2.1213356e-03	-1.5133592e-01	-5.8941819e-02	-2.0200517e-02	2.7839822e-01	1.4579782e-01	6.1856729e-01	5.1144068e-03	-2.6340121e-01	-2.8260940e-01	-1.9407704e-01	3.0148512e-02	-2.9226255e-03	1.8364400e-01	4.8666954e-02	4.6877894e-01	-1.1109987e-01	-9.9721298e-02	5.8470327e-02	-4.5896631e-01	-1.3039054e-01	-1.2499783e-01	-1.4324166e-01	1.7445464e-01	1.3092417e-01	2.7676913e-01	1.4994293e-01	-2.0441233e-01	6.0388599e-02	-3.8314679e-01	-2.9585499e-01	2.7138984e-01	-1.2889471e-02	1.2943980e-01	2.6731983e-01	-2.9041988e-01	-2.0325901e-01	2.8658092e-02	-1.7141958e-01	1.4025122e-01	1.9725731e-01	-2.0321663e-01	2.2136028e-01	-1.5124346e-01	-1.4775993e-02	-7.9154357e-02	-7.5548276e-02	-2.5081506e-01	1.6969877e-01	1.8134999e-01	-1.6310762e-01	-6.4880565e-02	1.5791453e-01	-1.4785350e-02	-1.0481140e-01	-1.4586821e-01	2.3478714e-01	1.0963148e-01	-2.3321852e-01	-7.9888105e-03	-2.8449148e-01	-1.4014337e-02	-1.1643498e-01	-1.4434955e-01	2.5956479e-01	-9.8229885e-02	2.0015675e-01	-2.3956938e-01	-6.0363892e-02	2.8706682e-01	1.3750327e-01	2.2481973e-01	-3.1638467e-01	2.1975477e-01	-1.2744686e-01	6.2124185e-02	-1.9421102e-01	2.0195217e-01	3.8105249e-04	1.2310977e-01	-2.8892261e-01	-1.0396795e-01	-3.8980924e-02	-1.9267811e-01	-1.5164042e-01	1.1036677e-01	-3.1524453e-01	-3.3189949e-01	1.5435922e-01	5.1973455e-02	-1.7660336e-01	-3.0008745e-01	1.1557499e-01	-2.8945744e-01	-1.0857242e-01	1.1160168e-01	-2.5784615e-01	-2.0945171e-01	-2.0153359e-01	2.0103490e-01	-2.3508637e-01	1.2291595e-01	-6.6297188e-02	-2.4290104e-01	-2.5526884e-01	-3.9600108e-02	-2.8772625e-01	1.9577208e-01	6.9179632e-02	-2.5520089e-01	1.1216086e-01	-4.6431193e-01	-1.5899521e-01	-3.0429667e-01	-2.5704652e-01	-2.2583802e-01	1.7960809e-01	2.4270000e-02	2.7355799e-01	1.4614062e-01	-2.1244733e-01	2.4869299e-02	-3.7624862e-02	3.2276794e-02	2.2403835e-01	2.8101146e-01	-4.0186357e-02	-7.4948445e-02	6.8192624e-02	1.6064863e-01	5.8037728e-02	-1.4235826e-01	7.2689593e-02	2.0405316e-01	8.0643877e-02	2.0984785e-01	-1.1525516e-01	2.4479602e-01	-5.4275796e-02	2.6874578e-02	3.1470585e-01	6.4311713e-02	2.3196045e-01	7.3689409e-02	-2.1975229e-02	-1.7875701e-02	-5.1430766e-02	1.2713253e-01	-8.5508421e-02	-2.3619884e-01	-2.7189657e-01	-1.5838568e-01	-6.7345607e-01	1.2742685e-01	6.4379052e-04	7.6068909e-04	8.9461163e-02	1.1261151e-02	1.5229015e-01	8.8864349e-02	1.7696916e-01	-1.2556922e-01	2.3854539e-01	1.3251010e-01	2.5533912e-01	-9.4076782e-04	8.2492970e-02	2.0647387e-01	1.6881315e-02	-1.2999442e-01	-3.7891269e-01	2.6756498e-01	3.8526666e-01	-3.6019232e-02	-1.5826644e-01	-6.9419593e-01	-2.7218163e-01	1.4629787e-01	-4.7217005e-01	-3.1875029e-01	2.7487484e-01	-5.8183625e-02	-1.3193960e-02	-1.4454278e-01	7.5514592e-02	-1.3297428e-01	-2.5620440e-03	4.4182815e-02	-7.6540112e-02	-2.8565475e-01	2.3141643e-01	2.6609719e-01	1.6829327e-01	-7.0908509e-02	1.1536252e-01	8.6872965e-02	-2.1771730e-01	5.6059431e-02	-2.0297940e-01	2.2727771e-01	2.3915872e-02	-1.9903028e-01	1.5220349e-01	2.8047806e-01	7.5663731e-02	-9.5900953e-02	2.7992603e-01	1.5533258e-01	2.0404023e-01	-2.1932900e-01	1.2213828e-01	-4.0288311e-01	-2.7999684e-01	2.6292798e-01	3.0395862e-02	-2.7039710e-02	4.6400789e-02	-2.8996032e-01	-1.0569292e-01	-5.5979621e-02	-1.0975390e-01	-1.7747743e-01	1.1805341e-01	2.2615705e-02	2.4718463e-01	-8.1228912e-02	2.3319322e-01	1.5463905e-01	1.8311258e-01	-3.5504367e-02	1.7903508e-01	2.7601048e-01	9.2083439e-02	-1.3709149e-02	-1.5307201e-02	2.7484310e-01	1.5897553e-01	2.0710288e-01	6.2788665e-02	-5.0082266e-01	4.0729269e-02	-2.1663091e-01	-2.4396430e-01	9.0528443e-02	3.6052930e-01	-2.5824654e-01	-1.3203345e-01	8.5635230e-02	-2.7097479e-01	1.1208322e-01	-3.6135577e-02	1.8670173e-01	-8.9238822e-02	6.4260076e-04	1.8021142e-01	-1.2580192e-01	1.4802033e-01	-1.0395245e-01	3.4743981e-03	5.6413423e-02	2.0768504e-01	-4.8173282e-02	-2.9010943e-01	4.3883651e-02	-2.1899641e-02	9.6443146e-02	5.3965747e-03	-4.9672246e-02	-1.2262768e-01	5.3162903e-02	1.6858870e-01	-1.5510537e-01	-1.6660470e-01	-2.6924637e-01	1.8661785e-01	-1.0001497e-01	-1.0440741e-01	6.1726511e-02	-2.0317852e-02	-1.4353611e-01	-2.7812046e-01	-2.1508038e-03	-2.5350660e-02	8.5316181e-02	-3.4570098e-02	-2.4547318e-01	-1.4380562e-01	1.3750073e-01	-8.9787975e-02	-1.8426381e-01	7.5457394e-02	-2.3357761e-01	-1.0827672e-01	1.8788734e-01	-3.9237112e-02	1.9915617e-01	7.5205289e-02	-8.2670026e-02	1.7631537e-01	2.0767386e-01	-1.5837499e-01	1.7201200e-01	-1.7255504e-01	-4.7921646e-01	1.9472253e-01	-1.8994325e-01	1.7641048e-01	-3.5230589e-01	-3.9031133e-02	1.8202257e-01	-1.7597075e-01	-1.6782437e-01	6.7931838e-02	-2.8750879e-01	7.8175448e-02	-1.1037267e-01	-7.9603612e-02	-1.1709802e-02	-1.6523331e-01	9.0556331e-02	-1.0966673e-01	-2.1081126e-01	1.0315283e-01	-2.0782758e-01	3.2112780e-01	3.1120567e-02	-4.0025768e-01	1.9111651e-01	9.4418615e-02	-2.5100601e-01	-4.8911569e-01	1.6623890e-01	1.8845098e-01	-2.7250391e-01	-1.1350890e-01	-6.5235466e-01	-5.4114997e-02	2.0376077e-01	-4.9187663e-01	2.2909099e-01	2.4678910e-01	1.1686482e-03	-2.5932476e-01	-1.3972367e-01	-8.5853718e-02	5.1305935e-02	-1.7831260e-01	-9.7007051e-02	2.1137020e-01	5.4830670e-02	9.3525507e-02	2.6996573e-02	-4.1948783e-01	1.7260219e-01	1.1558925e-01	1.3953172e-01	-1.8664375e-01	-2.8451246e-01	-1.7485364e-01	2.7697235e-01	-1.4701661e-01	2.3118067e-01	7.3653925e-03	-2.8135383e-01	-1.5577765e-01	2.9787093e-01	-2.0799072e-01	-1.3956396e-01	1.2138736e-01	2.8990588e-01	1.4606246e-01	-7.2643504e-02	5.5172779e-02	-6.3704319e-02	2.0101073e-01	2.1892750e-01	2.5153283e-02	-2.1484705e-02	1.7638855e-01	-2.1913178e-01	2.7797693e-01	-2.1473400e-01	9.7403508e-03	2.1004164e-01	-5.2228826e-01	-6.4521953e-02	-1.3935561e-01	-1.2826706e-01	5.6327339e-02	-3.3667944e-02	1.5780444e-01	1.6874464e-02	-2.5144550e-01	-1.2140053e-01	1.5654716e-01	1.9269973e-01	1.1119115e-01	2.4475870e-01	2.2330061e-01	-1.4882551e-01	2.1694070e-01	-2.4141574e-01	2.1239354e-01	-3.8638714e-01	-6.3733873e-03	-3.2272831e-01	4.9512111e-02	8.8799059e-02	-2.9767886e-01	-1.1741304e-01	-1.3977282e-01	2.3709245e-01	-2.2657865e-01	6.9384314e-02	1.4372295e-01	8.0433235e-02	-1.5755692e-01	1.4669371e-01	-3.5703754e-01	5.9896644e-02	1.8521823e-01	2.7127501e-01	-3.9969650e-01	3.1817132e-01	4.2219383e-01	-4.0554791e-03	-1.8950951e-01	1.1348036e-02	2.1317366e-01	-1.1688407e-01	1.8814781e-01	-4.1049980e-03	-1.2525068e-01	-3.9861768e-02	2.3985505e-01	-5.6880865e-02	-4.0468246e-01	1.8714567e-01	9.8509446e-02	-2.9831219e-01	3.9409983e-01	-2.8586248e-01	1.6955738e-01	-2.7080446e-01	1.7902942e-02	-1.4791201e-01	-2.5993395e-01	-6.3490532e-02	-1.0938770e-01	-1.7981918e-01	1.1875384e-01	4.5882743e-02	1.2159679e-01	-8.9505911e-02	2.8689423e-01	-2.2945671e-01	2.2744016e-01	3.8639516e-02	-2.7365741e-01	1.2944458e-01	-1.2353314e-01	-3.1763136e-02	-4.5778602e-02	1.3215378e-01	3.9859641e-01	2.8241536e-01	-1.8861994e-01	-2.4085705e-01	1.6719124e-01	1.9615264e-01	2.7522072e-01	1.9364685e-01	-3.3953336e-01	-1.6079254e-01	2.8042707e-01	2.9233143e-02	-2.2713690e-01	-2.8679892e-01	-4.9377897e-01	9.7008042e-02	2.5313964e-01	2.6706660e-01	-1.0770415e-01	1.1084010e-01	-3.1123016e-02	2.1143909e-01	3.0999708e-01	1.4104483e-01	2.4589669e-02	1.3629985e-01	-6.2511064e-02	-3.4654117e-01	2.6493344e-02	-4.5135111e-02	9.8688334e-02	-1.8255340e-01	-2.3204008e-01	8.7923616e-02	-1.9057153e-01	2.4022281e-01	-6.2354200e-02	-3.2054681e-01	2.7429113e-01	1.6345878e-01	-7.8753881e-02	-1.6056821e-01	8.7449349e-02	-2.3627777e-01	1.4711551e-02	-1.3941923e-01	-1.2835528e-01	2.3071750e-01	-2.2614254e-02	2.1882905e-01	-1.5398054e-01	-6.4741291e-02	2.1550450e-01	-2.1960150e-01	-5.7407767e-01
9.4051361e-03	1.9093874e-01	-1.0073570e-01	-4.6866350e-02	-2.3666326e-02	-4.9111266e-02	-1.6960156e-01	2.3017099e-01	-6.0559850e-02	2.0841543e-02	-2.3392172e-01	-7.4284747e-02	2.3986144e-01	-6.5538096e-03	-1.9090012e-01	-1.5473279e-01	6.8945363e-02	1.1843941e-01	2.6540357e-01	-3.4636319e-01	3.3325765e-03	-1.9491400e-01	5.3974696e-02	-1.5244059e-01	2.9653105e-01	-3.1280267e-01	-2.7104113e-02	-1.9820208e-02	-2.8957030e-01	1.0548052e-01	-3.4243271e-01	-3.0132839e-01	-3.2821035e-01	-1.2056759e-01	2.5746601e-03	-3.0804560e-01	2.4270582e-01	-2.3568505e-02	1.3893384e-01	1.7320590e-01	-2.1997550e-01	5.0330702e-02	-2.9338947e-01	2.3941745e-01	4.5743585e-04	7.1220979e-02	-1.5868975e-01	-2.3187192e-01	1.9324337e-01	1.3801500e-01	3.9241314e-03	-3.6328143e-01	5.3403687e-02	2.3739859e-01	-3.0576527e-01	-2.5737631e-01	-7.6086074e-02	-4.5124907e-02	-6.8376370e-02	-1.3981119e-01	2.3565283e-01	-2.4595486e-01	-2.6093638e-01	-2.2514750e-01	-1.2611416e-01	-3.5174057e-01	3.7304938e-01	-1.0087683e-01	-2.9631183e-01	1.6312757e-01	-5.1103182e-02	-4.4106081e-01	7.7134863e-02	2.1156210e-01	-2.5185648e-01	2.7883816e-01	-2.2965234e-02	6.6104777e-02	-2.9610851e-01	3.3310378e-01	2.1037477e-01	1.7165011e-01	2.7730021e-01	2.5068048e-01	2.5337793e-02	-5.2155507e-01	-7.5619966e-02	1.3530131e-01	-2.7780488e-01	-3.5894266e-01	-1.1393128e-02	-2.2519828e-01	-2.5098383e-01	1.9740029e-01	2.4626225e-01	-4.9825073e-03	-2.5837204e-01	2.5540373e-01	1.9605877e-01	2.2744494e-02	2.3749092e-01	-1.3024965e-01	-3.3737192e-01	-1.2942910e-01	2.0477116e-01	3.3664191e-01	-1.5658389e-01	-9.8497711e-02	-1.6404693e-01	2.9939133e-01	-2.3262267e-01	-1.5869911e-04	1.4812768e-01	-2.8431585e-01	2.0552760e-01	1.9375097e-02	6.0632143e-02	-3.4819433e-01	-2.0977160e-01	-2.7773401e-01	2.0418343e-01	1.8700953e-01	-1.0703318e-01	2.4456118e-01	1.7024447e-01	-7.8107022e-02	-1.5584855e-01	-2.9533431e-01	-2.9720864e-01	-1.5091771e-01	1.5451127e-01	-1.4337780e-01	-1.8546133e-01	-3.2026508e-01	-1.7754371e-01	-2.6002584e-02	-7.8726426e-02	1.2230723e-01	-3.2336596e-01	3.7419900e-02	9.5722407e-02	-1.9056544e-01	6.8631612e-02	2.1757430e-01	-2.0895524e-01	-4.0971369e-02	-2.8650975e-01	-3.4684429e-01	-3.0786693e-01	5.0192438e-02	-4.3356750e-02	-1.3266529e-01	2.7497709e-03	9.5339097e-02	1.1961079e-01	1.5227547e-01	-3.9777238e-02	1.6330801e-01	1.4830443e-01	-4.5781072e-02	-5.2512974e-02	-1.8218145e-01	-2.5873217e-01	-1.8858033e-01	-2.0514309e-02	-2.5429311e-01	5.0837547e-02	-1.6584438e-01	2.6796642e-01	-9.4577454e-02	-2.1869095e-02	1.3188495e-01	-1.1472763e-01	-1.5631711e-01	1.8619718e-01	-1.0499614e-01	-2.4828918e-01	2.0234138e-02	2.7502671e-01	1.5761912e-01	5.2897632e-03	9.5020212e-02	6.9250055e-02	-1.6162670e-01	3.1808615e-03	-7.5202867e-02	1.1315649e-01	-6.7882843e-02	-1.5959968e-01	-2.8121013e-02	1.3056619e-03	1.6040808e-02	2.4271905e-01	1.6852424e-01	1.5169001e-01	-6.4133398e-02	-9.8156340e-02	-2.4577083e-01	-6.1853368e-02	-2.7152693e-01	2.4483952e-01	1.6658333e-01	-3.0064365e-01	1.9983977e-01	-3.2264861e-01	-3.0501655e-01	9.6630476e-02	-5.4613695e-02	-1.4048688e-01	2.9930699e-01	-6.5151803e-02	8.7362759e-02	-3.4482253e-01	1.6022344e-01	2.6063839e-01	3.2759687e-01	2.7064922e-01	3.9993438e-01	-2.5350976e-01	-2.0272112e-01	-2.4340807e-01	2.0568006e-01	-3.2843869e-02	-8.6903749e-03	1.7902163e-01	-1.7501865e-02	-2.4133377e-01	-5.9967977e-03	1.3094670e-01	8.2419805e-02	5.0202798e-02	4.6001568e-02	3.0419669e-01	-3.3096474e-01	5.0210033e-02	2.0448481e-01	-5.8560562e-04	-8.7348260e-02	-1.3825622e-01	2.4964419e-01	7.8141943e-02	-2.3478085e-01	1.1562243e-01	-4.6287093e-02	-1.2507132e-01	-8.2506949e-01	-2.7938110e-01	-3.0577144e-01	-3.2772094e-02	-4.8673391e-02	-1.6456462e-01	2.2787733e-01	2.5633702e-01	1.5691901e-02	6.1803356e-02	3.3327404e-01	2.6925352e-01	-2.1360032e-01	-3.2738484e-03	1.5968171e-01	-1.1144852e-01	-2.3055388e-01	7.4367352e-02	-1.6853361e-01	2.4619287e-01	2.2491249e-01	-5.9623448e-03	-1.9203345e-01	-2.3354517e-01	6.9214888e-02	-1.9104223e-01	-2.6886147e-01	4.2077653e-02	-6.7948923e-02	-2.3921952e-01	-5.4234777e-02	-2.8821517e-02	-1.1921057e-01	-1.3083725e-01	3.8856383e-02	2.8442243e-01	-1.6518006e-01	-3.7392810e-02	-2.2433673e-01	1.0758665e-01	-2.2854508e-01	-1.6185139e-01	1.9638050e-01	1.6245879e-01	1.3162116e-02	1.2884828e-01	-2.0941454e-01	-3.4339558e-02	-1.0124299e-01	-6.8636216e-02	-1.8960382e-01	-2.7318752e-01	6.1415914e-02	-8.8059410e-02	1.1626694e-01	2.8516406e-01	-3.0689034e-01	6.6234596e-02	-3.8937930e-02	-2.0059466e-02	-7.8700721e-02	2.5118801e-01	2.1095018e-01	-2.5810829e-01	-3.0065965e-02	4.0145185e-02	2.9858944e-01	2.1504882e-01	4.1302025e-01	-3.1573132e-01	3.3767913e-02	5.2187028e-03	-1.8550274e-01	3.1341299e-01	-1.2885092e-01	2.6402009e-01	-2.0522010e-01	-3.2149294e-01	1.1188544e-01	-7.8447804e-02	2.3556836e-01	1.3509233e-01	1.6730598e-01	-1.5808852e-01	2.7433845e-01	-3.5911509e-01	-2.4392409e-02	-1.2646705e-01	-4.5137581e-01	3.0320492e-01	-1.1128279e-01	4.4327098e-01	1.9411047e-01	-1.2462082e-01	-3.2254237e-01	1.2734593e-01	8.2099879e-01	3.9928594e-01	-1.9213605e-01	-6.2224731e-02	1.5775900e-01	2.1285473e-01	1.1287507e-01	-1.2479787e-01	1.1894541e-01	3.0036718e-01	-2.3054598e-01	7.8599975e-02	-3.0358121e-02	2.3447433e-01	-8.8874847e-02	-2.6225501e-01	9.2995740e-02	2.5890717e-01	1.5295890e-01	-9.8515809e-02	-4.2671822e-02	2.6465708e-01	-2.7092138e-01	1.9191530e-01	-4.0048566e-01	-6.7335274e-03	-1.7044595e-01	2.5878403e-01	1.5173975e-01	9.6167006e-02	-1.7624639e-01	-3.3663434e-01	8.2295054e-01	9.1532171e-02	7.9898380e-02	-6.5417200e-02	7.9098247e-02	3.3121067e-01	-1.7434710e-01	-1.5087953e-01	-4.9902042e-03	2.1139520e-01	-2.6784549e-02	-2.0630650e-01	-2.2391053e-01	-8.6146899e-02	3.3835584e-01	3.1974441e-01	1.3857403e-01	4.6250513e-01	-3.4471580e-01	3.2587710e-01	5.1616691e-02	6.1148025e-02	3.2213464e-02	-2.6955584e-01	2.0266438e-01	1.0268702e-01	-7.6210059e-02	-6.1336070e-01	-2.3117247e-01	1.9526230e-02	-3.6456075e-01	-1.2527409e-01	1.4657663e-01	-7.0812888e-02	2.9732037e-01	-4.0189475e-02	1.3177225e-01	-1.7576295e-01	2.5108466e-01	-3.3315033e-02	2.9836765e-01	5.5134773e-02	-1.6041325e-01	3.0352500e-01	-1.5834692e-01	4.9578339e-02	1.6668119e-01	7.2740018e-03	1.7643918e-01	-2.2571838e-01	9.6983619e-02	8.6419225e-02	-1.0037772e-01	-2.6810380e-02	3.0202962e-02	2.5946996e-01	-1.9978906e-01	-2.9507400e-02	-2.3363133e-01	1.7532896e-01	-7.7578932e-02	-2.3951612e-01	-2.9569194e-01	9.2498109e-02	-1.6359051e-01	-2.7731973e-01	-2.5688803e-01	-2.2012925e-01	-2.6528889e-01	5.9046526e-03	2.3593629e-02	-2.9946020e-01	1.4608666e-01	2.6955292e-02	1.3184556e-01	8.3264686e-02	9.0817168e-02	5.4732963e-02	1.8418553e-01	-1.9513355e-01	9.7832128e-02	3.9738726e-02	3.4569681e-01	1.1493276e-01	-1.3612857e-01	4.3824438e-02	-1.7962289e-01	-8.2630202e-02	2.1418795e-01	1.3946198e-01	1.0904881e-01	2.0463651e-01	-4.4655036e-02	3.3605811e-01	-1.7440736e-01	-1.3038711e-01	3.7302577e-01	5.3465396e-02	-2.0884895e-01	2.9189089e-01	-2.7975863e-01	2.2325990e-01	-8.5734382e-02	2.6820809e-01	2.0865110e-01	1.3248017e-01	2.7760810e-01	-8.1378005e-02	-1.9281927e-01	-2.9633769e-01	-2.1510880e-01	1.3370267e-01	-3.5632116e-01	5.9475028e-03	4.5866374e-02	-1.7850779e-01	1.3285047e-01	-1.9682710e-01	-1.6220640e-02	-4.4307455e-02	1.5346408e-01	-2.3040354e-02	-3.3798549e-01	2.3408709e-02	2.9690614e-01	2.7263921e-01	1.7394030e-01	-8.5972197e-02	-1.1473689e-01	1.5071739e-01	-1.9181238e-01	-1.4236182e-01	-2.3811223e-01	-2.5390500e-01	2.0127490e-01	7.2154924e-02	3.7371885e-02	-2.9565185e-01	2.2104203e-03	4.1130159e-02	-1.9588877e-01	5.1930871e-02	4.6818592e-02	-1.5166734e-01	-2.2406186e-01	-1.8670136e-01	-4.7216609e-01	-8.7098353e-02	-7.6710217e-02	8.0433644e-02	-3.3979243e-01	2.5644162e-01	-3.9612076e-01	2.3853184e-01	-5.2538443e-01	-1.4238366e-02	6.8961591e-02	-2.9752749e-01	7.7207468e-02	2.5131976e-02	-2.5099406e-02	-3.8891383e-02	2.7460957e-01	-2.4125689e-01	-1.1883303e-01	-1.9402386e-01	9.2533231e-02	2.8293934e-01	1.0683015e-01	-7.5412344e-04	1.1364222e-01	-2.5385779e-01	-3.4194663e-01	8.2772359e-02	1.3665993e-02	-1.4121404e-01	2.4005477e-01	2.8160560e-01	2.5810900e-01	2.0828234e-01	1.4782009e-01	1.8034261e-01	-3.7433761e-01	-1.2251169e-01	4.0805876e-02	7.9133809e-03	-2.1908908e-01	-1.9350393e-01	-1.6875391e-01	-2.7468345e-01	-3.9438777e-02	6.3588247e-02	-1.3312584e-01	-5.2578237e-02	-3.2563159e-01	1.7831609e-01	-5.1850744e-02	-2.5171623e-01	4.8181945e-03	-2.1341267e-01	-2.3119015e-01	1.3318381e-01	4.3220103e-02	-4.1997842e-03	8.8639349e-02	2.4205427e-01	2.4754228e-01	-2.8953108e-01	4.3888457e-02	1.1712427e-01	2.1928354e-01	-3.0655551e-01	6.8651959e-02	2.7927902e-01	-6.4797789e-01	-1.0732338e-01	-1.4653622e-01	1.5207559e-01	-4.1495517e-02	3.8904354e-01	9.9696606e-02	-1.5174869e-01	-1.9582370e-01	-1.8912540e-01	8.0774033e-01	5.9151422e-02	-2.7239203e-01	-1.2153515e-01	2.1454653e-01	-2.9841557e-02	-1.0354745e-01	-6.6591531e-01	-3.3146769e-01	-1.7023382e-01	1.7706679e-02	-1.5815507e-01	-4.0374093e-02	1.0894925e-01	-2.0331787e-01	3.0482528e-01	-2.1589886e-01	1.8472821e-01	-4.5213267e-01	5.2154232e-02	-1.5559265e-01	2.6780427e-01	2.1725629e-01	2.2351384e-02	7.9714313e-02	-1.6731392e-01	-2.9186696e-01	3.5430405e-01	-2.6739222e-01	-2.7644119e-01	1.4116712e-01	3.9946730e-03	7.5419271e-01	1.9784646e-01	-2.9149276e-01	-2.8922960e-01	-2.7950498e-01	-1.8348532e-02	-2.5581807e-01	1.5122879e-02	2.6848230e-01	2.2682886e-01	-1.8393788e-01	-2.4122466e-01	1.1310037e-02	-5.2815635e-02	2.2656754e-01	2.3239128e-01	-2.2859129e-01	-1.2997608e-01	-6.5878898e-02	2.6097548e-01	-2.2551164e-01	1.0222216e-02	7.7934541e-02	-2.9502943e-01	9.8017994e-03	9.4071634e-02	2.1936288e-01	-1.8199641e-01	-1.6057192e-01	4.3086410e-02	-2.1055064e-01	-6.3978559e-03	-2.4878456e-01	-1.1339228e-01	-8.1738219e-02	6.2217593e-02	-1.3926980e-01	-2.8579277e-01	-1.3659507e-01	-2.9196927e-01	-3.4767476e-01	1.9166599e-01	-2.5744531e-01	-1.4147099e-02	3.5736796e-02	1.1419730e-01	-2.7669963e-01	-1.5194425e-01	-1.4045031e-01	2.2148864e-01	6.6851281e-02	9.1937801e-04	-5.7274699e-02	2.3047458e-01	-9.9305436e-02	1.1836000e-01	1.2088999e-01	-1.1704729e-01	4.8050292e-02	-2.9276207e-01	-1.0602568e-01	-6.4216241e-02	-1.2456422e-01	1.2348244e-01	7.9110932e-01	-1.5809105e-01	2.4480447e-01	2.2963157e-01	-5.8746215e-02	1.8991725e-01	1.8021499e-01	-1.4193996e-02	2.2034684e-01	2.9876935e-01	2.2825662e-02	2.7177098e-01	1.1547565e-01	-3.0891469e-01	1.3490070e-01	1.0922913e-01	-1.4013161e-01	1.7622165e-02	3.1296530e-01	1.3564844e-01	1.4069860e-01	2.9165560e-01	-3.2271853e-01	1.2288949e-01	1.3660331e-01	-1.5471764e-01	-4.8289306e-02	4.1318692e-02	2.6918035e-02	2.3052905e-01	-3.3230446e-02	-3.1080690e-01	-2.1303236e-01	2.5325194e-01	-2.2564051e-01	2.3987988e-01	-2.2865735e-01	-3.4647799e-01	-1.0457754e-02	2.5506398e-01	-1.9154373e-01	3.1190749e-02	6.3404396e-02	2.0492361e-01	-1.1028852e-01	2.7690238e-01	-2.9632664e-01	3.4284851e-01	1.6751862e-01	5.5423945e-02	-1.4395677e-01	3.4934737e-02	1.7809679e-01	-2.6585662e-01	1.8769950e-01	4.4395700e-02	-2.7825022e-01	1.8086733e-01	-1.3654666e-01	1.3648517e-02	-1.3668728e-01	1.9336973e-01	1.3955592e-01	2.3400792e-01	-9.7665620e-01	-1.8482223e-01	2.8086102e-01	-5.2148193e-02	3.7967179e-02	-3.6453605e-01	-1.2407185e-02	2.9938424e-01	1.4980884e-01	1.2028636e-01	-4.5780934e-02	-3.3979822e-02	8.9211166e-02	1.2295654e-03	-1.9567256e-01	-1.7745072e-01	-2.4008580e-01	3.5449034e-01	-3.5042563e-01	-3.1378087e-01	2.6404515e-01	3.6240241e-03	1.6398370e-01	7.8008778e-02	2.0593753e-02	5.9505790e-02	-8.6352289e-02	-4.5659974e-01	-1.7514388e-01	7.0994414e-02	3.0781043e-01	2.1815613e-02	-9.1202492e-01	4.9552161e-02	2.4632785e-01	1.0075185e-01	-6.1993498e-02	-6.9099955e-02	-4.0249246e-01	-2.1493806e-01	1.5328295e-02	3.2062224e-01	-1.1349572e-01	-1.2506868e-01	1.7879751e-01	9.2836320e-02	2.5042751e-01	-1.5203294e-01	-2.8417546e-01	1.3893843e-01	-1.3964652e-03	-7.9892427e-02	-1.4831433e-01	2.1014602e-01	1.5912668e-01	1.8412569e-01	-2.3391518e-01	-1.0901516e-01	-2.2696942e-01	-1.2410948e-01	-2.7877676e-01	2.6401773e-01	1.6126427e-01	3.4360367e-01	3.4006426e-01	1.2716708e-01	-2.7622899e-02	2.8258231e-01	2.2774915e-01	-8.3684631e-02	-1.9271072e-02	-1.6189098e-01	-2.6965147e-01	2.6841035e-01	-3.8015306e-01	-3.9264074e-01	-1.2458712e-01	-6.9951606e-01	-4.4325083e-01	6.8530865e-02	-2.6660368e-01	-3.2521341e-02	2.4929141e-01	-1.1394735e-01	-6.9211081e-02	-4.6657836e-01	1.5315096e-01	1.0361287e-01	-1.1041535e-01	-4.8284590e-01	-4.8304671e-01	2.5654605e-01	2.3574594e-01	-2.8322539e-01	2.3783308e-01	1.1538009e-01	-3.6354837e-01	-6.0172480e-02	7.2893120e-02	-1.0661013e-01	-2.1548334e-01	2.2738300e-01	3.3933523e-01	-1.7670901e-01	1.4420657e-01	-5.8720839e-01	-7.1716860e-02	-1.4953707e-01	-4.5819744e-02	1.5083931e-01	2.2843083e-02	2.4915931e-01	2.0228499e-01	-4.1168984e-02	-1.4066079e-01	7.5682983e-02	2.9221079e-01	-1.0495684e-01	-1.4280874e-01	2.2635698e-01	4.4821676e-02	-2.4946007e-01	3.2999113e-01	-2.3039493e-01	1.5576215e-02	-1.9515701e-01	2.1058320e-01	8.9824669e-02	-2.3645410e-01	1.3482772e-01	3.1403604e-01	1.1074185e-02	1.7598440e-01	-5.9543008e-01	-1.5611890e-02	3.1262165e-01	-1.7405428e-01	3.2395856e-03	2.1547057e-01	7.8514382e-02	-2.8009257e-01	-2.3424950e-01	2.1663450e-01	1.2355064e-01	2.3071145e-01	-3.2702565e-01	-9.7830445e-02	-2.4234152e-01	-2.7148342e-01	-2.1210314e-01	-2.1460384e-01	2.3501584e-01	-1.9300337e-01	-6.4740919e-02	-2.3124765e-01	-2.7918789e-01	-9.4736516e-03	-1.0919625e-01	-2.1786441e-01	2.5001017e-03	-2.6852989e-01	-2.3476796e-01	-1.7222941e-02	2.4848053e-01	8.2575411e-02	7.5192302e-02	-2.1130936e-02	1.7894611e-01	5.2859861e-02	2.1314478e-01	1.9956812e-01	-2.1701333e-01	1.0931774e-01	1.8867320e-01	1.9777903e-01	-5.7059467e-02	-3.5257429e-02	-3.4922084e-01	-2.3701984e-01	2.4764170e-01	2.7092522e-01	-1.5786196e-01	1.5605271e-01	2.5106594e-02	-1.6851868e-01	-4.5481887e-01	6.1683431e-02	-4.6543606e-02	2.9585321e-02	2.7150005e-02	1.1949217e-01	2.7336055e-01	-1.6264942e-01	2.5585252e-01	1.9041683e-01	2.0525494e-01	2.0403737e-01	4.4096302e-02	-1.9716647e-01	-4.3362800e-02	-2.3098549e-01	1.8864635e-03	-3.0133474e-01	3.4618899e-01	-2.5360563e-01	-1.0912415e-01	-1.0161986e-02	2.1770523e-01	4.1596584e-02	-5.3956741e-01	-2.1646394e-01	1.3657738e-01	2.1231009e-01	-1.5874298e-01	-1.7268820e-01	4.2928681e-02	-3.2695258e-01	2.8335306e-01	-1.7362697e-01	4.7778644e-02	-1.3919485e-01	3.6173541e-02	5.9834540e-02	-2.3615757e-01	-3.9351964e-01	-1.7332781e-02	4.1495791e-01	1.8795720e-01	3.7380561e-01	-2.2360556e-01	1.6640417e-02	1.4981516e-01	-2.5254023e-01	2.8674707e-01	1.1613613e-01	1.9460714e-01	1.0847424e-01	1.1975764e-01	-9.0436801e-02	1.8832150e-01	5.1594684e-03	2.7026314e-01	-3.5043225e-01	3.0406973e-01	-1.5846719e-01	9.3370341e-03	9.5396779e-02	2.6997909e-01	1.0616411e-01	-2.2222254e-01	-2.0410345e-01	2.3811774e-01	-1.9845711e-01	6.5666169e-02	-3.2311583e-01	1.1762586e-01	-8.5614644e-02	2.4395627e-01	-3.5474218e-02	-2.8864917e-01	-8.4394157e-02	-2.4481656e-01	1.0073793e-01	8.2404256e-02	-1.1522681e-01	1.4565322e-01	-1.7153737e-01
5.2956324e-02	-1.5257534e-02	1.3676961e-01	2.6512527e-01	-2.5098455e-01	1.5885943e-01	4.1557425e-01	9.1071747e-02	-3.8355586e-01	4.2393297e-01	-2.2950542e-01	3.0716744e-01	-4.7805485e-01	-2.0672977e-01	-2.6938134e-01	3.4603289e-01	5.2250940e-01	1.1729196e-01	1.7892492e-01	-2.6938874e-01	2.2371046e-01	-3.0863523e-01	-1.7637450e-01	2.8169957e-01	2.0417494e-01	-4.1317668e-02	2.9071975e-01	1.8343812e-01	-3.5134321e-01	3.5713845e-01	4.7364888e-01	-3.7685251e-01
