9
input	13
dense	32
relu	0
dense	32
relu	0
dense	32
relu	0
dense	1
linear	0
7.999999979801942e-06
1.7171141e-02	3.2164305e-02	0.0000000e+00	-2.2848925e-02	-1.0742689e-01	-8.4273092e-02	-1.2101794e-01	-6.6849470e-02	-1.1369023e-02	-3.2047223e-02	-6.6415556e-03	2.1239612e-02	1.1489961e-01	-6.9171324e-02	-5.2845500e-02	2.3391533e-03	-3.0467650e-02	-1.0835002e-02	1.2330891e-01	-1.3368775e-01	-9.4749995e-02	-1.0188305e-01	-5.0864749e-02	-4.5266967e-02	3.5021175e-02	-7.1891144e-02	-1.1431184e-01	0.0000000e+00	1.0266401e-01	-1.9337811e-02	-5.0370332e-02	-2.4059610e-04
2.8648581e-03	-4.5142625e-02	1.3924645e-02	-6.1517614e-03	-3.1586457e-02	-8.5617162e-02	1.1104221e-01	-5.6414165e-02	5.6334946e-02	2.9155646e-02	-1.3840186e-02	-6.3672282e-02	-1.1874143e-02	-1.3307358e-02	-2.2161739e-02	6.5486699e-02	-7.6567501e-02	-2.2891598e-02	-6.5089256e-02	4.9241193e-02	-1.2773030e-02	7.9097748e-03	-8.4533595e-02	6.4006739e-04	4.9901769e-02	-1.2021908e-02	-4.3249473e-02	9.2370836e-03	-6.6238366e-02	-1.8221412e-02	-2.7210820e-02	-2.4226977e-02
-4.2354837e-02	-1.1195090e-01	-8.1389947e-03	-6.5716006e-02	-3.3471528e-02	-6.1771395e-03	-3.8731359e-02	-5.8416210e-02	1.2125193e-02	4.8899888e-03	-1.1656377e-02	-7.6056659e-02	-4.8777368e-02	-7.6770438e-03	-3.6840681e-02	1.5031848e-02	4.0210679e-02	-2.4384448e-02	7.4255746e-05	-1.3949491e-02	6.5125865e-03	-1.2201148e-01	-4.5839302e-02	-2.0873630e-02	-1.4333634e-02	-3.5531469e-02	-2.8400837e-02	1.2325084e-02	-6.5855958e-02	-7.5010904e-03	-3.7092406e-02	2.9005112e-02
1.2736600e-02
-3.1667510e-01	-5.9017796e-02	1.6603118e-01	-7.0541635e-02	2.2160529e-01	1.6163164e-01	2.9521027e-01	-5.4661441e-01	-5.0855279e-01	1.7941087e-01	3.1327075e-01	-3.7676185e-01	1.0906404e-01	3.3882096e-01	-2.1432194e-01	3.0630523e-01	-8.2100391e-02	-2.0379083e-01	-3.2554980e-02	1.2026930e-01	-1.6633913e-01	2.9682654e-01	1.7730846e-01	-1.6273293e-01	-6.9834948e-02	-4.8447517e-01	7.6038063e-02	-1.9583157e-01	-9.7778499e-02	-2.6670551e-01	2.7898341e-01	-2.9550165e-01	1.2883815e-01	-2.4529755e-02	-2.9296061e-01	3.6494046e-01	1.6249990e-01	-2.5539503e-01	1.8334895e-02	-8.5974760e-02	-7.3336720e-02	-3.1780735e-01	2.6297665e-01	4.4773635e-02	2.8987995e-01	-1.5821062e-01	1.9853525e-01	3.7307915e-01	3.5425704e-02	1.7616752e-01	3.2474864e-01	-3.6563155e-01	3.3476189e-01	-3.4553885e-01	2.6558128e-03	3.1967178e-01	1.3940836e-01	-2.5512892e-01	-2.3454927e-01	1.8257223e-01	2.8159794e-01	-2.3267700e-01	-7.3079929e-02	-5.3583127e-01	-5.4860771e-01	-4.5491979e-01	-3.5778451e-01	-6.9512732e-02	-4.2468441e-01	1.8374451e-01	1.0738607e-01	-5.7039484e-02	-3.1966571e-02	-1.8472746e-03	1.1291683e-01	-4.3468010e-02	2.8647733e-01	1.2237373e-01	-4.4696277e-01	1.9164699e-01	-1.1002785e-01	3.5505769e-01	2.0921645e-01	-2.6584309e-01	1.1204230e-01	-1.1800352e-03	-2.2406843e-01	-2.4433888e-01	-1.0486538e-01	-3.5640499e-01	1.0298981e-01	2.2813668e-02	-2.0050910e-01	-8.3241880e-02	-1.0006464e-02	-1.5443200e-01	-1.7426105e-01	3.6078271e-01	-3.2668244e-02	-1.9677453e-01	-1.1788536e-01	2.1797583e-01	2.3988758e-01	-2.8535342e-01	3.4409410e-01	2.2480269e-01	-3.8402233e-01	-1.5538110e-02	-2.7493017e-02	-3.3016530e-01	-5.4153979e-02	-2.3993233e-01	-5.0406522e-01	1.1479879e-01	6.7997687e-02	1.3502645e-01	-2.8864998e-02	-2.3247154e-01	-2.4721760e-01	8.9500099e-02	2.0691057e-01	-1.9067684e-01	2.3483004e-01	-3.3861807e-01	-6.3713402e-02	1.2726595e-01	-3.1007193e-02	1.9667876e-01	3.9867693e-01	-1.6151319e-01	-1.0843214e-01	-1.7002545e-01	1.3860007e-02	6.4341925e-02	2.1064076e-01	8.3574407e-02	4.1331097e-02	2.5123316e-01	-4.4926390e-01	2.4541752e-02	-3.6189443e-01	-9.2184269e-01	-9.4250336e-02	2.9479390e-01	-2.4969929e-01	3.8686666e-01	-1.2867798e-01	1.3370162e-01	3.7482120e-02	-2.5443032e-01	-4.4536542e-02	-1.3659957e-01	-1.6750477e-01	9.5205069e-02	3.1751060e-01	-7.7756882e-01	-2.7045459e-01	4.2006996e-01	5.8613207e-02	5.2316282e-03	-1.9728869e-01	5.2776691e-03	2.5726911e-01	1.2931827e-01	-3.0465689e-01	1.0579068e-01	2.5048513e-02	-1.4522274e+00	2.5592002e-01	-4.5099339e-01	-1.7177257e-01	1.4390227e-01	-5.8753610e-02	-2.0393418e-02	1.8025786e-01	-2.1540701e-01	-5.0087042e-02	1.5068184e-01	-4.0519077e-02	3.1025010e-01	-2.7587318e-01	-1.6929887e-01	4.4391143e-01	-2.4421157e-01	-5.9291642e-02	9.6656471e-02	-2.9963264e-01	-1.4152460e-01	1.9691245e-01	-2.0223883e-01	2.7392513e-01	-1.6411321e-01	-2.0068280e-01	5.5048585e-01	3.9685342e-01	3.5031864e-01	9.2020571e-02	-1.7745540e-02	9.6963704e-02	3.8993120e-01	9.2577644e-02	7.7961073e-03	1.1691338e-01	-3.0632508e-01	-4.5207642e-02	2.4018751e-02	8.3371383e-01	-5.1905859e-01	-3.1390551e-01	3.9759099e-01	-8.9319043e-02	-1.0046230e-01	-1.5143433e-01	1.1253836e-01	2.2415347e-01	-1.8811060e-01	-2.2969639e-02	-1.0539057e-01	2.0115599e-02	9.4317937e-01	8.3086975e-02	6.7014739e-02	8.7009944e-02	1.0335886e-01	-3.3896673e-01	-2.1261200e-03	1.5296929e-01	6.6011719e-02	1.3526304e-01	-2.2834522e-01	-2.3979552e-02	-1.2127111e-02	3.5041973e-01	-6.2660897e-01	-4.3064308e-01	4.1670248e-01	5.2785140e-01	-2.3442203e-01	-2.6178670e-01	1.1954051e-02	7.4152015e-02	2.0328929e-01	1.1597115e-01	2.6442942e-01	1.3640371e-01	4.9578208e-01	3.2558492e-01	2.5144902e-01	1.2198444e-01	2.2608109e-01	2.2066872e-01	1.1168995e-01	1.4884222e-01	-1.3375157e-01	-7.4558176e-02	-6.5440595e-02	2.2081709e-01	-1.3371449e-02	9.0309215e-01	1.7842017e-01	-3.5616359e-01	-1.8774591e-02	-3.3518367e-02	1.8876791e-01	-1.8156226e-01	2.7358133e-01	-1.3190837e-01	-1.5967132e-01	2.9228458e-01	-2.5156921e-01	-1.3847101e-02	-4.4335529e-01	9.3954392e-02	-4.6182241e-02	-3.7587726e-01	-1.4300743e-01	-1.9578442e-01	-5.3453237e-01	-2.0583870e-01	-3.8540509e-01	-3.2322466e-02	1.6282403e-01	4.1429505e-02	2.8420508e-01	9.1015808e-02	-1.5163074e-01	3.8109145e-01	-1.6872562e-01	-3.0293560e-01	-2.9710299e-01	-9.2038363e-02	-2.4484599e-01	1.8771766e-01	-3.6559251e-01	-1.9260393e-01	1.8996184e-01	2.2495683e-01	-1.5575260e-01	6.4904208e-04	-3.4298354e-01	1.7160925e-01	2.2184843e-01	1.9329149e-01	9.0900818e-03	2.5239024e-01	1.8998219e-01	4.0870726e-02	-5.2823186e-02	-1.1187719e-01	-2.2994670e-01	2.8680855e-01	-3.2039785e-01	4.6612558e-01	-2.7750582e-01	-5.4708621e-03	-8.6408198e-02	-4.1437358e-02	1.6027802e-01	1.8271858e-02	-4.4050205e-01	-3.2324481e-01	1.4848422e-01	-3.5446633e-03	2.3973031e-01	1.6098239e-01	1.8450800e-01	7.7968617e-03	-1.4783779e-01	-3.1674311e-02	-2.2064508e-01	2.6481459e-01	1.3407646e-01	1.5025245e-01	-3.5657206e-01	-2.6858738e-01	-1.4243595e-01	-5.5557162e-01	-4.4258171e-01	-8.4803931e-02	-1.9587785e-01	2.0617642e-01	1.4107206e-01	-1.0284398e-01	1.1453755e-01	-1.6688316e-01	-2.4916539e-01	2.1618600e-01	-2.4981949e-01	2.0515616e-01	-1.3273734e-01	6.8044919e-01	6.3736320e-02	-2.0066470e-01	4.3643475e-02	-1.7555468e-01	-1.1221987e-01	-2.6821285e-01	3.2302356e-01	3.0386615e-01	-2.1802540e-01	2.0855486e-01	-1.1395103e-01	-2.2230656e-01	-2.4549320e-01	-7.3259771e-02	5.5743046e-02	1.7039421e-01	4.2705855e-01	1.9498777e-01	-4.0231179e-02	1.0242795e-01	-1.1316511e-01	2.6109715e-03	3.5863444e-02	5.7537932e-02	-9.5044374e-01	-2.8660780e-01	2.9584843e-01	2.2027729e-01	-2.8276169e-01	-3.0559072e-01	2.7253041e-01	2.4237557e-01	-3.0100501e-01	2.6838440e-01	-2.3257972e-01	-1.2298270e-01	1.6973430e-01	-6.2054031e-02	4.1295859e-01	-1.4983970e-01	6.9656402e-02	2.8680581e-01	-3.4915612e-03	3.1174886e-01	-1.3568263e-01	1.8597446e-02	1.6203184e-02	-5.9434283e-01	-7.3281728e-02	-1.2286437e-01	-4.0158276e-02	-2.5078592e-01	2.4061905e-01	-1.6630606e-01	1.2518367e-01	-9.7236551e-02	6.1391085e-02	-4.2315546e-01	-6.8396084e-02	-1.3432674e-01	1.6067410e-01	-2.4985343e-02	2.4656127e-01	3.2149923e-01	-1.9903746e-01
-2.8018034e-01	-3.6945187e-02	1.8449003e-01	1.3434966e-01	-3.0103475e-01	7.2533026e-02	4.9784251e-02	-2.5652847e-01	-2.9326296e-01	2.0261511e-01	2.3250239e-01	2.5666958e-01	3.1191593e-02	3.4636539e-01	-4.7147043e-02	2.5232556e-01	8.1170285e-03	-6.1668273e-02	2.1404912e-01	-2.4006867e-01	2.2516660e-01	-1.6429812e-01	2.7989276e-02	6.4474478e-02	9.4226912e-02	-3.4182933e-01	-9.0236105e-02	-2.0544060e-01	-4.6585180e-02	-1.8471825e-01	2.5526342e-01	9.9711679e-02	-9.6456043e-02	2.4594221e-01	1.7524168e-01	1.8973908e-01	-1.4291064e-01	-1.6205782e-01	-1.4453204e-01	-1.1702144e-02	6.8389490e-02	1.2976673e-01	2.2055162e-01	1.0938708e-01	-4.9397862e-01	2.4356641e-01	-1.5174197e-01	9.3806095e-02	-1.0695459e-01	-2.2384654e-01	2.3285209e-01	-1.6301627e-01	-3.7598088e-01	-8.1596702e-02	2.1851683e-01	-2.8490534e-02	1.3980345e-01	-3.6444050e-01	-3.4746698e-01	1.9764176e-01	2.4275767e-02	8.6780183e-02	-1.0387245e-01	-6.6289194e-02	-5.8077765e-03	-6.9511257e-02	-1.8113786e-01	-1.8251795e-01	-6.4745076e-02	-1.9170091e-01	-2.5072476e-02	8.4367670e-02	6.9645338e-02	3.8003303e-02	-2.0473436e-01	1.9699901e-01	-2.8900251e-01	-2.8944108e-01	6.8228126e-02	2.8044906e-01	-1.3770992e-01	1.0148851e-01	-1.2680505e-01	-8.9402176e-02	-1.1520353e-01	-1.8491921e-01	-8.6627029e-02	8.7676965e-02	1.5507920e-01	1.4123054e-01	1.3366434e-01	-6.3763082e-02	-2.9538539e-01	1.3448110e-01	1.2288364e-01	1.4275205e-01	-2.8938523e-01	-1.3706063e-01	1.6806608e-01	4.8719663e-03	-2.0753992e-01	1.3311110e-01	-1.1488409e-01	-1.3434520e-01	1.0318807e-01	1.0132030e-01	3.9280999e-01	1.1395486e-01	-6.4228565e-01	-3.0283501e-02	-3.6774221e-01	-2.9303837e-01	2.5083554e-01	3.0999276e-01	-6.2383659e-02	3.2598361e-02	-2.2532571e-02	-1.8338741e-01	6.3965172e-02	-2.7359694e-01	-2.4233900e-01	1.9806093e-01	-1.6404955e-01	2.2530559e-01	-2.1563034e-01	2.8154063e-01	5.8701374e-02	-1.0102529e-01	4.8230521e-02	-2.8631324e-01	1.0736218e-01	1.2632716e-01	-2.1858439e-01	1.6099781e-01	-3.0116263e-01	-2.1207969e-01	-3.2093409e-01	1.7334528e-01	-2.4830522e-01	5.0816000e-02	-7.5747482e-02	-3.2484406e-01	-2.1699283e-03	-1.0816107e-02	-2.9454863e-01	1.0307258e-01	-2.2765981e-02	4.4759113e-02	1.9625326e-01	1.5019988e-01	1.7087030e-01	-2.8962907e-01	9.9958219e-03	-9.5024832e-02	1.0891398e-01	-2.1451661e-01	8.3484855e-03	2.0675835e-01	-1.6746224e-01	-3.4181112e-01	1.8734950e-01	-1.1655921e-02	-1.3843016e-01	-3.1892559e-03	-1.0887662e-01	-1.2033781e-01	2.7072024e-02	2.5524563e-01	6.8033755e-02	-6.8695426e-02	-3.1276041e-01	3.1684455e-01	-2.3547456e-01	3.2709617e-02	2.6994792e-01	1.3225383e-01	-1.7962049e-01	-1.4781997e-01	-2.0687723e-01	2.8560814e-01	-3.2890779e-01	2.6242476e-02	6.5801614e-03	-1.0400441e-01	-2.1698941e-01	-3.4283288e-02	1.7874208e-01	-1.8618891e-01	8.4263302e-02	-1.5418747e-02	-2.5031501e-01	6.5025948e-02	-3.9884698e-02	1.2450676e-01	-4.7128230e-02	-1.1983498e-01	-9.6607357e-03	1.0310959e-02	-2.6099935e-01	-8.1688389e-02	3.1338343e-01	-1.3264626e-01	-2.7177796e-01	-8.3766527e-02	2.1735533e-01	6.3849434e-02	1.7292292e-01	-2.2201064e-01	-1.6025594e-02	-6.2156951e-01	5.8081407e-02	-4.0842816e-01	-2.1595827e-01	-2.5729606e-01	-5.8499771e-01	1.5611285e-01	2.8123334e-01	-1.9191942e-01	2.9949319e-01	-4.6531528e-02	-6.4010270e-02	-1.3603009e-01	-5.6382570e-02	-5.4715008e-02	1.5537699e-01	4.7802158e-02	1.3017038e-01	-1.0702033e-01	5.8368794e-03	3.1695727e-01	-3.8245958e-01	1.5902965e-01	-1.2836874e-01	-8.2576768e-03	2.1782730e-02	1.2360346e-02	-1.7371233e-01	-7.8199595e-02	1.2063104e-01	5.5451281e-02	-5.1610582e-02	4.2572085e-02	-3.0699989e-01	-2.4156339e-01	4.4602200e-02	1.2316497e-01	1.0040846e-01	-4.1025612e-01	1.4161973e-01	2.5624859e-01	1.1276935e-01	2.6269034e-01	-2.0478494e-01	3.6023083e-01	-2.9614496e-01	-1.8368448e-01	-1.9228630e-01	-3.7846729e-01	1.4332113e-01	-1.1279775e-01	-3.0163670e-01	-3.8025892e-01	-6.2475760e-02	1.6386409e-01	2.8666312e-01	1.6287823e-01	-2.2461359e-01	1.1285122e-01	-1.1130524e-01	-2.2844443e-01	1.4023976e-01	-8.6967684e-02	3.1336188e-01	3.0515668e-01	-1.2752248e-01	-5.0405174e-02	-2.6560700e-01	-1.9826369e-01	-9.6714966e-02	-8.1808910e-02	2.5787830e-01	1.5755674e-01	-2.4098960e-01	-3.3495903e-02	-9.0016983e-02	-1.6953154e-01	2.8622612e-01	2.2000615e-01	2.6748484e-01	4.0154222e-02	-1.3060816e-01	-3.1432557e-01	-3.5055149e-02	-1.4462996e-01	2.7535486e-01	-4.4393975e-01	-1.5386714e-01	3.8576389e-03	1.3715261e-01	-1.1505022e-01	-1.4193077e-01	3.0262831e-01	1.9072175e-01	1.0134863e-01	-1.1347089e-01	-1.9964929e-01	-4.1401052e-01	-2.3309535e-01	-5.7772271e-02	-3.7329087e-01	2.6713106e-01	-2.0666499e-01	3.3549208e-02	8.5431665e-02	-2.8860128e-01	-1.8420877e-01	1.1201084e-01	4.8810327e-03	7.5701348e-02	-2.3918517e-02	-9.6947551e-02	2.8704712e-01	-3.6258042e-02	5.5572961e-02	1.5548885e-01	2.2693543e-02	1.6615789e-01	2.1660671e-01	-2.0855667e-02	1.7291471e-01	2.6672071e-01	-1.9396652e-01	-2.3328719e-01	1.6944896e-01	2.3713509e-02	8.9611612e-02	-1.0333496e-01	-2.4487710e-01	1.0260537e-01	1.1594146e-01	3.5851363e-02	1.8365468e-01	-6.1346986e-03	1.1765263e-01	6.3198581e-02	-1.2776627e-01	2.3485962e-01	1.6717178e-01	2.2912472e-02	-2.3470756e-01	-8.4216408e-02	1.2851529e-01	-2.8178969e-01	-6.1744511e-02	-1.6392069e-01	2.6469243e-01	4.5702931e-02	9.8569736e-02	-1.2643446e-01	-1.7450139e-01	-2.8368637e-01	1.7750458e-01	1.8183787e-01	-3.1158188e-01	-6.8269305e-02	4.6500441e-02	2.3892064e-01	4.2297819e-01	8.6297318e-02	1.4903040e-01	-1.6630454e-01	9.2944615e-03	-7.4629121e-02	3.1495780e-01	1.0194392e-01	2.7909482e-02	1.7488998e-01	2.3435892e-01	-2.6874501e-01	-2.6861739e-01	-3.6935964e-01	2.5919351e-01	2.3801769e-01	-7.8787573e-02	1.3107380e-01	-1.9119357e-01	-9.3091309e-02	7.5492285e-02	3.5255417e-01	3.9605150e-01	-5.8350831e-02	1.0457174e-01	1.8969652e-01	1.7963579e-01	-1.0079455e-01	3.4724167e-01	-3.6345941e-01	-3.5026442e-02	-7.7831529e-02	2.5511318e-01	-3.1059632e-01	5.3450650e-01	3.7525829e-02	2.9473397e-01	-2.6435778e-01	-2.5553301e-02	-1.4053559e-01	-4.4653621e-02	-5.0641572e-01	2.4685439e-01	-3.3927733e-01	-8.2522735e-02	-1.5896538e-01	-1.8558137e-01	3.0798770e-02	8.9100175e-02	-6.7706984e-03	-2.9329953e-01	-2.4621370e-01	2.5234887e-01	2.1209136e-01	5.8086768e-02	-2.4367096e-02	2.3971747e-01	8.3584458e-02	-1.8011130e-01	3.4161869e-02	-4.1807938e-02	6.5408483e-02	-9.7754866e-02	1.1438093e-02	1.1223090e-02	2.5911978e-01	-1.0645104e-01	1.9610960e-02	-1.9366927e-01	1.6154274e-02	-6.5470129e-02	2.6031139e-01	-2.8408471e-01	5.4830682e-02	-3.3152866e-01	-3.7197068e-03	2.5750130e-02	-1.3656610e-01	4.1355601e-01	2.1492353e-01	-2.4141231e-01	-2.6366192e-01	3.0429074e-01	2.4651203e-01	-6.8613612e-03	-1.2465674e-01	4.9208421e-01	2.6100701e-01	-5.2091118e-02	-2.3935241e-01	2.8029567e-01	-2.9746186e-02	-2.8522295e-01	5.1154339e-01	1.8005575e-01	1.0566682e-01	-1.2567768e-01	-1.9659171e-01	-3.1686500e-01	-6.5168649e-02	-1.0729070e-01	1.2962849e-01	1.4670461e-01	-1.7516638e-01	-1.7267765e-01	3.7867073e-02	1.7581145e-01	2.2874303e-01	-2.2109693e-01	-3.3512555e-02	5.0661083e-02	1.4345613e-01	-2.3145930e-01	2.9717663e-01	2.1587789e-01	2.5277618e-01	6.6326395e-02	-3.5490680e-01	-3.4803128e-01	-2.3996331e-01	1.7126164e-01	1.9279291e-01	-9.0318196e-02	-1.6925314e-01	-1.8006332e-03	-5.3531575e-01	-1.6027179e-01	2.3649019e-01	5.5822045e-01	2.5185364e-01	-8.1399697e-01	-3.4312080e-03	-1.2486898e-02	-8.8867672e-02	-1.8086571e-01	2.6575017e-01	-2.4229884e-01	-1.1048571e-01	-2.0868871e-01	-1.6486816e-01	1.7721993e-01	2.3271291e-01	-4.4170001e-01	2.3975481e-01	9.5286526e-02	-7.4398674e-02	1.9215800e-01	1.6333655e-01	-3.8673598e-01	1.6026649e-01	6.4460903e-01	2.6683915e-01	1.5917826e-01	-1.7984134e-01	7.0548445e-02	-1.8565190e-01	5.1375113e-02	3.4699701e-02	-1.8255132e-01	3.8255636e-02	-1.4618368e-01	1.7153786e-01	-2.0863795e-01	2.3005262e-01	-8.7486230e-02	2.0521009e-01	-1.7155265e-02	-1.9546878e-01	3.1053427e-01	4.6685361e-03	-6.7904875e-02	-2.3519665e-01	7.0619881e-03	7.7271111e-02	2.5203168e-02	-4.9049500e-02	6.8890274e-02	-2.9374015e-01	1.1120465e-01	1.3048679e-02	9.1915026e-02	1.2834562e-01	3.8710031e-01	2.7553733e-02	2.2304530e-01	1.4891289e-01	1.3721941e-01	-1.0639695e-01	-2.7063116e-01	-2.6539448e-01	-1.0375793e-01	1.2123913e-01	-1.3670771e-01	2.2986612e-01	-4.2150497e-02	1.2846878e-02	-3.4282842e-01	1.9182926e-01	3.9538184e-01	1.7536843e-02	-1.9986895e-01	-2.3820990e-01	-5.7130951e-02	1.3241673e-01	1.5709490e-02	-4.7585484e-01	-6.7911550e-02	3.7787279e-01	-2.7978117e-02	-6.6781640e-02	1.1549208e-01	-1.3953963e-01	6.5750010e-02	2.2222059e-02	-4.7266483e-01	-2.0902413e-01	-1.3453427e-01	2.0953231e-01	1.5012060e-01	1.1489480e-01	4.6680886e-01	-4.3190989e-01	-4.5468375e-02	-2.9014838e-01	7.5696029e-02	7.0809864e-02	5.5679476e-01	3.1220236e-01	3.1758645e-01	-9.1751933e-02	2.0831992e-01	-1.2744460e-01	1.8278332e-01	-2.0490150e-01	2.2354235e-01	-2.7149171e-02	-8.8097349e-02	-1.9280207e-01	-1.1930835e-01	1.6114308e-01	-3.3578329e-02	7.2312504e-02	5.4176394e-02	-1.1102462e-01	3.3911157e-01	-3.2569492e-01	-4.8368183e-01	2.2789314e-01	9.6701160e-02	-6.4900391e-02	1.6437384e-01	-5.6891393e-02	-2.5268155e-01	-1.2559702e-01	-2.0264697e-01	-2.5219065e-01	2.5791493e-01	7.7627927e-02	1.6438946e-02	2.2006483e-01	2.4769723e-01	-2.0130341e-01	-4.2499006e-01	1.5423954e-01	4.1064830e-03	-3.6270827e-01	1.2945186e-01	1.5427460e-02	-1.2110110e-01	7.5346507e-02	5.9439655e-02	-9.3603961e-02	-2.4275182e-01	-1.9922035e-02	-2.5178379e-01	-2.2473396e-01	-1.2244064e-01	-2.4819183e-01	-4.3928608e-01	-2.1453343e-01	-3.2766789e-02	7.5059891e-02	-1.2473159e-02	3.2512775e-01	-2.2151153e-01	-1.5717317e-01	-4.4652477e-02	-1.0265126e-01	-8.4179506e-02	-1.1187736e-01	1.4234804e-01	-2.4933500e-02	-1.6822910e-01	1.6689128e-01	1.4198130e-01	1.8200994e-01	-8.0339119e-02	-3.5268810e-02	2.3817396e-01	-1.7162058e-01	-9.0290219e-02	-2.3377579e-02	1.3931145e-01	-3.2520887e-01	3.1168766e-02	-1.9844916e-01	-7.5977638e-02	1.2702405e-01	8.4650055e-02	2.8843665e-01	3.5229277e-02	2.0381407e-01	1.3025141e-01	-8.1139252e-02	-1.4688793e-01	3.6320698e-02	-1.2629443e-01	2.8971049e-01	2.2095665e-01	2.6230437e-01	-3.4646514e-01	-3.1842834e-01	-2.5993553e-01	-1.2129413e-01	-2.3291205e-01	-1.4163241e-01	-1.9400617e-01	1.9269462e-01	-3.0429834e-01	-2.8189820e-01	3.1509858e-01	-2.1195109e-01	-9.7147509e-02	1.8461041e-01	-2.1056707e-01	-3.0130443e-01	-4.7972448e-02	2.6821949e-02	-9.6535087e-03	-2.7703720e-01	5.0145514e-02	1.1820985e-01	1.4129040e-01	-3.0305213e-01	2.6217958e-01	2.0154680e-01	1.2824973e-01	8.4546722e-02	2.8435029e-02	5.4905437e-02	-1.7976473e-01	2.7965806e-02	-2.4188527e-01	1.9639735e-01	-2.4226567e-01	-1.9512093e-01	1.5808292e-01	-4.0214416e-01	-7.4873932e-02	2.6026151e-01	4.3999154e-02	-9.8880932e-02	-3.6098114e-01	-5.1264610e-02	-1.5525495e-01	1.6876115e-01	-3.6273327e-01	-2.6418945e-01	-2.6361132e-01	2.0244496e-01	-1.4512460e-01	1.3464406e-01	-9.5784761e-02	-1.0783571e-01	-3.0272576e-01	-2.0449339e-01	-3.3405918e-01	-1.9608192e-01	6.0134508e-02	-1.4441615e-01	1.7507808e-01	7.3329911e-02	-6.8737194e-02	-2.9996211e-02	-1.0131432e-01	-1.1841021e-01	8.4173366e-02	-1.8559492e-01	2.8711367e-01	-5.7381392e-02	-2.9036671e-01	2.7886972e-01	8.2002312e-02	-1.8138999e-01	-2.1182860e-01	3.8433541e-02	1.2975842e-02	-1.8302704e-01	8.5788399e-02	-3.1275472e-01	-1.0381848e-01	1.5440984e-01	1.4570884e-01	-3.0301210e-01	1.9347838e-01	1.8529981e-01	1.7667007e-01	-1.3422176e-01	-8.2405120e-02	1.6878520e-01	1.6190523e-02	-2.1622542e-01	-7.9461010e-03	1.6351756e-01	-2.7189681e-02	-1.6055693e-01	-1.5483218e-01	-2.1227698e-01	-8.0292001e-02	1.6659705e-02	-1.4520121e-01	1.3408619e-01	-2.5606960e-01	7.1240455e-02	-3.6806121e-02	1.0032400e-01	-2.1783492e-01	-3.3359075e-01	6.9043070e-02	1.1725403e-01	4.6099033e-03	-1.6642274e-01	-2.4343248e-01	1.8485284e-01	-1.0784985e-01	-2.4987030e-01	-3.6325660e-02	2.5239336e-01	1.5088534e-01	-3.0311486e-01	-2.4101536e-03	2.3946288e-01	-1.5793814e-01	-1.4424576e-01	-9.2123471e-02	-1.3761359e-01	-3.2059975e-02	2.9463959e-01	1.0641060e-01	-1.3514134e-01	-3.1114933e-01	-9.8451808e-02	-2.3974812e-01	1.2565348e-01	-4.0288664e-02	1.4270388e-02	-5.3941719e-02	8.0237947e-02	2.1494789e-01	6.9625154e-02	-2.3946984e-01	-1.9802830e-01	2.2534220e-01	-4.5865603e-02	1.4838277e-01	8.3509557e-02	8.3267070e-02	-2.3994902e-01	-3.6813739e-01	-3.1772465e-01	2.5108200e-01	-7.5616524e-02	1.9945319e-01	1.2441131e-01	-1.1650193e-01	-2.2553594e-01	1.6032510e-01	3.9754966e-01	1.4594328e-01	-1.8440452e-01	-3.8583019e-01	2.3617141e-01	-5.8221735e-02	2.3441687e-01	-1.6471814e-01	1.7171167e-01	-4.0517423e-01	1.4513271e-01	-9.6176207e-02	-1.6557391e-01	1.1823527e-01	6.7120954e-02	6.1748624e-02	-3.8335896e-01	2.2199133e-02	-2.0633753e-02	1.2503092e-01	-2.4214207e-01	1.2654036e-01	1.5782741e-01	-9.0689056e-02	-3.2475370e-01	-4.8486959e-02	2.7780277e-01	-1.7690167e-01	-3.1367862e-01	-2.3543157e-01	-1.4947332e-01	5.9419196e-02	2.1760918e-01	-3.2026458e-01	-3.3838755e-01	-9.6878946e-02	2.3312466e-01	-3.8818501e-02	4.7807628e-01	2.9794383e-01	1.5290864e-01	-4.6877092e-01	1.6472835e-02	2.3840599e-01	-3.7459594e-01	-1.1201585e-01	1.3126385e-01	1.3923973e-02	4.4452548e-02	-3.7761655e-01	2.3345542e-01	-5.8867201e-02	7.1087189e-02	-1.4383662e-01	1.6330004e-02	2.8303608e-02	2.6143393e-01	-3.4849486e-01	1.7755438e-01	-1.6376254e-01	5.3786415e-01	-2.3338540e-01	-1.0443424e-01	1.3444786e-01	2.1726111e-01	1.2820534e-01	-4.5292336e-01	-2.7838576e-01	-3.9830124e-01	8.6822130e-02	-2.6679313e-01	1.1380106e-01	2.2811578e-01	-2.9700580e-01	-1.9645348e-01	2.7317899e-01	2.3570560e-01	1.0037059e-01	1.4780909e-01	1.4004070e-01	1.5267025e-01	4.7276780e-02	1.0995872e-01	1.8308693e-01	3.1809257e-03	-1.4286393e-01	4.9279124e-02	-1.3913617e-01	2.2886205e-01	2.2706397e-01	-9.5315678e-03	-2.5033125e-01	-2.1565388e-01	-3.0365551e-01	-1.7493570e-01	-5.5560429e-02	-3.8290821e-02	-4.4224149e-01	1.2110801e-01	-2.2018175e-01	-1.9333558e-01	-2.3940575e-01	-3.5877961e-01	2.0050065e-01	-6.6629440e-02	-2.9635230e-02	2.3066987e-01	-2.8163812e-03	-1.5039919e-01	1.5662469e-01	2.2716303e-01	2.7667227e-01	-7.4216686e-02	5.4596400e-01	7.3259138e-02	1.0918483e-01	1.4012936e-02	-3.8120645e-01	2.7044955e-01	-2.7720423e-02	-1.1615941e-04	1.3906650e-01	1.1944413e-01	5.1653024e-02	-2.1381915e-01	2.9208171e-01	2.2364669e-01	-1.9223617e-01	-3.5376899e-02	-2.4171346e-01	-1.7382208e-01	-1.3402151e-01	-4.5569371e-02	-1.6045849e-01	-1.5051831e-01	-2.2943920e-01	-2.4941958e-01	6.5912022e-03	9.0219051e-02	7.1563698e-02	-2.2892468e-01	1.3685828e-01	-2.0850204e-01	1.9043037e-01	-1.0935342e-01	-3.7150618e-02	1.5813857e-01	-5.6168973e-02	-3.2347721e-01	-8.6633205e-02	-6.9517851e-02	2.5501090e-01	1.9514596e-01	-2.3957388e-01	1.7888954e-01	1.2358560e-01	1.6632381e-01	2.5141975e-01	-3.0819145e-01	-1.7451862e-02	-1.1973697e-01	-1.7155370e-01	2.5645766e-01	1.5222189e-01	2.8533259e-02	2.5850892e-01	2.0144884e-01	1.1511163e-01	-8.1094064e-02	1.6304402e-01	-1.3997032e-02	-9.1331005e-03	6.0338858e-03	9.4327591e-02	-3.5960488e-02	-5.6176424e-02	-2.5388446e-01	1.7853032e-01	-1.2083435e-01	2.8761080e-01
-1.9938260e-01	1.4618883e-01	-3.4284112e-01	-3.1938303e-01	-2.6806277e-01	-1.1362891e-01	2.1864171e-01	-4.3787161e-01	-2.0567419e-01	1.3273361e-01	2.3250438e-01	-8.0579542e-02	2.4616800e-01	1.7599913e-01	1.6242631e-01	-1.9023515e-01	2.8677177e-01	3.3313546e-01	-2.3890738e-01	-4.7111973e-02	2.1074793e-01	-2.5443000e-01	5.6921791e-02	-2.1469945e-01	-3.2473329e-01	2.2580789e-01	-1.8001474e-01	1.2702498e-01	-5.6318971e-03	-1.4475565e-01	-6.1720695e-02	-5.2337866e-02	1.0903103e-01	2.4631770e-01	5.1135011e-02	-1.4555654e-01	1.3683908e-01	1.1209204e-01	-4.9440780e-01	1.5980311e-01	1.5456139e-01	-2.1456796e-01	9.3228005e-02	3.3224064e-01	2.1915001e-01	-1.3896315e-01	-5.4689176e-02	3.9818490e-01	-1.9072980e-01	-3.3766878e-01	3.3256921e-01	-2.3499807e-02	-3.0449033e-01	1.5725259e-02	3.4805257e-02	-5.6888439e-02	-1.4226241e-01	-2.6094439e-02	-1.3927987e-01	1.4173454e-01	-8.8965714e-02	-1.3254401e-01	8.5288361e-02	1.7763363e-02	-1.8248837e-01	6.9351785e-02	2.1175632e-01	-1.9421476e-01	-7.0290074e-02	-6.5128908e-02	3.0425206e-02	-8.7869689e-02	-1.2213103e-01	4.0000209e-01	-5.3300273e-01	-6.2177557e-01	2.1046107e-01	-1.2087599e-01	3.8506236e-02	-1.7132934e-02	-2.4556337e-01	-2.9423270e-01	8.7300070e-02	-2.7075475e-01	1.3506752e-01	-4.4585686e-02	2.3300317e-01	2.9977590e-02	-3.0424723e-01	-3.0353338e-01	-4.1904995e-01	-4.9988952e-02	-4.2324372e-02	3.4448892e-02	5.9423670e-02	-4.5172495e-01	-5.0801791e-02	1.7565534e-01	2.9795337e-01	-1.1148848e-01	-1.9620775e-01	-1.1164251e-02	1.0564361e-01	4.5258630e-02	4.4480938e-02	-4.5048665e-02	-6.0709532e-02	-4.5500346e-02	2.5415409e-01	2.4336986e-01	-2.5902483e-01	-2.5083718e-01	-2.3993853e-01	-3.0111626e-02	2.1667722e-01	3.5426107e-01	-1.0511697e-01	2.8784573e-01	-5.4173730e-02	1.0464369e-01	-2.2416086e-01	2.2921062e-01	-2.8639868e-01	-3.1010887e-01	2.2522075e-02	2.1055659e-02	-1.0984936e-01	1.5282629e-01	-2.2339572e-01	1.6698845e-01	1.6587296e-01	2.8203806e-01	1.1740745e-01	1.9370358e-01	-3.3104807e-01	-2.1962267e-01	-4.8082313e-01	-1.4248796e-01	1.6014837e-01	5.2424692e-02	-7.8272589e-02	8.1067188e-03	-1.4871377e-01	4.5175877e-01	1.4488259e-01	-2.4412796e-01	-3.1985223e-01	3.3304736e-01	-1.2802094e-02	3.7166256e-02	9.5271438e-02	5.5396065e-02	5.5126507e-02	2.8997341e-01	-9.3720853e-02	-4.3818793e-01	-8.6936265e-02	9.1794811e-02	-1.5859295e-01	1.5428507e-01	2.2665584e-01	-2.0271251e-01	-1.3534072e-01	2.5778660e-01	8.9921534e-02	1.6074251e-01	2.2928084e-01	-9.4058491e-02	-1.9230579e-01	2.5695184e-01	-7.1171005e-03	3.7939379e-01	4.5957968e-02	2.0584497e-01	-1.3143042e-01	-2.5764909e-01	-1.3205230e-01	-3.2923365e-01	2.5271004e-02	2.6286125e-01	2.2204410e-01	-2.3526919e-01	-6.1097797e-02	2.6730075e-01	-6.3279159e-02	1.6634674e-01	-2.1476240e-01	-5.2245896e-02	5.0670560e-02	-1.8995861e-02	-3.0828711e-01	2.3041785e-01	8.9156710e-02	1.2623394e-01	-3.9875153e-01	-1.2137081e-01	2.7510229e-02	-1.5315584e-02	3.2497376e-01	-1.2799340e-01	-3.6642763e-01	-2.5143820e-01	2.7749866e-01	2.9375076e-01	5.9481531e-02	-1.8690747e-01	2.8220430e-01	-2.6750687e-01	-3.8576690e-03	2.8962579e-01	2.5137642e-01	-1.9865938e-01	2.4977708e-01	3.3807199e-02	1.7894761e-01	2.5190684e-01	1.2245925e-01	-3.4869394e-01	1.4716248e-01	1.2958030e-02	8.0865333e-03	-1.3350517e-01	2.2628781e-01	-2.3958486e-01	-2.3628862e-01	8.2156517e-02	-4.2933974e-01	-1.3849530e-01	3.1585068e-01	-2.8357130e-01	2.2337033e-01	1.2500577e-01	-1.8792164e-01	1.8695737e-01	1.8287550e-01	1.6434011e-01	2.1081146e-02	2.1229307e-01	3.9440888e-01	-1.1927259e-01	4.5593998e-01	2.0370091e-01	-3.0138621e-01	-1.3536209e-01	-1.0774805e-01	-1.0665213e-01	-2.5596789e-01	2.5413039e-01	5.7427008e-03	-2.3041043e-01	1.0695778e-01	-2.2567110e-01	-1.6871823e-01	-5.9596038e-01	1.3934936e-01	-8.5359886e-02	-6.8813160e-02	-1.6339378e-01	6.6712365e-02	1.9915748e-01	-9.8025084e-02	3.2160419e-01	9.3290165e-02	-3.2286105e-01	-3.7772372e-02	2.5381741e-01	2.0348334e-01	2.2942191e-01	2.6310167e-01	-2.6332349e-01	1.3006614e-01	-1.5984979e-01	-6.8817683e-02	1.6824886e-01	-8.8333294e-02	2.2818828e-01	1.1144051e-01	-1.4072116e-01	-9.0599127e-02	2.2271273e-01	-1.5727518e-01	-1.0411612e-01	-3.0116001e-01	2.8597316e-02	1.9728623e-01	2.5691009e-01	-1.7677146e-01	-2.9845156e-02	1.5746562e-01	2.4135102e-01	2.3031114e-01	1.5194789e-01	-2.8231338e-01	1.4279610e-01	1.1533400e-01	6.6842906e-02	2.1485217e-01	-7.4325591e-02	2.8211442e-01	-1.8290992e-01	-3.4073874e-01	-1.3298355e-01	-7.8496598e-02	3.0048129e-01	-1.8210080e-02	2.9711163e-01	-1.0184620e-01	1.1415237e-01	-3.6843129e-02	-3.7658438e-02	1.9455601e-01	2.0364814e-01	3.0389649e-01	-2.8830770e-01	-2.2328547e-01	1.6303679e-01	1.1684860e-01	-9.6579529e-02	1.7606799e-01	-2.2864009e-01	-1.1327302e-01	-1.8790857e-01	1.3289493e-01	-1.5420890e-01	2.9242542e-01	3.2880914e-01	-3.8228878e-01	-9.0030961e-02	-7.9982653e-02	-1.7140383e-02	-1.9530927e-01	-2.5469208e-02	-2.5147235e-01	-1.1008705e-01	4.8191722e-02	3.8323441e-01	-2.8987187e-01	-7.4266493e-02	6.6262223e-02	2.0629266e-01	1.5026667e-02	8.9099556e-02	3.9739743e-02	-1.9527802e-01	-5.2360449e-02	2.0019093e-01	1.8796031e-01	8.3733879e-02	-4.7674757e-01	4.4254992e-02	-2.3962244e-02	1.9323398e-01	-4.1183569e-02	-2.1799380e-01	-3.4758076e-01	2.9265946e-01	1.1408022e-01	-5.1754022e-01	1.2896462e-01	1.9457570e-01	-1.7871648e-01	-1.2867840e-01	3.1438583e-01	1.8105291e-01	-1.5561949e-01	1.2421406e-01	2.3347616e-01	2.0180995e-02	3.2484275e-01	2.1202306e-01	3.5765237e-01	3.8730159e-02	1.7096393e-01	1.5122476e-01	1.3920437e-01	-8.7564856e-02	1.6579966e-01	-4.4888441e-02	-3.3108515e-01	2.1252634e-03	-1.0719801e-01	3.3348498e-01	-2.8640416e-01	-1.6269089e-01	-8.5182652e-02	6.8819284e-02	1.1560945e-02	-2.7661270e-01	5.5251811e-02	-3.5609148e-02	-1.6975018e-01	8.7561309e-02	4.1663754e-03	-2.0007198e-01	-2.7918395e-01	-1.8269435e-01	-1.1743157e-01	-2.0325501e-01	-8.3787605e-02	-2.9166213e-01	-1.9929075e-01	-2.6920754e-01	1.8979876e-01	-2.2149745e-01	2.5477669e-01	1.4933120e-01	1.8853185e-01	-1.6635658e-01	1.5930110e-01	-1.9651335e-01	2.0920010e-02	-1.8825591e-02	1.9574326e-01	1.5030972e-02	-4.2610087e-02	2.0095567e-01	7.7311575e-02	-1.1071188e-01	-1.3450979e-01	8.0434546e-02	-2.6395309e-01	5.9109680e-02	1.6861136e-01	1.7263384e-01	1.0876875e-01	6.1173309e-02	2.0698662e-01	1.6706470e-01	-2.0755340e-01	-3.3525151e-01	-2.1390948e-01	3.4708527e-01	2.6231307e-01	-1.3576563e-02	4.1355208e-02	-7.3245312e-03	2.1611502e-02	1.4500006e-01	-7.9753697e-02	-1.2855037e-01	1.7276490e-01	-6.7537531e-02	-1.7709689e-01	1.8302569e-01	6.5839604e-02	-2.1577662e-01	-1.0532571e-01	-8.5064434e-02	8.6134858e-02	1.5128361e-01	1.7102683e-01	-2.6910391e-01	2.4247270e-02	2.1424735e-01	-1.4753398e-01	-1.3884060e-01	-4.2503238e-01	-2.1377645e-01	-2.6332319e-02	-5.3341608e-02	3.0224529e-01	2.1832094e-01	-6.9997460e-02	-2.5662887e-01	-2.0817095e-02	6.1711524e-02	2.3710445e-01	-5.1505260e-02	-1.3649166e-01	-2.8364462e-01	2.6386651e-01	-4.2139325e-02	-2.0401444e-02	-1.5797426e-01	-1.6922154e-01	2.4388202e-01	2.4346389e-02	-5.5848800e-02	8.8613734e-02	1.2676658e-01	-1.9256181e-01	1.2237080e-01	-2.1820903e-01	-2.5864494e-01	-3.8825721e-02	2.1519703e-01	-1.8091534e-01	-4.1116661e-01	-2.1371759e-01	2.3875982e-01	1.7284325e-01	-1.4460506e-01	-3.5865743e-02	-5.2592653e-01	8.7049767e-02	1.7228429e-01	2.1476569e-03	1.1365561e-01	-8.9665972e-02	5.1388890e-01	7.7243730e-02	2.3096520e-02	-2.2071026e-01	8.5775867e-02	2.4156752e-01	6.2581338e-02	4.4249248e-02	-3.9718691e-01	2.1752860e-02	3.4436810e-01	5.8091797e-02	-3.9489016e-02	-1.3137578e-02	-2.4103111e-01	1.6230218e-01	-3.3447109e-02	-8.5008822e-02	-1.9839270e-01	2.1971822e-01	-1.1424737e-01	3.8856778e-02	-1.2710129e-01	3.2569158e-01	1.5998170e-01	-1.7418702e-01	-9.8394260e-02	-1.5669771e-01	-4.3138382e-03	-2.8137687e-01	1.4046924e-01	-4.2827001e-01	2.9713136e-01	3.3945256e-01	3.9868340e-02	1.5629900e-01	-2.2762577e-01	9.4854942e-04	-2.5773589e-02	8.3846506e-03	1.0698814e-01	-9.6976995e-02	-4.6744251e-01	-1.1404139e-01	-2.8268448e-01	-4.2584231e-01	-4.0080346e-02	-2.2484702e-01	-5.7613242e-02	4.4369150e-02	1.3382968e-01	-1.8451162e-01	-4.3821119e-02	2.4309254e-01	2.0373297e-01	-1.7290082e-02	-3.3789143e-01	2.0522998e-01	1.8013543e-01	1.2186329e-02	-1.4848652e-01	-2.9219005e-01	7.5624682e-02	-2.1419479e-02	-1.8172020e-01	1.3693948e-01	1.4468339e-01	6.0544774e-02	8.1691265e-02	3.9188631e-02	2.2960763e-01	-2.9428643e-01	3.5978198e-02	1.9558708e-01	-3.7797618e-01	2.3811418e-01	2.0403588e-01	2.1047765e-01	5.8327965e-02	2.3411891e-01	-6.1338756e-02	2.0426264e-02	2.9509038e-01	-5.4485865e-02	-2.4976841e-01	1.4344308e-01	-3.5922170e-02	-2.0332533e-01	-4.0420968e-02	-2.1475011e-01	-2.5672168e-01	-9.0228304e-02	1.1906567e-01	6.2249783e-02	5.6204606e-02	8.2671627e-02	1.8111622e-01	2.5829998e-01	-3.6559153e-01	2.6990199e-01	-2.7609521e-01	-2.0857792e-01	1.2954532e-01	-1.2221216e-01	-3.6000561e-02	2.1287580e-01	1.7029433e-01	-2.1669573e-01	2.7306175e-01	1.0242995e-01	-1.9314143e-01	1.8761984e-01	4.5391893e-01	-6.7500822e-02	-1.8110667e-01	-3.6275226e-01	-2.1529356e-01	-4.1498568e-02	-1.7865875e-01	-3.0309027e-01	2.5572792e-01	-3.0418894e-01	-3.7885327e-02	-9.2765138e-02	-2.9125575e-03	1.4686196e-01	1.3349575e-01	-9.6298739e-02	-2.1517916e-01	2.0081519e-01	-3.5408542e-01	-1.7416976e-01	-2.7832741e-01	8.1874453e-02	3.5728831e-02	-1.3379921e-01	-1.6685675e-01	1.2343804e-02	2.2167432e-01	-2.9644600e-01	2.5988892e-01	2.8910264e-01	9.0311930e-02	-7.3472418e-02	-3.5705981e-01	-1.0664207e-01	-1.2869868e-01	2.7145358e-02	-3.2424691e-04	4.1146755e-01	-1.4121798e-01	1.5941696e-01	2.7805896e-02	-1.9989069e-01	-1.8411237e-01	-2.8372324e-01	-2.2115768e-01	2.2959957e-01	-4.5443207e-01	3.5017151e-01	2.3486336e-01	1.9456397e-01	-3.2760624e-02	1.2690352e-01	-1.3182500e-01	1.1761538e-01	-2.3008446e-01	1.1805647e-01	1.6475756e-01	3.5239661e-01	-2.1569197e-01	2.9951058e-02	-7.4772254e-02	-6.6569932e-02	2.8425717e-01	-2.8483725e-01	-2.3865600e-01	-5.2463409e-02	-5.7978496e-02	-3.9400306e-01	3.5759453e-02	-7.8787133e-02	-3.6010087e-02	-2.1912771e-01	1.7182513e-01	2.6498359e-01	3.0196467e-01	-6.3815787e-02	1.8999422e-02	-1.5908712e-01	3.1607929e-01	2.6784515e-01	2.5247785e-01	-7.8072041e-02	1.8350165e-01	-3.0183473e-01	-7.5864732e-02	1.0386965e-01	1.2504910e-01	-1.0771140e-02	-2.7927417e-01	3.5818806e-01	2.3028976e-01	1.0915367e-01	-2.1560481e-02	1.1896896e-01	-1.1776843e-01	2.9502445e-01	6.5255687e-03	2.2475183e-01	-2.4859473e-01	7.0036173e-02	-1.9582373e-01	-3.9322904e-01	-2.5568023e-02	-4.9400499e-01	1.0207970e-01	2.8491703e-01	-3.5877335e-01	-6.3875270e-01	-3.6403039e-01	1.6998984e-01	-1.6560802e-01	1.9604658e-01	-2.8821772e-01	-2.1766579e-01	3.5320561e-02	-1.4983365e-01	1.8598846e-01	1.6437178e-02	-1.2335344e-01	-2.5214711e-01	-2.1086395e-01	1.4513361e-01	-5.6377627e-02	5.4842811e-02	1.4802320e-01	-4.1947898e-01	-1.4690258e-01	1.0165963e-01	9.6259773e-02	2.1450844e-01	6.5047227e-02	1.6603808e-01	1.9123872e-01	-3.8018116e-01	3.3230085e-02	-1.5224807e-02	4.6741661e-02	-4.6591914e-01	2.1922227e-02	-1.8496880e-01	5.5698320e-02	-3.5688007e-01	-9.9705525e-02	-2.2478123e-01	2.1026473e-01	3.1004792e-02	-5.3716589e-02	2.8455442e-01	2.6233014e-01	1.3174853e-01	3.3817893e-01	-1.0952214e-01	-1.8134471e-02	-3.4105784e-01	3.5451859e-01	1.6590229e-01	-3.1297874e-01	-1.2406015e-03	8.7666929e-02	-9.6897319e-02	4.1094303e-02	-1.9325092e-02	-3.3449955e-02	-6.0728703e-02	-3.0802107e-01	-2.0967203e-01	-2.9821467e-01	1.9597320e-01	-6.3015342e-02	-1.7452686e-01	-2.7119121e-01	2.4260497e-01	-3.2583665e-02	3.0618813e-02	-1.2819777e-01	1.9241732e-02	-7.2162181e-02	6.1442360e-02	-9.6925065e-02	-7.8398660e-02	1.2159634e-01	1.6733050e-01	1.2640513e-01	1.1370673e-01	-2.7951822e-01	2.0873421e-01	2.2910002e-01	-1.5606505e-01	-2.4629799e-01	-3.0326258e-02	-2.5661850e-01	6.5944336e-02	-2.4443612e-02	-5.7156350e-02	-2.5613618e-01	-1.6851822e-01	1.5735726e-01	-4.3223225e-02	2.3276502e-01	-2.0218040e-01	-7.4003123e-02	-6.0601115e-02	4.0976126e-02	-2.7520263e-01	1.8224950e-01	-1.2097506e-01	1.6426633e-01	2.8568333e-01	2.8835673e-02	1.8362744e-01	1.0200358e-01	-1.3273270e-01	1.5090093e-01	1.0121222e-01	2.2820017e-01	-3.6249012e-02	-6.6259697e-02	6.9322325e-02	-6.0783740e-02	1.6699393e-01	2.4168149e-01	1.8895268e-01	-1.8226363e-02	-2.1546124e-01	4.4591323e-02	-3.0030409e-01	7.5903445e-02	2.0203136e-01	-1.9354360e-01	-3.3327165e-01	-3.5149727e-02	1.5901418e-01	1.7173856e-01	6.1042305e-02	-1.4581670e-01	-5.1910495e-03	4.3407455e-02	1.2021904e-01	1.2063824e-01	1.2796436e-01	3.0460426e-01	-1.8115008e-01	-4.5525354e-01	-1.9371745e-01	1.8955618e-01	-1.0704757e-01	-4.5820782e-01	2.6769316e-01	4.7195980e-01	-1.2942503e-01	1.4608510e-01	1.6728379e-01	2.0927249e-01	5.4661784e-02	2.1236359e-01	-1.2609087e-01	1.8762124e-01	1.7707598e-01	2.5537333e-02	1.3679790e-01	-1.9970784e-01	1.5842113e-01	6.1237331e-02	-8.7806813e-02	3.2280204e-01	-2.0575604e-01	1.6305849e-02	1.3252211e-01	7.5282864e-02	2.2171658e-01	2.4199148e-01	-3.5223767e-02	-9.5072351e-02	1.8917455e-01	-1.7235501e-01	2.0361434e-01	-3.9454293e-02	-4.6642058e-02	1.6840386e-01	-1.5130280e-01	1.7240417e-01	2.4105859e-01	2.1459126e-01	1.7537244e-01	2.4052913e-01	2.4541137e-01	1.8903875e-01	2.3939419e-01	2.3252544e-01	-1.9375157e-01	-8.3785020e-02	-1.5210105e-01	2.1161458e-01	-6.5410189e-02	-7.8203725e-03	1.9619356e-01	1.0606363e-01	2.6013145e-01	-1.7922360e-01	-4.8841976e-02	4.5361962e-02	-4.0073879e-02	-6.5850817e-02	-2.4340613e-01	-1.2925364e-01	-1.7403552e-01	-1.8094392e-01	-1.7463146e-01	-8.0371201e-03	2.3473677e-01	-9.0087265e-02	-1.1029243e-01	-3.8600363e-02	-3.4430918e-01	1.7418568e-01	9.9546768e-02	-2.4471746e-01	2.3905762e-02	8.1637509e-02	-1.4716072e-01	2.1383767e-01	2.2022086e-01	-6.0363907e-01	6.2877357e-02	-4.5895734e-01	2.6158658e-03	1.5911999e-01	1.1394598e-01	2.6567823e-01	-3.8912514e-01	8.0917694e-02	1.0092789e-01	3.3671892e-01	2.3603085e-01	-1.6459997e-01	-1.3985375e-01	-1.1413450e-01	-1.8309748e-01	9.3712136e-02	2.6098245e-01	-1.4148086e-02	2.1299367e-01	-1.6909945e-01	3.4642476e-01	1.8583225e-01	-3.9575449e-01	-3.1513524e-01	2.1604091e-01	-2.3258723e-01	-2.5443920e-01	-2.5528073e-01	1.1398765e-01	-1.2004491e-01	9.2782132e-02	-3.2006648e-01	-1.7039008e-01	-9.0567149e-02	1.1567514e-02	2.5637501e-01	5.1060752e-03	-2.9079111e-02	7.8692533e-02	2.5320661e-01	4.1341281e-01	4.9663771e-02	-1.6416959e-01	2.9916617e-01	-1.7463227e-01	-2.4834946e-01	2.4647285e-01	-1.8002249e-02	2.1444324e-01	-1.9320390e-01	-1.5270960e-01	9.9004939e-02	1.5840726e-01	-1.1455859e-02	2.7922824e-01	-3.3789468e-01	-2.8067583e-01	-6.7552403e-02	1.0122805e-03	-7.6839648e-02	-2.0841135e-01	7.9408608e-04	6.9885932e-02	-2.5454405e-01	1.4704709e-01	1.8077582e-01	2.2343346e-01	-1.0119624e-01	-2.9626572e-01	-2.3324352e-02	3.7479296e-02	2.5298998e-01	3.2775852e-01	-4.1656563e-01	1.0839646e-01	1.2009927e-02	2.6115793e-01	-5.2564487e-02	2.8569710e-01	1.0583847e-01	1.7728999e-01	2.7084631e-01	2.6008078e-01	2.6706851e-01	-6.3462012e-02	4.0654901e-01	9.1963060e-02	-1.8723924e-01	3.1086110e-02	-2.2298609e-01
-4.0777993e-01	9.0691608e-01	3.2160383e-01	2.7836999e-01	-3.3919495e-01	2.5279728e-01	1.1001105e-01	-6.2182027e-01	-3.1095067e-01	2.3892725e-01	-3.0595893e-01	-2.5917837e-01	5.0313797e-02	4.5976222e-02	3.5874504e-01	-3.0834723e-01	2.6972052e-01	1.1311879e-01	-9.0106837e-02	3.7816447e-01	-3.6208537e-01	4.1736153e-01	5.0281096e-01	1.5214023e-01	2.9520008e-01	1.6687992e-01	2.5802955e-01	2.8256840e-01	-3.2252604e-01	2.4884669e-01	-1.3635135e-01	-2.4640791e-01
