9
input	11
dense	32
relu	0
dense	32
relu	0
dense	32
relu	0
dense	1
linear	0
7.999999979801942e-06
-4.5460463e-03	-6.7851273e-03	-4.4016860e-02	-2.0863060e-02	-8.8356853e-02	-1.4004566e-01	-1.3729220e-02	-9.9620037e-03	-5.4767620e-02	-6.9055095e-02	3.0804878e-02	-1.7031148e-01	3.6267385e-02	6.7357048e-03	1.6313249e-02	-3.4751426e-02	-7.2216153e-02	-2.1741850e-02	-7.1931526e-02	-3.1270154e-02	1.6937466e-02	-1.5636405e-01	3.6960628e-03	-9.2675135e-02	2.0003507e-02	1.0932049e-01	-1.1009902e-01	3.7101086e-02	-5.1679689e-02	7.6212641e-03	-1.8966474e-02	5.2956119e-03
2.9473649e-02	3.3723637e-02	2.1480534e-03	-8.3385361e-03	3.9665475e-03	-1.3355456e-02	2.9973560e-03	5.6422126e-02	2.9101204e-02	5.2709254e-03	-4.0272858e-02	-7.2510734e-02	-3.5800091e-03	-4.9683228e-02	-7.3586769e-02	-1.3897979e-02	-3.9049925e-04	7.6881409e-02	-3.1627439e-02	2.0170448e-02	1.5237852e-02	-4.8504230e-02	3.0577082e-02	-7.6687850e-02	-1.4494109e-03	-5.6306075e-02	-6.4289726e-02	-4.4283293e-02	-5.8937509e-02	-2.9792527e-02	3.7455624e-03	-3.4205470e-02
3.2005426e-02	2.0042318e-03	-5.7095952e-02	1.3032251e-03	-5.9687845e-02	-1.7190205e-02	-4.9283956e-03	4.8855585e-03	-2.4559733e-02	-2.1583382e-02	-6.2616251e-02	-1.6324433e-02	-1.8378561e-02	-4.1312229e-02	-7.3801547e-02	-3.2047659e-02	-5.6281794e-02	-2.6760399e-02	-6.2824063e-02	-1.7544197e-02	-4.5341104e-02	1.5739609e-02	1.0490950e-02	-5.3111248e-02	-7.6889955e-03	-1.5477120e-02	-9.3425522e-03	-2.9938787e-02	-8.0303185e-02	-3.0041829e-02	-5.7805832e-03	-7.6236404e-03
1.4333812e-02
1.7438816e-01	9.0772562e-02	2.0815794e-01	-2.9870480e-01	-3.0050981e-01	-1.6535732e-01	-1.7500807e-02	-7.5939022e-02	1.1028093e-01	5.8350790e-01	-3.8286167e-01	1.4454627e-01	6.6563122e-02	5.0087762e-03	-8.5038543e-03	2.8380927e-01	1.0726818e-01	-8.7183513e-02	-2.3696549e-01	-1.3041499e-01	4.8877966e-01	2.3265064e-02	-3.7172231e-01	3.6294660e-01	-2.7285266e-01	2.8644115e-01	1.6756707e-01	1.4483167e-02	3.7796801e-01	5.1617378e-01	6.3225096e-03	-1.3168889e-01	1.0096680e-02	2.2564803e-01	2.5256065e-01	5.4542884e-02	-8.2530014e-02	1.5199573e-01	4.4315793e-03	4.0594229e-01	2.6816615e-01	-1.2191924e-01	-6.9218598e-02	2.4210706e-02	-3.9836815e-01	1.7631608e-01	-4.1900255e-02	1.6016266e-01	1.2738098e-01	1.0190593e-01	-3.3770019e-01	-3.7613088e-01	-5.3816777e-02	2.0403820e-01	2.9911458e-01	-3.0793145e-01	-3.4200141e-01	-1.6434976e-01	-2.1737780e-01	1.3542297e-01	-3.7470482e-02	-6.7722566e-02	1.9950967e-01	-5.7652142e-02	3.8952166e-01	4.0010723e-01	-4.0045789e-01	1.9090500e-01	-3.4530610e-01	1.1214975e-01	5.0286508e-01	4.8142664e-02	1.4807372e-01	-7.3478550e-02	1.0639583e-01	-7.6843739e-01	-3.2796219e-01	-9.0998843e-02	-6.2431876e-02	-2.3386438e-01	4.2394826e-01	-6.0239267e-02	3.2727245e-02	2.6657611e-01	-1.9633505e-01	2.2559023e-02	-1.5259285e-03	7.0653337e-01	-2.5298417e-01	2.4075478e-01	2.5975269e-01	1.0374917e-01	3.0711982e-01	1.7869750e-01	-2.1702790e-01	-1.2799321e-01	1.2970592e-01	2.6372281e-01	3.3178067e-01	-3.0710998e-01	5.6066126e-02	2.0324151e-01	8.5254870e-02	-2.4773386e-01	1.0013197e-01	1.2629186e-02	3.5074499e-01	2.1931866e-01	-3.3996344e-01	1.6955975e-03	2.2449189e-01	8.1941430e-03	-2.1921286e-01	3.6443055e-01	-3.7209755e-01	2.5020492e-01	-6.0247991e-02	-2.2816701e-01	-2.1068105e-02	-1.1663773e+00	3.1642208e-01	-2.1893425e-01	-4.2811343e-01	-7.3860057e-02	2.8142202e-01	-3.6597285e-01	-2.2629651e-01	-3.8580103e-03	-1.2961987e-01	1.4171302e-01	1.9958879e-01	-1.4591978e-01	3.2515615e-02	4.7543310e-02	1.5104220e-02	-1.2373046e-01	-2.8149334e-01	3.9483279e-01	2.1226807e-01	2.0025237e-01	-8.4049113e-02	6.1507964e-01	-5.0814182e-01	-3.0215389e-01	-1.0846697e-01	2.7699953e-02	4.6378057e-03	-4.8640668e-02	-9.7617626e-02	-2.6849306e-01	3.2731742e-01	2.1258982e-01	-5.7248473e-01	-1.8282309e-01	1.5405256e-01	-1.7491040e-01	-1.7626156e-01	-1.2829997e-01	9.9117294e-02	-8.4405817e-02	1.2438652e-01	8.6807899e-02	-4.2933796e-02	2.1705709e-01	-6.2150031e-01	-2.8872845e-01	2.4499440e-01	-2.4811360e-01	3.3568156e-01	3.3817783e-01	3.3346561e-01	4.0765566e-01	-3.1281063e-01	6.3698115e-03	8.7157047e-01	-2.1744807e-01	-3.5408726e-01	-3.2210305e-01	-4.2441943e-01	2.3935242e-01	-1.5444791e-01	-3.0631498e-01	-4.2539679e-02	9.2070118e-02	-3.7344206e-02	2.0431368e-02	2.6420948e-01	1.3045757e-01	-3.6705874e-02	-2.7098730e-01	-1.5869591e-01	6.8255946e-02	-2.3819825e-01	2.8792775e-01	-1.7716786e-02	2.0021468e-01	4.8339528e-01	1.6981886e-01	3.0636421e-01	-5.8495175e-02	2.5043401e-01	-4.0498370e-01	-5.6038368e-01	-6.0772136e-02	-7.9820782e-02	2.3653273e-01	-2.4940966e-01	-1.6261178e-01	-3.4611273e-01	-1.1801214e-01	6.3788392e-02	-2.0902671e-01	2.5121376e-01	3.3369300e-01	6.5553963e-02	-1.9701481e-01	-4.6474025e-02	4.4635009e-02	-4.7473735e-01	-7.7135170e-01	-3.1224090e-01	5.6452479e-02	1.5106916e-01	3.4957427e-01	-3.7951287e-02	-2.2073126e-01	1.5708791e-01	2.0129178e-01	-1.3433081e-01	-3.3830425e-01	-4.3587062e-01	-2.0863011e-01	-4.6023431e-01	-2.7557921e-01	1.1362670e-01	1.0110072e-02	2.2955313e-02	2.6860109e-01	-2.2065049e-01	4.6879079e-02	-1.1195457e-01	2.7400762e-01	3.4945980e-01	8.6983092e-02	-2.3783360e-01	1.6482511e-01	-2.8442860e-01	5.1021546e-01	3.6697173e-01	-1.0434611e-01	3.8790241e-02	-3.0831826e-01	-3.2655880e-01	1.2580259e-01	-4.1592464e-02	-3.0430636e-01	1.6371557e-01	-4.6947816e-01	2.9789257e-01	5.6489479e-02	2.3046513e-01	5.1457450e-02	5.8402580e-01	1.1180277e-01	-3.7298149e-01	-3.2759097e-01	-1.2193634e-02	4.8639750e-01	3.8069680e-02	1.9410025e-01	-7.1684197e-03	1.7470770e-01	-7.5971268e-02	4.1713494e-01	3.2371932e-01	-4.0273267e-01	-4.5986906e-01	2.4193656e-01	3.8920695e-01	1.1445488e-01	-2.9019561e-01	2.8658012e-01	-1.3221286e-01	4.7132075e-02	-6.3734782e-01	2.6054454e-01	1.2182190e-01	-1.1944142e-02	1.9119357e-01	5.9479799e-02	-4.1216311e-01	5.4062918e-02	1.9987430e-01	-2.5801075e-01	2.1758077e-01	-3.9487597e-01	-2.7928503e-02	4.5756081e-01	-1.4657980e-01	1.1700807e-02	-3.2491699e-01	-3.7349442e-03	2.6385328e-02	1.8139575e-02	3.1206859e-02	1.8356514e-01	3.8517070e-01	7.8570515e-02	-3.7520301e-01	2.0518115e-01	-3.0714896e-01	-3.6386553e-02	-4.0192628e-01	5.9190605e-02	1.8260385e-01	2.0224014e-02	-1.4526909e-02	-2.8088385e-01	2.3716131e-01	-2.1547928e-02	-1.2878488e-01	2.4012690e-02	-1.7471114e-01	3.2467350e-01	2.4394958e-01	-1.8231606e-01	-3.1665492e-01	-3.0368142e-02	5.2881676e-01	-3.8047376e-01	3.7361425e-01	1.5368436e-01	2.6348808e-01	-1.7522374e-01	9.4673797e-02	3.4163830e-01	-2.0491782e-01	4.0821448e-02	-1.1311536e-01	3.3770344e-01	1.9476852e-01	5.9401995e-01	1.1118744e-02	-2.5341180e-01	-3.9569157e-01	-1.1200149e-01	3.9250392e-01	-1.7080264e-01	-3.3939704e-01	-4.8346382e-02	2.4233634e-02	3.0388173e-01
8.4716193e-03	1.2517034e-01	-4.2692176e-01	-2.3947608e-01	-2.6051417e-01	3.7489429e-01	-1.2620577e-01	-6.7675523e-02	-2.0866336e-01	-1.9804327e-01	-1.4916416e-01	-4.8756745e-01	-2.5299647e-01	-6.1570037e-02	-1.6951868e-01	8.2226686e-02	8.5880533e-02	-1.4481126e-01	3.5114978e-02	9.8287195e-02	-1.2778717e-01	-6.8547535e-01	-2.0966946e-01	9.1918940e-03	1.1765080e-01	-1.5932029e-01	9.8592445e-02	2.3883243e-01	2.6594639e-01	2.4621440e-01	1.2865765e-01	4.9971793e-02	-2.0237787e-01	-2.8452075e-01	-1.5921947e-01	6.2821053e-02	4.2080557e-01	1.5425843e-01	-4.0791869e-01	-2.9323313e-01	9.1687895e-02	7.5608492e-02	-4.4818172e-01	-6.2427425e-01	-3.4051639e-01	-8.3168253e-02	-1.6102406e-01	-1.5337656e-01	1.0968844e-01	-5.4098856e-02	2.5118244e-01	-9.0031132e-02	8.5987553e-02	1.0186037e-01	-3.2083172e-01	-5.5153656e-01	1.0763927e-01	2.8220585e-01	1.1632641e-01	-1.8826009e-01	-6.2594265e-02	-2.5665435e-01	-8.3428668e-03	-5.9601879e-01	2.6911423e-01	-6.8341456e-02	-1.6152139e-01	1.1316680e-02	-1.0976455e-01	-1.6726488e-01	-2.0800623e-01	-2.0227982e-02	-7.7538355e-03	-8.7399893e-02	2.2702573e-01	2.5132900e-01	2.7975425e-01	-2.0704207e-01	3.8410226e-01	2.2119038e-02	-3.0776671e-01	2.3333381e-01	-1.7217773e-01	-1.6695315e-01	-1.4039998e-01	-4.8917882e-02	9.2102520e-02	-3.4813780e-02	4.3718331e-02	-6.9658208e-01	-1.6787462e-01	3.7698632e-01	5.0380036e-02	2.2181214e-01	2.5838101e-01	4.3370289e-01	-8.0844648e-02	-3.3467075e-01	-2.9600409e-01	-3.1765467e-01	1.1438756e-01	-4.9218240e-01	-1.3759308e-01	6.9856048e-02	-1.1188830e-01	-2.8757736e-01	1.8218979e-01	-4.6699073e-02	-1.5069659e-01	3.1325251e-01	-6.8992823e-03	-3.1104768e-03	1.3456407e-01	-4.8584916e-02	-1.1812770e-01	-4.0325719e-01	1.8610348e-01	2.1402183e-01	1.1579258e-01	-1.5179814e-01	-2.3467717e-01	2.7850080e-02	4.5640796e-02	1.7551379e-01	-2.7784804e-01	-1.1428060e-01	-2.9643789e-01	-2.3751415e-01	6.2546797e-02	-2.7557218e-01	-4.4206711e-03	-2.9238290e-01	-7.6088168e-02	1.9764850e-01	-2.6208344e-01	-1.3593577e-01	1.7993851e-01	2.2110565e-01	-1.6309296e-01	5.0742400e-01	1.3525589e-01	1.6512866e-01	-6.5936483e-02	-7.7157892e-02	1.2556578e-01	8.7765172e-02	5.2680540e-01	-2.1743421e-01	-1.1918980e-01	4.2491600e-01	3.9636570e-01	2.7111086e-01	-2.8149423e-01	-3.8479868e-01	1.1430231e-01	1.8633899e-01	2.1698098e-01	2.5921695e-02	-2.6558271e-01	1.1819049e-01	4.5441810e-02	2.5900140e-01	3.2681981e-01	1.0282005e-01	2.1996835e-01	-3.9705984e-02	3.9478910e-01	-4.7883695e-01	-1.9486766e-01	8.6630158e-02	-2.2890319e-01	2.6572129e-01	1.3032383e-01	1.5204526e-01	-1.0936356e-01	1.6116822e-01	-2.5426149e-01	1.6175152e-01	1.2734719e-01	-1.5901750e-01	4.0439293e-01	-2.5000039e-01	-1.6162883e-01	-2.4095522e-01	1.8322273e-01	2.0729420e-01	-2.6286134e-01	5.5024321e-03	-2.8825825e-02	2.3406389e-01	-3.5138834e-01	-5.4087418e-01	4.2935476e-01	9.4387740e-02	2.0122193e-02	-2.8863111e-01	-9.1217600e-02	1.8101750e-01	8.5957758e-02	-5.2898258e-01	-7.3524334e-02	2.0994543e-01	-7.2702712e-01	-2.0631750e-01	1.5769961e-01	-2.1894102e-01	-4.3366976e-02	3.5176456e-01	-3.1106311e-01	-1.0753816e-02	3.0591798e-01	3.1257793e-01	-4.8162475e-02	-6.0284746e-01	2.0643752e-02	2.5542665e-01	-1.8983029e-01	-9.2547588e-02	-4.1443348e-01	-6.9273338e-02	8.1792735e-02	3.3801818e-01	1.6338655e-01	2.0038967e-01	2.4604341e-01	1.1979204e-01	5.8981697e-03	-5.9060776e-03	2.9284337e-01	-3.7451291e-01	-1.4060201e-01	-2.9245377e-01	1.2279697e-01	-2.4241911e-01	-2.2303483e-01	6.1904468e-02	-3.8380477e-01	1.2545650e-01	5.2188374e-02	-4.2157674e-01	2.2575063e-01	1.3239647e-01	-1.4961457e-01	-8.6670868e-02	-3.4737200e-01	-1.6127025e-01	-2.6832464e-01	-5.4813538e-02	-4.2700687e-01	-3.6831453e-01	-1.5744029e-01	1.5920703e-01	-1.6985329e-02	1.4017108e-01	-1.6447979e-01	1.4059304e-02	-3.2011750e-01	2.1225215e-01	5.9548177e-02	-3.9645419e-02	-8.8796817e-02	-1.5567970e-01	1.8096916e-01	-4.8597190e-01	1.0640258e-01	2.9094177e-01	-6.2916225e-01	-4.8187017e-02	1.5755393e-02	1.0217108e-01	-2.4067549e-01	6.6980280e-02	2.6523775e-01	-6.3547254e-02	-8.4068492e-02	-2.3788528e-01	-1.7659034e-01	-3.0589435e-02	-3.9867589e-01	1.3455296e-01	-9.8793738e-02	-1.0393825e-01	-3.0634329e-02	2.7830639e-01	-2.0115247e-01	4.0573442e-01	1.9285753e-01	2.5839427e-01	-7.1292259e-02	1.5597826e-01	5.0029784e-02	-2.7330813e-01	1.9937684e-01	-3.4410661e-01	-5.4239132e-02	1.1227016e-01	-7.7324741e-02	-3.2750618e-01	4.1990596e-01	-6.4774998e-02	8.0212533e-02	-5.4712754e-01	-1.1931710e-01	-2.8508916e-01	7.8363828e-02	1.2695926e-01	-3.5812128e-01	-9.3784891e-02	1.1657541e-01	1.0393183e-01	-7.9863411e-01	1.4092477e-01	3.3857808e-01	3.9223906e-01	-1.9000907e-01	-3.1653079e-01	1.2016657e-01	3.0790624e-01	3.4755178e-02	-2.6666906e-01	1.7131898e-01	2.3988840e-01	-1.7787561e-01	-1.6059710e-01	-1.0662968e-01	1.4286323e-02	-2.5873929e-01	-2.4818704e-01	1.0009496e-01	-2.0454280e-01	-1.5196402e-01	-5.6440052e-02	2.0762323e-01	-1.7360106e-01	2.0717543e-01	1.1303046e-01	-3.4911314e-01	-2.9186292e-02	1.6675673e-01	-4.3059867e-02	-1.5048268e-01	-3.0146748e-01	2.1365120e-01	2.8999910e-01	-1.7306983e-01	-4.5343798e-01	1.4337751e-01	2.3062356e-01	-1.4721122e-01	-1.9149266e-01	2.8449959e-01	-1.4473249e-01	-1.7843442e-01	-9.6327797e-02	-9.8153561e-02	-7.8205310e-02	-4.5458980e-02	-5.3146143e-02	-3.2778120e-01	2.2764456e-01	-4.3333746e-02	-7.6587513e-02	3.2460189e-01	4.3572456e-01	-1.4175280e-02	1.7238536e-01	1.6055606e-02	1.6730058e-01	2.4658161e-01	1.5943164e-01	9.2911929e-02	3.9424640e-01	-1.2765230e-01	5.5298507e-01	-3.3120602e-02	1.4688888e-01	-3.6247052e-02	2.6174805e-01	-3.1079814e-01	-1.7956440e-01	-1.8460888e-01	2.7616268e-01	-2.7300540e-01	2.8762858e-02	1.7962526e-01	1.0491347e-01	-1.0677800e-01	1.8827833e-01	5.3753350e-02	-2.8356665e-01	-2.8660375e-01	1.2138424e-01	-1.6892254e-01	-4.7274545e-01	3.2091662e-01	-1.2689902e-01	-1.4782721e-01	1.4337474e-01	-4.6356750e-01	-3.3777675e-01	1.8175443e-01	-2.6120800e-01	-2.6272666e-01	-1.5563536e-01	1.9008620e-01	-2.8272226e-01	1.2113598e-01	-3.3933833e-01	-1.5635966e-01	-2.0035023e-02	4.4667333e-02	-2.0480592e-02	-8.5239148e-01	1.5468593e-01	1.4505947e-01	1.0267319e-01	-1.9267063e-01	-2.3199789e-02	1.1644548e-01	1.7974950e-01	1.7743023e-01	2.2125605e-01	-1.1706416e-02	2.6869419e-01	5.0744038e-02	2.0314233e-01	8.1833661e-01	3.2202369e-01	2.0733647e-01	1.9896798e-01	-1.0632668e-01	-8.3976731e-02	3.3522260e-01	-9.1933131e-02	2.1752474e-01	1.0634883e-01	1.3334541e-01	5.6499296e-01	-1.2588733e-01	4.2797793e-02	1.2983091e-01	1.5161669e-01	8.6346745e-02	3.8286871e-03	1.5001233e-01	-1.4769838e-02	-2.0438197e-01	-3.8459378e-01	-2.3502374e-01	-2.6373896e-01	1.5692867e-01	-8.2862146e-02	-9.2852727e-02	-5.4423008e-02	8.8565953e-02	2.7418265e-02	1.8517688e-01	1.1640830e-01	3.1674567e-01	-1.1573950e-01	1.6935730e-01	-3.2040814e-01	-1.7146300e-01	-8.6327866e-02	-3.2759303e-01	-1.7163062e-01	2.8796262e-01	3.6893308e-02	2.1428776e-01	-1.0058600e-01	1.4382979e-01	1.7688489e-01	3.8058434e-03	-3.4356958e-01	3.0025876e-01	-2.1932751e-01	-2.0554791e-01	9.2502944e-02	-8.3112948e-02	-5.2879550e-02	1.6075145e-01	-1.2670356e-03	-2.6839024e-01	-1.5249442e-01	3.8486856e-01	7.4203297e-02	-4.6197221e-01	-2.4517410e-01	2.7072164e-01	-9.7714186e-02	2.2373398e-01	5.1469016e-01	-2.4525818e-01	2.9432680e-02	1.1932246e-03	-4.5338425e-01	3.7257600e-01	-3.0289170e-01	1.3711850e-01	-2.3041464e-01	-2.0572835e-01	1.3642307e-01	-7.7970043e-02	-4.1294709e-01	-1.9824848e-01	3.5679735e-02	-9.5994636e-02	1.5245944e-01	-2.5196081e-01	2.5197470e-01	-1.0595688e-01	-5.3655248e-02	-3.5416100e-02	-1.7746764e-01	-3.4570101e-01	-1.4347215e-01	-5.4802231e-02	3.1055089e-02	-1.2321074e-01	-1.6513446e-01	-2.5026488e-01	-1.4930850e-01	1.9647975e-01	-2.7735448e-01	2.9022263e-02	-2.8574619e-01	3.2625037e-01	1.7282651e-01	-3.1951627e-01	-2.8450531e-01	-1.3657834e-02	3.6004350e-01	1.6683783e-01	3.2521161e-01	3.0058327e-01	-3.9059840e-02	5.4824814e-02	-3.1801867e-01	1.9857833e-01	1.1422080e-01	-1.7769575e-02	1.5033506e-01	1.0169122e-01	-5.5368626e-01	-2.8260827e-01	5.9041582e-02	2.4430867e-01	1.1548717e-01	3.1249825e-02	1.5235117e-01	-1.5201551e-01	3.4480473e-01	1.4773881e-01	-1.6274853e-01	-1.2956630e-01	1.0278440e-01	2.2138056e-01	-1.2118464e-01	-8.5037164e-02	-5.7364756e-01	-3.9771226e-01	1.3947062e-01	-4.7214469e-01	3.8784541e-02	-1.4202970e-01	1.1960346e-01	-1.6940156e-01	-3.2026184e-01	-7.9399891e-02	-1.6967978e-01	2.2721773e-01	-2.8408661e-03	-3.4967586e-01	-2.0560431e-01	-2.3649602e-01	3.8915461e-01	1.8119165e-01	-2.8327227e-01	2.0204346e-01	-3.0666438e-01	-1.6073903e-01	-2.6586726e-01	-1.1546472e-01	-4.9754784e-02	-9.7495750e-02	1.5636672e-01	-7.0229150e-02	1.9223201e-01	-8.5392833e-02	-1.0986162e-01	-1.4881817e-01	-2.2063491e-01	6.8244608e-03	7.8721642e-03	1.8417181e-01	-1.1222556e-01	-1.5936807e-01	6.1967712e-02	3.9667875e-02	1.6568755e-01	-2.6497188e-01	-2.6332396e-01	1.9479616e-01	-4.2801078e-02	1.5471844e-01	1.3190217e-01	1.6594449e-02	-1.4417765e-01	1.2184635e-01	-8.9599669e-02	-1.5433069e-01	-9.9555552e-02	2.2335745e-01	3.1963724e-01	3.0147210e-01	-1.1199103e-01	3.1113839e-01	-2.8673002e-01	-5.9229326e-01	-7.0701107e-02	-4.0454924e-01	-1.8004416e-01	-1.5497701e-02	-2.4953838e-01	1.9568996e-01	1.9095762e-01	5.1984027e-02	6.1460149e-02	-1.1280343e-01	-1.8430005e-01	2.6583263e-01	-3.5930207e-01	1.7501576e-01	3.1506234e-01	2.0013550e-01	-2.0349941e-01	7.3908471e-02	-3.7514865e-01	-2.4036892e-01	7.1109146e-02	-1.5783474e-01	-1.8562900e-01	1.3173366e-01	-1.6814020e-01	-4.3897030e-01	-1.2488468e-01	2.8162310e-01	3.1617559e-02	-1.2946217e-01	-2.6923916e-01	6.4019710e-01	-3.0642587e-01	-1.7491435e-01	1.5204714e-01	-5.1616196e-02	-4.2691800e-01	-1.7512874e-01	-2.4984990e-01	-4.9205017e-01	2.6616880e-01	4.0865859e-01	5.5029057e-02	1.8145598e-01	-3.5557359e-01	3.2966793e-01	1.5744618e-01	6.6595577e-02	-5.5271316e-02	-1.2614682e-01	8.3839381e-03	1.6881697e-01	1.3630570e-01	6.5917909e-02	-2.3071983e-01	-3.1101200e-01	2.5991136e-01	1.0653282e-01	8.5016847e-02	1.2868746e-02	-1.3296394e-01	1.5992506e-01	2.8168861e-02	3.4941727e-01	8.9458585e-02	2.9340634e-02	8.6913548e-02	2.1371008e-01	3.0070728e-02	3.4200323e-01	-4.0117253e-02	1.8475974e-01	-2.0606266e-01	-1.9825377e-01	3.7971467e-01	3.1628063e-01	-1.0979004e-01	-1.3293464e-01	-2.9400733e-01	9.1188103e-02	-1.3235678e-01	8.0432706e-02	1.3022053e-01	-1.5523754e-01	-3.4246501e-01	-2.4330007e-02	1.3572294e-01	5.1718965e-02	-5.7311293e-02	2.4942796e-01	1.3772623e-02	-1.0832697e-01	9.9356942e-02	2.6529151e-01	1.1591125e-01	-5.2719051e-01	-2.1174239e-01	2.0795047e-01	-4.1188274e-02	2.2499898e-02	3.2317790e-01	5.8946632e-02	1.4225300e-01	2.6549461e-01	1.1432513e-01	1.2560028e-01	-4.2568195e-01	2.6053482e-01	-1.5628624e-01	-8.7815914e-03	-4.0415162e-01	1.4728620e-02	2.5533092e-01	-2.0645164e-01	1.7877094e-01	-1.6776069e-01	2.8111750e-01	1.9875948e-01	1.3004635e-01	-4.1982186e-01	7.8653768e-02	-2.9276587e-02	-8.3336327e-03	7.4907787e-02	-1.9857836e-01	6.8271108e-02	-5.0647020e-02	-4.1722438e-01	2.1426268e-01	-3.3144474e-01	-3.4180266e-01	-3.1818707e-02	3.1507429e-01	5.1427212e-02	7.5578064e-02	-7.4283749e-02	1.2442080e-02	9.3214400e-02	3.2376327e-02	-1.5051049e-01	-1.1463166e-01	4.8003405e-02	-5.0832915e-01	-2.8316709e-01	3.0869833e-01	-2.4806213e-02	1.1522426e-01	1.6852668e-01	-1.4228533e-01	3.1744224e-01	-2.5900197e-01	-3.5058865e-01	1.7139480e-01	-3.4666702e-01	6.1666898e-02	9.5524013e-02	-2.6374117e-01	-4.5292359e-02	1.3960739e-02	2.7547464e-01	-2.5504178e-01	9.4626918e-02	-3.5183036e-01	1.9820119e-01	-1.6603923e-01	-4.1505176e-01	-2.4026775e-01	4.2695135e-02	1.2638317e-01	1.7332990e-01	3.3191513e-02	3.2849234e-02	8.4585339e-02	-2.3661387e-01	-1.1859134e-01	-7.9318173e-02	1.4777681e-01	-7.0462517e-02	-6.0400248e-01	9.5000632e-02	3.4665188e-01	7.9989098e-02	1.2918861e-01	-1.8222117e-01	4.9496733e-02	-9.9650823e-02	1.4300741e-01	1.9479738e-01	-1.6056593e-01	-2.2207049e-01	-1.2533763e-01	1.0924714e-01	-2.3493719e-01	4.0332112e-03	-1.7804377e-01	1.5965270e-01	6.0587898e-02	-3.4376585e-01	2.3558852e-01	-6.8787210e-02	-2.8461814e-01	-1.3057002e-01	-3.2876004e-02	1.4342979e-01	1.4568272e-01	9.7338937e-02	-5.0045621e-01	2.2845206e-01	3.2655489e-01	-1.7320803e-01	2.3525019e-01	2.3371395e-01	-7.7262446e-02	-1.5798660e-01	-1.3099281e-01	-2.2356772e-01	-5.2680403e-01	2.3862094e-01	3.2991475e-01	-2.0533964e-01	2.2298768e-01	-3.6936048e-01	5.3699628e-02	3.5246754e-01	4.0532026e-01	-1.6699231e-01	-9.1795743e-02	-5.7133131e-02	2.2738315e-01	1.3250697e-01	-1.3612059e-02	-5.8873091e-02	3.6718884e-01	-2.0878318e-01	9.0213545e-02	-1.8965282e-01	2.8945661e-01	2.6362315e-01	3.0655122e-01	9.7604446e-02	1.0187919e-01	2.4433076e-01	-3.2443172e-01	-5.0191021e-01	1.6538393e-01	-1.2988709e-01	-1.7461231e-01	-3.1352188e-02	1.4186129e-01	-2.4857865e-01	-3.3983135e-01	5.6785971e-02	8.8026159e-02	1.4671978e-01	1.2165128e-01	-1.6911344e-01	-1.1358320e-02	-7.4683346e-02	2.7714825e-01	3.1552721e-02	-1.8149892e-02	-3.9844427e-02	-3.0838326e-01	-4.0374172e-01	-4.3566644e-02	-2.1122530e-01	-5.6776062e-02	3.8125452e-01	-3.7479421e-01	-2.7888560e-01	-6.2518999e-02	-1.9184393e-01	4.7733709e-02	2.8104967e-01	-2.7941531e-01	-1.1874501e-01	-2.8985396e-01	-4.4426116e-01	2.5060836e-03	2.2360355e-01	5.8388654e-02	8.7774485e-02	2.5590092e-01	-1.2762053e-01	-2.7872282e-01	6.2792458e-02	2.3154856e-01	4.9688050e-01	-3.5884830e-01	-1.8584980e-01	-4.5461867e-02	1.5610491e-01	3.9875662e-01	1.2452979e-01	-6.2082101e-02	-5.2171409e-01	2.1208149e-01	-1.3331255e-01	6.6935545e-01	-1.1794745e-01	-4.1736293e-01	1.9160336e-01	5.0373131e-01	-1.4066559e-03	-1.5538155e-01	-5.2284017e-02	1.6248395e-01	9.0553962e-02	-1.9156142e-01	1.2384843e-01	-6.2108949e-02	2.7745140e-01	1.7399807e-01	-1.4427343e-01	1.9860481e-01	4.2594162e-01	-3.6031777e-01	-7.5148386e-03	-6.7904353e-02	-4.0538976e-01	-2.1181785e-01	2.2337621e-01	1.7128184e-01	2.1001089e-01	2.1650420e-01	-1.2787162e-01	-8.9258321e-02	-4.3696813e-02	3.9631501e-02	2.4562229e-01	-3.9424509e-01	-2.1095712e-01	-3.6061284e-01	-1.4718068e-01	-1.5164487e-01	-1.0227411e-01	-1.4528829e-01	-9.3028501e-02	9.6048838e-01	-2.5590181e-01	-8.9309192e-01	2.4636911e-01	-1.7756438e-01	3.1407554e-02	-1.7624483e-01	1.6918714e-01	-2.5614068e-01	-5.4175156e-04	-4.0513721e-01	-4.2390639e-01	2.1315944e-01	3.4598535e-01	2.9003808e-01	-1.1441185e-01	-6.5830909e-02	8.6642154e-02	-5.4194778e-01	-2.7002856e-01	-1.8789904e-01	-1.7356777e-01	-9.5578045e-02	-4.8480618e-01	5.3140037e-02	-1.6035128e-01	8.5401751e-02	-1.4797717e-02	4.7451366e-02	1.2318641e-01	2.4321032e-01	1.4376190e-01	3.2454637e-01	-1.1783604e-01	-3.3795837e-01	3.3367625e-01	-3.8633667e-02	-2.5933522e-01	-1.9993611e-01	-1.1143875e-01	-3.7417825e-02	-1.2470240e-01	-1.9936506e-01	2.3694099e-01	-2.0214404e-01	-3.4860316e-01	9.6390381e-02	-2.6009887e-01	6.2274788e-02	2.6343983e-01	-1.1721012e-01	-1.3032520e-01	-2.2353104e-01	2.4784398e-01	3.0803564e-01	-1.4849056e-01	-2.7381802e-01	-4.7429785e-01	-1.7784487e-02	-4.6577420e-02	5.5166606e-02	-9.4360083e-02	2.2985783e-01	2.6047796e-01	7.4534915e-02	-1.1495164e-01	-2.1320347e-01
1.4213404e-01	3.5366669e-01	2.1838246e-01	-3.2106423e-01	1.0563768e-01	-1.0445797e-01	3.5860646e-01	1.8796951e-01	2.5256497e-01	-1.7942484e-01	1.5364273e-01	9.1475219e-02	2.6143996e-02	-2.4259166e-01	1.9736914e-01	1.4437507e-01	1.7135173e-01	2.5319803e-01	-1.4832072e-01	2.6660413e-01	-1.0703303e-02	-2.4774386e-01	2.3789085e-02	1.3361366e-01	1.5147652e-01	1.6950266e-01	1.5649715e-02	1.2732273e-01	-1.3224635e-01	-6.6090977e-01	7.6451376e-02	1.2710412e-01	6.4883821e-02	-2.1601748e-01	3.8551772e-01	-2.6818436e-01	-2.2785524e-01	8.0810145e-02	-4.6616785e-02	2.2431640e-01	4.3159017e-01	3.3641816e-03	-2.5073713e-01	1.4714430e-02	3.3059919e-01	-3.4940490e-01	1.8789116e-01	3.0951923e-01	3.1287730e-02	2.1597263e-01	-4.8626825e-02	-5.5328327e-01	7.5720869e-02	-1.3306695e-01	-1.2505101e-01	-5.0639093e-01	-3.6972943e-01	3.3478951e-01	1.5389532e-01	-1.4208876e-01	-1.7453332e-01	-4.4195059e-01	-2.3622525e-01	1.8811058e-01	2.1628475e-01	4.2293862e-02	-1.9528225e-01	3.5217854e-01	-4.3852437e-01	-6.4612776e-02	-1.7244613e-01	-2.0001955e-01	1.2341505e-01	1.8491631e-02	-3.1680888e-01	2.5502083e-01	-3.4010416e-01	3.7260023e-01	2.1051052e-01	1.2582141e-02	4.6702959e-02	-4.1821861e-01	4.9855582e-02	2.7648449e-01	-1.1858010e-01	-1.4020792e-01	-4.4825593e-01	1.2795667e-01	2.0982265e-01	2.8842777e-01	1.7929561e-01	-3.4138568e-02	3.6990842e-01	1.1154582e-01	-1.2375663e-01	-5.4917596e-03	-1.3999255e-01	-9.1994442e-02	2.6832083e-01	1.3711637e-01	3.5378382e-01	9.5431030e-02	2.8803891e-01	2.7884012e-01	2.6614216e-01	-3.4792143e-01	-2.1865223e-02	-1.5490073e-01	-8.8366501e-02	-1.3618304e-01	-1.3657641e-01	-1.8728548e-01	2.7103478e-01	2.5941882e-01	-1.5528607e-02	-9.1614328e-02	-2.8371528e-01	5.8862492e-02	2.2758648e-01	8.6415194e-02	8.9738421e-02	2.4832259e-01	-6.1940916e-02	-1.7191686e-01	1.6812366e-01	1.1680555e-01	2.8215170e-01	-1.7848052e-01	7.8316316e-02	-1.7574230e-01	-6.9276132e-02	3.5792068e-01	2.2340871e-01	-4.5607051e-01	-5.5540890e-01	-4.4631004e-01	1.9333573e-01	1.0513462e-01	-3.0032837e-01	2.3311888e-01	-4.1645005e-01	2.0221263e-01	4.0498931e-02	2.0651340e-01	-1.6902423e-01	1.0736320e-03	-2.4703583e-01	2.3845737e-01	-5.1328214e-03	2.0282438e-01	-2.2618864e-01	-4.7337297e-02	8.2162015e-02	1.4750490e-01	-1.4544539e-01	1.8705105e-02	-2.2145513e-01	-1.9925386e-01	-2.9350817e-01	-5.9970926e-02	1.9170998e-01	-2.8811461e-01	-1.3446499e-01	-1.7450760e-01	1.7417988e-01	1.2075683e-01	-1.7174033e-02	2.0711918e-01	1.7811307e-01	-1.1581308e-01	-1.2261052e-01	-1.3161987e-02	-1.6627066e-01	3.0914471e-01	-1.6444314e-01	9.9970378e-02	2.7675503e-01	-1.1012271e-01	2.3632611e-01	1.9865078e-01	1.7555037e-01	-1.0858850e-01	-1.3219561e-01	1.0724254e-01	2.1945186e-01	4.9134176e-02	2.2470677e-01	2.3473060e-01	-7.4385887e-01	-1.2328032e-01	-1.1448136e-01	1.1400693e-01	-1.4808254e-01	-2.3049030e-01	4.1625583e-01	1.0670079e-01	-3.3480018e-01	-4.5252819e-02	2.1224158e-02	3.4032041e-01	1.4469334e-01	-3.1712675e-01	2.4425742e-01	-3.3957255e-01	7.7777512e-02	-4.1622397e-01	-2.7123608e-03	-1.0139273e-01	-6.1071783e-01	-4.4008860e-01	7.6436035e-02	-2.6885504e-01	-3.0553432e-02	2.0553561e-01	1.3351192e-01	1.2291562e-01	2.5333256e-01	6.0666829e-02	-4.4894376e-01	-5.0826278e-02	-3.1488463e-01	-5.8072728e-01	1.8501421e-02	-2.3601337e-01	-1.7676121e-01	-4.2660627e-01	7.1376719e-02	-1.5383725e-01	2.1753979e-01	-1.3845140e-01	-1.9142637e-01	-3.6105506e-02	-1.6485995e-01	1.8797350e-01	2.0008425e-01	3.2359004e-01	2.3465340e-01	2.5362298e-01	-2.4822567e-01	-1.8611645e-02	-4.4211951e-01	8.9565672e-02	2.2318792e-01	-6.2052887e-03	-4.0272154e-02	2.4626817e-01	-6.5409437e-02	1.7615789e-01	2.4548955e-01	1.6578378e-01	2.6094681e-01	2.7350414e-01	3.3953015e-02	4.7314379e-01	2.5191242e-01	-2.4319497e-01	-4.9582997e-01	2.0484167e-01	-4.4021234e-01	6.7708775e-02	1.5955392e-01	-3.7530243e-01	2.0390722e-01	-6.1717582e-01	-1.2636012e-02	3.3986861e-01	6.9015637e-02	1.1596756e-01	8.4689325e-03	3.1739134e-01	-2.8380138e-01	3.7290305e-01	-1.9149487e-01	-3.4987113e-01	-2.5108527e-02	-1.9579504e-01	8.0533646e-02	2.4481736e-01	1.4858493e-01	-2.9195943e-01	-2.7698472e-01	2.4813612e-01	-1.9757660e-01	-4.3949753e-01	-2.9500203e-02	1.5498267e-01	-3.1878588e-01	1.9202761e-01	2.3269397e-01	3.8399871e-02	-1.1310334e-02	-3.1935524e-02	-1.3543858e-01	-7.6417620e-03	-7.0967335e-01	-2.5171953e-01	-8.8550799e-02	-1.6312468e-01	8.9643620e-02	5.5890924e-01	-2.6416299e-01	2.5554970e-01	6.2896341e-02	-1.1842188e-02	-1.3450520e-02	-3.5597005e-01	-2.7185076e-01	-2.1922351e-01	3.7409475e-01	3.1850201e-01	1.8012182e-01	-2.5873438e-01	-1.4265542e-01	2.1882166e-01	3.1751254e-01	1.5712638e-01	-1.7091027e-01	-1.2022968e-01	-2.7331416e-02	-1.6817422e-01	-1.7460150e-01	-1.8186288e-01	-2.0758712e-01	2.7324766e-01	2.0333836e-03	3.3441636e-01	2.0312072e-01	7.0251353e-02	9.2059642e-02	1.4037302e-01	9.8029137e-02	2.8964439e-01	3.7108365e-02	1.8122964e-01	1.0837626e-01	3.4258100e-01	-2.5441062e-01	-3.1483153e-01	5.0075352e-03	-1.9870403e-01	2.0001367e-01	-2.6966481e-02	-1.0168233e-01	-2.3606555e-01	4.9938936e-02	-3.0495441e-01	4.1932017e-01	-3.0661890e-02	8.8864170e-02	2.6206890e-01	7.2316355e-03	-6.0301103e-02	4.5198556e-02	4.1337643e-02	-2.4409799e-01	1.3461754e-01	-1.2745216e-01	-1.4963639e-01	2.4101233e-01	2.4423149e-01	9.7068734e-02	2.3681146e-01	-2.7115202e-02	4.2319202e-01	1.3747735e-01	-1.6983940e-01	6.5891184e-02	2.8336886e-01	-1.1972142e-01	-6.3749067e-02	1.6753794e-01	8.7435327e-02	-3.9354855e-01	5.3690620e-02	-9.3062505e-02	5.3545952e-02	-1.7876957e-02	-1.2971307e-01	3.4709182e-02	-1.1300416e-01	3.1392542e-01	-1.1863305e-01	6.1199579e-02	-2.0176482e-01	-9.4940528e-02	-8.6137570e-02	1.4498916e-01	1.9481517e-01	-9.0268262e-02	-1.7042786e-01	-7.5950831e-02	-1.1849163e-01	8.9675717e-02	-5.7575303e-01	-2.0696236e-01	1.2660061e-01	2.0989202e-01	1.3862936e-01	-9.6261002e-02	1.9426334e-01	-2.6715747e-01	9.4236404e-02	5.4899774e-02	7.5943984e-02	1.3956295e-01	1.5356995e-01	-2.8346029e-01	2.4475802e-01	2.4093583e-01	1.8518926e-01	2.4364755e-01	-1.5904005e-01	2.0664717e-01	-1.2423739e-01	1.2918916e-01	2.7625883e-01	-1.3983883e-01	-2.9935202e-01	2.2917743e-01	-2.4727456e-01	-2.5061971e-01	1.5962407e-01	-1.7706721e-01	-1.4124917e-02	-2.0900518e-01	-4.0224516e-03	3.0249275e-02	9.9435076e-02	1.4713314e-01	-2.2135566e-01	-1.4814430e-01	2.1003331e-01	-6.9093585e-02	3.3806924e-02	-2.7908936e-01	1.8698655e-01	4.5110881e-02	1.8264002e-01	-2.4213006e-01	2.4250679e-02	1.0515407e-01	-2.6453644e-01	-4.1943736e-02	1.8147978e-01	-3.0628231e-01	-1.4388368e-01	-2.7282113e-01	-1.8709952e-01	-2.7510792e-01	-1.7570445e-01	2.9155537e-01	-6.2455256e-03	-1.7613314e-01	1.9898935e-01	4.9692297e-01	1.2293880e-01	9.8932631e-02	-3.3534996e-02	-1.2116626e-01	2.7833930e-01	3.8715726e-01	3.1761703e-01	-1.6512342e-01	2.7396166e-01	-1.0310624e-01	2.8270066e-01	-6.0358793e-03	-3.8120776e-01	1.1940445e-02	-1.8780087e-01	2.6867953e-01	-1.6438013e-02	-1.5514016e-01	-2.7775586e-02	-2.4772177e-02	-2.5038512e-02	-7.4694797e-02	-1.0901557e-02	2.0746866e-01	1.2334041e-01	-2.8030586e-01	8.2140625e-02	2.3525225e-01	-6.1813947e-02	-1.6389133e-01	-1.0410747e-01	-1.4910786e-01	-2.6233444e-01	7.8270368e-02	2.0210770e-01	2.2990417e-01	-3.8456246e-01	1.5293097e-01	-2.4895594e-01	-1.4543431e-01	-2.2271633e-01	-3.8769383e-02	-3.1663757e-02	2.7042189e-01	2.0840932e-02	-2.8043163e-01	-2.2381264e-01	2.7496558e-01	1.3106754e-01	1.8760091e-01	1.7976917e-01	-3.6884412e-01	-6.6350602e-02	-1.2602749e-01	-2.7245790e-01	2.5677145e-01	1.9868986e-01	-1.9039676e-01	2.2625051e-01	-1.2525202e-01	1.2508521e-02	-2.5944261e-02	8.3152885e-03	-2.0717772e-02	7.4455351e-02	-1.6129839e-01	5.8825027e-02	1.3066536e-01	9.9237554e-02	7.3808342e-02	6.8511344e-02	-2.1587954e-01	-1.8988904e-02	-2.4437441e-01	-1.9032785e-01	-1.9277893e-01	-1.1840145e-02	-1.6288419e-01	-2.3561583e-01	1.4972965e-01	-2.6515287e-01	1.5863676e-01	-1.4483537e-01	-2.2267674e-01	-2.3646052e-01	-5.3683571e-03	-2.0214681e-01	-3.4311302e-02	2.5145950e-02	1.7673729e-01	2.4545693e-01	3.3723357e-01	2.6224536e-01	-1.0767124e-01	-2.5342754e-01	2.1807772e-01	2.1539927e-01	9.9842036e-03	-8.2175195e-02	-3.6844894e-02	-4.7211997e-02	5.4571357e-02	-1.6147502e-01	-3.8937020e-01	9.3672350e-02	-1.2044008e-01	5.2672096e-02	-1.9528951e-02	-5.0973296e-01	-1.4034007e-01	2.4054088e-02	2.1077962e-01	2.2686070e-01	-6.1607797e-02	2.9341251e-01	-2.9504389e-01	1.3006592e-01	-3.9934036e-01	-3.6940135e-02	-2.3617472e-01	-2.0301940e-01	-3.7011709e-02	2.8977038e-02	-1.4690742e-01	-5.5654705e-02	-2.9839396e-01	-5.5474136e-02	-1.6465150e-01	1.5725517e-01	3.0664760e-01	-2.4400842e-01	1.4833693e-01	-2.0373295e-01	-1.1602989e-01	-3.4051958e-01	2.3399116e-01	-1.8165955e-01	-2.8597018e-01	1.4728832e-01	2.9944602e-02	-8.6266175e-02	-2.8641826e-01	5.9312295e-02	3.9773162e-02	-2.5536773e-01	2.2259729e-01	1.0923078e-01	1.6135845e-01	1.0103495e-01	1.8192305e-01	-8.2823396e-02	-2.6441699e-01	-1.5674006e-02	-1.7098712e-02	-1.0569359e-01	-3.3677131e-02	-3.1285027e-01	3.0896470e-02	4.4720426e-02	-2.3966791e-01	2.0026402e-01	-1.3223970e-01	-2.1849772e-01	-3.6013208e-02	-1.8008664e-01	1.4735910e-01	-2.8926426e-01	2.2379299e-01	3.9790408e-03	-3.8990118e-02	-1.6232076e-01	-2.0067519e-01	-2.9161105e-01	-2.0160756e-01	-3.3117101e-01	4.1725926e-02	-1.8331361e-01	3.2704553e-01	2.4337634e-01	-2.2509627e-01	-2.6082605e-01	-1.2321930e-01	-9.1077678e-02	1.0358085e-01	1.7447746e-01	7.4511133e-02	1.8371001e-01	1.3523218e-01	-3.1146145e-01	-1.5409260e-02	-1.6521819e-01	2.0113015e-01	1.9816457e-01	9.8264128e-02	2.8683412e-01	1.8706086e-01	2.1165161e-01	8.4457554e-02	9.9328868e-02	3.1003356e-01	4.0592290e-02	-1.8724154e-01	-4.7352567e-02	1.2245624e-01	1.7235816e-01	-2.1307418e-01	1.6489723e-01	-6.6957541e-02	-2.7299682e-02	1.7113678e-01	2.5491276e-01	-1.9676900e-01	6.4894855e-02	1.5248223e-01	1.5205379e-01	1.5380523e-01	-6.6500217e-02	1.6660336e-01	-1.9304682e-01	-3.6477527e-01	2.1664350e-01	-2.0656870e-01	3.1481594e-01	4.2191717e-01	-6.7134440e-02	-2.7456132e-01	4.4033492e-01	-2.9298189e-01	-2.5652677e-01	1.5587486e-01	-1.4964092e-01	9.3258852e-03	-7.4610955e-01	-9.6103340e-02	1.8082348e-01	-1.9807208e-01	1.5309300e-01	1.9914353e-02	-1.0197234e-01	-1.1027844e-01	-2.5415695e-01	1.0690254e-01	-2.0994823e-01	-2.8420022e-01	-1.1513277e-01	-6.5072827e-02	3.8942409e-01	4.2730090e-01	1.3493420e-01	3.1512117e-01	5.0281692e-02	5.6783162e-02	-2.2328980e-01	-2.6159033e-01	2.8826523e-01	1.2354625e-01	2.4427551e-01	8.7173723e-02	-6.3133433e-02	-8.6262099e-02	1.0877856e-02	-2.7784547e-02	-6.7538582e-03	4.7205821e-02	-3.3845928e-01	1.2785210e-01	-2.5255388e-01	-1.6856037e-01	-2.2200792e-01	-1.4967437e-01	1.4677542e-01	-2.1764220e-01	1.9853441e-01	2.0827168e-01	1.2895374e-01	-3.3378595e-01	2.4372776e-01	-3.4419697e-02	4.0534759e-01	-1.9441338e-01	-2.6810676e-01	1.8113059e-01	1.9756360e-01	3.6892372e-01	1.6544460e-01	2.9267055e-01	-1.7252108e-01	2.9979312e-01	-1.1277790e-01	-1.6731630e-01	-1.6096775e-01	1.4793511e-02	-1.7879310e-01	7.1832046e-02	8.6326227e-02	-1.2466338e-01	-8.5105887e-03	-1.8291693e-02	2.8134957e-01	5.7126526e-02	2.3535956e-01	1.5489648e-03	2.0442159e-01	2.1253521e-02	1.6013299e-01	-2.1308103e-01	8.6767487e-02	2.1224424e-01	-8.1740193e-02	2.7209422e-01	2.9482573e-01	1.7276235e-01	-5.7743974e-02	-5.9140280e-02	-2.6471144e-01	9.4944552e-02	-4.5086876e-01	-2.4712691e-01	9.8412693e-02	6.3559210e-01	8.7876730e-02	-1.8809243e-01	1.6920772e-01	2.3264803e-01	4.2078358e-01	-9.7704552e-02	-5.7323478e-02	2.1831819e-01	-3.0935162e-01	-4.9899507e-01	-1.5922055e-01	-2.5442532e-01	-1.4894600e-01	3.7607402e-01	-2.4136178e-01	1.0156762e-01	1.0753480e-01	2.1726587e-01	-4.1615766e-01	-2.1098587e-01	-2.6107776e-01	3.0010709e-01	3.3341530e-01	-2.3547286e-01	9.9734433e-02	-2.4110231e-01	5.6790404e-02	1.1545769e-01	1.2914260e-01	-2.1950084e-01	2.8614959e-01	8.4282947e-01	3.3603412e-01	-2.8245020e-01	1.5910618e-01	-1.1642819e-01	-9.8637722e-02	-1.2714356e-01	-4.5657021e-01	-3.1693745e-01	-4.7305980e-01	3.2633749e-01	-3.7817042e-02	2.7023755e-02	2.3533054e-01	-1.7400019e-01	1.0222761e-02	1.3860291e-01	-1.3993739e-01	-1.3952477e-01	-4.7439694e-02	-2.2791286e-01	-6.5423705e-02	-3.2675955e-01	4.1848198e-01	-2.0339970e-01	3.6476690e-01	4.0048274e-01	3.6128208e-01	3.9289415e-01	-1.5905744e-01	3.4992635e-01	3.3711606e-01	-7.7780277e-02	-2.8314582e-01	-1.4518627e-03	-1.3006352e-01	7.9370681e-03	3.1341624e-02	-3.3890447e-01	1.0315538e-02	-8.8759176e-02	-3.2148764e-01	4.0929291e-02	2.2571586e-01	-5.0525367e-02	3.5239026e-04	4.3726213e-02	-2.2940820e-01	-1.5654829e-01	1.6329123e-01	-1.0368912e-01	2.8349826e-01	-3.0967331e-01	2.2099661e-02	3.0255754e-02	-2.0580322e-01	1.0051706e-01	-1.8408747e-02	-3.6864758e-01	-2.9915338e-02	-2.4604377e-01	-3.7375945e-01	3.2316136e-01	-4.1551313e-01	-1.7082226e-01	8.3602220e-02	-6.1983760e-02	2.2470720e-01	-2.9724026e-01	3.3272371e-01	2.2571626e-01	1.9440110e-01	-2.0985134e-01	1.9176142e-01	-3.1213146e-01	2.9659596e-01	1.0489513e-01	1.9600706e-02	-3.0188707e-01	1.9390641e-01	-2.4488448e-01	-2.1358988e-01	2.0471120e-01	3.0099267e-01	-2.2057751e-01	8.5240543e-02	4.3478976e-03	-1.8896198e-01	-2.2582147e-01	3.5334334e-01	-7.4761137e-02	-2.6056713e-01	1.6762353e-02	-2.9996300e-01	-9.2774302e-02	6.3950874e-02	2.7344128e-01	-2.5643578e-01	-2.5432295e-01	6.3311316e-02	1.6157101e-01	2.7892667e-01	1.5061487e-01	1.7588963e-01	3.7907028e-01	2.1173854e-01	-9.7449213e-02	2.3223323e-01	7.8844540e-02	-1.0883535e-01	-1.6626827e-01	1.1146535e-01	1.5528703e-01	7.9465859e-02	-1.1972188e-01	1.7542094e-01	2.7485145e-02	9.2305236e-02	-2.4823241e-01	3.8615412e-01	1.3540588e-01	2.0334023e-01	3.3801875e-01	-7.7679110e-01	-1.1258972e-01	-2.9244435e-01	8.0903724e-02	-3.2717007e-01	-3.7391558e-01	-4.7538742e-01	-1.4694451e-01	3.0489701e-01	-2.1664631e-01	2.4556108e-01	1.9207045e-01	7.8622334e-02	1.2641876e-03	2.8853109e-01	-1.9965076e-01	-2.9000565e-01	-1.4708163e-02	-2.4717610e-01	7.8547373e-02	-1.2099463e-01	5.9515171e-02	-5.5133283e-02	-4.1658568e-01	-1.5086809e-02	3.3493164e-01	-2.2757261e-01	-1.4689066e-01	-4.5464608e-01	-1.7237151e-01	2.4571940e-01	1.5379720e-03	1.3162373e-01	1.0180831e-01	9.3258262e-02	-7.8763947e-02	-8.7541439e-02	-1.7625131e-01	-1.9673106e-01	2.0426251e-01	-3.0852163e-01	-4.1024566e-01	-7.5219296e-02	1.4003344e-01	-4.2277086e-01	1.2456965e-01	-1.0846733e-01	-2.1635988e-01	1.5776414e-01	4.4019427e-02	2.1400714e-01	-4.0884057e-01	1.9516027e-01	1.5493146e-01	-5.6210315e-01	-9.3869761e-02	1.9977631e-01	1.2529410e-01	-2.6737276e-01	1.0852297e-01	-2.9809767e-01	-9.3339004e-02	-3.7831330e-01	3.2285154e-01	3.4025669e-01	-1.7454675e-01	6.4502545e-02	1.7462268e-01	3.1249836e-01	2.6374471e-01	1.3090941e-01	3.5901433e-01	5.7080880e-02	-9.4481096e-02	-3.0069870e-01	6.7773350e-03	1.8641776e-01	1.3163380e-01	-1.2468353e-01	-3.3238094e-02	2.8639227e-02	4.8155072e-03	1.0444766e-01	2.6995985e-02	-1.3475823e-01	2.4410549e-01	2.4193731e-01	-2.3409791e-01	1.3154055e-01	-3.4309053e-01	-2.3750804e-02	-1.4200205e-01	-3.5719898e-01	9.7764499e-02	-3.8075963e-01
1.0129629e-01	3.3894330e-01	5.9838402e-01	1.8649280e-01	-4.6543306e-01	-2.0013781e-01	-4.8681292e-01	-3.4670061e-01	-1.6852878e-01	-3.1936309e-01	3.1310764e-01	2.7147293e-01	-1.5489779e-01	-3.2357074e-02	2.6502556e-01	-2.7904141e-01	-1.5536544e-01	4.5192882e-01	-5.4751709e-02	-2.8519523e-01	3.4447977e-01	-2.0665534e-01	-3.0177754e-01	2.2349793e-01	-2.2521196e-01	-2.7314603e-01	2.0087706e-01	-4.0688029e-01	3.0941796e-01	-4.1253304e-01	2.5894642e-01	8.6762115e-02
