9
input	20
dense	32
relu	0
dense	32
relu	0
dense	32
relu	0
dense	1
linear	0
7.999999979801942e-06
-1.9654445e-02	-2.7417828e-04	-5.6052022e-03	-6.2465433e-02	-8.7059103e-04	-5.1891636e-03	0.0000000e+00	-5.7084657e-02	-3.4217454e-02	6.7654163e-02	-3.2442663e-02	-7.9270311e-02	1.0497423e-04	-4.9046585e-03	8.8288933e-02	-4.2808201e-02	2.1788418e-02	-5.4062478e-02	-6.6382601e-03	-4.3531615e-02	-8.0720624e-03	8.4902477e-03	9.7819269e-02	0.0000000e+00	-6.5629587e-02	-1.1809314e-01	1.2140031e-02	4.9553894e-02	-5.9394807e-02	-1.9220183e-02	2.3113998e-02	-6.8652056e-02
-6.2881507e-02	-2.4951719e-02	1.3815301e-02	-5.7349368e-03	-1.7970117e-03	-5.4627139e-02	-4.0206902e-02	3.6812061e-03	-6.3150853e-02	-2.1627020e-02	-2.0432211e-02	2.9876754e-02	1.0209485e-02	-2.4687913e-03	-1.0995767e-02	1.0364683e-02	-5.2129697e-02	-8.6306147e-03	-6.6926801e-03	-1.8825023e-02	-1.4525032e-01	-5.0847672e-02	-1.9826883e-02	-8.8780047e-03	6.7144465e-03	2.4346247e-02	1.4477840e-02	-4.5523059e-02	-3.1144861e-02	-2.6920866e-02	1.1969001e-02	3.6821127e-02
-5.3079086e-03	-5.3002708e-02	6.2633865e-03	-7.4692145e-02	-6.6813394e-02	-1.4977757e-03	3.1689953e-02	9.9680405e-03	-5.0087404e-02	-3.3996891e-02	-3.8169928e-02	-8.2556810e-03	-5.5068392e-02	1.2270370e-02	-1.8661937e-02	-8.2481407e-02	-4.8645150e-02	-5.3555526e-02	2.0045012e-02	6.2293001e-03	-6.0264096e-02	-4.2424645e-02	2.9536147e-02	-7.3369354e-02	-8.3486093e-03	-7.2781131e-02	1.4905560e-02	-1.7526433e-02	-2.1030450e-02	-2.0695513e-02	-2.3865899e-02	-1.3201589e-03
-1.2148651e-02
-2.6072222e-01	-1.7286120e-01	-1.0700293e-01	-1.3714753e-01	1.5892980e-01	3.2112956e-01	2.5660822e-01	2.4078046e-01	9.5155656e-02	-2.9376146e-01	-2.2570440e-01	3.1900963e-01	-1.9898623e-01	-1.3069737e-01	-9.1610290e-02	2.2875068e-01	3.1797853e-01	1.2736398e-01	2.6037673e-02	-2.5185758e-01	3.7541571e-01	3.2907745e-01	-2.2565357e-01	4.8023026e-02	2.0772214e-01	-1.3086252e-01	-2.9738855e-01	1.4499527e-01	1.6017653e-02	3.0338237e-01	2.5402695e-02	1.3944414e-01	-6.4633943e-02	-2.4409942e-01	-2.5875905e-01	9.5616020e-02	1.1731948e-02	-3.9903113e-01	-4.0017627e-02	-6.5741753e-03	1.0873443e-01	3.2525134e-01	1.6211849e-01	6.0464490e-02	-4.2274573e-01	-4.6838857e-03	-2.5713533e-01	2.6120982e-01	2.6064739e-01	-6.9200575e-02	-9.8346524e-02	1.3194689e-01	-9.1388300e-02	-9.0730228e-02	4.1023191e-02	2.3207125e-01	-1.6291049e-01	-7.3190778e-02	1.8844354e-01	2.7123526e-02	-2.3255269e-01	2.8006586e-01	1.0117690e-01	-4.2174232e-01	2.0122755e-01	2.6719946e-01	2.9721421e-01	1.6474541e-02	1.9199359e-01	-1.2512465e-01	2.9788256e-02	2.4459253e-01	4.1851405e-02	4.0542118e-02	3.4956161e-02	-8.8611096e-02	-4.1884609e-02	-3.5461700e-01	4.8745283e-01	-1.0998445e-01	-2.1978894e-01	2.0051062e-01	-1.0864297e-01	-3.2237616e-01	-3.0936471e-01	5.5141985e-02	-1.4424892e-01	2.3749925e-02	3.5143283e-01	3.4669414e-01	-1.2213449e-01	1.2467655e-01	2.6300934e-01	7.9316244e-02	2.2268912e-01	1.9151954e-01	1.6056940e-01	5.3924624e-02	1.4810728e-01	-1.6342972e-01	3.1975737e-01	4.6067618e-02	2.8271106e-01	-7.8452401e-02	-2.1447155e-01	2.2876111e-01	-1.5729311e-01	-1.6832091e-02	3.3524114e-01	-3.9719917e-02	7.9361692e-02	-2.5576928e-01	1.1728879e-01	1.5475999e-01	2.5956514e-01	9.8469064e-02	3.1998504e-02	1.4226115e-01	-6.8785292e-01	-4.4263101e-01	-3.9597034e-02	3.2535470e-01	-3.3697191e-01	-7.0202976e-02	1.3892412e-01	-5.2064657e-05	1.0327870e-01	2.0194668e-01	3.3925313e-01	6.1920375e-02	1.2221193e-01	1.4709234e-02	-2.3496568e-01	2.1280813e-01	-1.8415418e-01	7.2184891e-02	1.1879027e-01	-1.4154842e-01	-2.1927547e-01	7.7718467e-02	-1.7351033e-01	9.5830128e-02	-2.2146563e-01	2.7268341e-01	1.9453077e-01	5.0108407e-02	-2.8124329e-01	-1.3386042e-01	-2.1873741e-01	-6.0948007e-02	2.6584942e-02	-1.9196258e-01	1.5202899e-01	-9.7044811e-02	2.1201797e-01	3.2280147e-01	2.3687074e-01	-8.7059885e-02	-7.0175231e-01	7.0323460e-02	1.5267374e-01	3.4858367e-01	-2.3125367e-01	-4.0151531e-01	-4.0338817e-01	1.5338208e-01	-1.2735064e-01	-9.9164844e-02	1.7159420e-01	-1.5845666e-02	-9.4820738e-02	-2.7621758e-01	-1.2157823e-02	-1.9877273e-01	-1.3080126e-02	2.5898165e-01	2.4752796e-01	2.7999374e-01	2.8586870e-02	3.9915681e-01	-5.6760170e-02	1.4237180e-01	4.2704973e-02	-7.7241898e-02	1.3456932e-01	-4.0462685e-01	2.8815618e-01	1.9355515e-01	1.7438361e-01	-6.7989089e-02	-2.0067108e-01	-2.1258835e-01	6.9528729e-02	-1.0074111e-01	1.2349893e-01	2.9319882e-01	1.1472884e-01	3.5772521e-02	3.9838079e-01	5.3862095e-01	3.4418648e-01	1.0609658e-01	-2.8907102e-01	-3.1090069e-01	-1.7952893e-02	7.6091021e-02	1.5375836e-01	-6.7740500e-02	5.5790473e-02	-9.2772342e-02	1.1889502e-01	-2.2129476e-01	-1.5154272e-01	1.0054737e-02	-2.8308827e-01	1.6301632e-01	-1.4681531e-01	5.0573852e-03	1.8662174e-01	-4.5319557e-01	1.5714590e-02	4.9626470e-02	3.0092716e-01	3.0434150e-01	-1.7448643e-01	-3.4983811e-01	4.0954542e-01	1.0863738e-01	2.5850600e-01	-1.8919432e-01	3.8105789e-01	-2.2029892e-01	-1.1612642e-01	9.3557015e-02	3.1991810e-01	-8.5294463e-02	-2.7941647e-01	2.0887418e-01	1.3435026e-01	1.2907499e-02	3.5444412e-01	-1.0266230e-02	-2.9999363e-01	-3.9025480e-01	-1.1529651e-01	6.3940622e-02	9.2769220e-02	4.7194201e-02	8.7972611e-02	6.6786781e-02	4.1518219e-02	1.3048790e-01	1.3509054e-01	1.1022799e-01	-1.4548042e-01	1.2467139e-02	-6.8229407e-02	-2.2918139e-02	3.0428052e-01	-6.3117701e-01	-4.4378722e-01	1.5367214e-01	-2.2818880e-01	3.4493613e-01	2.7890927e-01	2.8205398e-01	-1.9717509e-01	5.5301666e-02	1.3394354e-01	2.4958363e-01	1.2772943e-01	-3.3779398e-01	1.9758752e-01	1.2075393e-01	-3.0527472e-02	-1.5036030e-01	-2.2173281e-01	-1.5236118e-01	-9.0225017e-01	2.0971876e-01	-1.1710425e-01	1.3588758e-01	3.2876411e-01	2.7650884e-01	-1.4228044e-01	-6.6436440e-01	1.8690610e-02	1.3525126e-03	-3.3726346e-01	2.1909943e-01	-8.4858835e-02	-1.3398449e-01	1.2365822e-01	-6.0713459e-03	-8.1151150e-02	2.2116679e-01	9.6193947e-02	1.6940530e-01	6.6040322e-02	1.3727282e-01	1.8598412e-01	2.1347143e-01	7.7796645e-02	-3.1729713e-01	2.7588773e-01	-4.4501564e-01	-2.6084492e-01	3.7630495e-01	8.4803812e-02	1.5246862e-01	1.6182318e-01	1.3269244e-01	-1.0828023e-01	1.6763067e-01	7.7098653e-02	-1.6677411e-01	-2.2366859e-01	4.5443729e-02	-2.9610336e-01	-4.3065554e-01	-2.5488651e-01	-2.9227650e-02	3.6296433e-01	2.0493604e-01	-1.2598265e-02	1.6201675e-02	3.2506442e-01	5.8942925e-02	-1.5169053e-01	1.9480032e-03	7.7343762e-02	-7.1331183e-03	2.9823169e-01	-2.0716433e-01	-1.7552994e-01	5.5432349e-01	-2.7978519e-01	2.0697889e-01	1.5435073e-01	-4.8897561e-01	3.2910645e-02	2.5703594e-01	1.2004562e-01	7.9946481e-02	-1.2808649e-01	7.3995471e-02	-1.5900439e-01	-5.8396254e-02	-2.8984728e-01	1.8342742e-01	2.6471007e-01	-2.0978682e-01	1.1584382e-01	1.0320880e-01	-1.3241178e-01	-2.2200015e-01	-2.2384852e-01	3.3767036e-01	-3.5599995e-02	2.1798968e-02	3.3935371e-01	-2.0928217e-01	-3.1580800e-01	-9.8571874e-02	1.6022843e-01	1.1280370e-01	4.9982388e-02	1.8961105e-01	-4.1026670e-02	9.9116396e-03	-2.2444521e-01	1.5233961e-01	-1.7059895e-01	-1.7019750e-01	-2.7192411e-01	-6.8431355e-02	-8.3945900e-02	-4.2558116e-01	7.1262634e-01	2.8259882e-01	1.5872261e-01	-1.4694980e-01	-3.2334277e-01	-1.5921718e-01	-2.9709113e-01	1.4201444e-02	-5.8107283e-03	1.0228591e-01	-4.2037711e-02	2.1361344e-01	3.0347195e-01	-1.4027206e-02	2.5716517e-02	3.5885301e-01	1.0361278e-01	-4.5802498e-01	-3.2399935e-01	-1.1744038e-01	1.7318755e-01	5.4367578e-01	2.7919158e-01	-2.3431830e-01	-3.1057703e-01	-1.7226382e-01	1.3896473e-01	3.6554360e-01	-2.1228854e-01	-8.8184804e-02	1.5124737e-01	2.1263150e-02	-1.2949152e-01	-2.5871705e-02	-2.2324440e-01	8.0599420e-02	-2.0321856e-01	5.2176720e-01	-1.1013601e-01	3.9019677e-01	-8.8782802e-02	7.9543404e-02	3.9101604e-01	1.9953454e-01	-2.6860006e-02	-9.6544959e-02	-4.1329499e-02	1.9367121e-01	-1.9675133e-01	-9.6254256e-03	6.4465366e-02	7.3615946e-02	-1.5092060e-01	-2.9439706e-01	4.3777099e-01	-7.9395227e-02	1.0967059e-01	3.9380029e-01	2.6155743e-01	1.3050407e-01	1.4218346e+00	-4.9243486e-01	-7.0459858e-02	-4.4768950e-01	3.4768164e-01	3.0714762e-01	-2.6937279e-01	1.0406154e-01	-2.2497100e-01	1.0108337e-01	2.5010708e-01	1.1608765e-01	-2.5805885e-01	-2.6368481e-01	-2.1352205e-01	-4.0761104e-01	-3.0621728e-01	-3.6950877e-01	1.0681891e-01	-9.0929955e-02	1.2475529e-02	-2.1055682e-01	-1.4835367e-01	3.2048166e-01	1.9311595e-01	-8.8792443e-02	1.0889983e-01	-2.8030339e-01	2.5375670e-01	3.8134307e-02	-2.8272885e-01	1.5456915e-01	-1.1039743e-01	7.2422326e-02	-3.1677440e-01	9.8935962e-03	1.7118001e-01	1.8608052e-01	3.2393354e-01	-6.5996289e-02	-2.4601804e-01	-9.8213628e-02	-3.4951153e-01	-2.3344868e-01	-8.9524724e-02	4.1600695e-01	1.2013243e-01	1.5667348e-01	3.0749083e-01	1.4436959e-01	-2.3718721e-01	-2.0759206e-01	1.7835811e-01	1.7182037e-02	-1.3464899e-01	2.3379785e-01	7.5898185e-02	4.7770798e-02	-2.3702860e-01	-7.3329322e-02	-1.2656975e+00	-7.1318954e-02	-3.2805674e-02	-5.4107599e-02	1.2604384e-01	3.7375469e-02	-2.5270796e-01	1.5087320e-01	-2.0214625e-01	2.4605756e-01	3.0609107e-01	-2.9232576e-01	-2.2458216e-02	-8.0194466e-02	2.5601603e-02	-7.5914562e-02	-4.0338695e-02	1.8778521e-01	-7.0807457e-02	-7.1853048e-01	9.1292955e-02	-7.7456966e-02	-3.1931400e-01	-3.0416161e-01	4.9835810e-01	-7.1634397e-02	-2.1342582e-01	-2.9747641e-01	-1.5890466e-01	3.5850650e-01	-9.8418370e-02	-2.5513950e-01	1.6785404e-01	1.8555688e-02	2.9785795e-02	-9.9651091e-02	-1.3591677e-01	-2.1670496e-01	-1.2956390e-01	2.7203244e-01	5.9559220e-01	-2.5595111e-01	1.7845114e-01	-1.3744822e-01	4.1925460e-02	-8.0491841e-02	2.2216070e-02	-9.1464378e-02	1.3081808e-01	-4.5012718e-01	1.3473463e-01	1.7800976e-01	2.6249754e-01	2.6883388e-01	4.4417031e-02	-3.0944145e-01	-1.0144022e-01	-7.2887234e-02	-1.5650865e-01	2.0725663e-01	-4.8335147e-01	-5.9590322e-01	-1.2722884e-01	1.0905436e-01	2.2626820e-01	-6.8034254e-02	-4.7620095e-02	1.8199523e-01	-4.0707875e-02	3.2997024e-01	6.6283084e-02	-8.4592346e-03	2.6125968e-01	-1.7830050e-01	1.0981418e-01	1.7050371e-01	-1.4675298e-02	3.1062083e-02	1.3656421e-01	1.5752956e-01	1.9556348e-01	1.0173108e-01	8.3771534e-02	1.0132766e-01	-1.3112581e-01	1.4992943e-01	1.5708357e-01	-3.0436340e-01	1.2359829e-01	2.0953073e-01	-2.1813969e-01	2.4852758e-02	-1.8359354e-01	5.6614012e-02	2.2019005e-01	2.7198946e-02	2.2504104e-03	1.5917049e-01	1.6730294e-01	-6.6521198e-01	-1.0682491e-01	-2.8830054e-01	1.0316370e-02	3.3428332e-01	-2.1378316e-01	-2.0700531e-02	2.0282550e-01	2.5479174e-01	-2.2090833e-01	1.8989858e-01	3.0391723e-01	-1.6166598e-02	2.6534426e-01	-1.5768175e-01	1.9073160e-01	5.2161026e-03	-1.1245520e-01	3.5990275e-02	3.2472670e-02	-6.1799344e-02	1.3449069e+00	-2.4255733e-01	-1.5650877e-01	-7.9649523e-02	2.1188898e-01	8.2293354e-02	2.6053794e-02	-2.3987679e-01	-1.5631746e-01	5.0469421e-02	2.3984065e-02	-1.5994622e-01	4.8792876e-02	1.9797276e-01	-2.1549951e-01	-1.4714476e-01	1.5207975e-01	-2.3623453e-01	5.4369145e-03	-5.3189403e-01	-3.3985242e-01	2.6141956e-01
2.0584571e-01	-2.7602103e-01	-1.7742415e-01	-6.2051397e-03	8.3019927e-02	-5.8519453e-02	1.0730004e-01	-1.8369118e-02	2.1717913e-01	-3.3390239e-01	1.8589863e-01	-2.8220410e-02	9.4449684e-02	-1.9296958e-01	-1.9821823e-01	2.2414228e-01	-1.0812638e-01	2.3814428e-01	-1.3530928e-02	2.7390519e-01	9.0575479e-02	-1.0729332e-01	-9.1021076e-02	1.8135497e-01	-7.3720165e-02	-6.5828212e-02	-1.7188942e-02	-3.2725152e-02	-1.1443544e-01	-2.0259498e-01	1.8419604e-01	-1.3268660e-01	1.6582191e-01	6.6268310e-02	-1.5652174e-01	3.1708878e-01	1.2020455e-01	-2.4371704e-01	2.0647672e-01	-4.3710297e-01	1.1236517e-01	1.9153748e-01	2.9313622e-02	4.6443585e-03	7.7222623e-02	-2.8163266e-01	-1.2335167e-01	-2.7178890e-01	6.6454999e-02	1.4653698e-01	-3.7085742e-02	8.3666615e-02	-8.1794016e-02	3.5220182e-01	-2.5732681e-01	-1.4081061e-02	-1.8755379e-01	-5.7715107e-02	-3.8329613e-01	-2.6676070e-02	1.8692486e-01	7.2872244e-02	3.5989067e-01	-6.7658253e-02	-2.2538365e-01	2.1893182e-01	-2.3093919e-01	-3.8707885e-01	3.5509050e-02	6.9827929e-02	-1.9103344e-01	-3.5715112e-01	-1.3431352e-01	1.6765165e-01	1.4765838e-01	-4.4260091e-01	5.1876064e-03	-1.7787492e-01	-1.2747157e-02	-1.5505470e-01	1.3017647e-01	2.2759777e-01	4.2745732e-02	-1.2513795e-01	-2.0762131e-01	-2.9745466e-01	-1.5435959e-01	2.7957287e-01	1.2031591e-01	-2.2041890e-01	1.9467686e-01	-1.8780179e-01	-3.1935149e-01	2.0543495e-01	-3.4259930e-01	2.3315831e-01	1.1837589e-02	-1.5324977e-01	-2.4302571e-01	5.0847393e-02	-1.2326111e-01	-1.1691809e-01	-6.8615928e-02	2.6560631e-01	-2.6391709e-01	2.1992484e-01	-1.7281178e-01	3.1679537e-02	-1.3986908e-01	2.8340155e-01	-8.8661008e-02	-6.8759197e-01	8.9781828e-02	2.4779783e-01	-7.4450418e-02	-2.0219435e-01	-8.2613248e-03	3.7796710e-02	-9.4371215e-02	1.8150979e-01	2.1016729e-01	-2.4013679e-01	1.2339375e-01	-4.4503856e-01	1.0309489e-02	-2.6740846e-01	4.9185053e-02	-5.2563794e-02	3.0054688e-01	3.2320103e-01	1.0095832e-01	1.4511028e-01	3.9679995e-01	-2.3743403e-01	-1.7083326e-01	-1.0196993e-02	2.4601421e-01	6.7026123e-02	-2.3014586e-02	1.0878984e-02	-3.7548885e-01	2.0892587e-01	-3.3165205e-01	2.4306963e-01	1.7116787e-01	2.5308070e-01	2.6044217e-01	2.7878379e-02	2.9215030e-04	1.2263282e-01	-7.7765755e-02	1.2036553e-01	-1.8692684e-01	-8.5858665e-02	-6.0546664e-03	-9.0232138e-03	1.1470391e-01	-2.5740087e-01	-2.3069070e-01	-2.7515566e-02	2.8301477e-03	-1.3659529e-01	5.5039553e-03	8.0122434e-02	8.5150346e-02	5.9965182e-02	1.6629875e-02	3.5314687e-02	-6.1041072e-02	-3.1458539e-01	-2.9505453e-01	2.5957164e-01	1.2258742e-01	1.8730761e-02	6.0078036e-02	-8.4058195e-03	-1.8455581e-01	-2.0577021e-01	-1.0215755e-01	7.5941585e-02	-6.0245831e-02	2.2447786e-01	-1.6169657e-01	-1.7393483e-01	7.8103624e-02	-1.6670537e-01	-2.4620317e-01	1.1409748e-01	-2.4977238e-01	6.4530268e-02	-2.8375581e-01	1.4660931e-01	-6.0539007e-02	-2.8150007e-01	1.8784244e-01	7.2510481e-02	2.4740139e-01	-1.5414202e-01	-6.3058332e-02	1.6304309e-02	6.7744672e-02	1.2916940e-01	-1.7108074e-01	4.2689007e-02	-1.1753312e-01	-5.2233711e-02	-2.3438144e-01	2.0981786e-01	1.4687559e-01	-3.7754212e-02	-2.8663468e-01	-3.0561867e-01	-2.5067356e-01	-2.0734052e-01	-7.6335222e-02	-8.6549222e-02	-2.3629406e-01	1.1209269e-01	-1.9254729e-01	-1.9207805e-02	-1.6373119e-01	-1.1477022e-01	6.7532063e-04	-1.7504379e-01	-1.7879316e-01	-2.7846056e-01	2.7531934e-01	-1.3213025e-01	9.1094770e-02	-2.6064911e-01	8.8728577e-02	-4.4483086e-01	-1.3172939e-01	8.6619712e-02	-1.6544294e-01	-1.2612927e-01	-5.0681067e-01	-1.1448385e-01	-2.7781230e-01	5.0512411e-02	-7.2707586e-02	1.2406230e-01	2.3868209e-02	1.4228319e-01	2.4875118e-01	-2.5774294e-01	1.2247504e-02	2.4215737e-01	-3.5734121e-02	-3.3152637e-01	2.0064774e-01	-1.4728235e-01	4.8642766e-02	-2.6032448e-01	-2.0462061e-01	-7.6359504e-01	1.3431795e-01	2.1609475e-01	7.1856163e-02	-2.2852263e-01	2.5407451e-01	2.7600260e-02	-6.4072609e-03	-2.9083031e-01	-1.5516499e-01	1.3314228e-01	-1.2862450e-01	5.1369302e-02	-8.6886898e-02	2.4745628e-01	-1.6717114e-01	-3.4207416e-01	-4.6309788e-02	-1.6863070e-01	-5.0369509e-02	1.7976138e-01	2.7345607e-01	1.4259762e-01	-3.6104497e-01	-2.2336638e-01	-3.5218582e-01	-1.0275463e-02	1.7619604e-01	8.7170891e-02	-1.9820721e-01	4.3386806e-02	-2.0715718e-01	3.7257835e-02	1.6557235e-01	-1.3712692e-01	-3.0584815e-01	2.9635081e-01	1.0164756e-01	-3.2669604e-01	-2.3656020e-01	-2.0871930e-01	-7.1940154e-02	-1.4476180e-01	-1.1302921e-01	8.7302722e-02	-1.7286916e-01	1.9900079e-01	-3.8970029e-01	2.1594873e-01	2.3990542e-01	6.4230151e-02	2.5132161e-01	-2.3854699e-02	-1.2920235e-01	1.9340965e-01	-3.5434717e-01	1.8726516e-01	-2.4822514e-01	3.1278518e-01	1.1770403e-01	1.1207226e-01	-2.2844400e-02	-4.2689317e-03	3.1355920e-01	-2.4756677e-01	1.2407300e-01	-1.7154011e-01	2.1799958e-01	-1.8996134e-01	-2.1831745e-01	-1.9386111e-01	2.9048082e-01	1.8847044e-01	-1.9157174e-01	-2.1613419e-01	-2.9158321e-01	-2.7839538e-01	-1.1313725e-01	-2.5507137e-01	2.4643660e-02	1.4110911e-01	-2.4763124e-01	-2.1834811e-02	-2.3528843e-01	6.2673703e-02	-3.2104278e-01	-2.8229967e-01	-2.9924461e-01	2.3734567e-01	-1.7468576e-01	-1.1432821e-01	1.1159017e-02	6.5927744e-02	2.1064058e-01	1.3872223e-01	1.8038404e-01	-3.1442784e-03	-1.2207791e-01	9.3078010e-02	2.4312063e-01	-3.6120106e-02	-3.1922996e-02	-4.9188444e-01	-2.2318661e-02	1.2808529e-01	1.5417442e-02	-6.0567491e-02	-1.9258794e-01	3.8860127e-02	3.8380057e-02	-2.3274152e-01	7.2337991e-01	1.0666287e-01	-2.1109533e-01	2.5559363e-01	3.6210023e-02	9.3016632e-02	-1.5081392e-01	8.4013000e-02	1.7501341e-01	4.1207463e-02	-1.3701153e-02	-3.5439658e-01	-2.8094882e-01	-9.9134542e-02	7.9862699e-02	3.6386956e-02	6.2924646e-02	-9.2076756e-02	-1.2547946e-01	1.0528644e-01	1.9378863e-02	-2.8314567e-01	-8.1576891e-02	-9.1700897e-02	2.5191119e-01	1.2714018e-01	-6.9733791e-02	-2.1662218e-02	-3.0801794e-01	-2.1187378e-01	3.5732787e-02	-1.8530513e-01	5.2278977e-02	3.0259296e-01	-1.4039065e-01	3.5212785e-01	-2.1152820e-01	1.0121757e-01	-6.7095649e-03	-1.1898049e-01	1.5745719e-01	-2.3653968e-01	2.5702879e-01	-3.6676234e-01	3.1542811e-01	-1.0005542e-01	3.9311802e-01	-1.0530340e-01	2.8838804e-01	2.2794724e-01	1.1995329e-01	-1.9317456e-01	-1.2619664e-01	-1.6362588e-01	-7.2879270e-02	-1.4215140e-01	2.9768673e-01	3.8335379e-02	1.7298225e-01	1.8626523e-01	-2.8634307e-01	1.6645345e-01	-9.8305859e-02	8.0851376e-02	7.3429858e-03	-2.8194970e-01	-3.1274572e-01	-1.5608437e-01	-1.9376296e-01	2.7531639e-01	-2.6759288e-01	-1.0379457e-01	-1.4416449e-01	-2.7864271e-01	8.3016261e-02	-7.5209111e-02	3.0072868e-01	2.2117200e-01	2.7875236e-01	2.5508508e-01	-1.2835623e-01	9.0869948e-02	1.0611197e-01	-1.2042709e-01	-2.2144537e-01	-1.8613347e-01	-1.7628242e-01	8.7935790e-02	1.7113540e-01	1.6912308e-01	3.6318320e-01	2.5127786e-01	-3.9801848e-01	8.2191475e-02	-5.4902425e-03	2.4686728e-01	2.5599995e-01	-2.9027128e-01	2.3833868e-01	-1.4939015e-01	-1.3897553e-01	1.7115250e-02	-2.5751543e-01	-2.3356001e-01	1.6695434e-01	-2.1225271e-01	2.2260725e-01	1.2573782e-01	2.4115710e-01	-1.5285228e-01	-1.0981087e-01	-8.6131416e-02	1.1340994e-01	-1.5129307e-01	2.3377603e-01	7.5736903e-02	-1.8676311e-01	8.9883469e-02	-3.6751598e-01	5.1767536e-02	-1.2099655e-01	-5.2807838e-01	-9.8910220e-02	2.4222431e-01	2.9444116e-01	1.1952190e-01	-1.4416431e-01	6.7923255e-02	3.7734479e-01	-1.5891138e-01	-1.6116682e-01	-1.6090167e-01	-1.3613748e-02	5.6680683e-02	-1.8245077e-01	-4.2135620e-01	-6.8279758e-02	-1.3834351e-01	-3.7050292e-01	-3.5201839e-01	2.5031918e-01	-6.4995751e-02	-6.7070745e-02	-2.5470072e-01	-2.3908083e-01	-1.5493983e-01	1.5738329e-01	1.8234840e-01	1.1556002e-01	1.3890220e-01	1.5316218e-01	1.0120121e-01	2.5631848e-01	1.9603826e-01	6.0608294e-02	-2.5635818e-01	-1.9834262e-01	1.2298263e-01	-1.2593311e-01	1.1717656e-01	-1.9247352e-01	6.5965317e-02	-3.1317404e-01	-1.4846948e-01	-3.4752825e-01	1.3546519e-01	-2.3060726e-01	1.4975204e-01	5.1401295e-02	1.9927827e-01	1.8489318e-01	6.7486152e-02	1.0624512e-01	-3.3931643e-01	2.0161882e-01	-2.5105685e-01	-6.2237859e-02	3.5603143e-02	2.5304815e-01	2.7894762e-01	1.4224233e-01	-2.8127065e-01	2.5586829e-01	-1.4596158e-02	-2.8858238e-01	-5.5137571e-02	-4.4833113e-02	4.8263326e-02	-2.0829596e-01	-1.9154046e-02	-1.0848615e-01	-1.7987081e-01	2.9361032e-02	-3.3141568e-01	1.6701281e-01	-2.6160453e-02	2.6791009e-01	-4.7647390e-01	-2.2423710e-01	-6.1068464e-02	-4.1917995e-01	1.6782373e-02	-2.3092887e-01	-8.7038845e-02	3.1674672e-02	-3.7505269e-02	-1.1915210e-01	9.0898916e-02	-2.4833973e-01	7.8166097e-02	9.4589949e-02	2.3335889e-02	-1.6512355e-01	1.8661384e-01	-2.5923079e-01	1.5140504e-01	-1.9557028e-01	-6.9310933e-02	-2.6739791e-01	-2.7820718e-01	-9.0316623e-02	2.7900204e-01	-2.7836087e-01	2.2018237e-01	-2.6181030e-01	5.0705516e-01	-7.6344125e-02	1.6127434e-02	5.7911012e-02	-2.8236410e-01	-3.4398860e-01	8.1846260e-02	2.2705179e-02	-8.7898865e-02	-1.4377585e-01	-2.1591829e-01	-5.6699663e-01	4.1870269e-01	1.0646871e-01	3.6101434e-01	-1.6662262e-02	-1.0137890e-01	1.2660137e-01	6.7267954e-02	2.6710898e-01	1.0642845e-01	-8.7011941e-02	2.8310156e-01	3.0089882e-01	-1.2550482e-01	7.7471122e-02	-1.9079641e-01	2.1376894e-01	-5.5740751e-02	2.0086238e-01	-1.0211498e-01	7.6713912e-02	-2.5841370e-01	-1.8593188e-01	-2.0651575e-02	-2.5376016e-01	1.9851376e-01	-1.9456338e-02	4.2273962e-01	2.3510745e-01	-1.3456763e-01	-1.8170089e-01	1.8616011e-02	-1.7307380e-02	-2.5277549e-01	-2.5494644e-01	2.7658081e-01	2.9341665e-01	2.1573337e-02	1.9207057e-01	2.7767277e-01	4.6751972e-02	-3.3616841e-01	-1.4161943e-01	5.9586335e-02	2.1777591e-01	-2.1993786e-01	-3.0757129e-01	1.6915176e-02	-2.0294307e-01	5.2629050e-02	-2.0574267e-01	-6.9415115e-02	5.7400163e-02	-2.6620567e-01	5.6718335e-02	-4.8563708e-02	-3.2512522e-01	-1.1916142e-01	1.2644722e-01	2.9529211e-01	1.1422420e-01	-1.1259967e-01	-5.1560499e-02	1.5182479e-01	-1.6410418e-01	-3.5961494e-01	6.7874789e-02	-2.0909730e-01	-3.7429508e-02	-2.4614777e-01	9.6381560e-02	-2.7167028e-01	-1.2781645e-01	2.2739615e-01	-7.4454516e-02	-9.3976609e-02	-2.8419176e-01	3.0189661e-02	6.8534061e-02	-2.4585275e-01	-4.1765798e-02	-2.9836541e-02	1.2872456e-01	1.5450256e-01	-5.6317970e-02	-2.2253491e-01	-1.5530021e-01	1.9461724e-01	-1.4890723e-01	2.6329511e-01	1.6707557e-01	2.7114756e-02	1.6026130e-01	-1.9463345e-01	1.8562438e-03	2.4717252e-01	-9.2041396e-02	-2.6777500e-01	1.7056520e-01	-2.9786596e-01	6.7603193e-02	-1.2768449e-01	8.6820342e-02	-4.4909886e-01	3.6564562e-01	-8.7801926e-02	5.0699674e-02	1.4609033e-01	-2.4635205e-01	4.4612247e-02	-1.9335140e-01	1.5181936e-01	2.7574243e-02	-6.2512740e-02	-3.4234661e-01	-6.5994000e-01	2.2085881e-01	-7.6012179e-02	1.6815650e-01	-1.7283635e-01	-2.5141659e-01	-9.3479447e-02	4.1861262e-02	-1.0041220e-01	-1.0320961e-01	-3.0001506e-01	-1.3981107e-01	1.6844375e-01	1.6371655e-01	7.8652449e-02	6.0392846e-03	-2.5077033e-01	-7.7800795e-02	1.3102666e-01	1.6912162e-01	2.1983792e-01	-1.7633758e-01	-2.6581392e-01	1.1762685e-01	1.0911147e-02	-1.6752429e-01	-1.8209371e-01	5.0448280e-02	-8.0687851e-03	-2.0451792e-01	-3.4226355e-01	1.5683988e-02	1.0255632e-01	4.0682979e-02	-1.6299833e-01	-2.6185599e-01	-3.1149963e-01	7.1345903e-02	-1.1753830e-01	2.2744779e-01	-1.8073919e-01	1.5384537e-01	-4.8258722e-02	-1.4916898e-01	5.7619330e-02	3.0355576e-01	-4.9296525e-01	-1.4064099e-01	1.5650919e-01	9.1774821e-02	-3.1308493e-01	1.7092471e-01	-1.2136033e-01	1.2585871e-01	-2.0348161e-01	-6.5101152e-03	-5.4482399e-03	1.4932841e-01	-5.2263554e-02	2.1979845e-01	3.4822740e-03	9.4040021e-02	5.2438077e-02	-6.6419065e-02	-6.4739533e-02	-6.6572972e-02	4.3607610e-01	9.1712475e-02	1.1115647e-01	-2.3804517e-01	-3.4984437e-01	1.3582295e-01	-1.6547421e-01	1.3585138e-01	9.2184722e-02	7.6608524e-02	-2.9477203e-01	-2.1683681e-01	2.0686862e-01	-7.1817942e-02	3.4462380e-01	-1.8627177e-01	7.3599361e-02	-2.4648239e-01	3.7479419e-01	-4.1479472e-02	-9.1272164e-03	2.4528427e-01	-1.7988843e-01	2.7261972e-02	-4.6224963e-02	-8.7030521e-03	3.4459218e-01	-1.7303248e-01	-3.5370228e-01	2.1771885e-01	5.4968052e-02	-5.0209725e-01	-2.7768070e-01	-2.3900698e-01	-2.5503874e-01	3.3948123e-02	2.7462468e-01	2.0177981e-01	-3.0929199e-01	-2.0454332e-01	5.2889287e-02	1.5135685e-01	1.6934541e-01	1.9573589e-01	-3.0311918e-01	-2.4714158e-01	-1.3660942e-01	1.6647995e-02	-1.5342298e-02	-2.4514624e-01	-1.8081324e-01	-1.0548621e-01	-7.1301967e-02	8.3937801e-02	1.0447508e-01	-2.9787481e-02	-8.7444298e-02	4.6105046e-02	-2.7058312e-01	-1.6841259e-02	2.3950270e-01	1.9494729e-01	-9.4898827e-02	-2.7803344e-01	-1.5343849e-01	-1.5116228e-01	2.5736085e-01	2.5814641e-01	-2.5499737e-01	-6.9172263e-02	-8.3385549e-02	1.3724999e-02	-3.0356061e-01	2.3615456e-01	9.1002636e-02	6.1304844e-03	1.8383762e-01	-2.3313014e-01	8.3243504e-02	1.0053153e-01	-3.1704581e-01	2.3876253e-01	3.3133170e-01	-2.6871771e-01	-1.3485704e-01	1.0808478e-01	-3.2700783e-01	2.2657171e-01	-1.4681832e-01	1.3731554e-01	1.1591336e-01	-2.7603168e-02	2.0663863e-01	2.0963745e-01	-3.2727784e-01	-1.9376627e-01	-2.7934483e-01	-1.4977679e-01	-1.5115139e-01	1.6467631e-01	3.3112904e-01	2.6544264e-01	7.2214626e-02	-2.2836913e-01	-5.2339971e-02	-2.4495179e-02	-2.0854438e-02	2.1057360e-01	-1.1056911e-01	7.2133578e-02	-1.7502056e-01	1.8443180e-02	-1.2045325e-01	2.8358641e-01	2.6105949e-01	-8.9847237e-02	-1.8888089e-01	1.5988031e-01	6.6078946e-02	-1.9440490e-01	1.7617726e-01	3.1204852e-01	-4.0903240e-02	1.6051286e-01	1.7856589e-01	3.0136847e-01	1.1384929e-01	1.2654187e-02	-7.9965889e-02	-8.8999858e-03	-1.4180261e-01	-2.1678777e-01	-2.2968654e-01	2.4288367e-01	-2.2973041e-01	1.3118392e-01	1.4628786e-01	3.0123413e-01	-5.4597236e-02	1.5580915e-01	1.2543112e-01	2.3193756e-01	1.5328740e-01	-1.8766430e-01	5.8661163e-02	2.1173510e-01	-1.4864045e-01	5.9570853e-02	2.6796671e-02	-2.2190754e-01	3.3235663e-01	-4.3109864e-02	2.2042423e-01	-2.5942352e-01	-2.8781772e-01	1.5866967e-01	-1.0704283e-01	1.1010496e-01	1.3238016e-01	1.3004597e-01	1.4898272e-01	-3.0307871e-01	2.5479159e-01	8.0774605e-02	2.2391365e-01	-1.7201295e-01	-7.8961626e-03	-1.5177812e-01	-1.7119348e-02	1.0324200e-01	4.3694093e-03	1.7872134e-02	1.5838224e-02	-2.4329366e-02	2.8498945e-01	-2.4155617e-01	2.1803829e-01	-1.4093125e-01	-4.6109486e-02	-4.3177966e-02	-4.4633280e-02	3.5302091e-01	2.4505657e-01	6.7117453e-02	1.9254909e-01	1.2513530e-01	-5.1451258e-02	-1.5273558e-01	-2.0863937e-01	-6.7054935e-02	-2.0229517e-01	-3.3227146e-02	-2.5422919e-01	-3.8436361e-02	-4.2364884e-02	3.1157681e-01	5.6346077e-02	2.3453784e-01	3.6222696e-01	9.9810541e-02	1.6233635e-01	1.3542864e-01	-1.1572427e-01	-2.6522830e-01	-2.3713715e-01	-1.1285114e-01	-2.0596325e-01	1.8378802e-01	-2.2211659e-01	-2.1794164e-01	-2.7228963e-01	1.0668897e-02	3.8277358e-02	-3.0776343e-01	1.7442322e-01	1.0197818e-01	-1.4442790e-01	1.9911121e-01	2.0220797e-01	1.8551351e-01	4.9180657e-05	2.0534079e-01	-3.3074396e-03	2.1077499e-01	-8.7669194e-02	2.7805051e-01	5.3882405e-02	-2.1017438e-02	-2.2970334e-01	2.1482784e-01	1.1356445e-01	2.9138757e-02	-1.1842227e-01	-1.2631190e-01	-4.3630594e-01	1.5430877e-01	1.5692629e-01	-3.0225456e-02	-3.3696857e-01	-1.9095986e-01	-3.3492705e-01
-2.3616460e-01	-3.8845390e-02	-1.9494885e-01	1.7122923e-01	-1.4912885e-01	-2.6906890e-01	-7.5327158e-03	-1.7724036e-01	-2.3050648e-01	6.9502369e-02	2.5707483e-02	7.5354800e-02	-2.6774299e-01	-1.0540080e-01	-2.6709223e-01	3.3612777e-02	-2.2498107e-01	6.1100379e-02	-2.0354073e-01	-1.7968318e-01	-1.5224113e-01	-7.0345163e-02	-2.2468780e-01	-1.5996508e-01	5.0074145e-02	-5.9537087e-02	-1.3577977e-01	-5.5970486e-02	7.7160895e-02	-1.8856871e-01	-2.8146356e-01	-2.1996504e-01	3.4791753e-01	5.6236889e-02	2.4823269e-01	-1.8378098e-01	2.5209802e-01	-1.1809680e-01	7.5869411e-02	-1.2888487e-01	1.8028668e-01	-2.8305379e-01	-5.8871537e-02	1.4351593e-01	3.1395286e-01	2.3490103e-01	-3.9515275e-01	1.3948417e-01	-1.1900180e-01	2.9505315e-01	-3.9368188e-01	-2.2678271e-01	-2.0648710e-01	3.0006938e-02	-3.2777402e-01	7.5140796e-03	-4.1033659e-02	1.3949025e-01	2.3522073e-01	-1.0592377e-01	-2.6056075e-01	2.0689380e-01	-2.1409269e-01	7.3944040e-02	9.5940977e-02	-2.7609429e-01	4.5103967e-02	3.0032960e-01	-8.5098274e-02	-1.0102417e-01	-2.7460337e-01	-1.5193315e-01	2.5525987e-01	-1.2820946e-01	1.8731324e-01	4.7307968e-02	7.9785436e-02	-1.8439665e-01	-3.7618968e-01	-2.4511516e-01	8.3301418e-02	-4.8444446e-02	-2.4075930e-01	3.9315638e-01	1.5241627e-01	6.9270022e-02	3.5268866e-02	1.1309069e-01	-2.2302939e-01	-6.0117924e-01	-1.9574270e-01	-2.2686888e-01	-2.1095234e-01	-3.0182070e-01	2.7645805e-01	2.2930750e-01	-1.1202195e-01	3.1303689e-01	9.5235847e-02	2.0755187e-01	-1.9140527e-01	-1.0906152e-01	-5.3497266e-02	-1.2030847e-01	-2.4210367e-01	2.1893002e-01	4.9399853e-02	9.1463029e-02	-2.3066463e-01	1.1188941e-01	1.3879469e-01	-3.1873095e-01	2.2745572e-01	-1.5899491e-02	-2.1703830e-01	1.9543137e-01	1.5267234e-01	-1.2117830e-01	8.5614614e-02	-2.2850598e-01	4.0793628e-02	2.4606593e-01	-3.2063997e-01	1.1971827e-01	1.5248081e-01	-2.9225430e-01	-1.7352806e-01	6.4196885e-02	-2.0987819e-01	8.9611366e-02	1.9210695e-01	-1.8260242e-01	5.5099331e-02	-9.5225826e-02	-2.1188748e-01	1.4543805e-01	-1.9737099e-01	-1.0624787e-01	5.5074394e-03	6.1122138e-02	2.2247085e-01	-2.6020655e-01	-2.1748513e-01	4.2982452e-02	-1.4700097e-01	-2.3098853e-01	2.0410338e-01	-1.7466466e-01	-2.5660685e-01	1.8737693e-01	2.4332727e-01	-2.5069714e-01	-2.8018656e-01	-1.3946818e-01	-2.3525490e-01	1.5554501e-01	-1.1868581e-01	2.6117164e-01	2.0877931e-01	-2.6623827e-01	4.1918612e-01	-2.0313731e-01	-2.8489962e-01	2.9291824e-01	-9.2662379e-02	-1.2532988e-01	1.5755238e-01	3.0481922e-02	-7.9626031e-02	1.0592759e-01	-2.4475096e-01	1.2468351e-01	-1.5409039e-01	-3.0959168e-01	1.5520118e-01	-2.7697638e-03	-2.5404570e-01	-1.0940847e-01	-3.2402962e-01	3.8850129e-02	-1.8828763e-01	4.4917207e-02	-6.2813625e-02	1.5116310e-01	-1.4108132e-01	-1.6859272e-01	-3.3547944e-01	3.6658958e-01	2.7231878e-01	2.7429050e-02	-2.4113718e-01	-1.6551472e-01	1.8413445e-01	-1.5889478e-01	1.0819742e-01	-3.5820842e-02	2.5450745e-01	2.8951165e-01	-2.3046507e-01	-1.2132847e-01	3.8430125e-01	2.8122550e-01	1.3932128e-01	-1.6035382e-01	-2.1461394e-01	-2.0708700e-01	-3.4410185e-01	1.1615979e-01	2.9472092e-01	-1.1268997e-01	2.0924003e-01	-1.1120302e-02	-7.5696461e-02	-2.9455897e-01	-6.1229013e-02	-2.0171089e-01	9.6727200e-02	9.4775409e-02	4.0921457e-02	3.4196010e-01	-1.0911483e-01	3.1070369e-01	-4.0542655e-02	-1.7568733e-01	1.3667125e-01	-1.4746299e-02	-2.1837765e-01	-2.9318571e-01	2.2819580e-01	3.3093434e-02	-2.1686523e-01	-9.5786199e-02	2.2836486e-01	1.9508843e-01	2.3458192e-01	8.9449540e-02	9.5670693e-02	-1.1876474e-01	-3.5069987e-01	1.7553028e-01	-2.4823181e-01	-3.9967965e-02	-3.3372581e-02	1.8115205e-01	-3.0222765e-01	1.9218312e-01	-4.7919504e-02	-4.4501688e-02	2.1558667e-02	-1.9117199e-01	1.2190544e-01	-1.9247262e-02	7.3564768e-02	-8.9136034e-02	-1.0509873e-02	-1.7144552e-01	6.3518271e-02	5.8897275e-02	-1.7454419e-02	1.0455801e-01	9.0291508e-02	9.7498894e-02	-1.9040442e-01	4.4505367e-01	-3.2021603e-01	-9.6166663e-02	1.6939968e-02	-3.4280309e-01	-2.9525560e-01	5.8806896e-02	4.5209866e-02	-7.3937699e-02	1.1895209e-01	-1.2733428e-01	3.7296746e-02	-2.9967245e-01	-9.6552528e-02	1.5052001e-01	1.0230091e-01	3.3897612e-02	8.7148704e-02	-9.7711086e-02	1.8601029e-01	3.9771665e-03	-2.6524866e-01	1.5757264e-01	-1.6656065e-01	8.6164400e-02	2.3232816e-02	-2.4238249e-02	-2.3016604e-02	-4.0371734e-01	1.5972950e-02	1.7961867e-01	-1.1774890e-01	-2.9107437e-01	-2.6120952e-01	-8.1483692e-02	4.2999923e-02	-9.6746854e-02	-4.0323845e-01	-1.6730864e-01	-6.4665034e-02	1.1322684e-01	1.1884793e-01	2.3786330e-01	4.4313435e-02	1.6378322e-01	-1.4051211e-01	2.8168619e-01	-1.0835897e-01	2.1657756e-01	-1.3309580e-01	-2.2633168e-01	-2.9039273e-01	-1.1666269e-01	-3.0104256e-01	5.9501562e-02	3.0640268e-01	-1.2320991e-01	2.3889422e-01	-2.8778496e-01	1.0214653e-01	-2.4427162e-01	-3.2569191e-01	2.3389004e-01	2.7658388e-01	7.7195816e-02	-2.5719324e-01	-1.7510106e-01	-1.1565089e-02	-3.9250836e-02	-2.3675716e-01	-2.9546565e-01	4.7393396e-02	7.2260708e-02	2.8420722e-01	-1.2889656e-01	2.2770226e-02	4.9761407e-02	-2.6547825e-01	9.0654835e-02	-7.0861191e-02	2.4399246e-01	-2.9064345e-01	4.1843966e-02	-5.6752268e-02	-2.2111370e-01	1.7790887e-01	1.6519731e-01	5.9756092e-03	-2.2192688e-01	2.4801724e-01	3.2753944e-01	-8.2537271e-02	2.2033593e-02	1.4386943e-01	-1.3561405e-01	-2.5944600e-01	9.8947875e-02	8.8430725e-02	1.4678025e-01	2.7721292e-01	3.1330428e-01	-1.3945101e-01	-7.4821949e-02	2.9432169e-01	6.0711440e-02	-2.5701237e-01	-1.5618539e-01	1.4092393e-01	7.1834654e-02	-1.5929866e-01	3.0856827e-01	-1.3293316e-04	2.2822015e-01	-1.1049188e-01	-1.5049702e-01	1.2177107e-01	-2.3257841e-01	2.0720296e-01	-6.2397528e-02	1.3915342e-01	2.3571879e-01	-1.6890919e-01	-3.6428954e-02	-2.1371748e-01	-2.1033211e-01	-1.1054423e-01	6.7065038e-02	-2.1401399e-01	-1.7385677e-01	-2.7202722e-01	1.7942362e-01	-1.4552836e-01	1.2804250e-01	7.0134982e-02	-8.8919960e-02	2.3289649e-01	-3.1093213e-01	-1.7070833e-01	8.0776758e-02	-1.4806610e-01	-2.6466557e-01	-9.6180648e-02	-1.7077729e-01	-1.7644960e-01	2.7518186e-01	6.5817423e-02	-4.7594301e-02	1.4643677e-02	3.9183315e-02	2.8234962e-01	3.1881548e-02	-3.4216648e-01	1.5900987e-01	1.0585494e-01	-2.2071595e-01	2.6571843e-01	-4.7248300e-02	-1.7559142e-01	-1.3240270e-01	2.6578608e-01	1.5400882e-01	-2.9000229e-01	2.4346288e-01	3.1149596e-02	-5.2023679e-01	-2.6228508e-01	-2.5620499e-01	-1.6329756e-01	-5.2268181e-02	-1.2386470e-01	-1.8186224e-01	2.4004473e-01	-2.8683457e-01	7.0836477e-02	1.7774938e-02	-3.1752173e-02	-1.3792361e-01	-1.0904546e-01	-2.5317792e-02	4.4878285e-02	6.1288394e-02	-1.2989408e-01	-1.3702770e-01	-8.9301445e-02	1.9116215e-01	2.9265708e-01	-2.1555378e-01	-5.3653324e-01	-8.6649537e-02	2.1866666e-01	2.3211226e-01	1.4112593e-01	3.6073637e-01	2.2708455e-01	-1.7648192e-01	-8.4245339e-02	-2.8832600e-01	-5.4769978e-02	-2.1378578e-01	5.4392576e-02	-3.2555768e-01	-8.4650859e-02	-2.8550065e-01	-3.2568160e-01	-3.2408237e-02	-1.6173819e-01	2.2898680e-01	-4.0577638e-01	-9.8852232e-02	-2.6070204e-01	1.9360298e-01	-4.0489444e-01	2.7224293e-01	-1.0297412e-01	8.2455367e-02	1.6916540e-01	2.6210856e-01	-2.9237515e-01	-1.5390296e-01	3.3359286e-01	-5.4160416e-01	2.0069325e-01	-1.7389964e-01	2.7563757e-01	3.1460356e-02	-1.8504709e-01	5.5433366e-02	2.8016201e-01	-2.5777868e-03	-3.8254908e-01	-2.3113912e-01	3.4167722e-01	2.8504470e-02	-2.8780499e-01	-2.3522922e-01	2.1967737e-01	-3.5715654e-01	3.5379846e-03	-3.2325730e-01	1.3258414e-01	-2.5573462e-01	2.8879425e-01	-1.3736132e-01	2.8312804e-02	1.7054649e-01	2.6822463e-01	1.1573709e-01	-1.3184924e-01	-3.1121477e-01	-1.2983529e-01	-2.9726595e-01	-2.1502374e-01	5.4422081e-02	1.3760102e-01	-9.1128439e-02	-2.3419409e-01	3.8775411e-02	7.6984838e-02	-7.2512075e-02	-1.6784960e-01	-1.0450868e-01	1.7265522e-01	7.0347995e-02	1.2364384e-01	-4.0451854e-01	2.9890400e-01	-2.3791008e-01	-2.6044822e-01	1.3133685e-01	-8.3533846e-02	1.1841191e-01	4.8236165e-02	-9.3645409e-02	2.1504207e-01	-1.8071628e-01	-1.4599758e-01	1.2693849e-01	2.0555693e-01	-2.5621787e-01	-2.7499107e-01	-8.7736897e-02	1.4175126e-01	6.1075527e-02	8.5223876e-02	1.9540440e-02	-8.4831052e-02	1.7558308e-01	-2.3606430e-01	2.1726014e-01	-2.6779824e-01	-1.6240419e-01	1.3503951e-01	-1.2173830e-01	-2.0434709e-02	-1.9864285e-02	-2.4273422e-01	-2.0843986e-03	2.3141372e-01	1.3490862e-01	-3.0113846e-01	-1.0596872e-01	-1.1493372e-01	1.0705671e-01	-2.9727334e-01	-1.5395679e-01	1.8868811e-02	-2.4889256e-01	8.5135713e-02	1.9350889e-01	-1.5274116e-01	2.1423487e-01	-2.6161557e-01	-2.2229381e-01	6.6382535e-02	-3.9751254e-02	1.0906010e-01	-5.0269462e-02	3.1293780e-01	-1.2551335e-01	-1.2665293e-01	2.4526881e-01	1.3743454e-01	-1.5796266e-01	1.5481117e-01	1.9425447e-01	-8.2505494e-02	-5.7938197e-03	1.2478611e-01	-6.0603432e-02	-1.6097507e-01	3.7073884e-02	9.4859436e-02	2.0243353e-01	-9.4751447e-02	-3.9629053e-02	9.7723812e-02	9.9300727e-02	2.1508941e-01	2.2619252e-01	-5.0192464e-02	8.0472760e-02	-4.0105101e-02	-9.9991858e-02	-2.2472231e-01	-1.7152853e-01	1.9144206e-01	-1.6514042e-02	-2.7354421e-02	8.3548211e-02	2.2107640e-01	-1.0675502e-01	-5.2784670e-02	-3.2325175e-01	3.0193317e-01	-3.0492926e-01	2.1746887e-01	8.1339240e-02	9.9729516e-02	-5.2429944e-02	-1.7991245e-01	-9.0383276e-02	-6.7248140e-03	-2.2424348e-01	2.5315475e-01	-2.8029275e-01	5.7309140e-02	-2.7148679e-01	2.6789603e-01	-4.3505732e-02	9.7409710e-02	-9.2554614e-03	-1.1713146e-01	-3.0530214e-01	2.9352558e-01	-1.2905246e-01	-2.3471296e-01	5.4433960e-02	-2.6722437e-01	-1.7240453e-01	1.5807749e-01	-7.2625138e-02	-1.8723522e-01	-4.6185330e-02	-2.7214998e-01	-1.4718212e-01	-1.2864377e-01	-1.9632331e-01	-3.4712106e-02	-3.1790370e-01	-9.0839110e-02	-8.5093409e-02	-1.0888754e-01	-2.0343554e-01	4.1306302e-02	1.5411951e-01	-9.3195483e-02	-1.3495132e-01	1.0687463e-01	3.0592799e-01	2.3145668e-01	-2.3118930e-01	2.8560816e-03	-1.2820242e-01	-6.2526174e-02	1.8580706e-01	4.1166011e-02	1.3049161e-01	-2.2946769e-01	7.8758225e-02	3.9617464e-02	1.2388408e-01	2.6138827e-02	-1.7455339e-01	-1.6002567e-01	-2.0750812e-01	-2.4052113e-02	-1.8819365e-01	2.4937528e-01	-2.8589624e-01	-3.0312502e-01	-1.7754313e-01	-1.4624137e-01	9.4169088e-02	2.4068438e-01	-2.5004268e-02	2.7526358e-01	-1.0614397e-01	1.9417316e-02	1.3437571e-01	-1.6426393e-01	-1.8632120e-01	-1.7375685e-01	-7.1683779e-02	-2.8926563e-01	-1.5304147e-01	-1.7053328e-02	-2.5607297e-01	-1.3509233e-01	1.6022986e-02	1.6317646e-01	5.7209231e-02	-2.1461810e-01	-2.3733926e-01	-1.7875989e-01	-1.1145837e-01	1.8482144e-01	3.7885390e-02	1.3826171e-01	1.9461104e-01	2.8460233e-02	2.5901446e-01	-4.5268118e-02	-1.8719912e-01	-1.9066061e-01	-4.0227160e-01	7.0253968e-02	-4.7207642e-02	1.0079150e-01	-5.1841922e-02	2.4513011e-01	-8.7385744e-02	2.6382080e-01	2.3662347e-01	-1.4241914e-01	-7.8686386e-02	-2.4067593e-01	2.7702519e-01	-1.5436366e-01	-5.4992206e-02	-9.8237596e-02	6.2610194e-02	-1.5051079e-01	-4.1378996e-01	-5.5240050e-02	1.1918544e-01	9.0266503e-03	-9.7680368e-02	-3.0737805e-01	-1.6274101e-01	1.1418238e-01	-5.7032287e-02	1.8933886e-01	-1.4409591e-01	-2.1833161e-01	-2.4735722e-01	1.7276827e-01	-8.5912704e-02	-5.4518674e-02	7.5137638e-02	-6.2894881e-02	6.0532462e-02	-1.1646409e-01	2.1873504e-01	-1.0056652e-01	-1.2940490e-01	2.5844046e-01	-2.0636778e-01	2.1161202e-01	-3.3109501e-02	-2.9567304e-01	-1.6027492e-02	-1.8917717e-01	-5.4852840e-02	2.2334795e-01	-1.5212069e-01	1.2686750e-01	-1.4047460e-01	1.5955783e-01	3.1760447e-02	2.7929952e-02	-2.1120282e-02	-2.0388274e-02	-2.3720868e-01	-6.8676829e-02	2.5270373e-01	4.5793276e-02	2.7027753e-01	-1.7569739e-01	1.1821696e-01	3.3971807e-01	2.2601187e-01	1.7933333e-01	1.9302034e-01	-2.0618960e-01	4.3894682e-02	1.7970155e-01	2.3089243e-01	9.4887711e-02	-1.4442334e-01	5.1266007e-02	2.6526952e-01	-1.0308776e-01	-1.6195454e-01	-4.6966940e-02	-7.0566684e-02	-2.7262557e-01	1.9608080e-01	2.1057071e-01	-1.8717502e-01	-1.0862004e-01	-1.4229880e-02	-3.1592536e-01	-2.3024084e-01	2.8546628e-01	-1.4660002e-01	1.6799942e-01	-1.5744130e-01	-6.3819066e-02	-1.2512150e-01	-8.6571850e-02	1.7186970e-01	1.1769772e-01	-2.2197174e-01	4.8114292e-02	1.4958391e-01	1.8023022e-01	-3.2007784e-01	4.4328943e-02	2.2842452e-02	1.6421124e-01	-8.3652906e-02	-2.9854491e-01	-2.2961086e-01	-6.7895569e-02	-2.0108406e-01	1.6624548e-02	-2.9077122e-01	3.0518640e-02	1.9580583e-01	4.7529362e-02	1.1959188e-01	-8.6883672e-02	-2.3752654e-01	-9.0472065e-02	-1.8144751e-02	-1.4827208e-01	-2.2701825e-01	1.9099043e-01	-1.5881117e-01	-1.3351117e-01	-3.9237529e-02	-4.3409315e-01	2.3560044e-01	-1.8685731e-01	-3.9096120e-01	-5.4214313e-04	1.1902130e-01	1.5238613e-01	4.9043238e-02	1.6996291e-01	-2.3805921e-01	-3.8522124e-01	4.0673569e-01	-2.2315060e-01	1.9941017e-01	-9.3042888e-02	-4.2379607e-02	-3.0332056e-01	2.6207596e-01	3.5694730e-01	-2.2640669e-01	-1.9689269e-01	-3.7835773e-02	1.9834521e-01	-3.1678134e-01	2.4429865e-01	2.1978432e-01	-1.7779513e-01	1.1216141e-01	-4.9735725e-02	-2.1150922e-02	2.7452925e-01	-1.7347917e-01	9.5004968e-02	-3.7740442e-01	-5.6487419e-02	3.6631785e-02	2.6108089e-01	-1.9427152e-01	1.5883633e-01	2.1998647e-01	1.8598142e-01	2.1548614e-01	-1.8724215e-01	8.9675911e-02	2.0012547e-01	-2.4631196e-01	-5.0492745e-02	-7.3312692e-02	-3.2163104e-01	-3.5129416e-01	-2.0718829e-01	2.4695562e-02	-1.8525331e-01	1.0668772e-01	1.7494020e-01	-1.3985538e-02	1.4578156e-01	-2.8823823e-02	-2.1129227e-01	-2.6007739e-01	-2.1189626e-01	1.4467363e-01	-2.4687828e-01	-4.5288125e-01	9.0797789e-02	-2.9211551e-01	1.8268336e-01	1.6490605e-01	2.2797647e-01	-4.3098848e-02	-8.2988873e-02	-1.5941192e-01	1.7998491e-01	1.4027618e-01	-1.2182321e-01	-1.8050730e-01	2.6878452e-01	-2.7900225e-01	2.7157931e-02	6.8369932e-02	1.1150344e-01	4.1375119e-02	2.4443506e-01	1.0318339e-01	1.2093180e-01	-8.0808349e-02	-1.9679564e-01	-1.1458828e-01	-1.4689337e-01	2.6638442e-01	-2.4994367e-01	2.1372567e-01	-1.6156742e-01	-6.4664949e-03	-2.3980433e-01	1.9960533e-01	2.8048316e-01	9.5226549e-02	8.2492493e-02	1.0194601e-01	-5.3509988e-02	-9.0500087e-02	-4.2791545e-02	2.2541125e-01	2.8833008e-01	2.8572734e-02	-1.6117668e-01	1.3818635e-01	-6.9614440e-02	3.5668064e-02	6.1076917e-02	9.7505592e-02	1.5832046e-01	-5.9014037e-03	2.4109471e-03	-1.7295654e-01	2.7253741e-01	2.4611506e-01	-3.9935848e-03	2.3093092e-01	-1.9475958e-01	-3.9328218e-02	-1.4316030e-01	-1.4773166e-01	1.5878777e-01	-2.0751023e-01	-2.6056230e-01	7.3762643e-03	6.8800569e-02	2.4273883e-01	-1.9350626e-01	1.0995674e-01	-1.6029692e-01	-1.7500563e-01	-3.0726987e-01	-1.3522729e-01	5.1231079e-02	-1.6214746e-01	-4.5223974e-02	-2.7007979e-01	-2.5773436e-01	-1.5201211e-01	6.1666578e-02	6.4516664e-02	2.5908953e-01	6.0543440e-02	-1.6752975e-01	1.5097193e-01	-2.3356150e-01	1.6924453e-01	1.4133517e-01	-1.5308742e-01	6.1474353e-02	6.6403963e-02	2.0411463e-01	-1.0663473e-01	1.5846451e-01	-5.4311205e-02	1.2902728e-01	3.5157678e-01	1.3626841e-01	1.1935956e-01	1.9204107e-01	1.9611762e-01	9.0060532e-02	-4.6049753e-01	-1.1317135e-02	1.9093108e-01	-3.0526564e-02	1.8857558e-01	3.2279007e-03	-3.6306748e-01	1.1848002e-01	-5.4022051e-02	1.9848676e-01	1.2052398e-01	-2.3321262e-01	-5.2412309e-02	-5.8664147e-02	7.5001799e-02
3.8849625e-01	1.2781627e-01	-1.0194682e-01	-1.5867226e-01	2.2551075e-01	-2.4621634e-01	-8.8756241e-02	-1.9478920e-01	2.6990077e-02	-3.4692091e-01	2.3594500e-01	1.3857846e-01	-2.6231110e-02	2.8801861e-01	-1.4215125e-01	-1.6898556e-01	-1.1309511e-01	2.1834569e-01	-2.7081215e-01	1.8983038e-01	-2.2343320e-01	-4.1540226e-01	-1.9519058e-01	-1.8785767e-01	2.2282617e-01	7.1506597e-02	-2.3193319e-01	-3.6088762e-01	4.6647545e-02	8.7459490e-02	-6.5689974e-02	1.7142828e-01
