9
input	24
dense	32
relu	0
dense	32
relu	0
dense	32
relu	0
dense	1
linear	0
7.999999979801942e-06
-1.9942075e-02	-7.6498254e-03	-3.6239211e-02	-2.7690923e-02	4.7667842e-02	-9.0326019e-02	-3.3102751e-02	4.2117490e-03	-1.5984567e-02	-7.9036336e-03	-1.5803842e-02	3.3666813e-04	-4.9967267e-02	-6.8172693e-02	-8.3940625e-02	-7.1159331e-05	5.4813642e-03	1.7669290e-02	2.8693765e-02	-7.8987882e-02	9.1058305e-03	5.5952877e-02	2.5519267e-02	4.1902259e-02	-5.2590780e-02	-2.1937393e-02	-7.2273031e-02	2.0151820e-02	-2.3269860e-02	-4.7990717e-02	8.3700053e-02	2.7583402e-02
5.5716489e-02	-2.5926368e-02	-3.0318400e-02	-5.1204149e-02	1.9449810e-02	-5.1763374e-02	-4.2992249e-02	8.2770018e-03	-1.3582882e-02	1.5249412e-02	-1.2364124e-02	-1.2566629e-02	5.4759262e-03	-1.5180071e-03	-1.1767362e-02	3.9325386e-02	3.9903354e-03	1.2000571e-02	-3.0927217e-02	-1.3524999e-02	-5.3990208e-02	-2.4928356e-04	-1.2559571e-02	-8.8477843e-02	-5.0710171e-02	5.1098611e-02	-1.9521559e-02	1.4688599e-02	-1.6191499e-02	-4.8743334e-02	-4.8093934e-02	-5.1679514e-02
-6.2264133e-02	-1.0801489e-02	-4.7588567e-03	-1.9349860e-02	2.5185011e-02	-6.3181534e-02	-1.1795140e-02	1.7737815e-02	-8.1301238e-03	-1.6416606e-02	-3.7033245e-02	-4.2678665e-02	-3.9057188e-02	1.3244161e-02	-6.8856411e-02	-5.1277306e-02	4.4743940e-02	2.2246486e-02	-3.2449141e-02	-3.2162599e-02	-2.0929351e-02	-2.1637421e-02	-5.5838585e-02	-1.6176051e-03	-5.9144441e-03	-1.0981064e-02	-2.2506800e-03	-7.7543980e-03	-6.3195528e-04	-5.4039611e-03	-3.7021808e-02	1.9823235e-02
8.3091613e-03
5.0563361e-02	2.5233686e-01	5.7849246e-01	2.0935459e-01	-1.6427866e-01	-2.2621630e-01	-2.5402358e-01	-2.5856301e-01	3.0590874e-01	1.0697316e-01	-8.6930739e-03	4.8254910e-01	-3.7229601e-01	9.9828966e-02	2.4928880e-01	1.1960645e-01	-2.4942671e-01	2.9051712e-01	-1.8970226e-01	-4.3932647e-01	3.1213632e-01	1.6459955e-01	-6.9255382e-01	-4.0499425e-01	4.8589316e-01	2.4288365e-01	4.4634423e-01	-3.8011497e-01	-4.0970203e-01	9.2820577e-02	2.3197767e-01	3.4067300e-01	-3.4630593e-02	3.4892890e-03	-1.1529442e-01	-1.5727122e-01	1.5702084e-01	-5.8281835e-02	1.6261044e-01	-1.2845044e-01	-1.1670129e-01	1.3090807e-01	-1.3306710e-01	1.2937990e-01	4.0599796e-01	1.2705097e-01	-1.7275487e-01	1.6205725e-01	3.6192182e-01	3.1858590e-01	3.6459211e-01	-1.2354048e-01	7.8041941e-02	-2.6267624e-02	3.4818050e-01	-7.4885853e-02	2.6846099e-01	-2.8365225e-01	-2.4713191e-01	-2.3594353e-02	2.7891366e-02	5.8799244e-02	2.1886627e-01	-1.8259008e-01	-2.5858423e-01	1.1537963e-01	4.0701784e-02	1.5012328e-01	6.0646929e-02	-5.6973994e-01	1.6565431e-02	-6.4634256e-02	9.1823377e-03	-5.6694961e-01	-6.2554473e-01	-1.9560470e-01	-2.1901530e-01	-7.0260145e-02	6.4973302e-02	-3.4145194e-03	-7.0818968e-02	-2.3673341e-01	-5.3370800e-02	-4.7031596e-02	3.3578715e-01	-2.0624721e-01	-2.1972226e-01	1.6304761e-01	-1.1671410e-01	2.9606234e-02	1.0255066e-01	1.0250224e-01	-2.2310723e-01	2.1689101e-01	3.9336365e-02	3.9746109e-01	-1.4194299e-01	9.2138415e-03	-1.5640756e-01	2.3300117e-01	-1.3435075e-01	-1.7428626e-01	-3.6929739e-01	-1.2905565e-01	1.1768154e-01	-1.4245868e-01	4.8931849e-01	4.7526500e-01	-8.0581822e-02	-2.5826856e-01	1.7304549e-01	1.9213413e-01	6.6304766e-02	-6.9582134e-02	2.2576348e-01	-7.9718418e-02	-4.6116766e-01	3.2589562e-02	-2.9883626e-01	1.9985229e-01	1.5289748e-01	-9.6510522e-02	1.5554263e-01	-7.8235745e-02	9.6114539e-02	1.5636921e-01	1.0125313e-02	-1.7145805e-02	-1.4910445e-01	-3.4060851e-02	7.2256491e-02	-2.3737141e-01	4.0076450e-02	7.7261396e-02	-1.6086859e-01	-1.1609954e-01	-2.3186882e-01	3.7127811e-02	-6.0671229e-02	-1.8725467e-01	-1.2178025e-01	-3.2916448e-01	9.3489856e-02	-4.4333270e-01	2.7388713e-01	6.5890797e-03	-1.0008948e-01	1.3914351e-01	-5.5164196e-02	6.0095280e-02	5.2568831e-02	-1.4905019e-03	-2.4018873e-01	-3.0768549e-01	-2.5657341e-01	7.8720488e-02	1.3850336e-01	2.7521825e-01	-8.7913081e-02	1.5637936e-01	3.1185547e-01	1.0906156e-01	2.5803116e-01	1.2614521e-01	4.5579497e-02	2.7015379e-01	-9.1795973e-02	2.6939753e-01	1.5102151e-01	5.3874332e-01	6.9991267e-01	1.7056453e-01	-2.1214552e-02	-1.9999388e-01	1.7566566e-01	1.9522974e-02	-9.8429538e-02	-2.5479800e-01	-4.5108873e-02	1.1333107e-01	1.6461420e-01	6.2285721e-02	-9.3355663e-02	-2.0943178e-01	1.0569751e-01	-1.5892924e-01	-2.8476175e-02	2.6909617e-01	-1.4876024e-01	1.3766979e-01	5.6415361e-01	4.8259932e-01	-2.9380772e-01	-6.2253201e-01	-6.6489351e-01	-6.0150037e-03	1.8955795e-01	-2.9207870e-01	5.5702914e-02	-8.8198550e-02	1.8487953e-01	-1.0743026e-01	1.6699000e-01	-1.4029512e-01	2.7539819e-01	3.4367353e-02	7.5777896e-02	-2.1335500e-01	5.8327541e-02	-3.2151240e-01	-1.3616682e-02	-2.2116420e-01	-3.5981643e-01	-2.4183631e-01	1.5290099e-01	-4.8299700e-02	-2.6795042e-01	-1.4080593e-01	-2.0760523e-01	3.3330813e-01	1.6783425e-01	1.4345731e-01	1.7970072e-01	1.0454984e-02	-2.3335111e-01	2.2684917e-01	-9.1659501e-02	-5.9634734e-02	-1.2812817e-01	3.0310914e-01	-1.9596823e-01	2.7147824e-01	5.7551280e-02	-9.6669853e-02	1.6791400e-01	-3.5662830e-02	-8.3727986e-02	-5.6406714e-02	1.2558465e+00	-5.4357654e-01	-2.3808169e-01	2.3018223e-01	2.0131618e-01	9.0602571e-03	-1.0702372e-01	-4.6274323e-02	1.8162954e-01	9.1292650e-02	1.0092703e-01	1.2012243e-01	1.2696889e-02	1.9689959e-01	-3.5258297e-02	5.5891775e-02	-3.2290152e-01	-1.7256562e-01	-1.0526861e-01	2.9456435e-02	-1.7850250e-01	-1.5475504e-01	2.1714389e-02	4.3875530e-01	2.7650219e-01	2.2152892e-01	-3.1657597e-01	-5.4726668e-02	-1.7288511e-01	2.5152481e-01	2.5683728e-01	-5.2898638e-02	-1.5365595e-01	2.1481827e-02	-2.6467231e-01	9.2469849e-02	1.1746524e-01	-2.4284932e-01	6.4095251e-02	2.2594699e-01	9.3652651e-02	-2.2220235e-02	2.2179881e-02	5.5520486e-02	-1.7995964e-01	-1.6912051e-01	-1.1294664e-01	-1.4275807e-01	9.6381658e-01	-5.0247210e-01	-1.4188871e-01	3.1077898e-01	2.2621539e-01	-2.9266399e-01	-1.8175492e-01	-2.7004868e-01	6.5026492e-02	3.3127582e-01	-3.2348668e-03	-2.2569796e-01	7.9688475e-02	-1.2409532e-01	1.4863843e-01	1.2620030e-01	3.2557748e-02	3.2526058e-01	-1.9138128e-02	-1.5986423e-01	-1.0918965e-01	-1.4311728e-01	-2.1127471e-01	1.2051341e-01	-2.9949546e-01	7.4855350e-02	4.7286969e-01	-3.6594737e-01	-9.9132419e-02	7.6030940e-02	-3.3909675e-02	-3.3854926e-01	-1.8669558e-01	3.1744951e-01	2.6053160e-01	1.6480185e-01	-2.2913893e-01	-1.8029878e-01	-6.4447649e-02	-1.3543215e-01	1.5026055e-01	9.2144221e-02	-1.2813260e-02	1.9140065e-02	2.8622486e-02	5.1677823e-02	2.1421660e-02	-4.7272959e-01	-1.3845816e-01	1.4591284e-01	3.4447411e-01	-1.2205373e-01	-5.8240104e-01	-1.7851284e-02	-7.8609489e-02	-2.3515184e-01	1.8797243e-01	1.2617861e-01	3.2822701e-01	1.9962652e-01	1.3331796e-01	-4.1268136e-02	-7.6644663e-03	-1.1121157e-01	1.4587595e-02	2.8011730e-01	1.2303723e-01	5.3064246e-02	2.4620442e-01	1.9885881e-01	-1.4925861e-01	2.2248453e-01	-8.6297315e-01	1.2422721e-02	3.8447452e-01	-1.7701253e-01	6.2326733e-02	2.3114961e-01	3.2079235e-02	-4.7990438e-02	2.4181150e-01	5.4420892e-02	-3.8180760e-01	-2.9602692e-01	1.9024594e-01	2.2118886e-01	-2.0527367e-01	-1.1357158e-01	1.1172593e-02	2.1991402e-01	-1.5293275e-02	-9.2653334e-03	1.2306108e-01	5.3051669e-02	-4.5768631e-01	-2.3683590e-01	3.8643104e-01	3.2900065e-01	-1.3423337e-01	-1.4263261e-02	-2.1293159e-01	-5.8906283e-02	-8.5591801e-02	-3.3221415e-01	-2.9781216e-01	8.0994241e-02	8.4066845e-02	2.9505685e-01	4.0026864e-01	2.1870372e-01	-1.4693919e-01	1.9433732e-01	-3.4722316e-01	8.5219063e-02	1.8788931e-01	-4.7287751e-02	-1.9295849e-01	-2.3630477e-01	5.1421225e-01	-8.7796673e-02	3.7634048e-01	7.2817102e-02	2.5680298e-01	-9.8862991e-02	6.0668093e-01	-3.2389387e-01	-2.1550378e-01	1.7652744e-01	1.8970305e-01	2.4339554e-01	9.7526468e-02	-2.4538976e-01	-3.5720506e-01	1.8269144e-01	3.2427227e-03	5.4579668e-02	4.8043404e-02	-7.6688819e-02	-6.3703395e-02	3.2724146e-02	1.2387649e-01	-5.7796855e-02	3.7198819e-02	-3.2231268e-01	-6.9791339e-02	-1.7617847e-01	-5.5786300e-01	1.7824560e-01	-3.1286994e-01	-1.9464238e-01	3.1426862e-01	6.8770081e-02	3.4356397e-01	-1.7232999e-01	-3.3079949e-01	2.1647011e-01	7.9874378e-03	-2.1091865e-01	-5.3985912e-02	6.0455929e-02	1.4086434e-01	-1.4158212e-01	4.8089769e-01	1.8269005e-01	1.1013257e-01	-2.2255535e-01	1.8342797e-02	2.5466710e-01	5.8607733e-01	1.0797904e-02	5.4887436e-02	8.3680838e-02	1.3534044e-01	-1.9019729e-01	-7.8367636e-02	2.3858538e-01	-9.8682314e-02	2.6750284e-01	-5.4869123e-02	1.2677702e-01	2.2791271e-01	-6.1369729e-03	-2.2249785e-01	3.0079085e-01	-6.2391367e-02	3.0485377e-02	9.9521585e-02	-1.2938184e-01	3.8254848e-01	1.2066504e-01	-8.4758297e-02	-1.2466729e-01	-1.6443574e+00	3.9013177e-01	2.5249633e-01	1.0195388e-01	2.2587964e-01	1.1829866e-01	1.4867407e-01	-1.5707433e-01	2.0804809e-01	-1.2811488e-01	-1.2408743e-01	2.1854339e-02	1.5554585e-01	-3.6512144e-02	1.1674407e-01	-1.2571394e-01	3.7558100e-01	2.0871483e-02	6.8709254e-02	1.2778797e-02	-6.5533660e-02	-2.9399398e-01	1.2609407e-01	-1.2189680e-01	7.7158445e-01	-1.8517929e-01	-2.5430936e-01	1.5551747e-01	3.0889723e-01	2.4565800e-01	-2.8450519e-02	-3.7497085e-02	2.2853032e-01	1.9536515e-01	-1.7441030e-01	-7.2120935e-02	-3.4449407e-01	-6.7100801e-02	2.1265420e-01	2.2976628e-01	6.4756304e-02	-6.6123769e-02	-1.0706075e-01	3.0900308e-01	-4.0000837e-02	-1.2405384e-01	3.2359219e-01	-1.8470315e-02	7.6691169e-01	-2.7259895e-01	4.7713315e-01	3.1852773e-01	1.6266786e-01	-8.6961649e-02	-2.6134574e-01	3.8394146e-02	-1.2367733e-01	-1.6064212e-01	3.1626493e-01	7.0743687e-02	1.6310947e-01	1.3662060e-01	-1.6572951e-01	-6.6095091e-02	2.9572579e-01	4.7725014e-02	1.5014832e-01	2.8335180e-02	9.6287824e-02	-6.5619111e-02	-6.5034248e-02	-4.1548526e-01	-2.6083866e-01	-6.5534723e-01	-3.6967227e-01	-7.0655189e-02	6.0877118e-02	-5.6336466e-03	3.4035996e-01	4.8919216e-02	-1.4313638e-01	1.1264574e-02	-3.8577300e-03	6.4479873e-02	-4.1838771e-01	1.6871358e-01	2.2556028e-01	2.2529693e-02	3.9434043e-01	-1.4678782e-01	7.8456998e-02	-9.8542303e-02	-2.2886583e-01	1.0886580e-01	-2.6775637e-01	1.9165309e-01	-7.5555116e-02	-5.5943578e-01	1.5397426e-01	-9.1992617e-02	-8.2630336e-02	1.8331233e-01	1.2949338e-02	-2.8044453e-01	1.5690227e-01	9.6336611e-02	-1.6782723e-01	-1.0015327e-01	8.9416496e-02	-1.0460239e-01	-8.9067765e-02	2.4585867e-01	-7.3478453e-02	6.4723501e-03	-1.1857964e-01	1.3801630e-01	-1.1854190e-02	1.4944637e-01	-8.1224628e-02	-3.4220326e-01	-5.2426130e-01	-4.0446636e-03	-1.6972685e-01	-8.6779771e-03	-3.1109437e-01	5.8465268e-02	2.8188658e-01	1.7309763e-01	1.2445834e-01	2.4027362e-02	-1.9881764e-02	2.7787969e-02	-5.4811823e-01	2.8004080e-01	-6.7942828e-02	-3.2782367e-01	5.0775919e-02	2.2998830e-02	-2.6337551e-03	1.8443470e-01	-1.3734140e-01	1.2849040e-02	-8.8208960e-03	-1.0322081e-02	1.5033363e-01	-1.3120790e-01	3.1420773e-01	-1.0689887e-01	5.6531173e-01	2.8201658e-02	-1.5834041e-01	1.7737564e-01	-8.3863713e-02	-4.6253111e-02	2.4626909e-01	-2.5530559e-01	-7.8447983e-02	1.0245407e-01	-1.6655697e-01	-2.5414070e-01	1.9342822e-01	1.1684369e-02	-3.4341395e-02	-1.4041182e-01	4.6148766e-02	-9.1114558e-02	2.8897789e-01	-3.2273087e-01	1.8482897e-01	4.1458469e-02	-1.9503377e-01	-2.9367140e-01	1.6358720e-01	-7.3283389e-02	-1.6478333e-01	-4.3841619e-02	1.5642093e-01	-5.1205355e-04	3.2420507e-01	-1.7701645e-01	-3.7428040e-02	1.6249777e-01	5.9715960e-02	-1.2131839e-01	1.6852039e-01	-2.8185168e-01	1.5271500e-01	-3.5966331e-01	-3.9864924e-02	1.0979736e-01	1.4636797e-01	2.5991809e-01	2.0110416e-01	-6.6262800e-01	2.5898430e-01	2.8281268e-01	5.6658626e-01	-7.5703077e-02	-2.5223219e-01	-2.2412319e-01	6.3671082e-02	1.3922097e-01	8.4273264e-02	-6.7640513e-02	-3.3244349e-02	3.7523198e-01	-2.5972120e-02	-2.1680735e-01	-9.8881871e-02	-1.6588001e-01	-1.5539421e-01	2.8511146e-01	-1.0528231e-01	-6.0536567e-02	-7.0417948e-02	-2.4540862e-02	1.4495696e-01	1.9738853e-02	3.3851061e-02	5.8565259e-01	4.7760960e-01	2.4021214e-01	-1.4106882e-01	-2.1153562e-01	-1.7716932e-01	-8.0315702e-02	-9.2551008e-02	2.0918116e-01	-1.1168534e-01	5.3964280e-02	-1.7577609e-01	-1.2637001e-01	-2.5500746e-02	2.3871098e-01	-1.5513609e-01	2.1901216e-01	1.5170017e-01	-2.6046291e-01	2.2893992e-01	9.3050487e-02	1.3366921e-01	-4.0186208e-01	-3.6230126e-01	-4.4870591e-03	-3.2685494e-01	3.8000125e-01	-7.1026415e-02	-1.1493935e-03	7.5367764e-02	-3.5072643e-01	-2.5985661e-01	2.4564135e-01	5.0892245e-02	-2.3410018e-01	2.3833583e-01	1.7833318e-01	-1.8503128e-01	4.7179915e-02	-4.3815025e-03	-8.2494438e-02	-3.6472708e-02	2.4200892e-01	6.8311892e-03	1.0847414e-01	4.9101570e-01	1.7450164e-01	-1.5441617e-01	-4.3364891e-01	-1.3261172e-01	2.3885262e-01	1.7259818e-01	-1.0844807e-01	2.5070465e-01	-1.3732262e-02	-1.9554161e-01	6.9814131e-02	-4.0868055e-02	1.9829869e-01	-2.7705893e-02	2.7056770e-02	-2.0759156e-01	2.3535348e-01	2.3440078e-01	-1.9504875e-01	-1.0627987e-01	1.2119530e-01	-1.8513903e-01	1.6854961e-01	-1.9266941e-01	-3.2493091e-01
-1.4269707e-01	-8.2797363e-02	-2.5005090e-01	1.4873622e-01	9.8010011e-02	2.8332454e-01	2.8428391e-01	3.9438404e-02	-5.4251753e-02	-2.7214417e-01	1.8531892e-01	-1.7332211e-01	3.0353153e-01	-7.4414872e-02	-6.4615548e-02	2.3898014e-01	1.6843352e-01	-9.0180725e-02	-9.1677345e-02	1.3681661e-01	1.8153685e-01	-2.8391406e-01	1.1463097e-01	-2.8693682e-01	-3.0624297e-01	-3.7509444e-01	1.7248727e-01	6.2108502e-02	2.8149927e-01	-1.3154063e-01	8.6696193e-02	-1.3042170e-01	-4.6112114e-01	1.1691763e-01	2.2250203e-02	1.2673163e-01	-9.0213917e-02	2.3502983e-01	-5.9067179e-02	-2.6796409e-01	-1.7175715e-01	-9.0068713e-02	1.1400195e-01	-4.9172163e-02	1.4999722e-01	8.3561674e-02	2.2912034e-01	1.4432400e-01	1.8569054e-01	2.2038044e-01	-1.3732927e-01	4.9199395e-02	-3.5434389e-01	2.1050902e-01	3.2272765e-01	-5.8191754e-02	2.4128047e-01	-7.3337406e-02	-9.4923526e-02	7.6533519e-03	-8.7718949e-02	1.3570306e-01	-2.7800956e-01	2.2746254e-02	-2.3402700e-01	-2.8120661e-01	3.2085877e-02	-6.9611324e-03	-5.8049966e-02	-1.7634910e-01	-2.7527046e-01	1.4897846e-01	1.1577083e-01	2.6088762e-01	-2.5156346e-01	-2.3066255e-01	-2.1527781e-01	1.6567522e-01	-3.2911658e-02	-9.7199023e-02	-1.4272952e-01	-6.8461746e-02	-4.1307735e-01	1.4482196e-01	2.9183000e-01	-1.4811586e-01	-2.2616950e-01	-1.0061862e-01	5.6378663e-02	-1.3011783e-01	-9.6915267e-02	-1.2940191e-01	-4.5948228e-01	1.8354230e-01	1.5513590e-01	-9.6870825e-02	-2.8023759e-01	-3.2314810e-01	-4.0531313e-01	1.3105302e-01	1.8405744e-01	2.9393187e-01	-7.2661690e-02	1.3136367e-02	7.8292124e-02	1.7920229e-01	-1.2576185e-01	-9.1054216e-02	1.0646553e-01	-1.0157198e-01	2.2622664e-01	-8.7104462e-02	5.3183655e-03	-1.1859070e-01	-1.9595450e-01	7.7779107e-02	3.2085571e-01	-1.0267841e-01	-3.0389783e-01	3.7717480e-02	1.1744357e-01	-5.0502781e-02	-7.2986133e-02	-2.3022677e-01	-2.9805648e-01	-4.5220986e-02	6.4337246e-02	1.2443455e-01	-9.7024523e-02	-3.7352848e-01	-1.8494576e-01	-1.5035628e-01	9.9557877e-02	1.4692694e-01	-2.6067374e-02	-1.4972240e-01	2.4311188e-01	9.5159784e-03	1.4971328e-01	1.3622595e-01	1.6138785e-01	-3.1961805e-01	-7.7830419e-02	-2.3512354e-01	-5.5487994e-02	-2.0717908e-01	2.4402186e-01	-1.8069692e-01	2.4095590e-01	3.1155187e-01	-6.4821102e-02	1.0859440e-01	-2.1721815e-01	-1.5819430e-02	8.3205746e-03	7.3985428e-02	2.3727084e-02	-4.1469347e-02	3.5546058e-01	4.4092860e-02	1.4872622e-01	5.1271662e-02	-1.8665896e-01	-1.9104584e-01	-2.4478661e-02	8.7021522e-02	2.1676179e-02	2.9855037e-01	9.0088248e-02	-2.1228811e-01	1.7648928e-01	1.2958983e-01	-2.2842830e-01	3.4959313e-01	1.5555270e-01	2.8173730e-01	1.1962001e-01	3.2541096e-01	-1.8966998e-01	6.1814088e-02	3.7540328e-02	1.5268897e-03	1.6883411e-01	2.8321397e-01	-1.8033956e-01	1.9698560e-01	2.1153939e-01	-3.3532137e-01	2.7582800e-02	1.9299142e-01	-2.4630681e-01	2.6850866e-03	-1.7465782e-01	-1.4417402e-01	2.7937308e-01	1.3835153e-01	2.5716889e-01	2.0685884e-01	-2.0411025e-01	-3.1635237e-01	-4.4341542e-02	2.1203892e-01	-6.7087330e-02	3.0601528e-01	3.1774035e-01	1.4059908e-02	2.6416162e-01	2.8059488e-02	-6.7362696e-02	-3.3441901e-02	-2.0958076e-01	-1.6997041e-01	3.0648124e-01	-6.1345488e-02	4.8616428e-02	-7.1041264e-02	-2.3159367e-01	8.4917173e-02	1.1361462e-01	4.0103722e-01	-1.3246858e-01	1.7538016e-01	7.2458215e-02	2.0997024e-01	2.2945449e-01	2.3601747e-01	1.4469020e-01	3.7929293e-02	-1.6165178e-01	-1.6573608e-02	2.3619163e-01	1.4158790e-01	1.3012850e-01	1.8509628e-01	-1.4769971e-01	-2.9860294e-01	6.5829352e-02	3.5308197e-01	-4.2750407e-02	2.3434897e-01	-2.5814024e-01	1.1504055e-01	2.5023205e-02	-1.2563443e-02	4.1141234e-02	3.5980523e-02	-1.4747645e-01	-9.0053111e-02	-4.0511049e-02	3.5269088e-01	8.8114087e-03	-1.5330270e-01	9.3702152e-02	-8.8497356e-02	-1.5308678e-01	2.1141492e-02	-9.2589788e-02	8.8673815e-02	6.5737297e-03	8.3085433e-02	2.0007536e-02	-1.5042493e-01	-2.8951618e-01	-3.2235867e-01	-1.0230524e-02	-2.2261903e-01	2.3972879e-03	4.1493632e-02	2.1856944e-01	-1.6880664e-01	3.0753976e-01	-1.9224243e-01	-2.8704441e-01	8.5304774e-02	2.7091518e-01	-1.2006132e-01	-2.2784139e-03	-3.5283959e-01	-9.4084539e-02	-3.3469868e-01	-3.4942096e-01	-3.3297710e-02	-1.6056263e-01	-2.7037618e-01	-1.9382355e-01	1.4589875e-03	-1.1708095e-01	1.6669025e-01	3.6907798e-01	-2.4584445e-01	2.6585650e-01	-2.0023759e-01	-2.4443911e-01	-2.1653727e-01	-1.7268577e-01	5.3725112e-02	-2.0781860e-01	-1.9289555e-02	-2.1792650e-01	-4.0561995e-01	1.7544079e-01	-6.6993803e-02	-3.4008813e-01	-2.3049840e-01	-1.3771378e-01	1.4950283e-01	6.0435932e-02	-5.2366916e-02	2.4370813e-01	5.6959081e-01	-9.1747805e-02	2.9641202e-01	-3.2080346e-01	2.2870782e-01	2.9286316e-01	-8.8387243e-03	1.3088395e-01	-1.8592523e-02	1.0852568e-01	2.2532634e-01	-1.6596237e-01	-1.0239985e-01	2.8322724e-01	1.5022150e-01	-4.3809600e-02	6.0701706e-02	-9.1674514e-02	-3.3073702e-01	-1.5287943e-01	-1.5347159e-01	3.0266223e-02	-9.0998776e-02	2.6252562e-01	2.0893835e-02	1.1958677e-01	3.0948555e-01	-1.1051816e-03	3.6486048e-02	-1.8721707e-01	1.1779466e-01	1.0910443e-02	4.6880770e-01	2.8448796e-01	-2.5970650e-01	-1.0927510e-01	-6.5854602e-02	-1.6186649e-01	-3.2089835e-01	2.0591712e-01	6.8537444e-02	-8.5213795e-02	-1.9083838e-01	-3.5915208e-01	-1.2574955e-02	9.9201955e-02	-6.2828219e-01	9.2488453e-02	6.4724781e-02	-3.1085584e-01	1.1442702e-01	-1.7908372e-01	-2.7019233e-03	-1.1160044e-01	9.7723976e-02	2.2502846e-01	-4.2753100e-01	1.8747458e-02	1.5666687e-01	2.8794974e-01	-1.5352702e-01	-3.0042922e-01	-3.0859996e-02	-1.0232134e-01	4.8229283e-01	3.3101386e-01	2.1149989e-02	-1.5620540e-01	-2.0499431e-02	-2.1835399e-01	-1.7878775e-01	-1.9915286e-01	2.2246349e-01	2.1034980e-01	1.9701430e-01	2.0074782e-01	-1.2516846e-02	2.3497480e-01	-1.1173334e-02	2.2317512e-01	-8.0295056e-02	-3.0053857e-01	-2.9864642e-01	1.1074478e-01	-2.0831726e-01	-1.4212368e-01	-1.5366638e-01	2.7360192e-01	2.6667506e-01	2.8706074e-01	-7.2369419e-02	1.1521464e-01	1.7499991e-01	5.9229728e-02	2.5466156e-01	-1.0645326e-01	6.3251160e-02	4.4117844e-01	-6.6754304e-02	1.9916365e-02	5.8774807e-02	1.5649150e-01	2.3315179e-01	2.7671352e-01	-2.6406723e-01	-2.8369990e-01	1.2255792e-01	-2.8802228e-01	-2.4832848e-01	-2.8126660e-01	-6.2696993e-02	6.0319120e-01	-1.7963432e-01	-1.4039822e-01	1.3545085e-01	9.3186527e-02	-1.6395847e-01	1.7009459e-02	4.0744796e-02	-3.5245627e-01	7.5472370e-02	-2.5433967e-01	-4.3748930e-02	1.5233615e-01	-9.2109524e-02	2.0177846e-01	5.0986581e-02	1.2590116e-01	-3.1185716e-01	-4.8889887e-01	-1.7369382e-01	-2.3773654e-01	-5.7668585e-01	-1.3330361e-01	-8.2395494e-02	-8.9722872e-02	-3.2731700e-01	3.4795305e-01	1.9993903e-01	-1.3888203e-01	1.3951810e-01	2.3993021e-01	2.5665238e-01	-2.1487454e-01	2.7764309e-02	-1.1585293e-01	1.1073123e-01	-8.9730605e-02	-4.2903610e-02	-1.9118676e-01	1.1782633e-01	-6.3540287e-02	-1.5035136e-01	2.4417132e-01	-5.9855003e-02	2.1389250e-01	-2.5016791e-01	-6.0023263e-02	2.4061629e-01	2.2637577e-01	1.3051179e-01	-4.5198061e-02	-1.0470401e-01	2.6930682e-02	-6.5508485e-02	5.6936465e-02	-2.5787169e-01	1.0014419e-01	-2.3855321e-01	2.8934926e-01	3.5911170e-01	-6.7521222e-02	6.8672217e-02	1.5414592e-02	-4.0324235e-01	2.4339060e-01	-3.4526551e-01	2.1719594e-02	-5.5007420e-02	-5.6628671e-02	-3.1244889e-02	-1.6838689e-01	-1.3756131e-01	1.7464149e-01	-3.9726546e-01	3.9550167e-01	4.0277001e-01	1.0662299e-01	-1.3570666e-01	-1.0297565e-01	1.7361653e-01	-6.9954239e-02	-1.1086906e-01	1.3548191e-01	-2.7845824e-01	-5.8083847e-02	3.4907693e-01	5.1630591e-03	-9.4176531e-02	1.6435671e-01	-1.8666887e-01	-6.0663935e-02	1.9634743e-01	2.3079215e-01	1.3563995e-01	-6.7190818e-02	-2.6518723e-01	9.4862401e-02	1.4946212e-01	1.7404266e-01	-1.5433106e-01	-8.6109929e-02	-2.8559646e-01	6.3644419e-03	2.0059715e-01	-1.0316744e-01	-1.7599155e-01	1.4569543e-01	-2.2375892e-01	3.7972778e-01	7.9585537e-03	-2.0105711e-01	3.7654498e-01	-2.1944538e-01	-1.2133446e-01	1.0198022e-01	-1.8306175e-01	2.5550243e-01	-1.9337391e-02	-1.2662663e-01	2.6064983e-01	1.3509627e-01	3.0027312e-01	-1.7854246e-01	1.8505675e-01	-2.7514345e-03	-3.6540869e-01	-1.2279178e-01	1.7197856e-01	-2.8148428e-01	-1.3100167e-01	-3.7528318e-01	-2.3472799e-01	1.8022224e-02	1.1616892e-01	-3.3175108e-01	-3.3914179e-01	2.2317365e-01	-8.9215264e-03	1.7840575e-02	7.0818728e-03	-2.1906424e-01	9.6178569e-02	-3.1034699e-01	2.1657458e-01	-1.1143489e-01	-1.9846302e-01	-1.6654934e-01	-2.8971258e-01	2.4829583e-01	-8.3227210e-02	2.0396030e-01	-3.0333090e-01	7.1222931e-02	1.4305909e-01	4.1376790e-01	-4.5514893e-02	2.6050419e-01	-7.6342940e-02	-3.7655488e-01	1.7216316e-01	2.1521811e-01	4.4627633e-02	8.4946314e-03	-3.3423167e-01	-3.4555703e-02	1.0890502e-01	1.2772605e-01	2.3012778e-01	2.2489303e-01	2.3575397e-01	1.4235713e-01	-1.0742925e-01	-9.3570374e-02	-2.1179992e-01	-1.7067018e-01	-1.1423496e-01	1.7200273e-01	-2.5318560e-01	-2.2185034e-01	2.2630061e-01	2.5740871e-01	9.4616748e-02	-1.1295185e-02	1.0108874e-01	-5.4581225e-02	-6.4069018e-02	-5.5301800e-02	-1.3710235e-01	-2.6517805e-01	1.7561843e-01	7.4275464e-02	2.8431469e-01	8.5099734e-02	1.8351617e-01	-1.0419549e-01	9.7582348e-02	-2.9308113e-01	3.4646282e-01	2.2983347e-01	-5.4190755e-02	-1.1069814e-01	-1.8651494e-01	-5.3046539e-02	1.3834752e-01	4.7193844e-02	1.8649313e-01	1.0065975e-01	2.4382299e-02	-2.9821983e-01	9.4265506e-02	-5.8575120e-02	-2.3927666e-01	-2.4960372e-01	2.2580871e-01	-1.9767126e-01	1.3575301e-01	7.8970261e-02	1.5095742e-01	-1.2199911e-01	1.8697573e-01	-2.0585473e-01	-1.6237888e-01	2.2260454e-01	-7.7367939e-02	-1.9554193e-01	-2.0972429e-01	-9.3522808e-04	-2.1440902e-01	1.4900264e-01	-1.9407313e-02	-1.5918922e-01	2.6194772e-01	1.9729914e-01	-1.6505827e-01	1.5192357e-01	1.0944749e-01	-3.0304527e-01	1.0301795e-01	-8.7970302e-02	-2.5842947e-01	5.5288166e-02	-5.5792410e-02	-1.6359954e-01	-3.7132886e-03	-2.1310320e-01	-2.8880116e-01	1.9302335e-01	-1.2507667e-01	-1.7313424e-01	-3.1954685e-01	-6.8833083e-02	-1.7639530e-01	4.8991289e-02	3.7883455e-01	-3.1543653e-02	-8.2377657e-02	-1.9817391e-01	2.0512211e-01	-1.5760840e-01	2.0626058e-01	-2.8263345e-01	-3.1937841e-01	2.8082588e-01	1.3996875e-02	1.8028383e-01	-7.1500368e-02	-1.8586881e-01	2.7172869e-01	-9.2686906e-02	6.4022969e-03	1.0019200e-01	1.0477604e-01	1.8942519e-01	-5.7423301e-02	3.2632554e-01	-6.6092782e-02	2.1959136e-01	1.0791229e-01	1.6060364e-01	-1.8099117e-01	3.5384715e-02	-2.7849591e-01	-2.6624048e-01	-5.0780930e-02	3.9403319e-01	1.1910457e-01	2.8428993e-01	-8.1451148e-02	-1.5253262e-01	-2.7297318e-01	1.3061137e-01	-1.0173982e-01	-2.2513669e-02	1.8764016e-01	-4.9367243e-01	3.7531585e-01	-8.3812647e-02	-2.3673582e-01	-3.4716803e-01	-1.5336476e-01	3.6389294e-01	-4.3951686e-02	-1.6823380e-01	-4.0725583e-01	2.9553400e-02	2.2560649e-01	1.8166538e-01	-1.7948826e-01	2.5870442e-01	-2.0104985e-01	-3.2922664e-01	5.9219589e-03	1.6499279e-01	6.4070143e-02	-2.0038675e-01	1.6049268e-02	-8.2024567e-02	-2.1397097e-01	-3.1916854e-01	-2.3272771e-01	-2.2084285e-01	-3.5392168e-01	-1.4726640e-01	-5.6724444e-02	-1.6458929e-01	1.0609939e-01	-1.5796699e-01	1.7989500e-01	2.5322637e-01	1.5677533e-01	2.5275793e-02	-2.2363792e-01	-1.6497758e-01	1.3423647e-01	1.7289828e-01	4.3466251e-02	-3.1074414e-02	-2.5366652e-01	-8.7184407e-02	-4.6923038e-02	-2.1046908e-01	1.1118385e-01	1.1694746e-01	-2.3253033e-01	-2.5912181e-01	-2.9038432e-01	9.4592124e-02	2.0787668e-01	1.3411990e-01	-1.4283416e-01	4.2779684e-01	-4.9158502e-01	-1.3769555e-01	2.5749722e-01	-2.6105055e-01	-2.4724442e-01	2.2421680e-02	-1.1002550e-01	-1.7751633e-01	3.2015198e-01	2.1486288e-01	-7.6554522e-02	3.8710311e-02	-1.5763733e-01	2.6689154e-01	1.2884019e-01	1.1623456e-01	-2.1572575e-01	2.1051313e-01	1.6793725e-01	2.2756556e-01	2.7555814e-02	-1.8264359e-01	1.2961826e-01	2.8771311e-01	-1.1540302e-01	-1.8462819e-01	-3.6094002e-02	2.1512270e-01	-5.3194445e-01	-2.2306223e-01	-2.3601881e-01	-1.3842289e-01	-2.2299375e-02	-2.0736998e-01	-3.3661237e-01	-3.0893700e-03	-2.3083664e-01	3.2064778e-01	-9.3398906e-02	-2.2320822e-01	-2.7001637e-01	-8.4079303e-02	7.4011190e-03	-1.0505474e-01	-1.6408814e-01	-6.4739722e-01	-3.1201524e-01	-4.7264673e-02	-1.4790230e-02	7.2684385e-02	-5.3968608e-02	1.7843632e-01	3.1179774e-01	-4.5158708e-01	3.4833136e-01	-6.6073412e-01	1.6592132e-01	-2.6729691e-01	-3.5460609e-01	5.6159433e-02	2.3784024e-01	1.6526468e-01	7.7898182e-02	-2.7971423e-01	-1.4254293e-01	-1.9428622e-02	-6.7962505e-02	2.4447027e-01	1.0012605e-01	-6.2886834e-02	-2.1926517e-02	-2.3616149e-01	-5.7923276e-02	-2.7061483e-01	-2.6509821e-01	-2.9515249e-01	-9.3566999e-02	2.5043941e-01	-3.9862528e-02	-2.9347593e-02	2.1281959e-01	-2.8702794e-02	2.8489465e-01	-2.5185037e-01	-1.4808148e-01	-2.4605528e-01	-1.9796760e-01	3.4994841e-02	-2.3338978e-01	-2.2604519e-01	-9.6772172e-02	-1.4448223e-01	-1.9020980e-02	9.0078019e-02	2.9667825e-02	-3.5648876e-01	1.6515361e-01	-8.5362963e-02	9.0233356e-02	2.1971299e-01	-1.7973007e-01	-7.9748794e-02	-2.0290478e-01	1.7303240e-01	-1.1839411e-01	1.5934439e-02	1.8935318e-01	-2.0601153e-01	6.8916164e-02	2.5640658e-01	-6.0481187e-02	1.4557290e-01	3.1262311e-01	-2.3763435e-02	-1.7827171e-01	-2.1347436e-01	-1.6674779e-01	2.2269672e-01	1.7472828e-03	7.9051860e-02	-3.1874657e-01	-8.0759294e-02	-1.9491848e-01	3.1838146e-01	1.7671920e-01	-1.3210243e-01	4.0383022e-03	3.9440417e-01	-2.1517207e-01	-9.4489753e-02	-1.5298450e-01	3.2906402e-03	-2.1287134e-01	-1.6828184e-01	2.5181186e-01	-2.0651983e-01	-2.3379824e-01	-2.6167177e-02	3.5368279e-01	-1.8510853e-01	-1.1185537e-01	3.0474645e-01	-2.3257495e-01	-1.0128743e-01	-1.0247876e-01	-4.4013643e-01	9.1412380e-02	-2.2823209e-01	3.5114062e-01	1.9861616e-01	4.4796322e-02	2.1034592e-01	-4.8599817e-04	-2.1137833e-03	-4.7113173e-02	-1.6064364e-01	3.4333068e-01	2.6559481e-01	-3.0120039e-01	-1.9684438e-01	-2.4820808e-01	9.7233355e-02	7.5459480e-02	2.1609400e-01	-1.5945348e-01	-4.3601822e-02	-1.8171588e-01	-1.4224601e-01	3.8414422e-01	-3.3900682e-02	1.1230753e-01	2.8557515e-01	-1.0309790e-02	4.3285930e-01	2.9630908e-03	-3.2915461e-01	-3.2449630e-01	2.2196946e-01	-4.4884350e-02	1.6881393e-01	2.3882945e-01	-1.5180294e-01	3.5884944e-01	-2.2798224e-01	2.8055847e-02	2.3219095e-01	1.1663571e-01	-7.5723633e-02	2.3234180e-01	-1.2378513e-01	1.2805812e-01	-8.1510566e-02	2.0783265e-01	1.1242560e-01	-2.2281663e-01	-2.1560176e-01	-4.0200207e-02	-5.2632220e-02	8.4884554e-02	1.9188735e-01	-1.0396215e-01	1.0185397e-01	-3.8491023e-01	-2.7916548e-01	4.3614939e-01	-4.2224675e-01	9.3851388e-02	1.4136226e-01	1.1851285e-01	2.4627571e-01	3.7557229e-01	-4.1506257e-02	7.0908271e-02	-1.7460164e-01	4.0807877e-02	-6.3163340e-02	-3.3118818e-02	2.2088793e-01	1.3712463e-01	-3.1042770e-01	-8.0950342e-02	-4.7181483e-02	6.5797657e-02	9.4395183e-02	2.8199688e-01	-2.7676684e-01	2.1727110e-01	-9.6437819e-02	-1.8325841e-01	3.2748762e-01	1.5043304e-02	9.2146449e-02	2.1975891e-01	5.9694022e-02	2.8139091e-01	-2.1525556e-01	1.4582711e-01	-2.2871000e-01	1.5521696e-01	2.4880773e-01	-3.0273151e-01	-4.3343621e-01	-2.0816246e-01	-1.6319843e-02	2.8867088e-02	-1.0775533e-01	1.3365515e-01	3.3289809e-02	2.5520518e-02	4.8119579e-02	-2.1209696e-01	1.1920549e-01	-1.5500717e-01
-8.4512204e-02	-1.5202423e-02	2.4484733e-01	7.6775469e-02	1.0892899e-01	-7.6641731e-02	2.6228415e-02	-4.2728931e-02	-2.8547588e-01	-3.7207645e-01	2.0948851e-01	-2.2080691e-01	-1.2944174e-01	-2.7223799e-01	-3.1239653e-01	-4.3682378e-02	-2.2406857e-01	5.6924723e-02	-2.5449073e-01	9.9626575e-03	2.0733148e-02	2.0404841e-01	-2.5131932e-01	-1.0911618e-01	-1.7263141e-01	-2.9715353e-01	2.1169981e-01	1.7961295e-01	1.9761589e-01	7.1419999e-02	-1.7698150e-02	-1.8086874e-01	-1.1382815e-02	-1.5681611e-01	-8.2762785e-02	1.9892645e-01	1.4033565e-01	2.5413141e-01	1.2609720e-01	-1.8385579e-01	-2.5525415e-01	-2.0800100e-01	2.5326189e-01	-1.0282471e-01	6.6323653e-02	1.9971412e-01	-1.1145770e-01	-2.3631538e-01	5.8214884e-02	-1.8877587e-01	1.5720110e-01	-6.4040930e-04	1.5027006e-01	1.4288582e-02	-3.7249652e-01	1.7021555e-01	1.3977012e-01	3.3474919e-01	2.4143972e-01	-9.5400661e-03	-4.3536708e-02	-1.3561086e-01	-1.4931981e-01	8.3294632e-03	1.2162474e-01	1.9613698e-01	9.7166441e-02	1.9183117e-01	5.5190258e-02	5.1181462e-02	4.7916591e-02	1.5098771e-01	2.1246536e-01	3.0784488e-01	3.5038307e-02	2.0720984e-01	2.7488243e-02	-2.1370645e-01	6.3325003e-02	2.4781662e-01	7.7866754e-03	-1.0925086e-01	-2.4123097e-02	1.2695469e-01	-9.3521483e-02	1.4388278e-01	-8.0827035e-02	1.4662564e-01	-1.3180235e-01	-4.5700716e-03	-1.9336531e-01	-2.0397362e-01	1.5397677e-01	1.3090178e-01	-2.1031410e-01	2.7997410e-01	1.1648671e-01	-1.6613057e-02	-5.6623057e-02	-1.3691273e-01	-8.3103843e-02	-6.7765765e-02	-1.0644642e-01	-1.1866649e-01	3.1522080e-01	-1.5884513e-01	-2.6656586e-01	-1.5235259e-01	-2.8438079e-01	-1.9249626e-01	2.8536245e-01	3.9142456e-02	-2.1454488e-01	-1.4530410e-01	-2.4907614e-01	9.5102310e-02	1.3747317e-01	1.0681335e-01	-1.0526062e-01	-3.0598938e-02	2.9757997e-01	-4.1060936e-01	-2.7067397e-02	-1.4347102e-03	2.6236123e-01	-1.0878088e-02	1.2159309e-01	1.8329807e-01	2.5944477e-01	-2.7876301e-02	-1.2837020e-01	-8.7106712e-02	-2.0394798e-01	-2.4937256e-01	-1.6346321e-01	-2.1849491e-01	-7.9160362e-02	1.5960863e-01	-1.0483667e-01	-4.4985110e-01	-1.1629963e-01	4.8347452e-01	7.5711779e-02	2.4422854e-01	-3.2666147e-01	-2.1888386e-02	-7.1571864e-02	-2.4867731e-01	1.1248358e-01	-4.4903249e-02	3.1360377e-02	2.5681761e-01	-1.2139578e-01	-1.3902077e-01	-2.1480328e-01	-1.9717047e-01	1.1186865e-01	-1.2854111e-01	6.2815383e-02	1.7967438e-02	1.2927547e-01	-3.1629920e-02	-3.1201783e-01	1.5353368e-01	-8.7564260e-02	2.7328430e-04	-1.5128951e-01	-2.1186504e-01	-2.3964167e-01	-1.3714555e-01	-2.3052674e-02	-4.8665408e-02	-1.5960775e-01	-6.7571655e-02	-2.0601659e-01	8.6103760e-02	-8.0684662e-02	-2.3711963e-01	-2.3937504e-01	-1.2414958e-01	1.6786605e-02	2.9948455e-01	-1.7005330e-01	4.3398056e-02	-1.7917351e-01	-3.4355801e-01	-2.0207381e-01	1.3709843e-01	-1.4483313e-02	-6.0117777e-02	-1.6986592e-01	-3.2212389e-01	-2.1447904e-01	2.3853469e-01	2.0150207e-01	-2.1472037e-01	1.6887182e-01	-1.0373807e-01	1.2701928e-02	-3.4004603e-02	-2.6166341e-01	-3.0586633e-01	-1.2325102e-01	-6.4045124e-02	3.9582387e-02	9.2123635e-02	1.7149845e-01	-4.0498218e-01	-2.9819244e-01	9.0237357e-02	1.1823638e-01	8.4597461e-02	-5.1374529e-02	-2.9835799e-01	-1.4795579e-01	-1.7554626e-01	-8.9799881e-02	9.4850726e-02	1.0708554e-01	-1.1435739e-03	-2.7427956e-01	1.4280757e-01	-1.4484143e-01	1.1197826e-01	1.3875127e-01	-1.3948929e-01	1.2444374e-02	-2.3524053e-01	2.0636033e-01	-1.0893349e-01	8.7036721e-02	-1.5728062e-01	9.9309124e-02	3.4159061e-02	-9.8791912e-02	4.3801937e-02	-2.7029711e-01	8.8218659e-02	-2.6305726e-01	5.1128268e-01	-1.4125906e-01	-1.2068566e-01	2.3978159e-01	1.5254411e-01	-5.5022258e-03	9.7021312e-02	-2.0204853e-01	2.1629713e-01	-3.4030360e-01	2.0465326e-01	1.1683618e-01	-2.7954553e-03	-1.8657055e-01	9.7631633e-02	-9.4479851e-02	-1.1004002e-03	-2.0066366e-01	2.0687552e-01	2.7071404e-01	2.8854513e-01	1.5842940e-01	2.6892611e-01	1.6877533e-01	-1.8457714e-01	1.1327526e-01	-2.8632292e-01	2.5913373e-01	2.9348704e-01	2.4737997e-01	2.6508287e-02	-1.1514924e-02	-1.2809360e-01	-4.9680243e-03	-7.3692068e-02	-8.6796366e-02	-1.9024578e-01	2.9233065e-01	-1.8043321e-02	-7.7903122e-02	2.8256088e-01	1.8238711e-01	-2.3648956e-01	-7.7936053e-04	-4.3345392e-02	-2.3565640e-01	-1.4127426e-01	-2.1692288e-01	-2.9798862e-02	-5.3822392e-01	-3.5489458e-01	2.6830569e-01	-6.9670640e-02	2.4795669e-01	8.5259065e-02	6.9062024e-02	3.3138040e-01	-3.7276093e-03	-2.8273341e-01	-2.1177045e-01	1.8844247e-02	-2.8311235e-01	-1.0430475e-01	-2.5184676e-01	4.3106053e-02	-1.9546704e-01	-5.0112265e-03	-2.3293437e-01	1.5208235e-01	-1.9052485e-01	-7.3514476e-02	2.7651945e-01	-1.6606018e-01	-2.9365352e-01	-4.2569142e-02	-1.7396023e-02	4.5673609e-02	9.1942050e-02	-3.0548250e-02	-5.7529498e-02	-4.1881479e-02	1.5551029e-01	1.1973614e-01	7.1193227e-03	-1.3901354e-01	-2.2674321e-01	1.8065086e-01	-2.0373246e-01	1.3533963e-01	-1.1759177e-01	-9.3702346e-02	-5.7920579e-02	-1.7088906e-01	-7.4247606e-02	-2.3510988e-01	-1.1420523e-01	3.0015039e-01	2.6159641e-01	7.7736497e-02	2.0765442e-01	-2.7601865e-01	1.5787405e-01	-6.6949255e-03	1.9638467e-01	-2.9694533e-01	5.9036657e-02	9.2823125e-02	-5.2828074e-02	-2.4932685e-01	3.8492359e-02	2.3618075e-01	-1.2075732e-01	4.4325575e-02	-1.1053480e-01	4.1197542e-02	-1.7353757e-01	2.9535536e-02	1.3293347e-01	1.8930338e-01	2.8798631e-01	6.1575282e-02	-6.6552952e-02	-3.1924173e-01	-1.8847379e-01	1.6431160e-01	2.1181229e-01	-4.7599912e-01	5.0055999e-03	-8.5564658e-02	1.1645695e-01	-1.5108694e-01	2.5238773e-01	-2.5293323e-01	-8.0237389e-02	-3.1265372e-01	-2.4146497e-02	-1.5278292e-01	-2.8824402e-02	4.8011282e-01	-9.8499700e-02	-2.3987089e-01	1.5957876e-01	3.6296465e-02	-2.1120502e-02	1.4790832e-01	1.2632544e-01	2.5324529e-01	6.9296807e-02	1.7446861e-01	-1.9619802e-01	-2.7827111e-01	-2.9225484e-01	-4.0644828e-02	-1.2930532e-01	1.1963090e-01	-3.1180141e-02	2.0890476e-01	4.4891875e-02	1.0429695e-01	-1.2059274e-02	-9.2217080e-02	-4.5406010e-02	1.1373200e-01	2.2334434e-02	-1.5064664e-01	8.3239228e-02	-1.4775030e-01	-1.6520645e-01	-2.0263956e-01	5.9629858e-02	-8.2796607e-03	-1.7520088e-01	-4.5000512e-02	1.5423078e-02	-1.9803616e-01	-2.7274802e-01	-8.4573202e-02	-3.1071559e-01	1.5299509e-01	7.5779721e-02	-2.2737487e-01	2.2961237e-01	2.3673548e-01	-1.0934968e-01	-1.4489350e-01	-1.8721485e-01	-7.7737647e-01	-2.4666657e-01	-2.1594258e-01	-1.6130480e-01	3.2090634e-02	-2.8128179e-02	-5.0246913e-02	9.7787775e-02	1.9639333e-01	2.0069782e-01	6.2168304e-02	3.1032182e-02	2.3385154e-01	3.9400630e-02	-1.9362486e-03	5.6010142e-02	3.5298857e-01	-1.9886756e-01	-1.6931893e-01	-4.4526553e-01	-7.4667715e-02	-8.4454373e-02	-4.3939757e-01	-3.1624755e-01	-7.2974466e-02	2.5528866e-01	-9.9341996e-02	1.1196694e-01	-2.6832744e-01	-5.3465855e-03	8.4755095e-03	-1.3186242e-01	-2.0346259e-01	1.5044405e-01	1.8883368e-01	2.2187855e-02	1.1032758e-03	1.7885843e-02	-2.2855912e-01	-1.7128560e-01	2.1492872e-01	8.6916655e-02	3.0311346e-02	2.4183314e-01	-2.9761907e-01	-3.5005722e-02	-1.7843759e-01	2.9462138e-01	-3.8728607e-01	-5.3970128e-02	1.7134361e-01	-1.4415561e-01	-1.3757052e-01	2.4382794e-01	-1.7611983e-01	-2.0491852e-01	-1.7748502e-01	8.6005300e-02	2.1510640e-01	1.0293549e-01	2.4970800e-01	1.9595234e-01	-1.4623880e-01	-3.1313083e-01	-7.2461441e-03	1.1839578e-01	-1.7881627e-01	-2.1705040e-01	-6.0562551e-02	3.0520365e-01	1.2762204e-01	2.3025681e-01	-1.1482973e-01	2.6858491e-01	-1.2241719e-01	-2.7466857e-01	-1.5970553e-01	-5.5351537e-03	-1.3674884e-01	1.5686285e-01	-3.8535053e-01	8.0691829e-02	-4.5955297e-02	8.4713250e-02	-4.2448603e-03	2.2975361e-01	6.8107061e-02	2.0997946e-01	-1.0782689e-02	-1.1090035e-01	2.7403545e-01	-1.8321475e-01	5.9681945e-02	-6.3871928e-02	-2.8889075e-01	-4.8136213e-03	-6.9861077e-02	-4.8833270e-02	-1.7229915e-01	-2.7237752e-01	-1.4652047e-02	-1.4414749e-01	1.0132448e-01	-1.9063205e-01	2.5479141e-01	-2.6005650e-01	1.4742906e-01	-8.1708580e-02	-8.9611985e-02	1.9382733e-01	9.2924394e-02	-4.5690840e-01	-4.5916358e-01	-1.7654136e-01	-8.1159905e-02	4.1368447e-02	-2.5445509e-01	-2.5936225e-01	-8.2150780e-02	3.5636179e-02	1.8770058e-01	2.5979963e-01	6.7195743e-02	2.9368702e-01	-9.8911151e-02	2.4821381e-01	-2.1386471e-01	3.0832815e-01	-2.5705633e-01	2.2487175e-02	-2.8039929e-01	9.6412838e-02	2.0991768e-01	1.9280611e-01	2.8383985e-01	-2.5841236e-01	8.0507785e-02	-7.4252807e-02	1.9645278e-01	5.2093803e-03	-9.6105628e-02	-2.1113487e-01	2.0891598e-01	-4.2142641e-02	2.7826412e-03	2.9798469e-01	2.2341566e-01	-1.6486023e-01	-6.2616348e-02	-1.2953202e-01	-3.0401489e-01	1.2276655e-01	-2.3177885e-02	4.3555662e-02	-3.0983618e-01	1.2648997e-01	-5.1463366e-02	-3.4135795e-01	-8.6565070e-02	1.4615936e-02	8.9310795e-02	1.2749343e-02	-1.1403585e-01	-1.8813033e-01	-1.7342155e-01	2.9330575e-01	-3.1541213e-01	-1.2234385e-01	-8.3134227e-02	-3.0593345e-01	-1.0274944e-01	1.0107032e-01	-1.7684977e-01	2.9054955e-01	-8.1502892e-02	3.0044800e-02	-7.4571289e-02	3.2340796e-03	2.5172940e-01	-1.9782303e-01	-1.7370019e-02	-3.1523135e-01	-5.5688810e-02	-7.6568186e-02	1.9117688e-01	-2.8017968e-01	-2.1291699e-01	-5.1336627e-02	3.9236430e-02	-1.2065010e-01	-4.0231597e-02	2.0621645e-01	-1.4756091e-01	-3.6506101e-01	-2.9993051e-01	1.4609446e-01	-1.2459471e-01	-2.0895350e-01	-1.0000385e-01	2.0695736e-01	-4.7220390e-02	2.6605400e-01	6.1172981e-02	9.1550082e-02	4.2689246e-01	2.0318833e-01	1.0864460e-01	-2.8041449e-01	-9.5378906e-02	2.0067605e-01	-5.1417727e-02	7.6628745e-02	-1.6435089e-02	6.4657263e-02	7.5398520e-02	-2.0716533e-01	1.0963828e-01	-1.1240796e-01	-2.8572807e-01	2.4401167e-01	-9.3929023e-02	-6.9867358e-02	-7.2849728e-02	-1.4703898e-01	-1.6605024e-01	-2.1673439e-01	1.9632213e-01	1.7631139e-01	1.1880592e-01	-1.3422783e-01	-4.9091882e-01	1.7111017e-01	4.3568887e-02	1.8997595e-01	-1.4302868e-01	-1.0703285e-03	1.1164168e-01	2.8773081e-01	-1.5226597e-01	-2.0004582e-01	-3.7394202e-01	1.6680444e-02	2.3505466e-01	1.5210535e-01	-2.8582680e-01	7.9770163e-02	4.6840489e-02	9.5299430e-02	1.5693401e-01	-6.2015887e-02	-1.2386637e-03	-1.9222753e-01	3.2034478e-01	-3.2050541e-01	-3.1917074e-01	3.5210781e-02	-2.9177985e-01	9.3892269e-02	-3.7028348e-01	-1.6337763e-01	-2.1833135e-01	-1.0732657e-01	2.5376716e-01	4.0417767e-01	-1.5826762e-01	1.3500752e-01	-6.2136717e-02	1.8709826e-01	-6.8593204e-02	9.3098268e-02	-2.1721709e-01	-3.7093729e-01	1.2837204e-01	7.9119705e-02	2.1448699e-01	5.5157177e-02	3.3180512e-02	6.8896510e-02	-3.7856793e-01	-4.3003410e-01	-9.7727723e-02	2.5965372e-01	-1.5182714e-01	4.9226385e-02	2.1396646e-01	-2.5231743e-01	1.1288677e-01	-2.1457772e-01	-2.2212639e-01	-1.9482669e-01	3.2372188e-02	-2.7756673e-01	-1.5150437e-01	-3.3221561e-02	-1.6882986e-01	-3.3169135e-01	-1.7213453e-01	4.9626515e-03	1.2794775e-01	1.2252548e-01	-2.1280012e-01	-2.6570892e-01	1.1761964e-01	-2.6782623e-01	1.2676977e-01	2.1699122e-01	2.4159995e-01	-1.2283288e-01	-8.4332332e-02	-8.9321472e-02	-1.6577484e-01	3.2271284e-01	-2.8523338e-01	-2.7941013e-02	5.0359543e-02	-7.0661046e-02	2.7192894e-01	2.3147321e-01	-3.0373323e-01	1.6410564e-01	-3.3520156e-01	-2.1775049e-01	1.3691226e-01	1.6541716e-01	1.3428216e-01	-1.3014477e-01	-2.6772618e-01	1.2520197e-01	-6.7509353e-02	2.9049998e-02	-1.1750420e-01	2.2903791e-01	-1.5642400e-01	1.6745940e-01	-2.0662645e-01	1.2107345e-01	-1.0820607e-01	9.2216291e-02	-1.7630351e-01	1.4832726e-01	-1.6556408e-01	-1.9324794e-01	-2.1844523e-01	-5.5951502e-02	-1.7561115e-01	6.9099888e-02	-1.3033746e-01	1.4731468e-01	-2.2934748e-01	-1.9150171e-01	-1.8033998e-01	-6.3676096e-02	8.9917518e-02	2.3885474e-01	-1.1600193e-01	-1.5056263e-01	-1.9043176e-02	1.6908272e-01	-1.9331925e-01	9.0432025e-02	3.5802463e-01	2.9056851e-02	1.3213247e-01	-2.7002534e-01	-1.0065872e-01	5.2234225e-02	-6.9604754e-02	-3.7982079e-01	-2.1683797e-03	1.0165068e-01	2.3996846e-01	-1.1835948e-02	-2.0613959e-01	-8.7342329e-02	1.8331441e-01	-3.7839410e-03	1.9235095e-01	-3.0005556e-01	-6.2046368e-02	-1.0736528e-01	3.9206017e-02	5.4972295e-02	-3.6120649e-02	1.6259797e-01	9.2874207e-02	-9.8881930e-02	1.4013609e-01	3.1746063e-01	1.7191841e-01	1.3496645e-01	2.0617251e-01	-6.4755499e-02	-1.6411422e-01	3.4368926e-01	-5.7899602e-02	-1.0940674e-01	1.4739126e-01	1.0345004e-01	-2.4037986e-01	3.8422009e-01	-2.4916409e-01	-2.8925982e-01	-4.4656202e-02	1.2322319e-01	3.4857193e-01	-6.5466069e-02	5.2422505e-02	1.2913436e-01	7.5486740e-03	1.2254211e-01	1.7830530e-01	-4.5771867e-02	7.1412720e-02	1.5156384e-01	1.4066659e-01	3.1271482e-01	-6.7945778e-02	-4.6689343e-02	7.7127434e-02	-1.0638752e-02	-1.4449415e-01	-1.4630425e-02	-4.4257816e-02	1.4773493e-01	-2.6486710e-01	-1.7703271e-01	-1.0659921e-01	2.0871939e-01	1.2645873e-01	-2.8283429e-01	-3.1713653e-01	1.4335002e-01	-7.3016040e-02	-8.5373357e-02	-3.2063025e-01	-2.0391442e-01	-1.6851369e-01	4.4659567e-01	-2.2607003e-01	-6.6540426e-01	-1.4647745e-01	7.9005299e-04	-1.5417452e-02	-6.3545816e-02	1.0881308e-01	2.6204801e-01	-1.2748222e-01	-1.8670058e-01	1.6617706e-01	-8.5060380e-02	1.4764865e-01	-2.6534495e-01	-2.0634371e-03	-1.2421759e-01	-5.5405378e-02	-3.6670578e-01	-1.5782337e-01	-2.7666089e-01	2.6924828e-01	-1.5058117e-01	3.6934715e-02	1.3232541e-01	1.6748388e-01	-2.6934391e-01	-3.9328751e-01	1.0151603e-01	-1.6049461e-01	-4.2388339e-02	-2.2353645e-01	9.5904298e-02	-2.4134336e-01	1.3102257e-01	-3.2862738e-02	-1.3739379e-01	1.1597034e-01	2.8232029e-01	-2.2244571e-01	-2.3670293e-01	2.2659875e-01	2.8501388e-01	-4.8128482e-02	-3.1462586e-01	-1.2697044e-01	1.0331883e-01	-4.2713333e-02	3.1870581e-02	9.7527117e-02	-2.6520151e-01	-2.1221195e-01	7.0782237e-02	-1.7394203e-01	2.0386662e-01	-2.7888173e-01	2.2792050e-01	-7.6350957e-02	-2.5013867e-01	9.6927509e-02	-2.4417612e-01	-4.0961884e-02	-1.8862598e-01	3.4422472e-02	2.0117918e-01	3.3386715e-02	-1.2334660e-01	-2.4664406e-01	1.8034682e-01	-2.9388282e-02	7.1453825e-02	-3.1258125e-02	2.7442402e-01	9.1205798e-02	-1.9200283e-01	-1.0586344e-01	1.7149974e-01	-1.5032317e-01	-8.1467129e-02	-2.0496148e-01	-1.6330498e-01	6.8231575e-02	-3.2334626e-01	-2.5145140e-01	-1.3600916e-01	2.1685410e-01	-1.8083625e-01	-3.4190962e-01	-5.2671269e-02	8.9373358e-02	1.0882047e-01	2.1175818e-01	-1.4197457e-01	-1.2693715e-01	-5.7176119e-01	-1.0515250e-01	8.2961787e-03	-3.4275615e-01	-5.5848159e-02	1.8630978e-02	2.5457695e-01	1.5994467e-01	-2.8300166e-01	-2.8557247e-01	-6.6958241e-02	-2.7793446e-01	-8.3440922e-02	-2.4073120e-02	-1.3105644e-02	-1.5812366e-01	-3.1849232e-01	-1.4491273e-01	-1.0539455e-01	1.8394580e-01	-2.3095162e-01	1.3539501e-01	-3.1664151e-01	-7.1500223e-03	2.1365115e-01	1.6369136e-02	6.3336931e-02	1.9476412e-01	-1.9125186e-01	-9.2190795e-02	2.3991972e-02	2.6341340e-01	-2.1783704e-01	-8.6230710e-02	-2.2260398e-01	-1.4223619e-01	-2.7329886e-01	6.5434180e-02	4.1880202e-02	1.1507393e-01	-1.7161673e-01	1.2484666e-01	2.2366141e-01	-1.5694091e-01	-2.8043464e-01	2.2964219e-03	-1.9143115e-01	-1.1721415e-01	-1.1879297e-01	1.2613791e-02	1.6660610e-01	-2.8554019e-01	-1.4229207e-02	2.2479564e-01	2.0275846e-01	1.7785145e-01	-1.3977738e-02	-2.9905716e-01	-1.9219196e-01	5.4522570e-02	8.3268933e-02	3.8330656e-01	-2.9823723e-01	-1.6884297e-01	1.9238789e-01	-3.7048736e-01	-1.6122936e-01	4.5697358e-02
1.3641474e-01	1.7534371e-01	-1.3216110e-01	-6.5027058e-02	1.7303705e-01	-1.3299368e-01	3.7501794e-01	1.0896251e-01	-2.1313347e-01	5.0817605e-02	2.1579832e-01	1.6830784e-01	1.4515589e-01	5.5572033e-02	2.6895863e-01	-1.5240877e-02	9.2035599e-02	1.4909606e-01	2.8585428e-01	1.2790067e-01	-1.0678308e-01	7.2441615e-02	3.9600652e-01	-1.8988778e-01	1.8113543e-01	-1.0437705e-01	1.1313733e-01	2.6283467e-01	2.9647476e-03	8.3540455e-02	-3.0907628e-01	7.7333085e-02
