9
input	34
dense	32
relu	0
dense	32
relu	0
dense	32
relu	0
dense	1
linear	0
7.999999979801942e-06
0.0000000e+00	-1.6972227e-02	3.3939347e-02	-1.3916694e-02	-3.2894403e-02	-3.2181788e-02	-5.2920006e-02	-3.9806306e-02	8.3425812e-02	-7.9889715e-02	4.5739632e-02	9.6332595e-02	-4.6636187e-04	-1.2967033e-02	-2.2199746e-02	-1.5492588e-02	-2.9663756e-02	-2.2765113e-02	-2.4448508e-02	-1.9142600e-02	3.6110908e-02	-5.8391470e-02	-8.9891879e-03	-2.0608941e-02	1.7263802e-02	-9.3372360e-02	5.5257868e-02	-4.9531952e-02	-3.9254413e-03	-4.1933089e-02	-1.6779238e-02	-3.1758878e-02
1.4602955e-02	-7.6648155e-03	-2.0228479e-02	3.5049457e-03	-9.5860943e-02	1.8760452e-02	-6.6004358e-02	-4.4378612e-02	4.5216633e-03	-4.0996160e-02	-7.8828290e-02	-5.3123843e-02	-3.3535380e-02	-5.6488566e-02	-1.4293899e-02	-3.6568888e-02	-5.2937935e-03	-4.8037611e-02	-5.5913541e-02	-1.7489715e-02	-4.0955357e-02	-6.2717862e-02	2.3053227e-02	-6.6687979e-02	-1.3075973e-02	-2.5554111e-02	-6.3208974e-04	-2.1061024e-02	4.9727425e-02	-3.9486300e-02	-5.7901017e-02	-1.9777417e-02
-1.4701049e-02	-1.1245702e-02	1.3074514e-05	7.3848790e-03	2.6356517e-03	1.6010166e-03	-6.7531532e-03	8.8901579e-04	-2.9973123e-02	1.8658767e-02	-3.2252226e-02	-1.0835263e-02	-4.6734370e-02	-2.8392719e-02	-2.8229922e-02	-3.7468646e-03	4.3907822e-03	-1.1281671e-03	5.1079742e-03	-5.1144354e-02	-8.6455457e-03	-5.7269420e-02	-2.5522872e-03	-3.8062293e-02	-4.2622183e-03	-1.7864542e-02	-1.8512739e-02	-2.4198454e-02	-3.4698077e-02	5.7724654e-03	-6.4167850e-02	-1.4925567e-02
-2.3420355e-03
2.9944253e-01	1.2245053e-01	-2.4507797e-01	-2.9463381e-01	9.2689484e-02	2.6549315e-01	-1.5471393e-01	-1.7195439e-01	-2.7812111e-01	2.1277064e-01	-6.2156215e-02	2.7408534e-01	-1.2325314e-01	2.2681022e-01	-2.3387037e-01	2.2663939e-01	6.7052156e-02	-1.9616076e-01	2.3827124e-01	-4.0721923e-02	2.8926963e-01	1.4495534e-01	-2.6624212e-01	-1.7135315e-01	-2.1552308e-01	-2.9355681e-01	-1.5187602e-01	1.5652251e-01	1.2562883e-01	7.9992920e-02	1.6889235e-01	1.8306372e-01	-1.1867730e-01	2.6229221e-01	1.4911965e-01	-3.2120097e-02	-1.0469744e-01	1.7726836e-01	-1.0640471e-01	-8.5171843e-03	9.3242228e-02	-1.8763058e-03	-4.7276174e-03	-6.9395092e-04	1.4516190e-01	-7.3891610e-02	-1.5907837e-01	4.4022955e-02	-7.0261411e-02	2.6247233e-01	-2.7126026e-01	-2.3190171e-01	-5.9909981e-02	5.0836973e-02	1.7435503e-01	-8.5708164e-02	3.0718204e-01	2.0282659e-01	-1.2296622e-01	-2.1667191e-01	4.7467943e-02	-2.1363603e-01	1.4067113e-01	-2.6281485e-01	3.8508020e-02	2.3434320e-01	-2.2804162e-01	-1.2171113e-01	-2.9947901e-01	-4.5006391e-02	-1.5314488e-01	-3.7807193e-01	-3.5581619e-01	-8.5219637e-02	-3.3653358e-01	2.7589017e-01	-2.2676133e-01	6.4492524e-02	-1.4071554e-01	-2.6154122e-01	2.5721798e-02	-9.9190161e-02	4.7086544e-02	2.1317638e-02	2.0083100e-01	-2.3353575e-01	-9.0002574e-02	-1.5287109e-02	1.0446604e-01	-1.7935283e-01	2.4791819e-01	-4.5648616e-04	1.3794418e-01	-1.2290587e-01	-1.1529122e-02	-2.9207757e-02	-9.4787560e-02	1.7491671e-01	-5.4348867e-02	-1.2197611e-01	3.7402517e-01	-1.3189353e-02	-4.6188850e-02	1.4922233e-01	-1.3170512e-02	2.2733788e-01	-2.3875256e-01	9.0382785e-02	2.0469921e-02	9.3865730e-03	1.0652022e-01	-2.3273183e-01	-1.1216724e-01	-1.4315471e-01	-1.5051177e-01	-3.2354373e-02	2.4147227e-01	9.5613196e-02	2.5701976e-01	-1.8912275e-01	6.9944702e-02	-2.3397903e-01	2.4129938e-01	3.0374846e-01	8.7891325e-02	7.3322490e-02	1.6794291e-01	-2.5641564e-01	-5.4406557e-02	-1.3778165e-01	-2.1071889e-01	1.4075950e-01	8.8889681e-02	2.2899346e-02	-1.7966481e-01	-2.1473679e-01	-3.2907736e-01	-2.5831658e-01	-2.9660976e-01	1.9800767e-01	9.2076428e-02	-1.3356945e-01	-1.5418929e-01	1.8377091e-01	-9.9259481e-02	3.3078736e-01	-9.4442554e-02	2.3503001e-01	1.5675057e-01	-9.1802076e-02	-1.8792982e-01	1.5631363e-01	9.3090035e-05	1.0122065e-01	1.2045174e-01	-1.4531477e-01	-1.1585829e-01	-7.9851300e-02	-5.2982986e-02	2.3431498e-01	-1.0629255e-01	4.6252262e-02	1.1466685e-02	1.4920859e-01	-2.0687620e-01	1.2094723e-01	2.2455875e-03	1.3711368e-01	2.0409985e-01	3.9905167e-01	-2.6159078e-01	-2.2080603e-01	2.4612463e-01	1.4659475e-01	9.1985032e-02	1.8504713e-01	-3.1936571e-01	2.5938073e-01	4.9856134e-02	2.3584192e-01	-1.3472797e-01	5.1963553e-02	7.1707495e-02	-5.1686872e-02	1.0570865e-01	2.2855389e-01	5.6843817e-02	1.6293658e-02	-1.6592991e-02	2.7229705e-01	-9.8280311e-02	-2.0695785e-01	1.0711952e-01	1.1478485e-01	-1.0715300e-01	6.6096112e-02	4.3411728e-02	-2.5799543e-01	-2.0140181e-01	-2.4209252e-01	2.0934984e-01	1.9092984e-01	-4.5387585e-02	-2.2192664e-01	4.0531930e-01	-6.1900616e-02	-4.5604609e-02	1.1503261e-01	-1.7492856e-03	-3.3989826e-01	-2.1170910e-01	-3.3387095e-01	2.0615725e-01	-1.5476914e-01	1.2451302e-01	2.0006912e-02	3.8379241e-02	-7.9071410e-02	-6.6780873e-02	1.4555691e-01	-1.9117796e-01	8.9129366e-02	1.1667474e-01	2.4808434e-01	-2.1750398e-01	3.1148344e-01	-2.5184822e-01	2.6116103e-01	2.1137132e-01	3.7701409e-02	2.3013328e-01	2.1880780e-01	-1.1702470e-01	-1.0122740e-01	-1.7322621e-01	4.8069913e-02	5.2489606e-03	4.4823512e-02	3.4981605e-01	2.6678658e-01	-2.8720235e-02	9.7431310e-02	-9.2175156e-02	1.1350968e-01	1.8696550e-01	-1.4110799e-01	1.7467795e-01	-6.9815489e-03	-2.4546017e-01	9.9942945e-02	-1.4182296e-01	1.7414033e-01	5.1095098e-02	1.5761411e-01	-2.2265033e-01	-1.4949787e-01	-2.4062313e-01	1.0455140e-01	-3.1320474e-01	2.8384421e-02	2.0881253e-01	2.7783081e-02	-9.8589584e-02	-8.4548354e-02	-2.9540174e-02	-1.1917695e-01	1.0258094e-01	1.1965589e-01	-1.5469512e-01	2.2317270e-02	-5.3973651e-01	-3.2288563e-02	-2.6956081e-01	-3.4412012e-01	-1.6858193e-01	2.8178462e-01	2.8002736e-01	-3.8862616e-01	-9.4556190e-02	-7.3473074e-02	1.5612434e-01	-1.6716088e-01	-1.7961465e-01	2.3588650e-01	-2.3864941e-01	2.8852966e-01	-5.8058761e-02	-1.9082844e-01	-7.8162991e-02	7.6590322e-02	1.6438106e-01	-1.4960855e-01	-1.8547824e-01	-2.1237487e-01	-3.3949681e-02	-1.8527809e-01	-7.6834977e-02	1.7943825e-01	1.9469993e-02	-3.9219420e-02	-1.6555224e-01	1.8383241e-01	-6.2483598e-02	2.0917605e-01	4.3564221e-01	-1.0720597e-02	1.5681233e-01	-2.3500384e-01	8.5360050e-02	1.4921665e-01	1.4405397e-01	-2.4057139e-01	1.5943170e-01	-2.7965766e-01	-2.6812619e-01	3.5059884e-01	1.0384333e-01	-8.3036639e-02	2.1105982e-01	5.1745403e-01	-3.0938578e-01	-1.3469029e-02	2.2284821e-01	-4.5886301e-03	-1.7379250e-01	1.1829276e-01	8.3279170e-02	-6.6575489e-04	-1.8057762e-01	-1.3890928e-01	1.9169471e-01	-2.3344627e-01	-6.0191043e-02	-1.6818993e-01	2.3641250e-01	1.6329290e-02	8.3528668e-02	-1.7746405e-01	7.3076390e-02	1.0054593e-01	6.8727076e-01	5.4276735e-01	5.9400874e-01	1.1241069e-01	1.7766175e-01	-2.4785684e-02	5.0858486e-02	3.0391600e-02	-1.3573432e-01	7.4191347e-02	3.0515400e-01	-3.0196942e-02	3.2799352e-02	-1.0816298e-02	4.7704801e-01	1.5172780e-01	-1.2470328e-02	-2.4083361e-01	-1.9438911e-02	-2.2057085e-01	-2.1135662e-01	2.4485323e-01	-2.2435684e-02	1.6572489e-01	-7.9052202e-02	1.5409534e-01	7.5107463e-02	-5.4709017e-02	-6.0777307e-02	-4.4952251e-02	-8.3215460e-02	-2.8553268e-02	2.4746332e-01	6.3793249e-02	6.9603309e-02	-1.4853233e-01	-5.8480624e-02	-2.2191322e-01	-1.7184679e-01	-1.8646464e-01	-2.3525204e-01	6.6398785e-02	-6.1172172e-02	1.5558167e-01	-1.1743969e-01	2.7076977e-01	-2.4553646e-01	2.3864580e-02	1.9055083e-01	-1.3835542e-01	1.3461210e-01	1.4703879e-01	-7.1659125e-02	2.7730155e-01	2.7919674e-01	8.4989324e-02	-4.0681552e-02	2.9258031e-01	-2.4801594e-01	2.9083651e-01	1.7054462e-01	5.6773391e-02	1.4418931e-01	-1.4415349e-01	2.9446553e-02	-3.3278696e-02	-3.5979840e-01	2.3229931e-01	1.8520823e-01	-2.8668795e-02	2.0093809e-01	-2.6693618e-01	3.8415648e-02	1.9697571e-01	2.6251757e-01	-9.9588364e-02	1.6808569e-02	1.7593652e-01	2.8930488e-01	1.5042999e-01	-2.6812422e-01	-2.5764838e-02	-9.0712443e-02	2.7309358e-01	1.0472243e-01	-1.9132905e-01	1.4127903e-01	6.5913901e-02	1.9643722e-01	-5.8865923e-02	1.5026709e-01	-2.5685048e-01	-1.6250888e-01	1.8576382e-03	2.8987220e-01	1.5438244e-01	-4.1795950e-02	-1.3234279e-01	1.7889951e-01	2.7157572e-01	-2.7814022e-01	2.2443369e-01	1.0815295e-01	-2.7722591e-01	4.3890957e-02	9.7593814e-02	-1.9159372e-01	-9.4839847e-03	-2.5378865e-01	-1.1269817e-01	1.4587723e-01	-2.6683301e-01	-7.0335582e-02	1.8742849e-01	-8.4986106e-02	2.5155404e-01	-7.9879008e-02	-1.9963941e-01	-1.1672499e-01	-6.8231344e-02	-2.5807405e-01	1.9743046e-01	2.3297045e-01	1.0262914e-01	9.4278328e-02	-1.3366872e-01	-2.0389639e-01	-2.6065084e-01	2.3868439e-01	-1.3533567e-01	2.7795708e-01	-5.4944199e-02	-2.2045216e-01	1.2916964e-01	-1.4778733e-01	-6.2767603e-02	4.3960262e-02	1.0649203e-01	8.8491865e-02	-6.5652108e-01	-4.0180111e-01	-1.2705547e-01	1.4329047e-03	5.5950351e-02	-1.9408242e-01	1.3974370e-01	1.3831241e-01	1.8629158e-01	1.9218087e-02	1.5753299e-02	1.1044917e-01	-2.3123628e-01	-1.3239078e-01	9.9826343e-02	-1.2650701e-01	1.0641655e-01	2.2237204e-02	-1.3074417e-01	1.7369831e-01	2.0322311e-01	9.2512488e-02	-3.0141503e-01	-1.2925587e-03	1.3351986e-01	-9.6130721e-02	1.5724456e-01	-1.9433783e-02	-1.1474173e-01	-3.8348645e-01	1.2464727e-01	2.4550369e-01	-2.1265949e-01	-1.1307246e-01	1.8558975e-01	5.3644862e-02	-2.7316046e-01	-6.0629912e-02	9.1453202e-02	-1.1870798e-01	-4.7621831e-01	1.2337101e-01	6.8760235e-03	1.1211673e-01	-1.9226533e-01	-3.1942499e-01	2.9625151e-01	1.2972452e-01	-2.2361860e-01	1.9010404e-01	2.0756416e-01	-1.4743264e-01	-1.2271668e-01	-1.5502484e-01	2.1377234e-02	-2.7802551e-01	-2.1164246e-01	-1.7880642e-01	2.1706760e-01	-2.1110930e-01	1.3099448e-01	3.6229156e-02	-1.6206000e-02	1.9411750e-01	-1.5794016e-01	7.6792717e-02	-1.9576041e-01	1.7031297e-01	-1.5888636e-01	3.1026858e-01	-2.7216792e-01	-7.8663982e-02	-9.7338885e-02	2.4839456e-01	9.3848646e-02	-2.0880255e-01	1.5810874e-01	-1.0509951e-01	1.4913155e-01	-1.3468179e-01	-1.2042856e-01	2.2193949e-01	-1.8144494e-01	-1.9564934e-01	3.2803842e-01	-6.7384010e-03	1.8562388e-01	2.8965071e-01	2.1699546e-01	-2.9973513e-01	2.5965765e-01	-1.8695924e-01	1.1806042e-01	3.5968207e-02	-5.4510530e-02	2.0193112e-01	3.2566628e-01	-2.5381005e-01	-7.5821891e-02	-5.0801599e-01	-5.7708186e-01	-6.5518844e-01	-2.4562013e-01	4.8844300e-02	-2.9197210e-01	-2.6036985e-02	1.5153223e-01	-1.4068049e-01	-7.6147541e-02	1.7688078e-01	-2.8105704e-02	3.6150622e-01	4.6005085e-02	-1.2844549e-01	-1.5521720e-01	2.3062713e-01	-2.2539563e-01	-2.8103152e-01	1.6989484e-02	1.8580072e-01	-1.8238628e-01	1.4760272e-01	2.0233820e-01	-7.0281558e-02	2.1929160e-01	-2.1549585e-01	1.3155147e-01	-1.9747132e-02	6.6011250e-02	-9.1742743e-03	-4.3658745e-02	-1.4310762e-01	3.7667740e-02	-2.4048088e-02	8.6257525e-02	-1.2265169e-01	1.1054097e-01	6.5884992e-02	-6.7680754e-02	2.0341538e-01	-2.7268282e-01	-1.0251828e-01	-3.1866208e-02	-1.3289016e-01	-1.1017536e-02	1.3494831e-01	-1.4372003e-01	-2.5082493e-01	1.8586849e-01	-5.9502140e-02	-2.8745189e-02	1.3528718e-01	-2.0949004e-02	1.2422259e-01	-1.2590590e-01	-1.0524057e-01	1.6089930e-01	-3.2022184e-01	-3.2783863e-01	2.0383644e-01	-6.3577719e-02	-2.3885018e-01	1.4665391e-01	4.4803031e-02	3.4892101e-02	2.1880956e-01	-6.6799694e-03	-1.4093603e-01	2.6765307e-02	8.0823973e-02	-1.5453134e-01	-6.4089224e-02	2.4447554e-01	-5.5237412e-02	1.7355514e-01	1.9276281e-01	-2.8952736e-01	-2.2051899e-01	-4.3455746e-02	1.2694800e-01	-2.6136500e-01	-4.2813018e-02	-2.1842259e-01	-3.0875480e-02	2.6411918e-01	4.0253092e-02	3.9584123e-02	-2.2075669e-01	9.6020885e-02	-2.0192900e-01	2.9201570e-01	-3.1372573e-02	-1.5462300e-01	-1.8885191e-01	-1.9800140e-01	2.6377213e-01	-1.3110824e-02	1.1895088e-01	2.4265000e-01	1.9301766e-01	-4.3429714e-02	1.2351197e-01	3.1132337e-01	-6.3066065e-02	-1.5656208e-01	1.0554114e-01	2.2230773e-01	1.1564998e-01	7.5221933e-02	5.0361164e-02	-4.0546186e-02	-5.9986565e-02	-1.4027743e-01	-9.6906930e-02	2.3394358e-01	4.1065773e-01	-2.7288318e-01	9.9407099e-02	1.9510849e-01	-8.9380898e-02	1.2923609e-01	2.1099231e-01	5.9332404e-02	-1.0717740e-01	-1.2410014e-01	-2.2615701e-01	3.1254712e-02	-3.7832882e-02	-1.3075015e-01	-1.1982346e-02	2.1386443e-01	-8.6603360e-03	-2.3389159e-01	3.8896564e-02	1.9355584e-02	5.8081967e-01	3.3162493e-01	1.5698679e-01	-8.7837376e-02	8.2216918e-02	-3.3587602e-01	-2.5852702e-03	-3.4312539e-02	-1.0533665e-01	-4.4559192e-02	-8.5276917e-02	-1.8737938e-02	9.8307997e-02	-4.6296041e-02	1.4567980e-01	-2.0361440e-01	-2.3785980e-01	-3.2786150e-02	-2.1663116e-01	6.4113505e-02	2.2906949e-01	-4.1309230e-02	2.5266698e-01	-1.2145989e-01	-1.8953487e-01	-7.8053735e-02	1.7161729e-02	-1.7451715e-01	6.8304777e-02	5.6839794e-02	4.3554999e-02	6.6578433e-02	-5.0384325e-01	2.1744639e-01	6.7792125e-02	-2.7061659e-01	2.3845690e-01	2.1645869e-01	-2.9388523e-01	-2.9380387e-01	2.8674549e-01	2.3554037e-03	-2.2259240e-01	-1.7493038e-01	-4.7235098e-03	2.7926061e-01	-1.0828136e-01	2.1672587e-01	2.0566811e-01	9.7584672e-02	-1.2975045e-01	1.5111929e-01	-1.5111092e-01	2.9175258e-01	-2.4528995e-01	-7.8788392e-02	-1.6878611e-01	6.9259189e-02	-2.9021794e-01	-6.0714286e-02	8.2998425e-02	1.9025022e-01	4.4181649e-02	-2.5348774e-01	2.4490400e-01	2.7593201e-01	1.8556805e-01	-2.1705310e-01	2.5180528e-01	1.8242165e-01	2.0795017e-01	-4.1383335e-01	-2.0995696e-01	-1.4936595e-01	-1.3735217e-01	-1.6863149e-01	1.4539124e-01	-7.0601828e-02	3.4171287e-02	1.6595890e-01	1.0117339e-01	5.8998596e-03	-9.7978070e-02	-1.6818564e-02	2.3457818e-03	-3.4183854e-01	-8.7149278e-04	-8.3947398e-02	1.9368121e-01	3.4030920e-01	2.2686006e-01	1.9711244e-01	2.5268057e-01	3.2222190e-01	-6.5959364e-02	1.2070709e-01	-1.4153492e-03	-1.0689063e-01	6.9941193e-02	1.3974288e-01	-1.2402984e-01	-1.3513704e-01	-5.1418370e-01	-8.3266449e-01	-4.5763084e-01	-2.5094664e-01	-7.5595863e-02	7.3576719e-02	1.1889153e-01	-9.6957736e-02	2.4178540e-02	1.1604803e-02	1.0222095e-01	7.2343901e-02	-3.3261023e-02	5.3189766e-02	-5.1527077e-01	2.8974685e-01	-1.7956063e-01	4.7864918e-02	-1.2604325e-01	4.3306213e-02	-1.9985388e-01	2.3633036e-01	-5.8180913e-02	7.8496970e-03	-1.1220960e-01	6.6726576e-03	1.3165773e-01	-1.5596165e-01	1.2767814e-02	1.0599490e-02	-6.5785557e-02	-1.4512220e-01	5.1450014e-01	1.3568240e-02	2.3212193e-01	3.1317285e-01	2.8139818e-01	3.9191824e-01	-1.8580908e-01	2.3236087e-01	-8.1248231e-02	-2.2079208e-01	-7.4863635e-02	-4.4407573e-02	1.7602472e-01	-4.6727818e-02	-1.7107064e-01	-2.7178621e-01	2.6301444e-02	-1.7260052e-02	-1.5699860e-01	-1.9434151e-01	2.6378313e-01	-1.4858548e-01	-1.1405083e-01	1.7139129e-01	-9.0137094e-02	-8.7283410e-02	1.3713096e-01	-1.8871614e-01	-2.9331362e-03	-1.0670865e-01	3.3245638e-02	-9.8479182e-02	1.1923140e-01	-1.3094610e-01	-2.0339112e-01	3.9063975e-02	2.0215347e-01	-2.3492480e-02	-1.2401906e-01	-2.6847032e-01	-2.1233347e-01	-2.2339359e-02	-1.7220730e-01	-5.5780727e-02	-1.1106331e-01	-1.9871335e-01	-6.1923992e-02	-1.7703876e-01	-1.1358735e-02	4.4970103e-02	2.4497363e-01	5.4473124e-02	-2.2008500e-01	6.1094355e-02	2.2553781e-01	-6.9432445e-02	2.7770847e-01	-2.9543012e-01	-4.4620056e-02	1.1015013e-01	4.4201229e-02	4.0931895e-02	-1.2633482e-01	-6.7599349e-02	1.9194742e-01	-1.4798810e-01	3.9009131e-02	-1.9124408e-01	4.2843068e-01	-5.7111211e-02	-2.1849379e-01	5.6331173e-02	2.0076852e-02	2.5501126e-01	-1.4754365e-01	3.9252290e-03	2.9443681e-01	7.8894429e-02	-2.2202852e-01	-1.0538974e-01	-1.4992671e-01	2.4084334e-01	-6.6039965e-02	-2.2630095e-01	-4.6639029e-02	3.6892805e-02	8.5190773e-02	5.6990687e-02	-5.0050553e-02	2.1979532e-01	-2.0553790e-01	-1.5404944e-01	2.0306456e-01	-1.2181272e-01	-1.0268571e-01	-2.2239681e-01	1.1240217e-01	-1.4057982e-01	-1.9060367e-01	-6.5683402e-02	8.1604011e-02	3.1335726e-01	-7.5234599e-02	-1.9391821e-01	5.4047383e-02	-1.1642095e-01	1.8193208e-01	-7.3948310e-04	2.2295415e-01	-3.2509625e-01	-2.7448794e-01	5.0061420e-02	-2.0339073e-01	-4.8375677e-02	1.8313913e-02	4.2878115e-03	1.9799440e-01	1.3600801e-01	-1.9001442e-01	-1.6990750e-01	1.3973457e-01	-2.1252526e-01	2.6612583e-01	-2.1887028e-01	4.2612925e-03	-1.5974456e-01	9.8660313e-02	2.0862578e-01	1.9182396e-01	-7.4817473e-03	-1.2516257e-01	5.5474889e-02	6.0217883e-02	-8.5242249e-02	3.7821129e-02	-1.7445016e-01	4.9492863e-01	9.5021591e-02	-1.8985271e-01	5.0617479e-02	6.4239077e-02	-2.7958292e-01	1.0325147e-01	3.7956107e-03	-4.1867241e-02	2.0284525e-01	5.3582913e-03	6.7538418e-02	-1.3546664e-01	1.3489218e-01	6.0569063e-02	1.0367137e-01	1.3121372e-01	2.2586885e-01	2.3023902e-01	-1.7573339e-01	-1.5051339e-02	-1.3711371e-01	5.4138660e-02	-2.3296610e-01	-1.7036109e-01	3.5596512e-02	-1.9877794e-01	-3.7763394e-02	1.4386046e-01	-1.2237511e-01	-1.0312988e-01	1.0630167e-01	-1.4594778e-01	-2.6724151e-01	-6.9624966e-01	-5.2472953e-02	-1.1595766e-01	8.3041094e-02	-2.0096482e-01	1.7805739e-01	2.1024805e-01	-2.5210124e-01	-9.0050355e-02	-1.1868123e-01	5.1798858e-02	5.6676023e-02	3.0057779e-01	1.1831667e-01	6.9253042e-02	-2.3191279e-01	3.9424501e-02	2.3053317e-01	-1.3656864e-01	5.8949636e-03	-9.0765685e-02	-2.1167763e-01	2.5346035e-01	2.5761077e-01	2.0567060e-02	2.4837261e-01	6.9511987e-02	1.0141291e-01	-2.9587460e-01	-1.0392784e-01	3.4981839e-02	3.5240366e-03	-1.9336982e-01	2.0283756e-01	-1.6667521e-01	-2.2200536e-02	1.0509334e-01	-2.9596521e-02	3.1582963e-01	8.4670193e-02	-1.7313927e-01	-3.7101046e-03	-1.9359960e-01	-1.5960918e-01	-8.9904971e-02	-1.8649070e-01	-2.0751022e-01	1.9443108e-01	-1.7158076e-01	2.2593603e-01	2.7581938e-02	2.5927177e-02	1.7880048e-01	8.7770104e-02	3.0882916e-01	-2.6510507e-01	6.1485980e-02	3.0846217e-01	-8.9545242e-02	-1.2394777e-02	2.8388198e-02	1.1788986e-01	-2.0652659e-01	8.4418237e-02	-1.4533536e-01	-2.6281893e-01	-7.5074613e-02	3.8689792e-02	7.8859426e-02	-8.0419064e-02
4.4722736e-02	-1.3531630e-01	-8.6882107e-02	-1.2442009e-01	-2.1081983e-01	1.8284839e-01	7.1295574e-02	1.4332999e-01	-1.8283208e-01	-8.2547806e-02	-2.4623840e-01	1.4277282e-01	-2.3416571e-01	-7.4811473e-02	1.1439949e-01	-6.0001209e-02	-2.8145796e-01	-9.6671879e-02	-1.5368578e-01	2.1496291e-01	-1.1764588e-01	-5.2534021e-02	-3.5728395e-02	-1.9591899e-01	-4.4197643e-01	-1.5499072e-01	1.1159009e-01	2.7884445e-01	-8.0064453e-02	2.9267237e-01	2.0609465e-01	2.1150352e-01	-8.5489050e-02	3.2526422e-02	1.5807982e-01	2.9928356e-01	-3.0211106e-01	1.4169078e-01	-2.1045648e-01	-7.2512425e-02	-2.6886180e-01	-1.6712286e-01	4.9344640e-02	-1.5253463e-01	1.1848956e-01	-8.8636965e-02	-2.7275488e-01	-2.7530903e-01	-1.7788738e-01	-1.3515465e-01	2.3514508e-01	2.0556948e-01	-1.9979870e-01	-2.8367680e-02	-2.5898099e-02	-2.9925841e-01	7.3287234e-02	-1.9010995e-01	2.5584120e-01	-6.8545111e-02	-3.8692170e-01	-2.5048897e-01	-4.1883945e-02	2.6824310e-01	-2.4649680e-01	-2.1397382e-02	-3.4315380e-01	8.5685700e-02	8.8285893e-02	1.0589602e-01	1.5880400e-01	-2.2411700e-01	-2.1689062e-01	-2.0027623e-01	-1.6548119e-02	2.9368407e-01	1.6170919e-02	-1.8543832e-01	-1.4442903e-01	1.7027175e-01	-8.3260961e-02	1.7077701e-01	-7.7594989e-03	7.0472993e-02	-9.2332676e-02	-1.2984918e-01	2.7815887e-01	1.7453788e-03	1.6797908e-01	-2.0245333e-01	-7.3154517e-02	3.2562390e-02	2.3123333e-01	1.1755479e-01	1.0698611e-03	-2.2404321e-01	2.6586473e-02	2.1379535e-01	-4.9554702e-02	1.6246861e-01	-9.7279744e-03	1.9179854e-01	2.2025375e-01	-4.8074659e-02	9.6071213e-02	1.8828419e-01	-4.4711389e-02	3.6303312e-02	2.9497281e-01	-1.2448158e-01	4.6736531e-02	8.4538423e-02	-2.3092905e-02	-2.4780663e-02	-8.4444180e-02	7.2409160e-02	-4.9282700e-02	-4.9431071e-02	3.0432072e-01	-3.6049452e-02	2.6430064e-01	1.6956873e-01	1.1326206e-01	-1.7768589e-01	-2.3013449e-01	-2.0121178e-01	1.5049595e-01	3.7157282e-02	1.8924025e-01	2.9096466e-01	-2.2333793e-01	1.8503255e-01	-7.9739187e-03	2.9129007e-01	-6.3299187e-02	8.3898172e-02	-3.2598346e-01	-2.8187132e-01	1.8060629e-01	1.1747050e-01	-2.3523907e-01	2.8068757e-01	-5.9580699e-02	-1.5864559e-01	-1.5502846e-01	-8.2305238e-02	-2.8598422e-01	2.1281509e-02	8.4618516e-02	-2.5423694e-01	8.6804032e-03	-6.6490516e-02	-1.9116285e-01	1.8950170e-01	1.4550720e-01	-1.1105354e-01	-1.1293916e-01	3.4106508e-02	-1.8979678e-01	-2.2526884e-01	2.2062340e-01	6.7302585e-02	-2.5380218e-01	-2.4087256e-01	1.7329149e-01	2.6122106e-02	5.8989957e-02	1.1646184e-02	-1.9223563e-02	3.5909116e-01	-4.5583751e-02	-4.2474549e-02	1.8477957e-01	-9.0924926e-02	5.8463112e-02	1.6130678e-01	1.8729474e-01	2.2198512e-01	-2.1504039e-02	2.4557157e-01	-2.3419723e-01	-2.5199404e-01	-2.8760351e-02	-1.3621350e-01	2.9319039e-01	1.6974118e-01	-1.2169929e-01	2.5672259e-02	7.1383856e-02	-1.4514269e-01	-1.5600897e-01	1.0898022e-01	2.6429912e-01	-2.7220938e-01	-2.8173500e-01	-3.0335557e-01	-1.2241521e-01	4.8360232e-02	-6.5171711e-02	-1.5261582e-01	2.7488442e-02	-7.8881778e-02	1.1529784e-01	1.7995811e-01	-1.2114724e-01	3.0451789e-01	1.7393240e-01	-2.7873033e-01	4.5673095e-02	2.2042584e-01	-2.9355517e-01	-7.2503112e-02	2.3806776e-01	-2.6744589e-01	-2.1055150e-01	5.1034998e-02	1.6923141e-01	-1.3880666e-01	3.1768214e-02	3.7445813e-02	-1.2920240e-01	-1.8146712e-01	-6.4656563e-02	1.6845167e-02	1.7951870e-01	-2.3968467e-01	-3.0481678e-01	2.0239356e-01	-2.5048742e-01	-1.9909613e-01	1.1411699e-01	-7.8256421e-02	-2.0261203e-01	-1.5463748e-04	2.3050256e-01	-5.6244237e-03	-2.8326377e-01	7.9550952e-02	1.7477337e-01	6.7351639e-02	-2.9023704e-01	1.8867439e-01	-2.3970772e-01	-2.8826582e-01	-5.3585954e-02	1.5971720e-03	-1.0636550e-01	-9.4133779e-02	1.7946013e-03	-2.4757606e-01	2.1716590e-01	-2.5324172e-01	-1.6497512e-01	1.1915530e-02	1.2079909e-01	-2.1004936e-01	-5.0481737e-02	-2.8882051e-01	-9.9952899e-02	-2.5859132e-02	2.2608001e-02	1.8891829e-01	9.6271001e-03	2.2386990e-01	-2.5273076e-01	2.1726368e-01	-4.5665063e-02	-7.3071077e-02	-1.0274273e-01	7.7650107e-02	2.4361838e-01	-1.1813261e-01	1.0712470e-01	-6.5663956e-02	1.1300590e-03	1.6882899e-01	-1.8161595e-01	5.0766427e-02	-5.5686831e-03	-1.2128686e-03	-3.2550421e-01	1.9091506e-01	2.5567615e-01	-1.6925646e-01	-2.8284243e-01	2.2300068e-02	-2.2768714e-01	4.9942490e-02	1.2618455e-01	1.4360067e-01	-8.7387644e-02	-1.2944694e-01	-2.8900370e-02	1.1695861e-01	5.4268505e-02	4.9537051e-02	-1.3824270e-02	-1.0621353e-01	-6.1177403e-02	6.3092127e-03	1.1925331e-01	-1.9254810e-01	7.9866145e-03	-9.4916048e-03	2.3497941e-02	7.9770191e-03	-1.0214034e-01	-2.2527562e-01	1.0855406e-01	-6.8743929e-02	1.8314114e-01	-2.5089049e-01	-3.2848421e-02	1.9610584e-01	-2.5478747e-01	1.1951765e-01	-3.1713676e-01	1.8187794e-01	-4.9816156e-03	8.8173924e-03	-2.3479351e-01	-2.7025580e-01	-1.1538359e-01	2.5780290e-01	4.6239793e-02	1.6652530e-01	2.0063330e-01	-1.1047179e-01	-9.3068555e-02	-1.2075541e-01	-4.5062356e-02	1.3362530e-01	1.7618932e-01	2.5116585e-03	-1.1760854e-01	1.6543235e-01	1.8373063e-01	-3.0451849e-01	1.9003259e-01	-1.6618572e-01	1.8619004e-01	2.9712546e-01	-2.2666058e-02	1.8783250e-01	5.9137974e-02	1.1731160e-01	-2.7538240e-01	-2.6184136e-01	2.2584239e-01	-1.5826103e-01	2.6982641e-01	-1.1889293e-01	2.9147014e-01	1.8531896e-01	2.5780980e-02	2.3648508e-01	2.0323285e-01	-5.5810735e-02	2.5114346e-01	1.6369489e-01	1.5254359e-01	-7.6797485e-02	2.1549322e-01	-7.4993603e-02	-6.1962556e-02	2.7996927e-01	-2.5753537e-01	-1.4372440e-01	1.4054489e-01	-1.3452739e-01	2.4627039e-02	-1.7922828e-01	4.1646227e-02	-2.9607254e-01	-4.5836397e-02	-3.0759763e-02	-2.9252085e-01	6.6812985e-02	6.1231077e-02	-4.4831943e-02	2.3955710e-02	-1.7709768e-01	-1.2354786e-02	-1.2244824e-01	6.8249911e-02	-1.5347688e-02	1.0974593e-01	1.3544801e-01	-7.7726319e-02	1.6233289e-01	-4.8779398e-02	8.1095370e-03	-1.0985624e-01	-4.2564245e-03	-1.6529115e-01	1.4763746e-01	1.2860066e-01	-1.8968827e-01	-1.1478266e-01	1.0560282e-01	-2.9463097e-01	-2.0556274e-01	-1.2717035e-01	-1.2803979e-01	-1.1374870e-01	-1.9687398e-01	-1.8712626e-01	1.6106361e-01	-3.9856536e-03	4.1392054e-02	-2.6497804e-02	-1.4625351e-01	-4.0251020e-02	-2.2108524e-01	2.1335265e-01	8.3983928e-02	2.0768264e-01	-2.3997217e-02	-2.2632335e-01	1.9405453e-01	4.5920491e-02	6.1378092e-02	2.0287434e-02	-1.0504328e-01	-2.0290846e-01	-2.4809878e-02	1.3139582e-01	-1.1025504e-01	-3.3460736e-02	-2.7623397e-01	-2.5080410e-01	2.3144795e-01	-4.9601495e-03	1.6804345e-01	-2.7257854e-01	2.1131752e-01	1.7985030e-01	-1.2739335e-01	5.8266073e-02	4.4508230e-02	-9.4722062e-03	-2.7686393e-01	2.3792502e-01	-2.4134684e-01	-1.5566203e-01	-6.7551948e-02	-2.4287605e-01	5.2327726e-02	1.2536007e-01	-1.0891794e-01	1.1787575e-01	1.1787630e-01	2.9763684e-01	-7.4792095e-02	2.0387599e-01	6.1668411e-02	-9.9758923e-02	1.4787984e-01	-2.7304524e-01	7.0553549e-02	2.3094721e-01	1.7196153e-01	-6.7792051e-02	-2.1343891e-01	-2.5735602e-01	-4.3193620e-02	5.8478314e-02	-2.1914798e-01	-1.2207303e-01	-5.4381873e-02	1.4046672e-01	-4.7485184e-02	2.4086523e-01	-2.4052465e-01	-8.9072965e-02	-6.4593904e-02	1.1313494e-01	3.0162776e-02	-2.3415601e-02	2.6151043e-01	1.8718180e-01	2.2614837e-01	-7.7794008e-02	-2.5716571e-02	2.6368010e-01	-2.4687712e-01	1.7930436e-01	-1.9900782e-02	1.9129491e-01	2.3141330e-01	-2.7367267e-01	-2.7865911e-02	-2.1898212e-01	1.6742077e-01	-2.9345521e-01	-1.3403815e-01	-2.2651595e-01	2.9622320e-02	-1.3755687e-01	2.6937428e-01	4.6523575e-02	1.4161980e-01	-3.4805089e-02	-8.4873348e-02	-2.0291212e-01	-6.0708214e-02	-3.0697337e-01	1.7966807e-01	9.4946451e-02	-7.2408007e-03	-2.0443719e-02	1.1789204e-02	-4.9091667e-02	6.9754911e-03	-8.5219055e-02	5.4853093e-02	1.1678738e-01	8.8294998e-02	1.9608511e-01	-2.4635179e-02	1.9201921e-02	-9.8256767e-02	-1.8241118e-01	-9.4522439e-02	-4.6463370e-02	2.8807056e-01	-1.0824765e-02	9.9194303e-02	1.0151286e-01	8.0193840e-02	6.1627187e-02	1.3743359e-01	-9.3277462e-02	-3.3557665e-01	1.0874920e-01	-2.2369623e-01	1.4808069e-01	1.8934976e-01	-7.9734653e-02	1.5034823e-01	-3.3702284e-02	-1.1662789e-01	-2.4612854e-01	2.7856609e-01	1.8391538e-01	-1.1355637e-01	-2.1490121e-01	-7.1838209e-03	2.1118112e-01	2.2553916e-01	2.4941885e-01	1.6261838e-01	5.3115081e-02	-1.1858364e-01	1.7605291e-01	-3.5223879e-02	2.4490842e-01	-1.9626530e-01	9.4915703e-02	2.4760430e-01	-1.1362939e-01	-1.4202558e-01	2.7732611e-01	4.1557163e-02	5.9122954e-02	1.4873248e-01	5.6745529e-02	1.3592204e-01	-3.7560174e-01	-9.9208774e-03	1.3299328e-01	2.4584307e-01	-1.9497056e-01	-2.1941295e-01	1.6153210e-01	3.5950121e-02	-1.8704772e-02	-1.8199635e-01	-2.0080230e-01	-8.6959571e-02	-6.1356902e-02	2.0202485e-01	-1.7208621e-01	5.6818709e-02	-9.5557876e-02	-2.0690891e-01	1.6575840e-01	-2.1058144e-01	-3.3722132e-02	1.2984568e-01	2.0022014e-01	1.4355236e-01	3.8960516e-02	-7.4326992e-03	-1.1808799e-01	-1.6958387e-01	2.6043120e-01	-2.9934403e-01	-7.0706964e-02	-6.1119549e-02	-2.7932230e-01	-1.6324340e-01	8.4903255e-02	1.4415354e-01	4.3930024e-02	-2.2229218e-01	1.5724838e-01	9.9281818e-02	-3.5545468e-02	-8.8854477e-02	-1.8125097e-01	-1.0815245e-01	1.1903923e-01	1.2202975e-01	-2.8218782e-01	1.2294889e-01	1.4568725e-01	-4.4456989e-02	2.9398015e-01	6.3878141e-02	1.5869068e-01	-8.5762493e-02	-4.0648040e-01	7.4595341e-04	1.4692180e-01	-9.4303392e-02	-5.8758058e-02	-2.4573606e-01	-6.5243647e-02	-7.1085975e-02	6.0162023e-02	-1.1318406e-02	-2.1394098e-01	1.9943038e-01	-2.0010984e-01	2.3026733e-01	2.4564306e-01	-5.2114192e-02	-3.2109376e-02	-5.7642106e-02	-9.0518340e-02	1.8854569e-01	1.2526458e-02	-1.8200922e-01	1.2665254e-01	1.9190986e-01	-7.7581510e-02	6.9275744e-02	-3.9419357e-02	2.4244313e-01	1.3955142e-01	-7.2943822e-02	-1.3066581e-01	-2.0523517e-01	9.5208757e-02	1.8538168e-01	-2.6177440e-02	4.7508694e-02	-2.7766863e-01	2.0729569e-01	-1.6414706e-01	2.8143942e-01	-1.3560037e-01	-1.6777040e-01	-1.1713552e-01	-2.2518317e-01	-1.8976261e-01	2.3328885e-01	-6.7085788e-02	3.0345451e-02	-2.8163685e-02	8.8863306e-02	2.7950856e-01	-1.1424570e-02	1.2595764e-01	2.4312723e-01	2.1855950e-01	2.1602565e-01	-5.5457242e-02	3.8177967e-02	2.0629768e-01	-1.9247399e-01	6.4597324e-02	-8.1782155e-02	-2.3943293e-01	-1.8533218e-01	6.1406132e-02	2.3971091e-01	1.2033682e-01	-2.3306464e-01	-3.0086267e-01	-2.1334247e-01	-3.1121910e-01	-2.6795533e-01	-1.1621021e-01	8.1853978e-02	-2.3562098e-02	8.3090909e-02	-2.5171039e-01	-2.0118607e-02	-2.7761930e-01	-2.1228571e-01	-1.0698073e-01	-2.5753558e-01	2.0331594e-01	8.6709902e-02	1.7600393e-01	2.5619808e-01	4.8939150e-02	1.7363999e-02	-3.1674448e-01	-9.6131675e-03	-5.1781923e-02	-1.9171972e-02	-2.8491268e-01	1.0582100e-02	1.3808192e-01	1.7091528e-01	-1.6945262e-01	-1.2346603e-01	1.5491799e-01	1.6321906e-01	1.4162575e-01	-4.5605539e-03	-2.8650345e-02	-2.8106996e-01	1.4297947e-01	-2.4698643e-02	1.1087221e-01	1.2738772e-02	-1.6652198e-01	1.8340889e-01	2.2945401e-01	-4.0003196e-03	-2.7699289e-01	2.0847449e-01	1.9982818e-01	1.9653621e-01	2.9654352e-02	-2.6767153e-01	8.2637087e-02	-2.4620494e-01	1.1442225e-01	-1.4158724e-01	-2.1042748e-01	-2.7467138e-01	-1.2016907e-01	2.1174076e-01	-1.1008407e-01	3.5858974e-02	1.8238615e-02	-7.4374817e-02	-1.6088387e-01	-2.7530628e-01	4.3548759e-02	2.3099224e-01	-7.5199358e-02	-2.0528165e-01	-1.2305889e-01	-2.6571515e-01	1.7016646e-01	-1.4032657e-01	-3.0882245e-01	1.1689445e-01	-1.9405089e-02	1.2882738e-01	3.0501619e-01	1.8202174e-01	5.4052174e-02	-5.2920608e-03	-2.4123050e-01	3.6983579e-02	1.9401265e-02	-8.6166874e-02	-1.0276935e-01	8.7053820e-02	2.4734797e-01	2.9452121e-01	1.1708400e-01	-6.8232141e-02	1.6879882e-01	2.5376359e-01	1.9817609e-01	3.1088663e-03	1.5059474e-01	-1.0263357e-01	-1.9355383e-02	1.7042066e-01	-9.3600236e-02	-3.2573007e-02	-2.1622714e-01	-3.0435064e-01	-2.7273750e-01	-1.9533920e-01	-3.4671050e-02	1.2246692e-01	-2.9421268e-02	-7.5979114e-02	-2.6313594e-01	1.4968830e-01	1.4319426e-01	3.0084628e-01	-2.1725763e-01	2.5124952e-01	-2.5213014e-02	-1.8993592e-01	-2.0978360e-01	1.2700675e-01	-1.3537331e-01	-1.8629962e-01	-1.4566900e-01	2.3005289e-04	-1.2840094e-01	3.8650259e-02	1.6480818e-01	-1.2639932e-01	9.1944613e-02	4.3848813e-02	-7.6964132e-02	2.3362619e-01	-8.5301027e-02	-1.0314319e-01	6.8838000e-02	-1.3086219e-01	-3.1546250e-01	3.3464500e-01	1.6342154e-02	2.8109098e-02	3.1172279e-02	2.0823906e-01	2.3142377e-01	1.4456157e-01	-1.2411053e-01	-1.1901603e-01	-6.1444074e-02	2.4354497e-01	1.8999435e-01	2.1538478e-01	3.9917901e-02	3.1250644e-02	-1.6750453e-02	-4.7571816e-02	3.7122890e-01	-6.5485366e-02	-1.5776017e-01	1.8219826e-01	-2.1686786e-01	-1.1622456e-01	2.7519244e-01	1.7556989e-01	1.6033028e-01	-2.2531921e-01	2.3540314e-01	1.7917524e-01	-1.1428685e-01	-2.2253801e-01	-3.8499352e-01	-2.3182023e-01	1.1127788e-01	1.4553250e-01	-9.3117893e-02	3.4574661e-02	-6.7988709e-02	-2.7526513e-01	-1.3285789e-01	1.0717902e-01	6.1244346e-02	1.5476367e-01	-1.5582581e-01	2.9224291e-01	-1.0245257e-01	-7.2288163e-02	-2.1787252e-01	1.3791898e-01	-1.8270978e-01	-1.2494842e-01	-2.4779402e-01	-1.6927622e-01	-2.8920153e-01	-2.7357912e-01	-9.0105519e-02	3.6072664e-02	-9.3893513e-02	1.7446700e-01	-2.4230342e-01	-2.0360412e-01	-2.0967141e-01	-3.1426334e-01	-1.2080961e-01	-1.9504680e-01	-2.9133910e-01	-1.5910465e-01	-1.0914130e-01	9.6643515e-02	1.1172140e-01	1.5141776e-01	-2.2550522e-01	-2.6721650e-01	5.8475137e-02	-1.2960544e-01	-4.5390237e-02	7.1879148e-02	2.2074032e-01	-1.6800714e-01	4.3967385e-02	-3.5197428e-01	-2.0213936e-01	-5.7553627e-02	-1.9304080e-01	-2.9478490e-01	1.6301097e-01	1.2848121e-01	-3.0262079e-02	-2.2821638e-01	7.7403478e-02	-1.3369009e-01	-8.3331518e-02	-2.6339188e-01	-8.3813906e-02	-1.6397280e-01	3.4916017e-02	6.0451422e-02	7.6249018e-02	-4.2251095e-02	-1.5241288e-01	-2.1830063e-02	1.6975692e-01	-3.9562628e-02	2.6421848e-01	-3.0248484e-01	-2.4577123e-01	-2.2062615e-01	9.8262690e-02	-1.7505319e-01	3.4937292e-02	1.4305797e-01	-2.3293234e-01	-1.1618463e-01	-1.9804180e-01	-1.6963123e-01	9.6801013e-02	-2.8031954e-01	8.9650407e-02	-1.9038051e-01	-1.5886877e-01	2.2751708e-01	2.2926182e-02	4.1501287e-02	1.2851274e-01	-2.3931941e-01	2.2754464e-01	-2.4854860e-01	2.1916826e-01	-2.0311727e-01	-2.8758830e-01	-2.4549165e-01	1.4975962e-01	-2.5592932e-01	-1.9543019e-01	-2.0946489e-01	2.4468830e-01	-2.4139123e-02	-2.2939964e-01	3.0063751e-01	-1.1588551e-01	1.6611721e-01	2.6317555e-01	2.4775422e-01	-2.7519196e-01	1.6458215e-01	2.0474944e-01	-2.7852196e-01	1.5243906e-01	8.4326245e-02	-3.1640908e-01	2.4174704e-01	2.7701294e-01	2.5342447e-01	2.9488286e-01	3.0409068e-01	-1.2932953e-01	3.0350808e-02	-2.2493209e-01	1.6594091e-01	-4.4096656e-02	-2.6544252e-01	-1.2463849e-01	3.8771350e-02	-1.0652088e-01	-3.0842420e-01	-5.9550237e-02	-3.0482310e-01	1.1423722e-01	1.5204832e-01	1.4296934e-01	-3.0070931e-01	-3.5781600e-02	2.8197306e-01	1.3371131e-01	-4.4874068e-02	-1.1112635e-01	2.6443383e-01	1.0062744e-01	1.8030761e-01	1.4772991e-02	1.3328984e-02	-1.5065777e-01	-1.3082503e-01	1.3176291e-01	2.1124315e-01	2.4664404e-02	-2.3922788e-01	6.1394960e-02	-9.0231739e-02	-9.1252416e-02	-9.7324073e-02	-2.9129335e-01	2.2277021e-01	-2.7651536e-01	-1.7079620e-01	-4.2977165e-02	1.1150941e-01	-2.4405807e-01	-1.5355845e-01
-9.4875321e-02	5.6461457e-02	-2.1391904e-01	-9.6728727e-02	9.6649200e-02	2.4719910e-01	5.7102486e-02	-1.1711159e-01	2.6485339e-02	1.8089497e-01	3.0103445e-01	-2.3323180e-01	2.1099716e-01	-5.0026444e-03	2.2914158e-01	2.1436183e-02	-2.3132305e-01	-2.0236802e-01	7.1794331e-02	2.7480051e-01	1.8635072e-01	-2.3466695e-02	-2.1609180e-01	-9.0925112e-02	-1.6551249e-01	-2.7383915e-01	5.3721052e-02	2.2469485e-01	3.6673382e-02	-1.9642060e-01	-1.6978699e-01	-2.8007087e-01	-7.8637525e-02	-4.3230612e-02	1.1759313e-01	1.3937728e-01	1.3899045e-01	-8.8711560e-02	1.1062159e-01	1.0858653e-01	-1.3313451e-01	-3.2559246e-01	-4.2066231e-02	-4.0482689e-02	3.2409370e-02	1.0001913e-01	2.4463746e-01	5.3677961e-02	7.9709746e-02	5.7326023e-02	-1.7823249e-03	-4.3740746e-02	1.9660278e-01	1.3224316e-01	-1.8967603e-01	-1.8473731e-02	-2.0330405e-01	2.2876203e-01	3.6608987e-02	7.1169749e-02	-2.2933289e-01	-6.7051888e-02	1.3565890e-01	-2.0935597e-01	-1.6804071e-01	-2.1145703e-01	1.8482062e-01	2.7996483e-01	-2.3774163e-01	2.6976228e-01	-6.6309795e-02	1.0625553e-01	1.0237784e-01	-1.7052840e-01	-1.2022683e-01	5.1315911e-02	1.4629607e-01	1.1054707e-01	6.0714941e-02	2.3716886e-01	-1.4601387e-01	1.8068780e-01	-2.4443947e-01	-1.6108881e-01	9.5641911e-02	-5.0683554e-02	2.8894788e-01	-2.3910289e-01	1.0738841e-01	9.4516978e-02	8.0680579e-02	-1.2322583e-01	2.9251518e-02	1.2922649e-01	8.1040859e-02	1.2422332e-01	-8.4346712e-02	2.9331368e-01	2.1095146e-01	3.7858352e-02	-2.7559575e-01	-4.5748804e-02	-1.8864784e-01	7.3281205e-03	-2.4240464e-01	6.9276117e-02	-2.7066201e-01	1.7772341e-01	9.2345454e-02	1.1153656e-01	1.3563419e-02	2.3755126e-01	1.6941763e-02	-1.5959774e-01	-2.3930168e-01	-4.7589343e-02	-8.3881784e-03	-8.2488924e-02	1.0545983e-02	5.4318089e-02	1.6623600e-01	1.7900461e-01	2.6120386e-01	1.2441538e-01	3.7199181e-01	-2.3642312e-01	-2.7928832e-01	-1.7237816e-03	3.7288956e-02	3.7542021e-01	-5.7725456e-02	-2.5837317e-01	-5.5136647e-02	7.9873666e-02	-3.5362586e-02	1.7693216e-01	2.2875808e-01	3.6262393e-02	-2.4619032e-02	3.0731434e-01	2.1613684e-01	8.5165843e-02	-6.7738169e-03	-3.5345206e-01	3.5298895e-04	2.3301765e-01	-5.7334911e-02	1.2993178e-01	8.9868214e-03	-2.4683930e-01	-3.0324399e-01	1.8217960e-01	2.8080040e-01	2.5333160e-01	5.8943182e-02	-1.0680767e-01	-8.9571215e-02	-2.6083761e-01	-9.5670581e-02	1.7296802e-01	1.9083707e-01	4.0270839e-02	-2.2921109e-01	2.4764657e-01	8.0852129e-02	-1.9476771e-01	1.4196277e-01	2.4435082e-01	-1.4557560e-01	-2.0286669e-01	1.8503886e-01	-1.0054786e-03	-2.9235953e-01	2.5425407e-01	-9.1660090e-02	2.2216663e-01	-7.3094510e-02	-1.9859225e-01	5.8517545e-02	-8.9455843e-02	-1.3324241e-01	2.6613861e-01	1.7559050e-01	9.3988962e-02	3.7036207e-02	1.2003098e-01	-7.5461321e-02	1.1617536e-01	-1.5199468e-01	2.6709133e-01	1.3267568e-01	1.4692599e-01	7.2180450e-02	-1.4608702e-01	2.9549688e-01	1.0875178e-01	2.2269104e-01	-2.7028872e-02	1.9712499e-01	-1.2209275e-01	-4.2132076e-02	-3.3020161e-02	-1.9845216e-01	1.5270770e-01	2.1786481e-01	2.5946629e-01	-1.2469795e-01	-2.1534964e-01	-2.0794220e-01	2.8166258e-01	-2.2509973e-01	1.0464627e-01	2.2111735e-01	2.7321011e-01	1.8241663e-01	-1.2473887e-01	-3.8255416e-02	-1.5023899e-01	1.7935076e-01	-1.0500513e-01	-9.6661799e-02	2.6844975e-01	-1.2147659e-01	1.8187793e-02	1.0534213e-01	2.9268232e-01	2.5937032e-02	9.3565091e-02	2.8750437e-01	-2.4633776e-01	1.7290750e-01	3.1299695e-01	1.7948997e-01	1.1930465e-01	-3.8726377e-01	2.4594694e-01	-1.4692369e-01	3.6253363e-02	-6.6626228e-02	1.2688924e-01	1.4265214e-01	3.0235451e-01	2.2362709e-01	-1.4747970e-01	2.7675810e-01	2.1970378e-01	1.4822608e-01	-1.8373325e-01	2.0854063e-01	3.1595883e-01	-1.7415248e-01	-1.2001073e-01	-2.7523965e-01	-2.5177079e-01	1.2469410e-01	9.9374987e-02	1.5064315e-01	-2.1739808e-01	2.8298452e-01	9.6248195e-02	2.3833477e-01	-1.4685225e-01	7.4859463e-02	7.8520358e-02	1.5618555e-01	-2.2747676e-01	-1.6914225e-01	-1.0441680e-01	7.1335919e-02	-6.9215760e-02	-2.0164838e-01	2.5139281e-01	-1.8462818e-02	6.9522589e-02	-1.4559849e-01	-2.3646045e-02	1.3290784e-01	1.9759971e-01	-2.1511473e-01	2.0595774e-01	1.9966302e-02	-2.2605710e-01	1.4627424e-01	-1.2166458e-01	4.2850774e-02	-2.4515255e-01	2.2218035e-01	-3.0253220e-01	-1.4163883e-01	-1.8524894e-01	2.2174530e-01	1.3194007e-02	2.3445243e-01	-2.1106148e-01	-5.8929507e-02	1.9059460e-01	-9.6559241e-02	-3.1616792e-01	-3.3273563e-01	-2.3046328e-01	-1.2631607e-01	-6.1227493e-02	-1.1877453e-01	9.0467464e-03	-1.5811913e-01	2.5515154e-01	-5.9087034e-02	1.8099988e-01	3.3556852e-01	-2.0077211e-01	-2.5469956e-01	-1.8379962e-01	1.8572809e-01	-2.7752414e-02	-2.7444330e-01	-2.9136342e-01	-2.1421617e-01	1.3060197e-01	-4.1144315e-02	6.3255243e-02	2.3032522e-01	1.9620599e-01	1.3620624e-01	6.4596139e-02	-9.1669984e-02	-2.5155729e-01	-9.1996983e-02	2.5170472e-01	1.0451872e-01	-2.4831143e-01	4.4347931e-02	-2.5012383e-01	2.1365802e-01	-2.5013083e-01	2.6306877e-01	-1.8555914e-01	9.2325933e-02	-2.7945873e-01	2.0462185e-02	1.3623223e-01	-1.2730767e-01	-2.4294055e-01	-2.2906739e-01	-7.8943744e-02	-9.3664471e-03	-2.5476274e-01	-1.1499430e-01	7.8616217e-02	1.0492402e-01	1.3777432e-01	2.0400286e-01	1.1374887e-01	2.3428921e-02	3.3498511e-01	-2.2333445e-01	-1.7775017e-01	1.5897200e-01	2.2329053e-01	-1.4408757e-01	-2.3184417e-01	-6.1788995e-02	1.3710190e-01	-7.7078700e-02	-1.5805927e-01	1.1534575e-01	-1.3301612e-01	1.6543514e-01	2.0373547e-01	-2.8536713e-02	8.9860549e-03	3.0040577e-02	-3.1119406e-01	-2.0878047e-01	-1.7923018e-01	-1.1589777e-01	2.2788928e-01	-1.2742905e-01	5.3641267e-02	-8.3678558e-02	-3.0452272e-01	-9.7096205e-02	1.9818805e-02	-2.1634015e-01	1.9480610e-01	2.4753287e-01	2.1787827e-01	8.5531048e-02	-2.1383552e-01	8.8577665e-02	2.3361358e-01	1.1781218e-01	-5.2815102e-02	-6.1690491e-02	1.5343486e-01	1.3717815e-01	-1.6316441e-01	-2.0144984e-01	6.7367688e-02	-1.5280263e-01	-2.0107819e-01	-2.3126186e-01	2.2306041e-01	9.9820167e-02	1.4448820e-01	-1.0236291e-01	2.1113792e-01	-1.2493996e-01	-4.8354097e-02	1.3467743e-01	8.5611887e-02	9.4047152e-02	-2.8321764e-01	3.8542643e-02	7.4037306e-02	2.3538792e-01	-2.2417884e-01	6.6638105e-02	1.2627617e-01	-2.1264626e-01	-1.3524081e-01	1.2465122e-01	-2.2987129e-01	-4.8284799e-02	-2.0647019e-02	-2.5636417e-01	-2.1197303e-01	-4.7032289e-02	1.5047447e-01	-2.0646383e-01	-9.8771825e-02	-1.2187102e-01	-1.4624895e-01	-1.0044649e-03	-5.7586722e-02	-2.2758165e-01	-2.4043238e-01	-1.7459160e-01	-1.7912430e-01	1.4927511e-01	3.7918121e-02	-2.1982753e-01	-1.3105388e-01	-2.7821025e-01	1.0626096e-01	-1.9423058e-02	1.2174460e-01	-1.7071398e-01	7.5761892e-02	-2.2027081e-01	1.1715551e-03	-2.1637145e-01	-1.9575420e-01	2.2512597e-01	-1.2814900e-01	2.5530651e-01	-9.0700179e-02	-6.3687176e-02	-1.8270831e-01	1.8673427e-02	-3.1522644e-01	9.8484799e-02	-1.7686270e-01	-2.8223285e-01	-1.7055663e-01	2.3674808e-01	-1.5352631e-01	-1.4227708e-01	-6.0256399e-02	9.4580233e-02	6.7381814e-02	2.0063120e-01	2.4744724e-01	-2.9697123e-01	-2.6325267e-02	1.7259401e-01	7.7067345e-02	-1.1941174e-01	-1.6811785e-01	-2.0543854e-01	3.6265537e-02	1.4123447e-01	6.3385657e-04	4.5932081e-02	2.1110843e-01	-9.9654995e-02	-3.9766427e-02	-5.3068411e-02	-2.5134180e-02	6.0556792e-02	2.3226209e-01	2.1101835e-01	5.9312347e-02	1.3680242e-01	-1.5292348e-01	-2.3109126e-01	1.0455888e-01	5.4165535e-02	-2.1059889e-01	-6.1847892e-02	2.2589709e-01	7.6638937e-02	2.2733693e-01	-7.1165077e-02	2.7092353e-01	9.1005407e-02	2.2990091e-01	-1.0878375e-01	-1.8377934e-01	-1.3313141e-01	-8.5919976e-02	2.7715006e-01	-2.6462162e-02	3.5101067e-02	-1.7748235e-01	-2.8649021e-02	2.8747511e-01	-6.5869473e-02	-2.2704661e-01	2.2659095e-01	3.7372127e-02	-1.8829918e-01	-2.7601880e-01	2.0330505e-01	-7.6275051e-02	1.3708872e-01	1.5525541e-01	2.1004005e-01	-2.9245063e-04	-1.4329959e-01	-9.9080056e-02	-2.6154983e-01	-1.0158055e-01	-1.6283455e-01	-4.6493422e-02	1.4778332e-01	-1.6685306e-01	-1.2080655e-01	1.9786912e-01	9.2749558e-03	2.3992930e-01	6.2409822e-02	9.3403667e-02	1.0658786e-01	1.5170026e-01	-2.9287151e-01	7.4717663e-02	2.1134299e-01	2.2951284e-02	2.2850266e-01	-9.6212693e-02	-8.3971366e-02	-3.0300114e-01	-1.4525858e-01	-4.0285427e-02	8.1027336e-02	1.2851384e-03	2.5543237e-01	-2.7771437e-01	1.5209031e-01	2.9262888e-01	9.2387706e-02	1.7085843e-02	2.4830945e-01	-2.3759583e-01	-4.1585261e-01	-1.9966049e-01	9.7216241e-02	-1.7137890e-01	-2.3413600e-01	-7.7078372e-02	-1.9099416e-01	-5.6064688e-02	-2.0731661e-01	-4.4330256e-03	-7.6062314e-02	2.4886350e-01	-3.0901402e-02	-4.4871155e-02	-1.0493062e-02	2.1609696e-02	1.0168997e-01	2.8213167e-01	-2.6778048e-01	2.4336465e-01	2.6289469e-01	-1.5577483e-02	1.3829410e-01	-6.2645465e-02	7.8611523e-03	-2.2991978e-01	6.8052933e-02	6.3885078e-02	1.0589283e-01	-8.7517962e-02	7.5085565e-02	7.1236782e-02	-5.9552036e-02	1.2667198e-01	2.2761898e-01	2.6210454e-01	-1.1853100e-01	-6.4331638e-03	2.7292198e-01	2.8198984e-01	-1.7190017e-01	-2.0418651e-01	-1.4148170e-01	2.0097256e-01	2.2073402e-01	-4.4087164e-02	-6.5820873e-02	-6.5143302e-02	-7.9347238e-02	-2.7526489e-01	2.4670103e-01	1.6997655e-01	-1.6403727e-01	2.0639546e-01	-7.7611536e-02	8.7712161e-02	-1.5524437e-01	6.0917605e-02	-2.2648430e-01	1.1652128e-01	6.2685817e-02	-4.1523382e-02	2.5043884e-01	-1.1861757e-01	3.3592019e-02	5.0086211e-02	2.1977127e-01	2.7535596e-01	-1.9229312e-01	-3.3477046e-02	-2.3269868e-02	1.3638349e-01	2.7109480e-01	2.1200588e-01	-7.5109392e-02	-1.8893738e-01	1.7983817e-01	-4.1326392e-02	2.1733500e-01	1.7358957e-02	1.7257977e-02	-4.1663270e-03	1.8894587e-01	2.7463189e-01	-2.3917928e-01	-1.8767482e-01	-1.2490390e-01	-3.4130644e-02	2.2564119e-01	-3.6626168e-02	1.4446801e-01	3.7950829e-02	-8.3914861e-02	6.2139627e-02	2.1022493e-01	6.9244772e-02	5.1069140e-02	5.2599004e-03	3.1048027e-01	1.9903926e-02	-4.4214942e-02	-2.5564945e-01	1.2726642e-01	4.7261741e-02	3.0911332e-01	-1.9798324e-01	1.1115549e-02	-8.8969424e-02	-1.0597393e-01	-2.4435830e-01	-1.3041613e-02	-1.1712883e-01	-2.4138395e-01	1.8260131e-02	-9.5390566e-02	-2.6223812e-01	2.1205641e-01	-1.4001504e-01	-2.8419778e-01	-6.0954824e-02	1.7346582e-01	9.7567491e-02	-5.4941539e-02	-1.2322005e-01	1.8791451e-01	-2.3084892e-01	2.0476341e-02	-2.8467539e-01	1.8340346e-01	-2.9649928e-01	2.3222974e-01	2.6849074e-02	5.6170288e-02	1.8490560e-01	-2.3719689e-01	-9.1462314e-02	-1.2592503e-01	1.6682604e-01	2.2345604e-01	9.7652577e-02	-2.3099142e-01	-6.3186146e-02	-1.8277644e-01	2.9225143e-02	7.3833764e-02	-1.1857282e-01	-1.5235609e-01	-2.8895454e-02	-2.1072234e-01	5.6927495e-02	3.7952292e-01	2.2198737e-02	1.3603821e-01	8.3008401e-02	2.2095771e-01	-2.6401147e-01	2.0582192e-01	1.2818052e-01	1.8677099e-01	-2.1136954e-01	-7.3863186e-02	-4.2474918e-02	1.1397882e-01	-2.4882652e-01	1.0931081e-01	5.3360585e-02	2.1988660e-01	-2.2303034e-02	-2.4550498e-01	1.7423344e-01	-1.5397513e-01	-2.0890495e-01	-2.2539699e-01	-1.6700575e-01	-2.4277584e-01	1.6986702e-01	-1.5621890e-01	1.0751478e-01	-1.4027490e-01	-1.5081365e-01	-6.6966228e-02	-2.6261884e-01	-1.4707103e-01	-7.3129602e-02	-7.5834692e-02	-1.2498823e-01	1.0036091e-01	-3.6166087e-02	-2.0167945e-02	-3.0657902e-01	1.8472022e-01	-6.5144941e-02	2.5478128e-02	-1.9449624e-01	6.9487169e-02	4.2168938e-02	-1.7551566e-03	4.1108921e-02	2.0637602e-02	-1.2808852e-01	-4.4666946e-02	-2.4131906e-01	-2.9570961e-01	8.9113764e-02	-6.7983650e-02	7.2682105e-02	2.2116947e-01	2.4954611e-01	8.0860630e-02	-9.9728280e-04	2.3111875e-01	2.5843653e-01	8.2617961e-02	1.6819793e-01	-1.9842690e-01	1.7658514e-01	2.8961879e-01	-8.0210924e-02	2.0525569e-01	-2.5070396e-01	-1.2648528e-02	2.1445222e-02	2.5248906e-01	-6.2801607e-02	4.5003261e-02	2.9253268e-01	1.5463684e-01	-5.7796873e-02	-9.4492212e-02	1.1127215e-01	9.2935316e-02	-7.0253007e-02	4.7675300e-02	-1.8538010e-01	1.1117073e-02	-7.4725896e-02	-2.0074821e-01	1.8882842e-01	-2.2254169e-01	1.7447054e-02	1.2664683e-01	9.4715901e-02	-2.0723000e-01	-7.9525620e-02	9.1565251e-02	1.0128927e-01	-1.8977007e-02	-1.8471441e-01	-1.0256116e-01	-7.5166672e-02	1.8087897e-01	-4.4170119e-02	1.2517153e-01	-1.5387918e-01	-2.8695560e-01	2.4488804e-01	-1.2513171e-01	-2.6319692e-01	-2.3736645e-01	1.1333480e-01	-1.4065449e-02	-3.2367989e-02	1.0767597e-01	-1.9204897e-01	2.5128821e-01	-2.6717985e-01	-2.5428009e-01	-1.3609359e-01	-9.3295671e-02	-8.2311325e-02	-7.6401427e-02	6.6134885e-02	-1.0301653e-01	-1.2188165e-01	2.0896596e-01	2.4731825e-01	1.8299593e-02	1.0026288e-01	-1.8523164e-01	-2.4058573e-01	1.1895589e-01	1.8107748e-01	-2.9837847e-02	2.1228593e-02	-2.2970881e-01	9.4118915e-02	2.3014244e-01	-5.7751030e-02	6.9622606e-02	-2.8146672e-01	1.6958043e-01	7.6455496e-02	-1.5768565e-02	-2.2589074e-01	-2.5107846e-01	-1.1175871e-05	-7.7910289e-02	-2.2529326e-02	4.0861245e-02	-1.5774795e-01	2.2412494e-01	3.0095360e-01	-2.0168357e-01	-1.9394577e-01	-9.4846591e-02	2.3620881e-01	1.2132489e-01	2.2841871e-02	-1.3677208e-02	1.3164642e-01	2.2765061e-01	1.5796924e-01	1.3380630e-01	-2.5615761e-01	-4.0676385e-02	2.4251215e-01	2.7650136e-01	-1.4959957e-01	2.8556415e-01	-2.9056007e-01	-5.5617027e-02	-1.1828119e-01	1.5076995e-01	9.9182144e-02	3.3373505e-02	-1.6956466e-01	-8.1574641e-02	1.5201679e-01	4.0167210e-01	-8.4025741e-02	-2.8389978e-01	-3.3638650e-01	-6.0976505e-02	-2.5835589e-01	1.0991445e-01	-1.3483593e-01	-2.2584237e-01	2.2684559e-01	-2.3955556e-02	1.2794636e-01	1.8243030e-02	-4.4935498e-02	8.3316229e-03	-1.1250188e-02	9.8040603e-02	-2.6314974e-01	-2.1895228e-01	-2.5620025e-01	2.6984470e-02	-5.1646497e-02	-1.7874461e-01	-2.7211896e-01	-2.6055017e-01	1.4569461e-01	6.4088814e-02	8.5214879e-03	-4.2768151e-02	4.7331329e-02	-2.7252534e-01	2.8837880e-01	1.0169717e-01	-1.9664079e-02	3.7235867e-02	5.9422599e-03	2.3468836e-01	-3.1490669e-01	1.2957692e-01	1.4754035e-01	-2.0034590e-01	1.7318504e-01	-2.1791773e-01	1.5982124e-01	8.9553446e-02	2.0988736e-01	5.0426573e-02	8.6312890e-02	-2.2393624e-01	1.4517660e-02	-2.2993076e-01	1.0912639e-01	2.4489386e-02	1.3302487e-01	-2.9867995e-01	-2.1560980e-01	-1.2593389e-01	-2.8637961e-01	-3.4982336e-01	-1.6338822e-01	-5.0047200e-02	7.7868611e-02	-2.4996197e-02	2.9360721e-01	5.8040567e-02	4.0886141e-02	1.9478899e-01	-1.2239634e-01	1.5592763e-01	-2.1314530e-01	4.6685380e-03	-1.1158281e-01	-1.4829780e-01	-2.8581858e-01	1.6491708e-01	-7.1503140e-02	1.0573987e-01	-1.7718661e-01	-3.0326930e-01	-1.0012743e-01	-2.1542215e-01	1.4172778e-01	2.6244631e-02	-1.5584247e-01	2.1567529e-01	1.8837239e-01	8.2769543e-02	1.0034432e-01	2.2807045e-01	-1.9945204e-01	7.6386377e-02	1.6502784e-01	5.4522935e-02	2.5873876e-01	-1.4388786e-01	-2.7114785e-01	-1.9319957e-01	9.4637878e-02	7.2880663e-02	-1.8610511e-02	1.8687185e-02	2.4589375e-01	-4.0319551e-02	-1.5805614e-01	1.9891325e-01	3.3910371e-02	-2.0666599e-01	-1.9947840e-01	2.2969832e-01	-1.5819643e-02	3.3465707e-01	2.8664902e-01	-2.8878519e-01	1.9472034e-01	-2.2850691e-01	2.4140933e-01	2.6684804e-03	2.1246777e-01	2.3518823e-02	-2.9990816e-02	2.0695807e-01	-2.7706647e-01	2.0253602e-02	2.7611020e-01	-7.3041610e-02	9.9825725e-02	2.7176884e-01	-2.9262707e-01	2.5421632e-02	2.4754964e-01	1.7699027e-01	3.8425464e-02
1.2654857e-01	-4.2565320e-02	2.5314113e-01	-1.0484508e-01	-5.3890929e-02	2.1936467e-01	-1.4609054e-01	-1.0057056e-01	-3.3218095e-01	-7.6885842e-02	-6.0233334e-03	-1.3843286e-01	1.0646094e-01	3.4261242e-01	3.2898372e-01	-1.2671417e-01	-2.8774849e-01	5.0823703e-02	-2.2498584e-01	-3.9510274e-01	2.3818719e-01	2.4532953e-01	7.7220686e-02	4.2091146e-02	1.8712799e-01	6.6739522e-02	-1.4772436e-01	-6.6777870e-02	-2.4531843e-01	-4.4441268e-02	2.9440686e-01	2.3444142e-02
