9
input	37
dense	32
relu	0
dense	32
relu	0
dense	32
relu	0
dense	1
linear	0
7.999999979801942e-06
-4.5966335e-02	0.0000000e+00	-1.9313906e-03	-2.4616951e-02	4.8827127e-02	1.9881148e-02	8.7105818e-03	0.0000000e+00	0.0000000e+00	-3.2055605e-02	-6.9960691e-02	3.2681815e-02	0.0000000e+00	-3.2847263e-02	-5.0070412e-03	2.3598341e-02	2.5408663e-02	-1.9918904e-02	-2.9047154e-02	-5.7073854e-02	-7.6419837e-03	-8.4304148e-03	-8.6783161e-03	-6.5111235e-05	-1.4680412e-03	-1.7716473e-02	-1.7888637e-02	-2.2616763e-02	-3.8224537e-02	-5.9776369e-02	1.1953340e-02	-1.0615773e-02
3.9808158e-02	-2.2685412e-02	-1.8749196e-02	4.4393027e-03	-6.7378663e-02	-6.3135428e-03	-7.6940149e-02	-1.8899778e-02	-3.1625863e-02	-3.6693373e-04	-5.2012887e-02	-3.1899497e-02	2.1220867e-02	-7.2812334e-02	-5.2013375e-02	-3.7449719e-03	-4.5062553e-02	-3.1547692e-02	-2.4668483e-02	-1.7063092e-02	-3.9761931e-02	-2.9412566e-02	1.1796106e-02	-4.7690511e-02	-2.1655520e-02	-1.7787654e-02	2.5211610e-02	-1.5556262e-02	-7.3974244e-02	-4.6654843e-02	-5.4956943e-02	4.7565782e-03
-2.8718688e-02	-4.1913703e-02	-1.8428897e-02	1.1601765e-02	-9.8550189e-03	-8.9964448e-03	-5.0680816e-02	2.2719275e-02	6.6296142e-03	-1.6665064e-02	6.0551357e-03	-7.7691488e-03	-3.4171008e-02	-4.5389600e-02	-4.1842598e-02	-3.1950913e-02	-4.5735262e-02	-6.6118763e-04	-1.4842400e-02	1.0206802e-02	-5.0009560e-02	1.6524389e-03	1.3712988e-02	-8.0251768e-03	1.4906623e-04	-6.8761565e-02	-3.4141373e-02	-2.9653510e-02	4.5478437e-03	-5.4716446e-02	-1.0576890e-02	-1.2366037e-02
-4.7070356e-03
3.4348112e-02	1.1646961e-02	-6.2635906e-02	1.8881029e-01	2.3631287e-01	-3.7519313e-02	-8.0070823e-02	-1.2016122e-01	1.8900308e-01	-5.0402682e-02	9.6699573e-02	-2.1160012e-01	1.4070562e-01	-2.8448898e-01	1.4529729e-01	1.4893267e-01	-9.7649626e-02	1.4822157e-01	7.9419218e-02	2.7422562e-02	-1.8065766e-01	-2.8717676e-01	1.8605645e-01	3.0723673e-01	-1.2304487e-01	1.6299738e-02	-2.3882577e-02	-1.4447114e-01	-1.6426818e-01	2.4935424e-02	2.2221658e-01	-1.7760025e-01	2.0724246e-01	-1.4821188e-01	-9.4297409e-02	-6.0803902e-01	-1.8610518e-01	-2.3011553e-01	1.1756760e-01	1.1315629e-01	2.8839469e-01	2.0681906e-01	1.0719463e-01	2.7804315e-01	-1.4633512e-01	-1.9661623e-01	-1.2381744e-01	-1.5397191e-02	6.7777246e-02	2.6083887e-02	2.3734689e-02	-2.1219781e-01	2.2039247e-01	-7.5823054e-02	1.5592533e-01	-3.2105923e-02	1.5914097e-01	2.9211974e-01	2.9222363e-01	-1.0048591e-01	2.8596723e-01	1.5240723e-01	-8.5437298e-02	-1.8675773e-01	1.0254937e-01	1.0759059e-01	2.1006107e-01	-4.3846369e-02	2.7713388e-01	3.4346789e-02	6.0965329e-02	1.9656342e-01	-2.0559645e-01	-2.7373368e-01	1.3407896e-01	1.2048095e-01	-1.4470547e-01	1.1165024e-01	1.7714871e-01	2.5275743e-01	-2.2340062e-01	3.3280927e-01	-2.2707647e-01	-2.2536659e-01	1.6573501e-01	9.1964938e-02	9.5275237e-04	1.4170037e-01	-1.6436327e-01	2.4024917e-01	-2.2151797e-01	-1.8628512e-01	6.6971958e-02	6.0803350e-02	-6.1259653e-02	-1.2464042e-01	2.1734774e-01	-2.2515478e-02	-7.4520372e-02	-1.8180655e-01	1.3317084e-01	9.5356010e-02	-2.4127084e-01	1.3368510e-01	-2.2420105e-01	8.1667326e-02	-3.8939755e-02	2.0687686e-01	4.3028224e-02	2.5784871e-01	6.4973526e-02	-1.8315682e-01	-3.3032849e-01	-1.0821187e-01	1.7536579e-01	2.9854663e-03	1.9713394e-01	1.6572271e-01	-1.6364892e-01	-1.3530154e-02	-3.5075873e-02	-6.3943371e-02	-6.2783644e-02	9.4715945e-02	-1.2956817e-01	-7.7662952e-02	-3.0078202e-01	2.1030882e-01	-2.3799139e-01	7.5992852e-02	-2.0714094e-01	1.7271692e-01	4.2389065e-02	-2.0765448e-01	3.8658626e-02	1.7107518e-01	-4.5703325e-02	1.5085037e-01	8.0395930e-02	-2.3824611e-01	-2.3413742e-02	9.5921353e-02	1.9167861e-01	-9.3336716e-02	-6.2414929e-02	-2.1346416e-01	-1.6712542e-01	-2.0772988e-01	-3.0546016e-01	-5.7978517e-01	-2.2364044e-01	-2.7027911e-02	-3.8438109e-01	2.7644564e-03	-1.1248939e-01	-2.2808641e-02	6.9537960e-02	-1.2600625e-01	-3.4135625e-02	-9.7420931e-02	-1.0053336e-01	2.1476902e-01	-8.3729237e-02	-2.1835378e-01	-5.2593358e-02	-9.6924178e-02	1.5336482e-01	-2.0471716e-01	5.3923100e-02	-1.1428351e-02	-7.4117057e-02	-6.8494760e-02	-1.8328764e-02	2.5389332e-01	5.6651451e-02	-2.2372401e-01	-9.2919961e-02	2.1500940e-02	-2.6521306e-02	6.2461957e-02	4.9890717e-03	8.3948262e-02	1.4291008e-01	3.0880389e-01	-1.4774297e-02	1.6347077e-01	4.6069961e-02	-2.1100584e-01	-2.2198771e-01	-2.4527849e-01	8.5908428e-02	-4.0447306e-02	-6.8527922e-02	1.8569414e-01	5.0609853e-02	1.1112623e-01	1.4426596e-01	8.8908747e-02	1.1419295e-02	-3.3602785e-02	-2.3662415e-01	-8.1140071e-02	8.2719117e-02	1.2203626e-02	8.8537619e-02	2.1608453e-02	-1.3942268e-01	-2.2800711e-01	-4.9625874e-02	3.5279676e-02	5.7165697e-03	2.8350794e-01	-1.0973151e-01	1.9115588e-01	-1.0816026e-02	8.3419621e-02	6.4519625e-03	-1.5446536e-01	5.5589143e-02	1.0644896e-01	1.8517789e-01	2.0525095e-01	-1.5967521e-01	2.3814823e-01	-2.3592868e-01	-2.2162476e-01	1.3535610e-01	-1.7202576e-03	6.6818923e-02	-1.1165990e-01	1.0028107e-01	-2.3713170e-02	-6.6532008e-02	-1.7301379e-01	1.9638368e-01	-8.2225367e-02	-1.6441192e-01	3.4646225e-01	-5.4963168e-02	-8.7409765e-02	-2.4927126e-01	-2.9645247e-02	2.1665487e-01	1.1759094e-01	-2.5285718e-01	-1.7765616e-01	-5.5547453e-02	-4.6450526e-02	2.0710595e-01	2.0799653e-01	3.2239083e-02	6.6611342e-02	2.5692263e-01	-6.8001047e-02	1.1497027e-01	-2.0976220e-01	-6.0837403e-02	-2.2552568e-01	-3.2599818e-02	-1.6440478e-01	1.0570303e-01	-1.0808153e-01	2.5756907e-01	-2.1213672e-01	2.2193307e-01	2.0044893e-01	1.5929967e-01	-4.2202115e-02	5.6095868e-02	-1.6581742e-01	1.5443140e-01	3.1861037e-02	-1.7204723e-01	2.0293841e-01	-6.4117759e-02	-1.3681144e-02	2.9454631e-01	-1.2959911e-01	-1.0931933e-01	-3.0822754e-03	2.6769668e-01	2.0908642e-01	4.5086414e-02	2.7228862e-02	-6.2913567e-02	-1.5456730e-01	-1.9416684e-01	1.8399394e-01	-2.0566323e-01	-2.5872120e-01	-2.7600724e-01	1.6095573e-01	1.1837304e-02	2.8942579e-01	8.2509637e-02	-8.8096261e-02	-2.4468601e-02	-5.9306324e-03	-5.0151944e-02	-1.3316622e-01	2.2401279e-01	-2.7363890e-01	5.1917613e-02	3.9425045e-02	-1.5882236e-01	-6.5475374e-02	-2.5185746e-01	2.2468865e-01	2.4039668e-01	2.5812817e-01	-8.6322233e-02	7.8083813e-02	1.6043523e-01	1.1078238e-01	2.4474412e-01	1.2563577e-01	2.4620432e-01	1.0989395e-01	-2.2443652e-02	2.7124465e-02	-6.0856491e-02	-7.8285158e-02	-3.9344519e-02	-1.6294396e-01	1.6431585e-01	1.3105696e-01	2.2130960e-01	-2.1065362e-01	-1.6500323e-01	-2.8670859e-01	2.1462601e-01	-5.9922934e-03	-2.5225413e-01	-2.3420992e-01	7.0177577e-02	-1.7071405e-01	-1.8634529e-01	1.4549631e-01	-1.0761092e-01	1.4578210e-01	1.3138484e-02	-4.1010879e-02	1.2876001e-01	-1.0225239e-01	-2.2676018e-01	2.4783733e-01	-3.1984290e-01	1.5952556e-01	3.6576137e-02	-2.1531129e-01	1.6176529e-01	-1.0569598e-01	1.0336903e-01	-2.3344095e-01	-2.0243081e-01	-7.1157292e-02	1.7260993e-02	-8.7003194e-02	6.8492934e-02	5.9281141e-02	2.2633514e-01	-2.6226616e-01	1.6011360e-01	-7.6805100e-02	3.5838288e-01	6.3898198e-02	-2.1415482e-01	3.3223578e-01	2.1227926e-01	-1.8337473e-01	-2.3442118e-01	6.3747345e-03	3.5800520e-02	-7.1398452e-02	-2.0719631e-01	-6.0947135e-02	-2.5154842e-02	-9.2497073e-02	-3.6448076e-02	-8.3741643e-02	-9.8078754e-03	3.7965745e-01	-1.3677105e-01	2.8987545e-01	1.7323006e-02	2.7345291e-01	-1.2388385e-01	-1.6585106e-01	-1.8748696e-01	-1.3927637e-01	8.4430322e-02	-4.0046893e-02	6.6197686e-02	8.3773777e-02	1.5471998e-01	8.8014053e-03	1.3312270e-01	1.5905423e-01	2.9745528e-02	1.5154259e-01	-1.1061396e-01	1.2153791e-01	-1.6811772e-01	-1.5151058e-02	2.5999996e-01	-4.2813282e-02	1.1095317e-01	-3.1848514e-01	-4.2985862e-01	-4.7322097e-01	-1.0782348e-01	-1.1954977e-01	-2.9074410e-01	-2.5766550e-02	-5.0320409e-02	-5.3574100e-02	-6.4682662e-02	2.0160655e-02	-2.1792619e-01	2.4933222e-01	-1.8682700e-01	-1.4646247e-01	-3.2357848e-01	4.5880437e-02	3.5740495e-02	1.2578784e-01	-2.1370946e-01	-1.3389285e-01	5.7189561e-02	5.7545099e-02	-4.7407568e-02	-3.3242937e-02	-1.5761928e-01	2.8333840e-01	1.6221669e-01	-1.8897082e-01	8.1347093e-02	7.8063324e-02	8.5846506e-02	-1.7591489e-02	8.8612020e-02	-4.4721048e-03	3.7110230e-01	2.6429219e-02	-1.1883613e-01	5.5400133e-03	-3.4557909e-02	-2.1556799e-01	2.2200358e-01	-8.1027508e-02	-5.1916331e-02	2.8836370e-01	-1.5019070e-01	3.6834896e-02	-1.4370963e-01	2.0160061e-01	1.5686482e-02	2.0262229e-01	2.3162818e-01	2.6259792e-01	-3.0422300e-02	-1.7959955e-01	2.9991955e-02	-9.8369062e-02	1.7075366e-01	9.1951489e-03	2.3710871e-01	2.4537152e-01	2.0152658e-02	-1.7270663e-01	1.1429340e-02	-2.7176461e-01	1.0978827e-01	1.0564691e-01	2.6544517e-01	4.3091208e-02	1.8006712e-02	-1.3824482e-01	5.7863295e-02	-1.4067179e-01	-1.6002704e-01	-1.2617859e-01	-1.1750166e-01	1.0887397e-01	-1.0462862e-01	2.7829337e-01	1.0234638e-01	1.8241291e-01	-3.6086008e-02	-3.1281061e-02	7.7803105e-02	1.7618352e-01	1.3632825e-01	9.2598386e-02	6.4643666e-02	2.0807089e-01	-3.7056010e-02	9.1845393e-02	2.0568962e-01	-2.5994694e-01	-2.4065568e-01	2.0370084e-01	-2.8181732e-01	3.0892855e-01	2.0151269e-01	-1.6817194e-01	-5.6710705e-02	1.5061234e-01	1.6073351e-01	-1.6236845e-01	-4.0028073e-02	-6.1254401e-02	1.5339948e-01	-1.6830277e-01	3.6353718e-02	-2.5382319e-01	7.5156510e-02	8.1154760e-03	-6.5510035e-02	1.3962857e-01	-1.3615867e-01	1.1770222e-01	1.5741470e-01	2.7916610e-01	-1.5871640e-02	3.3116192e-02	-1.1830036e-01	1.9565451e-01	2.8918061e-01	-8.8383079e-02	-6.6917159e-02	2.4692596e-01	2.7865675e-01	-3.2617234e-02	2.8760764e-01	1.6009632e-01	2.2453615e-01	3.3837024e-02	-1.0068219e-01	-1.1573795e-01	2.3556935e-02	-2.0436782e-01	3.1520177e-03	-1.1725076e-01	2.8282860e-01	-2.8678479e-02	-1.0541944e-01	-1.3983991e-02	3.2304659e-01	-4.9700107e-02	4.5892972e-02	-8.7423600e-02	-2.0015125e-01	-1.1754434e-01	-3.1741187e-02	-2.8455168e-01	-4.4059429e-01	-4.1810820e-01	-1.1464993e-01	2.7195988e-02	-6.6152886e-02	1.6990988e-01	-1.4350486e-01	1.8258837e-01	1.0551777e-01	1.5011667e-01	2.2629441e-01	-1.0607481e-01	-1.4103419e-01	1.4827771e-01	-2.4397369e-01	3.2347003e-01	-1.1588023e-01	-1.4400530e-01	1.8353824e-01	-7.7770054e-02	1.8581627e-01	4.5892138e-02	-1.4719464e-01	3.6730014e-02	7.3228233e-02	-8.9361191e-02	2.6341221e-01	-1.3542733e-01	-6.8750218e-02	-7.7729493e-02	-1.3365372e-01	2.5679095e-02	3.9831661e-02	-1.0280751e-01	-7.3811293e-02	9.0310253e-02	3.0816320e-02	3.5261761e-02	7.7788264e-02	9.2763424e-02	1.1789625e-02	-1.1233116e-01	3.2480787e-02	6.7661203e-02	-2.3218642e-01	1.0074951e-01	2.0126302e-02	1.8161108e-01	-2.4068174e-01	4.9188882e-02	-1.2363637e-02	3.6611128e-01	-1.2693603e-01	-1.5701105e-01	-2.2650507e-01	2.2199237e-01	1.8546946e-01	-1.3242330e-02	-3.0046096e-01	5.2850157e-02	-4.7374591e-02	-3.0155048e-01	1.1539192e-01	-1.0167327e-01	1.9202572e-01	-6.5758094e-02	4.9446221e-03	2.1375839e-01	-5.2975386e-02	8.9529216e-02	-2.1425875e-01	-3.1303432e-02	-2.6582820e-02	1.0719725e-01	-1.9805010e-01	7.8206481e-03	-2.1441552e-01	-1.2166595e-01	-1.9074960e-01	-1.0691427e-01	-1.9647164e-02	8.1883566e-03	8.9095198e-02	-1.3927717e-02	-9.3677424e-02	-2.4814779e-01	1.8189657e-01	-1.7077136e-01	2.7079621e-01	-1.2250807e-01	1.7228906e-01	1.1461937e-01	1.8660711e-01	2.1800545e-01	4.3425716e-02	1.4373548e-01	3.1349905e-02	-8.2623579e-02	-1.3488597e-01	-9.4524726e-02	7.7346340e-02	-1.3332206e-01	1.8025883e-02	-1.7621314e-02	1.1123793e-01	-1.9148606e-01	5.1506273e-02	-2.4655443e-01	-3.2162783e-01	1.3614754e-01	-2.3103751e-01	-2.4303989e-01	-8.4539406e-02	1.7712556e-01	-6.6075072e-02	1.8033717e-02	2.0886153e-01	-5.2563608e-02	-3.0545171e-02	-1.4945948e-01	-1.0188686e-01	9.5950827e-02	-1.3109753e-01	1.0035148e-01	2.6125765e-01	3.9757792e-02	-1.1452686e-01	-5.5573750e-02	-2.1420068e-01	-1.7441419e-01	-1.7090520e-01	-1.8311805e-01	-1.5810716e-01	4.9974475e-02	-1.1121812e-01	5.0552613e-03	-1.0948602e-01	2.2031087e-01	1.0103949e-01	1.1085924e-01	2.2777842e-02	3.3558291e-04	1.3055977e-01	-5.7775090e-03	-3.3603068e-02	2.7683437e-01	-1.3241819e-01	6.2907234e-02	3.5255787e-01	4.5771849e-01	3.5369027e-01	-9.9565247e-03	-8.8596500e-02	1.4833345e-01	-4.8530079e-02	1.4348309e-01	2.6852157e-02	2.6073456e-02	5.0879270e-02	-7.8229539e-02	1.5491451e-01	-1.7087193e-01	2.8839982e-01	2.1650645e-01	-3.0668618e-02	-8.8346973e-02	-9.5842987e-02	2.0045643e-01	-2.6544552e-02	-2.2569937e-01	1.1441276e-01	-6.7705818e-02	2.0725691e-01	-2.6213530e-01	1.4853403e-01	1.9096610e-01	1.0928509e-01	-1.6406202e-01	-1.0392726e-01	-4.8369948e-02	-2.9670212e-02	-2.0048410e-01	2.3256645e-01	1.7458664e-03	2.0859338e-01	3.4961998e-01	3.4498531e-01	2.7202889e-01	-1.0934295e-01	-1.6536881e-01	2.6354873e-01	-6.5136570e-03	-1.3160519e-01	-9.6524142e-02	3.0362624e-01	1.7441934e-01	-1.2624282e-01	-1.6518651e-01	7.9473346e-02	2.9287264e-01	-7.9040766e-02	1.2075830e-01	-2.2159363e-01	-2.0234849e-01	6.7082264e-02	1.8546736e-01	1.1683884e-01	-2.6083642e-01	1.2571554e-01	-9.0021394e-02	2.1779470e-01	2.4738914e-01	-3.3000872e-01	7.1193211e-02	1.4816729e-02	8.5682616e-02	-1.9657964e-01	2.5994973e-02	-1.1574951e-01	-2.9681638e-01	2.4743658e-01	4.0190428e-02	1.8970694e-01	-9.5281541e-02	-2.3359263e-02	1.2684773e-01	-4.6146777e-04	1.1313968e-02	-2.7973250e-01	8.7221324e-02	7.6591432e-02	-1.5111579e-01	1.7307553e-01	-1.8467218e-01	-1.9087698e-02	-1.1351504e-02	1.7353506e-01	-2.7684236e-01	2.5797299e-01	-1.1700320e-02	1.1107959e-01	-1.0635078e-01	1.6469854e-01	-2.3013248e-01	-2.3348548e-01	-1.5830466e-01	2.2714689e-02	-1.1398580e-01	5.2467077e-03	-7.8138895e-03	1.3922188e-01	4.8480085e-03	8.5888289e-02	-2.1623722e-01	-6.2621482e-02	-4.7622647e-02	3.6232218e-01	-1.4074333e-01	1.4376496e-01	1.9908793e-01	-1.1062302e-01	9.5718153e-02	-5.9572648e-02	-4.9966339e-02	-1.5362625e-01	-1.7104097e-01	-6.5732598e-02	2.0043522e-01	-1.6465263e-01	-2.3953296e-01	2.0758076e-01	1.6026524e-01	-3.2470065e-01	1.3333878e-01	1.1599470e-01	2.4926631e-01	1.8924745e-02	-3.3624794e-02	1.0960384e-01	-2.3561997e-02	1.0903555e-01	-1.6744304e-01	1.3949700e-01	9.8952323e-02	-1.7814155e-01	1.0927250e-04	-1.1076427e-01	-1.1924622e-02	2.9718858e-01	-3.0498052e-01	1.3756594e-01	-1.0099204e-01	-2.2997975e-01	1.7816585e-01	1.3082252e-01	2.7926987e-01	-3.8708121e-02	-1.6627100e-01	1.9395839e-01	2.0681827e-01	1.4033912e-01	-1.1465113e-01	-2.5266057e-01	5.5213936e-02	-2.8061837e-01	2.4722610e-01	2.0247932e-01	2.5490217e-02	-1.6462328e-01	-1.3179553e-01	-3.1441938e-02	3.3139977e-01	2.9845703e-01	1.8902120e-01	5.7262454e-02	-1.9806121e-02	3.9098401e-02	-1.6554734e-01	-1.4545587e-01	-1.9499050e-01	-1.5724769e-01	1.4590243e-01	1.7338157e-01	9.6982785e-02	-2.0400037e-01	1.2970562e-01	-2.4891825e-01	-9.6047511e-03	1.4186287e-01	1.7820749e-01	1.6443393e-01	-2.8350899e-01	3.6497560e-01	1.7571975e-01	4.2455348e-01	1.2524432e-01	3.2398510e-01	2.1921432e-01	-6.4509571e-02	1.8815543e-01	-7.9460286e-02	1.1806761e-01	-1.2184839e-02	1.8777481e-01	-1.3682899e-01	-4.3146491e-02	-2.8033417e-01	1.7615935e-01	-7.6774009e-02	2.2336686e-01	7.1696222e-02	1.4324328e-01	-3.0343109e-01	-2.2194292e-01	-2.0156397e-01	-6.9184661e-02	1.8207340e-02	-2.1233635e-01	-5.7078670e-03	-1.5905181e-01	2.2840446e-01	-2.6920836e-02	-7.9081729e-02	-6.3012615e-02	6.0988095e-02	2.0080374e-01	1.4280133e-01	-1.9353838e-01	2.1266885e-02	-2.6268116e-01	1.2677892e-01	2.2572048e-01	-7.1076214e-02	1.3049090e-01	3.3489700e-02	-2.6287165e-01	-5.2186098e-02	-2.8422680e-01	2.8001713e-02	-2.5002455e-02	2.2485387e-02	1.6361786e-01	1.5182620e-01	-1.6520755e-01	-4.5248553e-01	-3.6316413e-02	2.3101807e-01	2.1859741e-01	6.9022439e-02	2.4008401e-01	-1.0675463e-01	-2.6379269e-01	9.9477053e-02	-2.2710925e-01	-1.7352092e-01	-1.9304320e-02	1.1908644e-01	1.1182025e-01	-9.4296053e-02	2.9348044e-03	-1.1995067e-01	-1.2528278e-01	2.6661021e-01	2.5314061e-02	1.1577167e-01	-2.3041323e-01	-8.1106223e-02	1.6553098e-01	2.2687459e-02	-5.0645780e-02	-1.9345373e-01	-1.1813436e-01	2.4389249e-01	2.2209501e-01	-1.5960518e-01	3.0407363e-01	-4.2962324e-02	-1.7654416e-01	4.0116943e-03	-1.8432924e-01	-7.3783576e-02	-5.3426061e-02	2.0271726e-01	1.5852341e-01	1.2373725e-01	-2.3153203e-02	9.8664880e-02	-2.5122023e-01	2.8138861e-01	-2.3180656e-01	1.1236538e-01	2.8797157e-02	-7.9254873e-02	-1.9143403e-01	8.7912790e-02	1.0241840e-02	1.9331291e-01	-1.9003291e-01	-2.3788890e-02	1.1622021e-01	2.7415523e-01	-1.0459944e-01	2.6188684e-01	5.6477603e-02	1.2039662e-01	1.6614644e-01	8.7754197e-02	-1.3164490e-02	1.9154951e-01	-6.5934300e-02	1.6592529e-02	2.2705691e-01	-6.4404756e-02	-9.3952946e-02	2.1278507e-01	-1.1043094e-01	-1.3663597e-02	1.6775490e-01	-1.4553638e-01	4.2774048e-02	7.0628837e-02	-1.3980311e-01	1.0519893e-01	-1.3663936e-01	-2.2141823e-01	-2.4544998e-01	-2.1066910e-01	-8.3895236e-02	3.3774544e-02	-5.6807853e-02	1.2132294e-02	8.3047248e-02	2.4928638e-01	-2.4007772e-01	1.3983098e-01	-2.0901799e-01	6.0331225e-02	2.7332488e-01	-4.4664723e-01	-2.0710309e-01	-1.2036692e-01	1.8528323e-01	3.1129169e-01	-1.6461803e-01	-4.4617474e-02	3.7301430e-01	3.1437385e-01	-5.6081042e-02	1.8223065e-01	9.9690877e-02	-8.2540095e-02	-2.8322751e-02	8.4635988e-02	2.0838310e-01	-2.0192893e-02	-1.5703580e-01	1.8841931e-01	1.9717912e-01	2.1679984e-01	1.0274814e-01	-9.1356281e-03	-1.0111463e-01	-2.5399429e-01	-2.1949007e-01	-1.3705702e-01	-1.6749959e-01	-6.5368086e-02	3.8888633e-02	8.9722276e-02	-6.4676978e-02	1.2641802e-01	6.3538842e-02	-2.2702242e-01	7.5263835e-02	4.2016707e-02	-6.8286699e-01	-1.3944092e-01	4.0931794e-01	5.0605446e-01	6.4350849e-01	2.7858746e-01	-1.2143768e-01	1.1519276e-01	-4.1676462e-02	-1.9910496e-01	3.8433652e-02	-4.2804990e-02	-3.9032407e-02	-1.9257078e-01	1.8129824e-01	1.1889631e-01	-9.9028036e-02	2.2039910e-01	-1.2615134e-01	-1.8903793e-01	-1.0565763e-01	-1.5285090e-01	-1.3750945e-01	7.6683618e-02	-2.9101213e-02	-2.9589862e-02	-4.3982606e-02	-1.7790347e-01	-2.6464527e-03	4.6337072e-02	6.7221291e-02	-1.9614521e-01	1.5905321e-02	4.4974525e-02	-5.7490293e-02	2.0187558e-01	-6.2757425e-02	-1.7960174e-01	1.5363307e-01	3.7903622e-02	5.9430830e-02	-1.7648314e-01	-4.0325788e-01	-4.6069467e-01	-1.3514203e-01	2.1613258e-01	-1.0115042e-01	1.4784415e-01	-3.2926876e-02	5.7628281e-02	1.9122532e-01	-6.3941203e-02	1.8872789e-01	-1.6613090e-01	3.0483004e-01	4.8095779e-03	1.6908897e-01	-8.0821753e-02	9.9115051e-02	-1.9544080e-01	-1.6428158e-02	2.1146218e-01	7.8208536e-02	8.0658183e-02	-1.8237419e-02	7.5185969e-02	-4.7591362e-02	-9.5614769e-02	7.3043928e-02	-2.0107023e-01	1.8228201e-02	1.2654182e-01	-3.3000983e-02	-2.0355685e-01	-3.8930324e-01	7.8348853e-02	-1.9534418e-01	-1.3040115e-01	-7.4184254e-02	-3.7070762e-02	1.5245976e-01	-8.3586663e-02	5.5413358e-02	1.8803869e-01	-1.0024545e-01	-2.5140128e-01	-1.4164966e-01	-1.2279697e-01	-2.4814117e-01	1.1870576e-01	3.1598297e-01	5.4890484e-02	1.1203899e-01	2.1643782e-02	-2.0330787e-01	2.2613989e-01	-2.5941944e-02	-2.0309227e-02	-1.7887300e-01	-1.0529860e-01	-1.7254496e-01	1.4650145e-01	-7.5213745e-02	-5.0451778e-02	1.3286068e-01	9.5361546e-02	-2.3654246e-01	1.4423406e-01	2.3777860e-01	-2.3011869e-01	2.1363242e-01	2.6929089e-01	-1.6418430e-01
-3.0229640e-01	2.4390915e-01	4.7120500e-02	1.6494554e-01	1.3832816e-01	1.3893726e-01	-2.2696359e-02	-2.2876221e-01	5.7023168e-02	1.0491338e-01	9.3645699e-02	1.7417255e-01	-1.6564429e-03	-1.3758609e-01	1.1198159e-01	1.0170846e-01	5.0728634e-02	1.0362247e-01	-1.4722908e-01	-2.5989568e-02	1.1289590e-01	-2.4260491e-01	-5.4954514e-02	-8.5537069e-02	-1.7097549e-01	-1.4431278e-02	-1.8001553e-01	4.5830283e-02	9.3926653e-02	-1.8336287e-01	1.2680639e-01	7.4576162e-02	1.1113149e-01	2.0373669e-01	1.0606528e-01	-2.3851185e-01	6.6803873e-02	7.8400314e-02	-1.4755850e-01	-1.3638118e-01	-2.6056498e-02	-2.0110370e-01	-1.3301942e-01	2.7633163e-01	-6.8282396e-02	-1.3871375e-01	4.9829014e-02	-6.5279379e-02	1.3185342e-01	1.5583587e-01	-2.3693652e-01	-1.5964235e-01	2.5121930e-01	8.4112145e-02	2.1333970e-01	2.4119356e-01	-2.1722974e-01	-2.5318456e-01	2.6291326e-01	-1.7618807e-02	1.8747006e-01	3.2550000e-02	1.9446817e-01	-7.8617856e-02	-2.9460311e-01	1.7765033e-01	2.6431823e-01	-3.0405745e-01	-3.1874686e-02	3.5782944e-02	-6.4864412e-02	-2.4148400e-01	1.7438248e-01	2.7943352e-01	-3.2152474e-02	-1.6088049e-01	1.2361318e-01	-2.1130960e-01	-1.8521693e-01	2.2430936e-01	-9.5767014e-02	2.7412641e-01	-6.9363810e-02	-1.2162813e-01	1.5625362e-01	6.9875643e-02	-5.2273390e-03	-1.6349503e-01	1.4395531e-01	2.6741797e-01	2.6404858e-04	3.1355236e-02	-9.2748076e-02	2.6516339e-01	-2.6818389e-01	-2.1115202e-01	-9.6882626e-02	5.9535533e-02	-2.5136074e-01	-2.0140333e-02	1.6439492e-01	1.1224574e-01	-1.8249168e-01	-3.1125158e-02	-1.1894502e-01	2.7421536e-02	1.7712806e-01	3.0149373e-01	1.7181525e-01	1.0588743e-01	2.8018808e-01	1.4162917e-02	4.3828025e-02	-3.3297736e-02	-2.0680992e-01	2.2930495e-01	7.4692540e-02	3.6893010e-02	-2.5001548e-02	-1.9569750e-01	1.7698209e-01	-1.9571194e-01	-2.7722499e-01	1.3401152e-01	-7.5611562e-02	-9.8273801e-03	-6.8354569e-03	3.3653982e-02	2.0377089e-01	-1.0783361e-01	1.2392736e-01	-1.1879401e-01	-8.7032221e-02	1.6707604e-01	-1.8377450e-01	-1.5546563e-01	1.9780943e-01	-1.9830245e-01	2.6855445e-01	1.3633740e-02	-2.9169577e-01	2.2036800e-01	3.1461039e-01	-1.2301671e-01	-1.4387773e-01	-1.7434111e-01	7.5040281e-02	1.3635599e-02	-2.5000766e-02	2.0941677e-02	6.9445811e-02	-7.5086735e-02	-2.7963832e-01	2.6123685e-01	-2.5229594e-01	1.5054908e-01	-2.8284276e-01	-1.2867923e-01	-1.0581645e-01	-2.7431533e-01	6.9754101e-02	2.0589516e-01	-2.1303199e-01	-2.4956302e-01	-2.3641601e-01	-2.4656388e-01	-1.4829215e-01	1.1775810e-01	1.2667328e-01	-2.2543091e-01	-2.7226195e-01	1.1271705e-01	2.8087768e-01	-2.6846728e-01	2.3132233e-01	-2.4047355e-01	3.7385214e-02	1.2114906e-01	1.4795670e-01	-1.0070385e-01	2.3410070e-01	-2.1523847e-01	4.6197023e-02	1.1209758e-01	-2.2745700e-01	1.2453280e-01	1.5700543e-01	-5.3181440e-02	2.7375364e-01	-2.9559121e-01	-2.7543458e-01	2.7265349e-01	1.9498928e-01	1.9123858e-01	-2.8715599e-01	-3.8699985e-01	-4.4033233e-02	-4.4233825e-02	1.9152690e-01	2.2933784e-01	2.1050879e-01	9.6154384e-02	-7.0745260e-02	-1.5910532e-01	6.7362159e-02	1.5655325e-01	1.3444342e-01	1.6272283e-01	1.2367663e-01	-2.8003135e-01	1.2156507e-01	8.7140687e-02	8.4228264e-03	-2.9095021e-01	-2.7009585e-01	-1.8491100e-01	-3.6568526e-02	-1.7859578e-01	6.3296191e-02	-2.6343200e-01	-3.2659941e-03	-4.9911615e-02	8.0715798e-02	4.2628843e-02	3.0211896e-02	-2.1204992e-01	-2.6544219e-01	-2.5402576e-01	-7.8481667e-02	-1.8941666e-01	-4.3217197e-02	5.1237375e-02	-2.8662533e-02	1.8767720e-01	-2.4199341e-01	1.7237595e-01	-1.9852963e-01	7.7064134e-02	-2.1618985e-01	2.6157679e-02	-1.2083298e-01	-2.1661931e-01	-3.9724939e-02	-5.0982390e-02	-1.2034062e-01	2.5750408e-01	-1.4790794e-01	1.9207045e-01	-2.7482718e-01	1.5024319e-01	4.4874698e-02	-1.7133564e-02	1.6922676e-03	3.1728540e-02	-1.5431689e-02	-1.6103353e-02	1.1328703e-01	3.0168924e-01	2.3878078e-01	-1.5389100e-01	3.8297810e-02	1.7039862e-02	3.3323865e-02	-1.4868213e-01	-1.5634376e-01	-2.4972273e-01	-1.8486738e-02	-2.0796463e-01	-1.7162034e-01	-2.5181159e-01	2.1557486e-01	2.5619966e-01	-2.7856976e-01	-2.3067507e-01	1.6407999e-01	1.3576174e-01	-1.4044391e-01	-2.1096814e-01	-7.9970621e-02	-1.2191757e-01	9.5162705e-02	9.3224369e-02	1.3729471e-01	-1.6256064e-01	1.2103219e-01	-2.0626552e-01	1.1231040e-01	-2.3267901e-01	-3.4389812e-01	-1.7412594e-01	-1.5379740e-01	-1.4725938e-01	-1.4027229e-01	2.1116422e-02	1.2191723e-01	2.6007625e-01	1.9443348e-01	2.7900609e-01	2.8005782e-01	-1.6662011e-01	6.7338794e-02	3.2584485e-02	2.6517537e-01	1.9232766e-01	1.8849373e-01	1.5461577e-01	2.4031762e-02	-7.1725532e-02	6.2217254e-02	7.8508273e-02	2.0540169e-01	1.5238521e-01	1.8289727e-01	-2.2061633e-01	-2.8608552e-01	1.2611718e-01	-2.4575958e-01	-2.1491218e-01	3.9961517e-02	1.5402105e-01	2.5074649e-01	-5.7380795e-02	1.4360344e-01	2.3014652e-02	-1.3891582e-01	-2.4202737e-01	-2.4625088e-01	-4.5246810e-02	-1.0415921e-01	-2.6533422e-01	-1.5298486e-01	1.5526332e-01	-1.4442548e-01	1.4100088e-01	-1.3752289e-01	8.7781616e-02	-3.0390847e-02	-3.3324483e-01	8.1689581e-02	-2.7485988e-01	-1.2458472e-01	6.3118748e-02	-2.7056268e-01	2.4059586e-02	-2.5104484e-01	2.5793172e-02	-3.1348158e-02	-1.0936081e-01	-2.8984535e-01	-2.0219149e-02	-1.7968318e-01	8.0937795e-02	8.9211501e-02	2.4417803e-01	-1.3868998e-01	1.3140771e-01	-2.8252992e-01	9.6306680e-03	-2.3253290e-01	2.4513701e-01	3.0144176e-01	8.2216747e-02	-2.5589889e-01	-2.7128357e-01	-4.8511684e-02	2.1025379e-01	-1.7413506e-01	-1.1711891e-01	-3.0159447e-01	2.4796341e-01	-7.1765264e-03	-2.6335198e-01	-2.6084803e-02	1.0902191e-01	-2.9685909e-01	1.6945638e-01	1.1872672e-01	3.1443018e-02	1.1678712e-01	-7.1060173e-02	2.3825385e-01	-8.8907443e-02	-3.1938024e-02	1.2850511e-01	-6.6466756e-02	3.9148569e-02	-2.7006537e-02	-1.7572506e-01	1.6136742e-01	5.2479166e-04	1.2381303e-01	-2.0576748e-01	-1.0936692e-01	2.3099007e-01	2.3206314e-01	6.0580455e-02	-4.8695862e-02	5.1532998e-03	1.2384424e-01	1.9039984e-01	3.5441797e-02	2.1232791e-01	-4.8466600e-02	-7.0652321e-02	-1.4930229e-01	7.7912472e-02	3.5653114e-02	1.0133413e-01	-1.2802660e-01	6.8216205e-02	2.4040897e-01	1.0919582e-01	-2.8093837e-02	1.2611093e-01	-2.8119342e-02	-2.8106430e-01	2.2756433e-01	9.0922832e-02	-1.5516298e-01	2.1699909e-02	6.3608781e-02	6.6189142e-03	-1.4092161e-01	-1.2190548e-01	-1.6325581e-01	-2.9188856e-01	-3.2840139e-01	-3.3515069e-01	-1.8891102e-01	-2.0092648e-01	-2.7899992e-01	-2.5398251e-01	1.9051392e-01	-1.1893855e-01	4.9953274e-02	-4.8042700e-02	2.2691941e-01	-1.2747999e-01	-2.6101035e-01	2.4704944e-01	2.0867358e-01	1.9941659e-01	-1.6558675e-01	-2.8178239e-01	1.1320031e-01	-3.2742545e-01	-3.4022171e-02	-9.5382661e-02	1.9576952e-01	-2.0484959e-01	2.3515978e-01	-2.5805244e-01	-1.0086802e-01	1.3962398e-01	-4.9941033e-02	2.7923635e-01	-5.7524815e-02	-1.9072533e-01	-1.1645536e-01	-1.2165929e-01	5.4795474e-02	-6.1410606e-02	-6.1130058e-03	-1.5878206e-01	4.2015444e-02	1.0117961e-01	1.1633120e-01	-1.5350546e-01	-9.5179282e-02	6.0254563e-02	-2.9835001e-01	1.7788450e-01	-1.1503515e-01	-1.6844361e-01	1.4438343e-01	7.2586000e-02	-5.3313777e-02	1.7223951e-01	1.4637139e-01	-3.1837687e-02	1.3176560e-01	8.7150246e-02	5.1375989e-02	-4.9413923e-02	9.3140855e-02	-7.8197166e-02	-1.4021073e-01	-2.5218689e-01	-2.7717268e-01	-4.7439065e-02	2.9439947e-01	-2.8741738e-01	-1.6960312e-01	-2.5018123e-01	1.8191457e-01	2.1124887e-01	1.6592085e-01	-2.2869104e-01	-2.9533690e-01	2.3604321e-01	-1.8891603e-01	-9.1182746e-02	-1.0499090e-01	-1.8933102e-01	1.4703758e-01	-1.7180260e-01	-4.2707469e-02	-1.7909085e-02	-9.6706904e-02	-4.6443019e-02	-1.5638103e-01	2.3739437e-02	-3.6400104e-01	-2.6611757e-01	4.2135011e-02	2.0101503e-01	-3.3862138e-01	1.3534699e-01	-9.8053753e-02	-1.6198735e-01	-2.3482424e-01	1.9172920e-01	-3.4518972e-01	-2.2872470e-01	-1.2636483e-03	6.5818191e-02	8.5792117e-02	-3.4494076e-02	1.1054071e-01	5.5652469e-02	7.5621456e-02	-1.1347785e-01	-1.1673002e-01	-2.4999626e-01	-1.6888216e-02	1.7588620e-01	2.8937930e-02	-2.4281973e-01	4.9172614e-02	-2.2926247e-02	-2.6158988e-01	-2.0253621e-01	-1.9574758e-02	2.7257091e-01	1.9101852e-01	-1.0842164e-01	-3.7238035e-02	3.4285139e-02	-3.4135357e-02	-1.4071339e-01	2.3513798e-02	-2.4210948e-01	3.3978283e-02	-2.4291365e-01	1.6165635e-01	8.4232271e-02	-1.7924964e-02	-3.0055779e-01	-2.7726272e-01	-1.2267234e-01	-2.5782046e-01	4.5109842e-02	1.1892074e-02	-1.8825356e-02	1.7895508e-01	1.2714280e-01	1.9116738e-01	1.0616795e-01	3.5745017e-02	-4.5687538e-02	3.0444750e-01	-1.5842228e-01	2.7191544e-01	-2.9868102e-01	-1.8836889e-01	1.7913371e-01	1.5407090e-01	-6.1902374e-02	-1.2733349e-01	1.7864905e-01	1.9827144e-01	1.7738132e-01	2.2180139e-01	2.9633692e-01	2.8743848e-01	-2.0507923e-01	6.0785789e-02	5.4440931e-03	-3.6519587e-02	-1.3580930e-01	-2.8883851e-01	-2.2525212e-01	-3.2066992e-01	1.0183212e-01	-2.4627836e-01	-4.8625660e-03	-1.8678566e-02	2.5548292e-02	-2.0769794e-01	-4.4884019e-02	-6.6240549e-02	1.5051027e-01	-9.9188522e-02	-1.9162571e-01	4.7493365e-02	-2.1306255e-01	1.6719711e-01	-1.8492179e-01	-1.7593782e-01	-5.8901101e-02	2.1566525e-01	-1.8354087e-01	1.4700419e-01	-2.1550985e-01	1.7774273e-01	-9.8811045e-02	1.7572910e-01	-1.1493693e-01	2.3160093e-02	1.3067880e-01	1.8807620e-02	-2.9852921e-01	2.4053665e-01	1.4834346e-01	-1.0546689e-01	-2.8239176e-01	-2.6979133e-01	-2.3603302e-01	1.5618692e-02	-2.6701590e-01	8.5680783e-02	2.0833591e-01	9.1402858e-02	-1.0300907e-03	-9.6043602e-02	1.2540647e-01	3.0072905e-02	2.3917248e-02	-4.9930505e-02	4.9705300e-02	3.5056915e-02	-1.4703655e-01	6.1688740e-02	-5.3520843e-02	8.9325681e-02	-1.0614120e-01	-3.2187304e-01	-8.3589137e-02	3.6935985e-02	2.1791443e-01	-1.5479612e-01	-1.3557607e-01	1.1074495e-01	9.8114058e-02	-3.1988926e-02	1.9569913e-01	-2.5155476e-01	2.1197888e-01	5.2216794e-02	4.7373764e-02	-1.5427665e-01	1.7425032e-02	-2.8443599e-01	1.9952875e-01	-3.2806676e-03	1.3976698e-01	9.3120560e-02	2.5115418e-01	1.7864728e-01	5.2248150e-02	-7.8563064e-02	3.1356946e-02	-1.7022276e-01	-2.0955467e-01	1.3768426e-01	-2.7802628e-01	1.2355393e-01	-6.6465639e-02	1.3752981e-01	-4.9712092e-02	2.4078992e-01	1.7335199e-01	8.9313366e-02	-1.5833668e-01	2.7195445e-01	-2.3074639e-01	-6.3153893e-02	2.7925668e-02	1.3202810e-01	-5.5776983e-02	-1.0401495e-01	1.1732280e-01	-2.0606983e-01	4.0441979e-02	-2.7939942e-01	-1.9562465e-01	-7.9453796e-02	1.5170369e-01	-2.8286570e-01	-1.5715982e-01	1.0509601e-01	-2.3474926e-01	-4.5594871e-02	-2.7680427e-01	-1.6994943e-01	1.5389919e-03	-4.7123492e-02	2.6715618e-01	9.8502435e-02	-4.9542677e-02	-2.7979967e-01	-1.8712807e-01	-6.2576160e-02	-3.2018694e-01	2.0557156e-02	2.3689874e-01	-2.3253903e-01	-6.7968011e-02	2.1273220e-01	3.2557636e-01	-1.8944344e-01	1.3845940e-01	1.3066645e-01	-2.0148507e-01	2.6058825e-02	4.4782285e-02	1.2320566e-02	1.2389274e-02	-2.1186197e-02	4.8859287e-02	2.8616235e-01	-1.3962786e-01	9.4005145e-02	-2.5834432e-01	-4.5161940e-02	1.1700870e-02	-1.0656914e-01	6.7066193e-02	1.3109170e-01	-1.2456040e-01	8.7304667e-02	7.5673359e-03	3.3465732e-02	-1.0817066e-01	2.4896145e-02	-1.0550544e-01	2.1676022e-01	6.6128939e-02	-2.9852411e-01	-7.9301730e-02	-1.7931655e-01	1.3895729e-01	1.0000443e-01	3.0118963e-01	1.0258811e-01	2.2211272e-01	4.8070170e-02	-1.0142840e-01	-5.1188111e-02	-2.4503177e-01	-2.9118481e-01	-3.7828449e-02	-1.4307164e-02	1.5096447e-01	1.9236957e-01	1.0803056e-01	-1.5359728e-01	-9.8886006e-02	2.6237708e-01	-2.4592462e-01	-2.1211563e-01	-3.1501240e-01	-6.0860692e-03	-2.3368908e-01	-2.2701995e-01	-1.5009776e-01	-9.5675021e-02	-1.9036300e-01	-5.8183976e-02	1.9364032e-01	-2.1623226e-01	1.6575339e-01	1.3146675e-01	2.6523182e-01	-2.2824065e-01	2.1010093e-01	-2.1595940e-01	5.8863301e-02	-1.2229901e-02	2.4482532e-01	2.1437179e-02	-1.2223865e-01	1.8344420e-01	-9.5329657e-02	-1.2903592e-01	-4.6239793e-02	-2.1911940e-01	2.0588002e-01	1.2606922e-01	-1.8153767e-01	9.4589658e-02	2.9887524e-01	1.6046420e-01	9.3743175e-02	7.7055149e-02	2.6233807e-01	-8.0039755e-02	5.3044051e-02	-6.4097345e-03	2.1865569e-01	2.8876507e-01	-1.7874901e-01	2.0288238e-01	-1.8200120e-01	-1.5719011e-01	-2.6350847e-01	-3.2827608e-02	-2.8575855e-01	-1.7516911e-01	2.6637006e-01	1.4945692e-01	1.8241419e-01	-2.4716175e-01	3.7640128e-02	-7.8104702e-03	-1.1843634e-01	2.6815709e-01	-2.5151554e-01	4.9248509e-02	3.0329192e-01	-4.2130668e-02	6.9529407e-02	-1.2071054e-01	1.3391027e-01	1.9497395e-02	-1.2266183e-01	-1.3045499e-01	-6.8484314e-02	-1.9330379e-01	-1.0998720e-01	-1.9169867e-02	2.4391745e-01	3.2756811e-01	-2.8410923e-01	1.9711855e-01	-1.5626130e-01	1.7549057e-01	3.2833105e-01	-1.7747977e-01	-2.9781321e-01	-2.5386840e-01	7.1492612e-02	5.0276103e-03	-1.7569263e-01	-2.9010633e-01	-1.1452945e-01	2.1428403e-02	-2.6815686e-01	1.6959965e-01	-3.2738879e-02	-1.5037325e-02	8.5165478e-02	-2.9232880e-01	4.3846279e-02	-1.4985274e-01	-2.1117172e-01	-1.0979587e-01	-6.3003480e-02	-2.4785651e-01	-1.4767699e-01	-2.4586804e-01	-2.6155114e-02	2.6061669e-01	-2.5610754e-01	2.3938176e-01	7.3343441e-02	9.5702767e-02	-1.3701303e-01	-2.0965494e-01	2.6018345e-01	-2.7704444e-02	-1.6453382e-01	-2.3299804e-01	-2.1492539e-01	-8.4490389e-02	-2.4509317e-01	-1.9758943e-01	1.3879444e-01	1.0309990e-01	4.1302051e-02	-5.6823939e-02	2.3184280e-01	1.2359570e-02	1.8488247e-02	-2.9346147e-01	2.1608752e-01	1.4080903e-02	-3.9662123e-02	1.5251826e-01	2.6172760e-01	-2.4999419e-01	-1.3961130e-01	8.4701084e-02	-1.6706377e-02	-2.8924099e-01	9.8175585e-02	1.7553166e-01	5.9931420e-02	-8.0578595e-02	9.6455380e-02	1.2285047e-01	-2.3357914e-01	-1.3286677e-01	5.7986513e-02	-2.9126477e-01	-3.1519759e-02	3.1058121e-01	-2.4377635e-01	-2.4787334e-01	-1.8192714e-01	1.8360157e-01	-6.7590989e-02	3.0396450e-01	1.2617755e-01	2.2929060e-01	2.2368260e-01	2.6067936e-01	5.2972406e-02	-3.1234628e-01	1.3990870e-01	1.7830132e-02	1.9666396e-01	-1.1859601e-01	5.6904666e-02	-5.3911909e-02	-1.7466374e-01	-8.7953314e-02	6.4512797e-02	3.3758894e-02	1.5565974e-01	-1.6237126e-01	2.0628531e-01	-2.1664772e-02	-1.5625855e-01	-3.1107417e-01	1.0841054e-01	7.5762041e-02	5.5783927e-02	-2.3527654e-02	2.1488361e-01	1.2336468e-02	-1.2493488e-01	-2.6548961e-03	2.0529208e-01	-9.2345588e-02	-3.5373598e-02	-1.8622890e-01	5.4898921e-02	1.7587644e-01	1.9758725e-01	4.9547344e-02	-2.1381149e-01	3.4218630e-01	-2.9290241e-01	-5.5205915e-02	-1.6998028e-02	-3.7064615e-01	-4.2231739e-02	-6.5351278e-02	-1.2218873e-01	-2.8165001e-01	-3.4868300e-01	3.2685310e-02	1.9656387e-01	2.1445459e-01	1.5019450e-01	-3.0738923e-01	-1.5637842e-01	1.3006164e-02	2.1710466e-01	2.2351612e-01	1.9767037e-01	7.3417954e-02	2.0651676e-01	1.6329642e-01	-2.1059959e-01	-4.3790355e-02	7.7618971e-02	1.9829424e-01	4.4204772e-02	-1.9070755e-01	9.9987537e-02	1.1066047e-01	1.5377012e-01	8.0727331e-02	-1.6245544e-01	1.8069725e-01	-1.6724953e-01	2.4409549e-01	-2.1750370e-01	7.7036470e-02	-1.0509823e-02	-1.7710967e-01	-1.2528719e-01	-1.7433815e-01	-1.8558668e-01	9.4982676e-02	8.1398882e-02	1.5959768e-01	2.5271177e-01	-1.9094804e-01	9.7965136e-02	2.8660792e-01	-2.5901195e-01	-1.1336366e-01	-5.8421437e-02	2.1395305e-02	-1.7865500e-01	-2.8448963e-01	2.6018217e-01	2.0067851e-01	2.2103906e-01	1.3810650e-01	-1.2865849e-01
1.9469592e-01	6.5543905e-02	9.0356581e-02	-1.1631362e-01	3.4266628e-02	5.3829230e-02	-2.5928143e-02	-1.7519124e-01	2.9859543e-02	-8.9489713e-02	7.3365241e-02	-9.3855739e-02	3.0709651e-01	-1.9750503e-01	-2.1628499e-01	-1.6439675e-01	-2.4971001e-01	1.2876512e-01	2.7215722e-01	2.3688680e-01	2.4074523e-02	-2.7004036e-01	3.7348468e-02	1.4898688e-01	1.3583076e-01	2.4885501e-01	-2.0728040e-01	-2.6580691e-01	-4.7604274e-02	-7.7821240e-02	-2.5762400e-01	1.6993745e-01	2.4221173e-01	1.7434357e-01	-1.6762422e-01	1.5852742e-01	1.5533011e-01	-6.6388324e-02	9.1937287e-03	-5.8382537e-02	4.4664010e-02	1.3260892e-01	8.4406100e-02	-2.6976967e-01	-8.0468588e-02	-1.5069297e-01	1.4030382e-01	2.8279516e-01	-1.3340473e-01	1.1142958e-01	6.9798730e-02	-2.9563865e-01	-1.4730610e-01	-4.0269340e-03	-9.0161838e-02	-1.4763437e-01	-1.2889054e-01	3.0334836e-01	3.4730043e-02	-2.2605990e-01	-2.3858111e-01	-1.3007188e-01	-2.6602900e-01	1.8531194e-01	-1.0462153e-01	1.2567267e-01	-1.1270626e-01	-2.3473988e-01	-1.3353950e-01	-1.0435061e-01	-6.6045508e-02	-2.3386596e-01	1.9269443e-01	7.8459112e-03	-2.0770836e-01	-2.5281748e-01	-1.7833342e-01	-1.1069506e-02	1.8955486e-01	-2.0047028e-01	-3.0390438e-01	8.2897753e-02	-2.6219678e-01	-1.2419026e-01	-1.1020489e-01	-1.8302463e-01	-2.7683887e-01	2.1308224e-01	-1.9805163e-02	-1.0160412e-01	-2.4517140e-01	3.2421619e-02	3.3106469e-02	-2.9418808e-01	2.1518499e-02	-1.9122508e-01	-2.0827170e-01	-8.7725915e-02	2.4816795e-01	1.0544641e-01	1.6943248e-01	1.1719498e-01	3.8358040e-02	-2.9899739e-02	-2.6475555e-01	-1.3553171e-01	-1.6427286e-02	-1.1147539e-01	-7.1387179e-02	-5.8387645e-02	4.1894801e-02	2.8291178e-01	7.4650615e-02	1.1280130e-01	9.8952893e-03	5.0381511e-02	1.1254737e-01	5.3089019e-02	2.3819917e-01	2.6967299e-01	-2.3013461e-01	-1.2524948e-01	2.3683327e-01	-8.1883959e-02	-3.4722069e-01	-6.9065139e-02	-2.5679746e-01	-6.0820360e-02	1.7393936e-01	-3.8127210e-02	-1.2530273e-01	9.6630119e-02	-1.5053891e-03	9.9703491e-02	2.7466267e-01	-1.6385815e-01	1.5919963e-01	-2.2286992e-01	-2.0571814e-01	-7.8005992e-02	2.5198317e-01	2.0445384e-01	3.6768484e-01	1.4270757e-01	-6.8125807e-02	1.7525060e-01	2.6721936e-01	-1.5147342e-01	7.8143872e-02	-1.0589950e-01	-1.2471382e-01	2.3872021e-01	2.4408716e-01	-1.1730338e-01	1.5132624e-01	-1.1518098e-01	-1.5470994e-01	9.7830877e-02	3.1123468e-01	2.7979535e-01	-1.5389962e-01	-1.1813403e-01	1.8380070e-01	-1.0662100e-01	-1.6054924e-01	1.8974078e-01	2.6194107e-02	-6.3791633e-02	-3.8490273e-02	-1.4644566e-01	2.6116350e-01	2.3112480e-01	4.4598214e-02	-7.3004112e-02	6.7214951e-02	-1.1689991e-01	-1.3809152e-01	5.1943492e-02	-2.7591825e-01	1.3239148e-01	-4.9541716e-02	-2.9538560e-01	2.0805946e-01	-3.0397821e-02	3.0313471e-01	-1.1178838e-01	7.3668301e-02	2.3689687e-02	-9.7959742e-02	-1.6524418e-01	2.2670183e-01	-6.8554617e-02	-8.2049146e-02	-2.0250179e-02	-1.4502634e-01	-2.4454659e-01	-5.8033630e-02	-1.4672485e-01	5.1683605e-02	1.9503936e-01	5.7503134e-02	-2.7893460e-01	1.3583332e-02	2.8445512e-02	-2.8080162e-01	5.2408427e-02	7.0668191e-02	6.8130761e-02	3.7915647e-02	-1.9339749e-01	1.5669519e-01	-1.0883510e-03	2.8223306e-02	2.6568189e-01	-2.0718020e-01	-2.2338380e-01	-2.3701704e-01	-3.1894170e-02	-2.7912781e-01	2.9925731e-01	-1.0769968e-01	-1.3766076e-01	-1.7170963e-01	2.0562032e-01	1.2031384e-01	-9.7627521e-02	1.4702810e-01	-7.1610250e-02	-4.7107905e-02	-9.0140350e-02	-2.4875169e-01	5.7018403e-02	-1.1889768e-02	1.8037755e-02	-2.4756220e-01	-1.7319691e-01	2.5805646e-01	-9.7575717e-02	2.5529158e-01	2.8031826e-01	1.9617581e-01	-2.3369434e-01	-2.5684075e-02	1.4833489e-01	2.1727854e-01	-2.8896716e-01	8.0010839e-02	2.0501842e-01	-2.3457707e-01	2.9478401e-01	-2.6497403e-01	-1.7635784e-01	7.8124836e-02	7.6156288e-02	3.5583547e-03	-1.5998018e-01	1.4926738e-01	1.7977004e-01	1.5147935e-01	-2.2457395e-02	-2.9715046e-01	-6.7993239e-02	1.3840285e-01	-1.7013045e-01	5.0625503e-02	4.3230709e-02	4.8812065e-02	-9.6927963e-02	-1.2425705e-01	7.7306246e-04	-3.0259380e-01	1.7506038e-01	1.7311370e-01	1.0810203e-01	-2.0440958e-01	-2.3390442e-01	2.0969428e-01	-1.6472749e-01	4.3959167e-02	2.1619873e-01	1.0068244e-02	-1.1298127e-01	3.1037599e-02	1.9164266e-01	-1.4680779e-01	-1.8076642e-01	4.2305402e-02	-1.5606241e-01	-3.6479391e-02	-1.8870839e-01	2.4877670e-01	-1.2765846e-01	-1.7305958e-01	2.9129276e-01	-2.2186205e-01	1.4452165e-01	-2.2508182e-01	-5.9583433e-02	-7.1559303e-02	-3.0651045e-01	7.3453791e-02	1.8494833e-01	1.1074504e-01	1.0920215e-01	1.7631558e-01	1.4655422e-02	-2.5746489e-01	2.3330244e-01	3.0764139e-01	-2.6409954e-01	-2.3819339e-01	-2.2876938e-01	4.7750015e-02	2.6405606e-01	2.7123782e-01	-2.7810928e-01	-5.7703680e-03	3.6004100e-03	1.4364049e-02	-2.5472876e-01	-2.6411924e-01	-2.1590894e-01	-3.0049470e-01	-1.7775157e-01	1.6730958e-01	7.9041608e-02	-2.8133392e-01	4.4033989e-02	-1.9323371e-01	-2.1017158e-01	-2.3616466e-01	-4.2097293e-02	2.1141383e-01	2.6809230e-02	-3.0611239e-02	2.6000884e-01	-2.0995028e-01	-1.7573634e-01	-2.2617778e-01	5.2757010e-02	2.2303827e-01	-4.4343623e-04	1.5409273e-01	3.0086863e-01	3.0430555e-01	1.6514620e-01	3.0018345e-01	-2.6415429e-01	3.0356559e-01	2.1869417e-01	1.8281230e-01	-1.2243910e-02	-4.2917237e-02	-2.3332603e-01	2.3535781e-02	2.3348787e-01	5.1439498e-02	1.3046938e-01	2.8174223e-02	-1.4348112e-01	1.9691840e-01	-7.6851420e-02	5.5910233e-02	-2.8018659e-02	1.6092731e-01	1.1068311e-01	-7.5787522e-02	-1.4728644e-01	-8.3478868e-02	1.1786851e-01	-5.4509010e-02	-2.3970236e-01	1.4811294e-01	-1.0045219e-02	-8.6663380e-02	1.1398219e-01	2.4249032e-01	-5.3805176e-02	-1.3916157e-01	-2.5899455e-01	1.4593291e-01	2.0632944e-01	2.4057139e-02	-1.6864917e-01	9.7814150e-02	-1.8506975e-01	2.8328758e-01	-6.9741547e-02	2.4842416e-01	3.3022732e-02	-1.7562012e-01	1.6789681e-01	-3.6898442e-02	-4.5586307e-02	8.2509629e-02	1.1721356e-01	-2.6510751e-01	1.9665548e-01	3.3112228e-01	3.6336899e-02	2.5701815e-01	2.6559705e-01	1.8706928e-01	-1.6871597e-01	-6.3546285e-02	-1.2273605e-01	3.3607300e-02	-4.1134901e-02	-5.9853736e-02	2.1245630e-01	-8.4031805e-02	-1.8316314e-01	-2.7503887e-01	2.4190120e-01	-9.9823348e-02	6.3572966e-02	-1.2517491e-01	7.6785639e-02	1.3318905e-01	2.3646468e-01	-3.5786021e-03	3.5805216e-03	2.7889413e-01	-8.9851640e-02	-1.4761797e-01	9.1256589e-02	2.3179778e-01	-2.3999135e-01	-1.6828045e-02	2.6610190e-01	2.9314807e-01	-4.2582519e-02	6.1146393e-02	2.3518990e-01	2.1810229e-01	-1.3042194e-01	8.8870317e-02	2.1113172e-01	-1.7940800e-01	-2.4807571e-01	-2.5918835e-01	-2.6246563e-01	3.1510925e-01	-2.1075831e-01	-1.7107800e-01	-1.2535185e-01	1.7910032e-01	-2.6379362e-02	-2.1427849e-01	-3.1699747e-01	-2.5212783e-01	-2.9488701e-02	1.2419870e-01	4.2223930e-04	3.6889147e-02	-1.1531557e-01	-3.0781868e-01	-3.4188154e-01	3.5498660e-02	2.1020406e-01	1.8729834e-02	-2.1952969e-01	-2.2206292e-01	-1.2972797e-01	-6.6283144e-02	6.2411379e-02	-7.0125490e-02	1.4319906e-01	-7.7949919e-02	2.8720370e-01	-2.0219003e-01	6.6018485e-02	2.1675691e-01	-2.0460106e-01	-1.6406631e-01	-1.1614679e-01	2.2885115e-01	3.2556526e-02	1.9458480e-01	-1.7029575e-01	1.9044195e-01	-4.1250277e-02	3.0463460e-01	-2.6244146e-01	2.5633395e-01	-5.2472383e-02	-1.4180171e-02	2.6074889e-01	1.1601985e-02	2.0825674e-01	-2.5948188e-01	3.1599617e-01	-2.7104208e-01	-1.3938406e-01	-5.2682463e-02	5.7416487e-02	-2.3621430e-01	2.7773839e-01	-6.7907274e-02	-4.0266868e-02	1.3405155e-01	-1.7900187e-01	1.4045282e-01	-3.1306061e-01	2.2952518e-01	-1.9117330e-01	1.2457168e-01	-1.8303508e-01	1.0189823e-01	-2.3317192e-01	-2.3876092e-01	-2.9611146e-01	-3.0375928e-01	-2.5695565e-01	-2.6204723e-01	2.3379801e-01	-1.9854258e-01	-2.1855499e-01	-1.8520536e-01	8.5509360e-02	1.6222127e-01	9.2683146e-03	2.8880069e-01	1.6434124e-01	-2.6976040e-01	-1.0454652e-03	-2.6577491e-01	1.4171527e-01	-1.4639312e-01	2.7198464e-01	-1.6520968e-01	-2.2179015e-01	-7.7278371e-04	-1.5688723e-01	-5.8116466e-02	8.1946366e-02	-2.8678450e-01	3.1438183e-02	-2.6609275e-01	2.5829950e-01	-2.0289893e-01	6.8261229e-02	5.1393218e-02	1.3058956e-01	-2.7106890e-02	-8.5106976e-03	1.9248357e-01	1.7152615e-01	1.2158276e-01	1.5675426e-01	-1.2303445e-01	1.5304637e-01	2.2730985e-01	-7.7455476e-02	8.0131024e-02	2.7842829e-01	-1.6941532e-01	1.3319988e-02	1.1492757e-02	2.3301119e-01	-1.8266363e-02	-1.2826402e-01	2.2179024e-01	-1.2772374e-01	7.5807855e-02	1.8907785e-01	-8.2337081e-02	2.0284638e-01	-1.5077601e-01	-1.6170446e-02	1.4453320e-01	4.5344044e-02	-3.6035731e-02	1.5298799e-01	-5.5255763e-02	2.2193268e-03	6.4241543e-02	-9.7789513e-03	2.5005292e-02	-3.3069628e-01	-3.0022183e-02	-2.7282968e-01	-2.5980674e-02	2.7485099e-01	7.0469759e-02	-8.6103812e-02	-4.2887341e-02	-3.0986715e-02	-2.4214831e-01	-2.8423840e-01	-1.5366422e-01	-1.3460770e-01	-1.8582529e-01	-5.3340591e-02	-7.1202263e-02	-1.7198822e-01	-1.6423944e-01	-2.0441180e-01	1.8900533e-01	2.6310277e-01	3.1243682e-02	1.2568430e-02	8.1231140e-02	8.8731579e-02	1.1967217e-01	-4.1341007e-02	2.7840263e-01	2.6929650e-01	-1.8711451e-01	-2.1935812e-01	-1.6994727e-01	-2.3397034e-01	-9.0141501e-03	-1.3873853e-01	-2.6164392e-01	2.1420574e-02	8.1116959e-02	-1.9071496e-01	5.2650957e-03	-1.0635077e-01	1.8570316e-01	2.2818153e-01	-5.6006495e-02	6.2954195e-02	1.2245470e-01	-5.2971836e-02	2.5441551e-01	3.9304946e-02	6.1271574e-02	-1.3843139e-01	-1.6432087e-01	1.4406666e-01	2.2828922e-01	-1.4160809e-01	-1.1034973e-01	1.4303605e-01	1.5466860e-01	2.3334518e-01	2.5430790e-01	-2.8236321e-01	-1.0992675e-01	-1.0278708e-01	1.6877772e-01	8.2430067e-03	6.6333182e-02	2.4701573e-03	7.8232735e-02	9.2203282e-03	-2.0865631e-01	-4.9196649e-02	6.4553700e-02	4.6070755e-02	1.7026120e-01	-2.6882586e-01	1.7619514e-01	2.0213537e-01	-2.0257589e-01	2.1426229e-01	2.6137611e-01	1.2737133e-01	-7.1529984e-02	-6.3985378e-02	-8.2765818e-02	-2.5895368e-02	2.9207495e-01	8.0386661e-02	2.9490447e-01	-2.5940168e-01	-2.0237745e-01	2.2098629e-01	-3.2152775e-01	2.5485593e-01	3.6622282e-02	-2.3761088e-01	-2.1099123e-01	8.8920698e-02	-3.4567695e-03	2.1802542e-01	6.4180143e-02	1.9160496e-01	1.7977959e-01	-8.5752770e-02	2.3006873e-01	1.6953659e-01	-1.1069924e-02	1.9234520e-01	-8.0820322e-02	-1.0605471e-02	1.2252402e-01	-3.5716692e-01	-3.1854945e-01	-1.8088973e-01	-1.9989769e-01	1.4279929e-01	-2.6928148e-01	2.2121452e-01	1.3089015e-01	-2.6063767e-01	2.2302389e-01	-5.9863113e-02	4.2415984e-02	1.9798109e-01	-2.0904036e-01	-2.1456835e-01	-5.0889011e-02	-1.6743395e-01	-2.6507618e-02	-2.5990257e-01	1.2899223e-01	-1.4899267e-01	-1.2580124e-01	-2.9670632e-01	1.9290641e-01	1.4775266e-01	2.1292683e-01	1.6569865e-01	-1.0321174e-01	8.2459010e-02	2.4623754e-02	-2.7194270e-01	-1.1867219e-02	-2.2213683e-01	-8.3570249e-02	1.3302541e-01	2.5009792e-02	-1.9269712e-01	-1.4025386e-01	-1.2664506e-01	9.1739625e-02	-1.1427595e-01	2.0845813e-01	3.1374671e-02	1.5116403e-01	2.7200443e-01	-6.3240349e-02	-6.6754811e-02	-1.2039614e-01	-1.2980349e-01	-1.2968342e-01	-1.3603915e-01	-3.2700427e-02	-1.0460764e-01	-1.1618903e-01	2.2031568e-01	1.8381091e-02	6.5100521e-02	-1.3981745e-01	8.5816458e-02	1.0242269e-01	-1.2229054e-01	3.0600286e-01	-2.0780849e-01	2.4848926e-01	5.3091574e-02	1.1716884e-01	-2.0336729e-02	2.0513704e-01	-8.8309050e-02	1.6425917e-02	-1.5320605e-01	-2.9023424e-01	2.4793349e-01	-2.2380938e-01	6.9531038e-02	2.8963503e-01	-1.8636500e-02	-5.6579173e-02	2.2760548e-01	-1.7422976e-01	4.9631055e-02	-9.8227486e-02	6.0537402e-02	1.0953243e-01	-1.2923218e-01	1.8704031e-01	2.7110630e-01	2.9759714e-01	-5.8049623e-02	2.3652926e-01	9.5994949e-02	-2.0705145e-02	-2.1454576e-01	-6.4093947e-02	2.6834583e-01	-4.1907332e-03	-3.3762567e-02	-1.1265218e-01	4.0752027e-02	-1.4691295e-01	-8.6938068e-02	-1.5501438e-01	3.0451280e-01	-7.7872641e-02	2.7651796e-01	-2.1739018e-01	1.6313386e-01	-1.8800845e-03	-1.8555661e-01	5.5280108e-02	-5.8586951e-03	7.7494189e-02	-2.2204821e-01	2.2863254e-01	-1.3127467e-01	-1.3160680e-01	1.1747625e-01	-1.7470539e-02	-1.9620055e-01	1.2599736e-02	-1.9639865e-01	-2.7117282e-02	-6.5275937e-02	1.9428800e-01	3.8235888e-02	-2.9397351e-01	-7.0225149e-02	8.5387185e-02	-1.6422415e-01	1.1734989e-01	1.0334337e-01	-7.7769488e-02	-2.9875696e-01	5.8489580e-02	-2.5485861e-01	-2.9704395e-01	2.9421918e-02	-2.4539083e-01	-2.0393525e-01	-3.0449405e-01	-6.3546143e-02	2.2727971e-01	1.8153881e-01	-7.0880584e-02	-5.5158950e-02	1.2493464e-01	1.9909693e-03	1.3626294e-01	2.9987261e-01	-1.7353286e-01	4.6666287e-02	2.9733175e-01	9.6974872e-02	-4.5127212e-03	-2.8139657e-01	3.6334489e-02	-2.0789137e-01	-2.7307799e-01	1.3131815e-01	-6.6132005e-03	-1.4650173e-01	9.5157899e-02	-2.6744604e-01	-1.6876450e-02	-1.5295641e-01	1.9657044e-01	-2.6324150e-01	-2.6573780e-01	3.0464771e-01	-4.4603180e-02	-1.2788202e-01	-2.3357287e-01	-4.6075858e-02	1.2551604e-01	-1.8763152e-01	-2.8138116e-01	-1.7213681e-01	2.4765849e-01	-1.7793970e-02	7.8054748e-02	7.6915887e-03	1.8850142e-01	6.7769088e-02	-1.7193311e-01	8.6583935e-02	-3.4670632e-03	9.8307289e-02	1.9158249e-01	-4.6479583e-02	2.5901319e-02	-2.7141213e-02	-3.0279109e-01	-3.1486109e-01	-2.5975186e-01	1.2959775e-01	-8.0173507e-02	5.7127222e-02	7.4004479e-02	-1.2672889e-01	-5.8380663e-02	-1.2712812e-01	1.0747676e-01	-8.2546607e-02	2.3739205e-01	-8.0560327e-02	1.0481448e-01	2.5522080e-01	-1.5115668e-01	1.0769655e-01	3.0501451e-02	3.4691695e-02	-3.9529516e-03	2.2608687e-03	-1.4120640e-01	-1.0012156e-01	2.3594074e-01	1.2373769e-01	-1.2558898e-01	-2.7325913e-01	-1.1059703e-01	2.2109655e-01	-6.0906611e-02	3.4738112e-02	5.2543003e-02	-9.6245006e-02	2.5721860e-01	-1.4875874e-01	-2.5110224e-01	1.9271784e-01	-7.7668004e-02	3.0046025e-01	-6.4692698e-02	1.7511234e-01	1.5245391e-01	1.0174622e-01	2.8951144e-02	5.5197954e-02	-1.2322539e-02	-1.2385491e-01	-2.4006566e-01	-8.3253846e-02	-7.9837203e-02	-2.9009771e-01	-1.7396888e-01	-1.4053221e-01	-2.4719720e-01	-9.0270132e-02	2.4419382e-01	2.5739241e-01	-5.7425171e-02	-2.7654177e-01	-1.3381445e-02	8.2306445e-02	-2.8855640e-01	8.2047425e-02	-9.0584770e-02	1.3369673e-01	-3.0153200e-01	8.0137223e-02	-2.0059702e-01	2.3959813e-01	9.9409208e-02	-6.0732022e-02	-1.2134403e-01	8.5213609e-02	-1.2382619e-01	-2.3049852e-01	-1.3716140e-01	-1.3835695e-01	9.9158674e-02	-2.0164144e-01	-7.8784116e-02	-2.2880730e-01	1.5891306e-01	1.4988233e-01	-7.1727373e-02	-1.7687634e-01	3.6240082e-02	-1.3981032e-01	-4.6459162e-03	3.1150194e-02	-5.5944163e-02	1.2260254e-01	2.5118601e-01	1.6905656e-01	-2.5411406e-01	1.1305077e-01	-4.7435101e-02	-1.4047995e-01	-6.1234776e-03	-1.5916276e-01	1.3610238e-01	-2.4771494e-01	7.9330683e-02	9.7168647e-02	2.9030952e-01	1.5166727e-01	-2.7244011e-01	7.1481369e-02	1.4858277e-01	-3.7250139e-03	-1.8901205e-01	-1.8514830e-01	-2.2990348e-02	-1.5661834e-01	2.1541139e-01	-1.6117160e-01	-3.4551799e-02	1.1158788e-01	1.9425146e-01	-3.0235231e-01	1.7725788e-01	1.6128415e-01	-1.6740657e-01	8.2706772e-02	-2.6135530e-02	-1.3058333e-01	-2.3058875e-01	-5.3508390e-02	-1.4976244e-01	6.6514872e-02	-7.2280029e-03	-1.7556752e-01	1.5362002e-01	-1.2088268e-01	-1.4425322e-01	1.5397850e-01	-8.5276455e-02	1.1508968e-01	1.0061752e-01	8.8601768e-02	1.0966375e-01	-1.5652555e-01	-1.2073354e-01	-2.7711681e-01
-8.5717738e-02	-7.5153507e-02	4.5096632e-02	1.6148928e-01	-1.8104840e-02	-3.0101338e-01	1.9514720e-01	2.1284559e-01	3.6540907e-02	-3.7976122e-01	-2.5306797e-02	2.3212546e-01	-2.0403272e-01	-7.1898508e-03	2.6477566e-01	2.4095233e-01	-3.5930693e-02	-1.4350030e-01	-4.1095294e-02	-8.3366577e-03	-3.2037929e-02	-1.0147447e-01	-2.4167389e-02	-1.3968575e-01	-6.0597971e-02	4.0388861e-01	7.7431001e-02	1.4709703e-03	-1.4898323e-01	2.6475328e-01	-2.4533074e-01	4.6354275e-02
