9
input	25
dense	32
relu	0
dense	32
relu	0
dense	32
relu	0
dense	1
linear	0
7.999999979801942e-06
-5.7543576e-02	-7.0498817e-02	-1.1668759e-02	-1.0599601e-03	3.6310241e-02	6.1560120e-03	0.0000000e+00	-4.6181064e-02	8.1799338e-03	-3.6564057e-03	-3.7942991e-02	5.2354392e-03	-6.1834663e-02	-3.8329840e-02	-1.6917441e-02	-1.4462876e-02	-4.5958653e-02	-7.3902003e-02	1.3013199e-02	0.0000000e+00	0.0000000e+00	4.1136581e-02	-8.5925803e-02	-1.4872154e-02	2.1628572e-02	0.0000000e+00	0.0000000e+00	-5.6598403e-02	9.2507685e-03	-9.0229549e-03	3.8092905e-03	2.6138671e-02
-4.9854554e-02	-3.1881284e-02	-6.0844887e-02	-4.4329822e-02	-4.4770751e-02	-2.5921697e-02	-3.2920029e-02	-3.8193941e-02	-3.5360236e-02	-5.6504840e-03	-5.7528634e-02	-4.6783589e-02	-9.3933448e-02	-1.5408932e-02	-4.3766100e-02	-9.6996119e-03	-1.2741288e-02	-4.2650331e-02	-8.5477665e-02	-6.0647327e-02	-4.3105271e-02	1.2922571e-02	-4.8256461e-02	-4.8274685e-02	-2.9126460e-02	4.2976156e-02	-9.2752380e-03	-6.8408847e-02	-4.0960841e-02	-4.7233373e-02	-5.3066820e-02	-4.9843032e-02
1.4622576e-02	1.5338358e-02	-4.6176951e-02	-8.3390959e-03	7.4408636e-03	2.3210974e-02	-2.5381746e-02	-3.9267898e-04	-5.4494940e-02	-4.8368152e-02	-5.1078521e-02	-7.5142267e-03	-1.9364374e-02	-4.1723076e-02	3.7980997e-03	-1.5789539e-02	9.4418635e-04	-3.6121912e-02	-4.6649866e-02	-1.0213429e-02	-5.3090416e-02	1.4290647e-02	-1.6312700e-02	-3.5791982e-02	-7.2625585e-02	-5.3648848e-02	-2.2185866e-02	-1.3000931e-02	-4.7882859e-02	5.9564454e-03	-1.6497211e-03	-5.0276726e-02
-4.3798485e-03
-2.4483761e-01	1.0381349e-01	-4.8061866e-02	1.2333110e-01	-9.7203515e-02	-1.4374657e-01	1.5716486e-01	2.3062065e-01	-9.2095956e-02	3.4999469e-01	1.7070530e-01	2.9994765e-02	-4.0096545e-01	1.6399708e-01	3.5150066e-01	-9.3222223e-02	-2.0578198e-01	-4.9628187e-03	-2.4217233e-01	-2.4838546e-01	1.2822434e-01	-1.4706823e-01	-2.3338219e-02	3.3646894e-01	1.0114536e-01	-2.4638297e-01	2.1246344e-01	-8.5831165e-02	1.9938761e-02	1.4994444e-01	6.6259690e-02	3.2932395e-01	6.5430276e-02	-1.3470685e-01	-8.1547581e-02	1.7176962e-01	1.5588015e-02	-2.8241596e-01	2.0682719e-01	9.6853539e-02	-1.2889779e-01	3.1855866e-01	2.8115103e-01	-1.0540003e-01	-1.2966107e-01	-2.3247702e-03	2.0738633e-01	9.1041557e-02	3.9451012e-01	-6.5114266e-01	3.2211104e-01	5.5253472e-02	8.2082868e-02	-1.7930458e-01	-3.2436019e-01	1.0426166e-01	7.6007478e-02	2.1042125e-01	1.8847385e-01	7.9371981e-02	2.9494273e-02	-6.3645393e-02	1.9081704e-01	-1.3267381e-01	-2.6961884e-02	-9.3906142e-02	3.7956424e-02	-4.5210075e-02	-2.2059178e-01	3.2162737e-02	1.0680274e-01	-2.8881386e-01	2.4053800e-01	4.3431435e-02	-1.3062449e-01	2.4378642e-01	-1.7574608e-01	1.4304829e-01	6.3903786e-02	-4.7029715e-02	1.7549209e-01	-1.4976937e-02	5.0928332e-02	1.3779606e-01	7.8918979e-02	3.8125526e-02	2.2601993e-01	-3.1296287e-02	-8.3854385e-02	4.5727443e-02	1.4016753e-01	4.4959512e-02	-1.1507253e-01	-9.0629486e-03	3.8392387e-02	-2.8685650e-01	1.9180210e-01	-1.2240428e-01	2.7754301e-01	1.2123323e-01	-3.4828063e-02	4.1517425e-01	2.0419639e-01	-3.1497824e-01	1.9699757e-01	-3.6134060e-02	-2.0705782e-01	2.5307229e-01	1.7726785e-01	1.6279797e-01	1.6026038e-01	1.9352771e-01	-3.7209317e-01	-2.2932698e-01	-1.9965762e-01	-1.7902796e-01	-3.0350054e-02	-1.8438350e-01	-4.4719338e-02	2.4235776e-01	-1.9721492e-01	3.5414569e-02	-2.1511924e-01	1.6224623e-01	-2.2621129e-01	1.6852655e-02	3.8392725e-03	-1.4273554e-01	6.5494597e-02	-2.7463578e-03	-5.4529604e-02	-8.0625616e-02	1.9069107e-01	-8.1425816e-02	-2.5981085e-02	-1.1293157e-01	2.9349118e-01	-3.1777609e-02	2.3237689e-01	1.2391818e-01	1.9004457e-01	-1.6818586e-01	-2.0613229e-01	-2.9073881e-02	1.2235689e-01	-9.1566622e-02	-1.9802102e-01	-2.9541200e-01	-5.2805580e-02	1.5800840e-01	-1.8857156e-01	-2.5413969e-01	-2.1043560e-01	1.9409588e-01	2.5851712e-01	-2.3240568e-01	3.1046471e-01	-2.7775577e-01	-6.2763304e-02	-1.2896542e-01	-2.0888442e-01	-2.1557826e-01	2.2322506e-02	2.7495018e-01	2.2593012e-01	-1.4502627e-01	7.2364300e-02	3.3121109e-03	1.0560492e-01	-2.1630430e-01	9.3649209e-02	3.1352273e-01	-3.1055599e-02	-2.0297092e-01	-1.6385551e-01	3.0592433e-01	1.8001321e-01	-2.1230516e-01	-1.7745878e-01	-2.6638812e-01	-2.2493163e-01	-8.0919847e-02	1.4206026e-01	1.8510310e-01	1.4369538e-01	1.1903791e-02	-2.3411931e-01	8.0559790e-02	-1.2300874e-01	3.5569239e-01	-1.8026210e-01	2.0532963e-01	9.8962180e-02	3.8078345e-02	-1.9761388e-01	-2.9039696e-01	1.5954022e-01	2.3886441e-01	-1.7785192e-02	1.9936998e-01	-1.7201300e-01	9.5054314e-02	-2.8188007e-02	2.5211099e-01	-1.5984491e-01	1.2324012e-01	8.0639765e-02	4.9388953e-03	-1.7216550e-01	-3.0038533e-01	2.1411738e-01	3.5389829e-01	-2.1802180e-01	3.3307981e-01	2.7568024e-01	-4.9200989e-02	1.9660182e-01	-6.1968546e-02	-2.0027463e-01	7.8865185e-02	9.8036595e-02	-1.6963424e-01	-5.3603458e-01	9.8462515e-02	-5.6893495e-03	-3.6999248e-02	-2.9864636e-01	-6.7130759e-02	-2.1943448e-01	3.6979891e-02	-1.1348122e-01	1.1974853e-01	1.6629554e-01	-1.5843977e-01	3.6477160e-02	-1.9181310e-01	3.1903845e-01	1.6614470e-01	2.3266046e-01	-1.1850056e-01	-2.2540051e-01	5.0469898e-02	8.4346987e-02	3.4379262e-01	-2.9423612e-01	-6.3663915e-02	5.9631426e-02	-3.3921999e-01	-1.9541143e-02	-8.6296976e-02	-2.9063374e-01	1.6032729e-01	-1.3627495e-01	-2.1817067e-03	-2.5890142e-01	1.2488371e-01	9.9516265e-02	8.3264457e-03	2.0340438e-01	-1.9102132e-01	-2.2284596e-01	-1.6118939e-01	1.7460732e-01	-2.2527170e-01	1.2940772e-01	1.3334551e-01	4.4712968e-02	-2.0968124e-01	2.4861078e-01	3.1280670e-01	-1.5156972e-01	-2.6301488e-01	9.5301822e-02	-1.6563554e-01	1.0450332e-01	-1.8053733e-01	-1.3656332e-01	-2.5259653e-01	1.3452585e-01	-2.0046791e-01	-2.1549236e-02	7.0377223e-02	-1.1238119e-01	-5.5748560e-02	2.5432879e-01	-3.3993445e-02	1.0741773e-01	-2.8775054e-01	8.2815153e-04	-2.3028198e-01	3.4328854e-01	-3.2438976e-01	-3.6013134e-02	-2.9527155e-01	-7.7297091e-02	1.4285910e-01	4.8371788e-02	3.6932102e-01	1.6340205e-02	4.1605324e-02	-1.9833301e-01	-2.4072401e-01	8.9643255e-02	1.4842680e-01	2.8600562e-01	1.4524598e-01	-1.2569559e-02	-1.4380485e-01	-1.7712176e-01	1.6810997e-01	2.4085750e-01	-7.1570314e-02	-1.9364144e-01	2.1243216e-01	-1.2555952e-01	2.6199907e-01	2.7935883e-01	-2.1478069e-01	2.3177710e-01	1.4229593e-01	-9.6110016e-02	-3.8874060e-02	-4.5693621e-02	5.1861446e-02	-3.3463547e-01	1.4769971e-01	2.1351841e-01	1.1482375e-01	4.3255477e-03	1.0886011e-01	7.1684882e-02	2.3309226e-01	-1.8963471e-01	-5.5771384e-02	-9.6314296e-02	2.4522465e-01	1.4355810e-01	1.5248168e-01	-3.9627753e-02	1.5911075e-01	-3.7322007e-02	-1.7711648e-01	-2.4524214e-02	-2.2217786e-01	2.1972491e-01	-1.1390372e-01	-2.6716536e-02	-5.3440702e-01	-3.9751217e-01	2.9391402e-01	-1.6952005e-01	1.0176710e-02	3.0852234e-01	-2.6879245e-01	7.2525620e-02	1.6366895e-01	-1.2767011e-01	3.0060428e-01	2.8466561e-01	2.1946807e-01	3.0481309e-01	-7.8612611e-02	1.8913598e-01	-4.2249598e-02	-1.9257480e-01	1.1119787e-01	1.3450029e-01	3.0494571e-01	-1.4154160e-01	-3.7667736e-02	-1.2657872e-01	-1.9196074e-01	2.0853324e-01	-1.9458999e-01	-9.0045661e-02	1.2027755e-01	9.6994475e-02	-2.1275201e-01	-5.7065226e-02	-1.1562863e-01	1.0277642e-01	-1.9519468e-01	2.1685448e-02	3.1846103e-01	-2.0214178e-01	1.9184834e-01	1.9221997e-01	1.9075926e-01	-1.9373924e-01	2.9009956e-01	1.1780428e-01	1.0212364e-01	-2.3182349e-01	3.0972138e-02	2.4579161e-01	2.6651493e-01	-6.8784222e-02	-1.1552728e-02	1.6275944e-01	9.4044223e-02	-3.0064771e-01	2.3116209e-01	2.4858700e-02	-2.2256371e-01	-1.9063988e-01	3.9416011e-02	-5.5304361e-03	-4.8539177e-02	-2.8474772e-01	1.8142858e-01	-1.5602618e-01	-3.0842629e-01	-1.5310849e-02	-1.7620818e-01	1.9366550e-01	-5.9740506e-02	1.1093248e-01	-1.1939005e-01	9.9999063e-02	-1.6028799e-01	1.3453889e-01	-1.3776252e-02	-1.3126981e-01	-2.2064101e-02	-3.4038797e-01	-2.5610635e-01	3.4918460e-01	-2.1956427e-01	9.0408586e-02	-1.3786799e-01	1.8835916e-01	-5.9708755e-02	1.8844935e-01	3.9542001e-02	-1.5988483e-01	6.4913861e-02	-3.3779451e-01	-2.1006791e-01	-5.5118338e-03	3.9280099e-01	3.6867622e-01	-2.2158244e-01	2.0206335e-01	-4.2666528e-02	2.2949377e-01	-9.5178992e-02	-6.1563794e-02	5.4631352e-02	5.6424230e-01	-2.0609405e-02	3.0896059e-01	-1.4603530e-01	-2.5708386e-01	1.8098801e-01	-2.0286858e-01	-6.5787867e-02	-5.2391030e-02	1.2060934e-01	1.7649609e-01	-5.0504830e-02	-1.4998975e-01	-2.3984088e-01	2.0099510e-01	-1.4664289e-01	2.7939034e-01	-1.5954830e-01	-8.2024254e-02	4.8393611e-02	2.7117923e-01	-2.4307720e-01	1.0648453e-01	-1.4239989e-01	3.4927261e-01	-4.0560773e-01	-1.9481607e-01	-2.9227489e-01	-1.3098364e-01	8.7162584e-02	-1.7124923e-01	-3.2719314e-02	-4.0562689e-02	-2.8720593e-01	-3.0909410e-01	-2.0062178e-02	2.9072317e-01	1.9714865e-01	-1.7417821e-01	2.6499119e-01	6.5832376e-02	-2.1746027e-01	8.7658733e-02	1.7624208e-01	7.1512192e-02	2.8303799e-01	-2.3541451e-02	1.6788960e-02	2.0565239e-01	-1.1866361e-02	-3.7644953e-02	-2.1339187e-01	1.2097058e-01	2.0860258e-01	-2.8087899e-01	1.6949269e-01	4.6612799e-02	1.6580898e-01	3.4205884e-02	-3.0456662e-01	-1.5451534e-01	2.8367579e-02	2.8073254e-01	3.2902956e-03	3.2122037e-01	-9.5145985e-02	7.5157911e-02	1.7783746e-01	1.1581290e-01	-1.6153212e-01	1.7753533e-01	-1.7098987e-01	-1.3826250e-01	2.9705974e-01	3.0755934e-01	-1.6796619e-02	3.2188594e-02	2.6350392e-02	2.2192813e-01	-3.8239765e-01	1.2119205e-01	-4.2073703e-01	1.7058235e-01	2.6649883e-01	-2.8406358e-01	7.9372805e-01	1.1626118e-01	-9.2474846e-03	-1.7745706e-01	9.9478081e-02	2.8422372e-02	-4.1005664e-02	-1.8708770e-01	-5.4282632e-02	-2.4203975e-01	-8.0406196e-02	1.6338607e-02	1.2049281e-01	1.9431819e-01	2.2736867e-01	1.9515032e-01	-2.7729258e-01	2.4905765e-01	-5.9147682e-02	1.0927152e-01	-6.2878937e-02	-1.8368509e-02	-5.2997475e-03	-5.7589538e-02	-8.7352209e-02	-5.5029981e-02	-1.5737660e-01	2.5652736e-01	-8.6863495e-02	-4.2582938e-01	-4.7499998e-03	-3.1445932e-02	2.5471777e-01	3.9719266e-01	2.8264746e-01	5.0342068e-02	3.8554043e-01	-4.2180967e-02	-8.3849899e-02	-7.4811867e-03	-2.2815727e-01	1.1076161e-01	6.2306114e-02	3.1979349e-02	2.5262973e-01	1.0623185e-01	1.4750221e-01	-2.9295251e-01	-1.9876094e-01	4.8254713e-02	1.3641824e-01	2.8573778e-01	-1.8515733e-01	-1.0983842e-01	1.5885065e-01	-3.1574947e-01	-1.0273150e-01	-2.5308758e-01	-1.8277319e-01	-1.6595197e-01	-9.6075244e-02	5.1340915e-02	8.7201983e-02	2.5751916e-01	-1.7762123e-01	-5.0676826e-02	-1.2808424e-01	1.9192450e-01	1.5900020e-01	-1.6701715e-01	-5.1941633e-02	3.4532014e-02	-2.0122042e-01	1.5786217e-01	9.8657757e-02	2.5220287e-01	-3.0826512e-01	-2.9515266e-01	2.7451319e-01	1.5390444e-01	-4.4298626e-02	4.0638622e-02	7.3469365e-03	2.5845307e-01	4.5107972e-02	-1.3246647e-01	1.1642345e-02	-1.8508258e-01	3.2549892e-02	-4.6350896e-01	1.6239673e-01	5.0196044e-02	1.0194725e-01	1.5252998e-01	-1.2371585e-01	-1.6376020e-01	-2.0842579e-01	-1.3881178e-01	3.1323412e-01	1.4867216e-01	2.5917378e-01	-1.2806147e-01	2.3618630e-01	-5.4664016e-03	-5.0472915e-03	1.0333535e-01	-4.7016889e-02	7.0557863e-02	1.5858960e-01	2.7464351e-01	-1.1488752e-01	1.4872614e-01	-9.9963069e-02	2.8910652e-01	-5.5238694e-02	1.9016203e-01	-5.0474197e-02	-2.1007359e-02	3.1159773e-01	2.5131336e-01	-1.9400275e-01	-8.2469344e-02	8.5206866e-02	2.1721372e-01	4.4252694e-02	-1.4485554e-01	2.7401677e-01	1.9853899e-01	1.4249760e-01	-1.7712367e-01	1.5007317e-01	-1.5075350e-01	1.0959503e-01	2.1085677e-01	-7.8177005e-02	1.3713825e-01	-2.7689213e-01	-2.3483959e-01	2.0586798e-01	8.1250638e-02	-1.0647777e-01	-3.1298745e-01	2.5854191e-01	-1.3270700e-01	-8.3565854e-02	4.1455814e-01	-1.7988656e-01	4.5056004e-02	3.7737418e-02	-4.6130586e-02	-1.5520173e-01	-2.5767791e-01	1.2111920e-03	3.7303165e-01	-3.8491596e-02	2.8237259e-01	-1.4961131e-01	-1.9944532e-01	-2.8499091e-01	3.3450711e-01	-2.4321581e-01	1.4765771e-01	6.9157362e-02	1.2833759e-01	-3.6244199e-01	-2.1153192e-01	-8.8075578e-02	-1.5258261e-02	-1.8961015e-01	3.5423487e-01	-4.1419722e-02	6.0594268e-02	9.8619163e-02	-2.2611274e-01	-2.6147205e-01	-8.2859499e-03	-2.8546709e-01	1.0591952e-01	1.9418082e-01	2.6277724e-01	-1.8262668e-01	-1.5094188e-01	-1.8418179e-01	-4.5823127e-02	-4.6819240e-02	1.2530352e-01	2.3115703e-04	1.4063534e-01	2.0975056e-01	-4.8336181e-01	-2.7270001e-01	-1.6161183e-01	-1.3597853e-01	-1.9088157e-01	1.0543653e-01	-1.1884916e-01	5.6887705e-02	-1.3686541e-01	1.0320783e-01	9.6657149e-02	-1.5908327e-02	-1.5353247e-02	-3.0661008e-01	3.5613641e-01	-3.4264272e-01	2.3818460e-01	3.2941803e-02	7.8448253e-03	3.4152992e-02	2.7709246e-01	2.5574701e-02	-9.6773021e-02	-1.1555270e-02	-1.0196474e-01	-3.6099762e-02	9.2538103e-02	-5.4421201e-03	2.4815297e-01	6.8070576e-02	1.8578811e-01	-1.9019584e-01	-2.0033410e-01	2.4875647e-01	3.3112120e-02	-1.2547681e-01	4.7539633e-02	7.6626837e-02	-5.0848924e-02	2.5723240e-01	-2.5671920e-01	-8.5907988e-02	-4.2828545e-02	-2.5285596e-01	2.7143762e-01	-3.1302851e-02	-1.6577895e-01	-1.8673214e-01	-8.6503252e-02	-5.7599463e-02	-1.8917853e-02	1.6125989e-01	-2.1843435e-02	1.6361718e-01	-1.2175760e-01	-2.2400361e-01	1.4867105e-01	-3.4016904e-01	-7.3553748e-02	2.5653782e-01	-9.0417683e-02	1.1242788e-01	6.9759257e-02	-3.1743878e-01	2.4686083e-01	-3.3249229e-01	-1.3720760e-01	2.7108261e-01	-2.4930662e-01	2.6710268e-02	3.1443018e-01	-2.4302311e-01	-2.0143168e-01	2.0133151e-01	-1.0790870e-01	8.4275424e-02	-7.5486004e-02	-1.1360163e-01
1.8712972e-01	-2.5574595e-01	7.0001274e-02	2.4339077e-01	-1.8386801e-01	-4.5796502e-02	2.5971881e-01	1.6293643e-01	-1.5219794e-01	2.6480018e-03	4.3797746e-02	1.9814073e-01	-2.6586443e-01	1.2088140e-01	1.7061210e-01	1.6763237e-01	-3.1357333e-01	-1.2740320e-02	-8.5202493e-02	-2.1861464e-01	4.3544948e-02	-2.4876726e-01	-1.1102881e-01	1.9850209e-01	1.0139390e-01	-2.6812011e-01	-5.7591468e-02	5.1905303e-03	-6.7510888e-02	-6.2389277e-02	-1.1803351e-01	-2.7372617e-01	1.7298209e-02	-2.8800115e-01	1.0553790e-01	-2.5342998e-01	9.2625089e-02	9.2305094e-02	-2.5101969e-01	2.9795468e-01	-2.2832701e-01	1.0606480e-01	-1.4844909e-01	8.5370794e-02	1.3624763e-01	1.5661956e-01	-2.6159161e-01	-1.0485918e-01	1.1723085e-01	1.3703269e-01	-1.7727849e-01	1.1432299e-01	8.0669552e-02	-5.4998286e-02	-1.3806140e-01	1.6660751e-01	1.5189415e-01	2.4426582e-01	3.0896515e-02	2.6114506e-01	-1.8636352e-01	1.4480120e-01	1.8762769e-02	-2.9373020e-01	8.0161862e-02	3.5099921e-01	8.4259085e-02	1.9837078e-01	1.0753825e-01	-9.9927992e-02	-1.2241051e-01	1.2547858e-01	5.8124945e-02	-8.9605175e-02	-1.0277826e-01	1.1460112e-01	1.3495669e-01	-2.4531919e-01	-2.2762498e-01	-1.9158086e-01	9.7706513e-03	3.3829850e-01	-1.9483928e-01	8.6379290e-02	1.0663837e-02	-1.9560276e-01	5.4454368e-01	5.3946424e-04	-1.8035688e-01	-1.6944194e-01	1.3293236e-01	5.4349408e-02	2.0534264e-02	-3.2596186e-02	-2.3761918e-01	1.8269370e-01	-3.3612889e-01	4.2934716e-02	-6.5195560e-02	-2.6750153e-01	1.9374360e-01	2.4688241e-01	-2.5809294e-01	-2.9732513e-01	1.3718183e-01	1.0370922e-01	-3.6522195e-02	-2.7988991e-01	1.4632793e-01	-2.7805981e-01	-1.9454709e-01	-7.0362389e-02	-1.1513418e-01	-8.9897633e-02	-9.2467956e-02	2.2744265e-01	2.0908538e-01	1.5247720e-01	2.0629136e-01	-2.9071191e-01	4.7608495e-02	8.4548056e-02	-4.5910507e-02	-1.6238388e-01	-1.5132414e-01	-2.9992774e-01	-2.2691949e-01	-6.7284383e-02	-2.4694130e-01	-3.0470887e-01	-9.8336019e-02	-2.1320872e-01	-8.7405995e-02	2.1390319e-02	6.3015103e-02	-2.4632488e-01	-8.5229531e-02	2.0654830e-01	-1.0815009e-02	-2.1112269e-01	1.7576106e-01	-2.6982161e-01	-4.4604331e-02	2.3483631e-01	-3.7696257e-02	-2.9827106e-01	6.3903078e-02	1.0001510e-02	2.4454233e-01	1.9924459e-01	4.5065653e-02	-2.4645330e-01	-1.0248736e-01	2.6273218e-01	-7.0506200e-02	-4.6535313e-02	-1.5950373e-01	-1.0340775e-01	-6.0876567e-02	3.2636949e-03	2.8114825e-01	3.7431794e-01	-1.6417320e-01	-1.3997191e-01	1.7048045e-01	5.5205170e-02	-2.1203882e-01	-1.0657928e-01	5.2122649e-02	-7.0500514e-03	-1.2936683e-01	1.1221623e-01	-5.5695470e-02	1.5572375e-01	-6.5469287e-02	-1.0062501e-01	1.4415646e-03	4.1052496e-01	1.6582270e-01	-6.1192870e-02	-4.4723243e-02	-1.4374521e-01	4.5572174e-01	-1.7206353e-01	1.0602020e-01	-5.1642448e-02	-1.1534508e-01	9.9031776e-02	2.1681654e-01	2.7353317e-01	1.5384769e-01	-1.2091187e-01	-2.6458433e-01	2.3190233e-01	-2.9473832e-01	6.2114954e-02	-2.7407265e-01	-6.8600401e-02	-2.8966936e-01	2.6424566e-01	-5.1956799e-02	1.9440278e-01	-2.4641991e-02	2.6743674e-01	2.2065808e-01	1.7826686e-02	-2.5157586e-01	1.3141429e-01	1.6059947e-01	1.9523992e-01	5.0002921e-02	-1.8802473e-01	1.9989458e-01	-2.6162535e-01	1.3064457e-01	-1.8782958e-01	2.8287894e-01	-3.5025626e-02	-4.4754624e-02	1.8856961e-01	-1.6313843e-01	4.9221125e-02	1.6417231e-01	-2.4118945e-01	2.4666157e-02	2.3367214e-01	1.9358292e-01	2.7919379e-01	-3.2441533e-01	-2.0338087e-01	-3.4666389e-02	-1.0398133e-01	1.0756601e-01	3.9257109e-02	8.5864842e-02	1.1648716e-01	-5.2863207e-02	2.5922045e-01	-6.1988104e-02	1.4657840e-01	9.2693545e-02	5.2348590e-03	-3.3730546e-01	-2.1816699e-01	-2.3192984e-01	1.6555598e-01	1.9456691e-01	-1.4390001e-01	2.9220048e-01	-2.4766685e-01	9.4701767e-02	-1.7925744e-01	1.6504487e-01	-2.7742445e-01	8.5114256e-02	-2.8630376e-01	-1.0365007e-01	3.6805257e-01	-7.3155664e-02	-3.0534330e-01	-1.0321473e-01	6.5087907e-02	2.9143021e-01	6.5818712e-02	-2.6247329e-01	2.9299793e-01	1.1593549e-01	-2.9008096e-01	4.1399323e-03	-1.7791899e-01	2.4089369e-01	-4.2686459e-02	-2.2029890e-01	1.0811773e-01	-4.5304734e-02	2.9955623e-01	1.2285194e-01	1.5260696e-02	2.0551134e-02	9.7585693e-03	2.0668000e-01	-1.9087809e-01	-1.6659193e-01	1.8164848e-01	8.1744656e-02	-4.7352143e-02	3.4295850e-02	2.6438689e-01	-1.5853989e-01	1.1366215e-01	2.1252921e-01	-2.1660483e-01	6.9083683e-02	1.9582184e-02	1.3979205e-01	2.3376666e-01	1.1965756e-01	-1.4711979e-01	-7.4371129e-02	-1.1162683e-01	1.1029479e-01	-7.3514625e-02	-1.1678647e-01	1.5187909e-01	-2.4834591e-01	1.6774096e-01	-1.3862476e-01	-2.3429659e-01	-9.9603027e-02	-1.6787046e-01	2.8477404e-01	1.7364028e-01	1.3749456e-01	-8.1498101e-02	-1.4978021e-02	1.8654701e-01	-2.5934996e-02	3.2753763e-01	1.0883475e-01	1.5105689e-01	2.2884078e-01	-2.6456043e-01	-3.2140264e-01	-1.1479159e-01	-2.4872015e-01	-1.6823593e-01	1.1971837e-01	-1.5811601e-01	1.7085263e-01	-2.8629002e-01	1.2988532e-01	-2.2331601e-01	-1.4237399e-01	1.1391374e-01	-2.3755608e-01	2.4543963e-01	-2.8660777e-01	-2.3096199e-01	7.1214840e-02	-9.2994586e-02	4.2221725e-02	1.3975181e-01	2.8726432e-01	-1.7687039e-01	3.9638080e-02	1.6904876e-01	1.5137032e-01	-3.0867761e-01	-1.0955944e-01	3.4887750e-02	-2.5863327e-02	1.8101309e-01	-9.5477169e-03	-1.8307494e-01	-2.8437653e-01	-2.9836926e-01	8.8422664e-02	-1.7124259e-01	2.9736975e-01	-2.9498598e-01	-1.0949574e-01	-9.6730208e-03	2.0536917e-01	5.5300012e-02	-3.0601202e-02	-2.1401688e-01	1.8845102e-01	-2.6930594e-01	2.8591418e-01	-1.8563004e-01	1.2943134e-01	1.1272413e-01	-2.1282284e-01	-3.0538073e-01	-6.2237047e-02	-2.6807830e-01	2.2710995e-01	1.5854195e-01	-2.1444513e-01	-2.9358572e-01	-7.6797046e-02	1.9822396e-01	-5.6141332e-02	-3.2516226e-01	1.7280921e-01	-8.2705006e-02	-2.0715450e-01	2.8484440e-01	5.9879407e-02	2.5980139e-02	2.3460749e-01	3.1105146e-01	3.7410516e-02	8.7802261e-02	8.1958570e-02	-3.0090207e-01	-1.5481421e-01	-6.2911160e-02	5.3859107e-02	-7.7330582e-02	-3.2352385e-01	-3.0917153e-01	-6.8953656e-02	1.3232440e-02	1.1978716e-02	-1.2442179e-01	1.2676308e-01	1.9585682e-01	2.7065180e-02	-1.3136883e-01	-3.2913655e-02	2.7649933e-01	5.1800929e-02	1.9347169e-01	2.1717213e-01	-1.5676989e-01	2.0353992e-01	6.5836035e-02	-4.3968536e-02	-1.4588416e-02	-2.1978030e-01	-1.7299323e-01	-2.3994443e-01	1.6887257e-01	1.3991144e-01	2.3048493e-01	-1.2409114e-01	-7.0900805e-02	1.9626114e-01	2.3265104e-01	-2.6268214e-01	2.1080476e-01	-9.3064852e-02	4.2192511e-02	-2.9790780e-01	1.3868502e-01	-8.5664690e-03	1.6056129e-01	2.8315973e-01	2.5750464e-01	-3.0758011e-01	-1.0988909e-01	-7.8473046e-02	-1.7818804e-01	7.5195767e-02	-9.7013861e-02	-1.4623672e-01	1.1903572e-02	-2.2067901e-01	-1.5193845e-01	-1.3097881e-01	1.0780624e-01	-6.9196917e-02	1.7737578e-01	-1.5144046e-01	2.2420444e-02	-2.8946877e-01	-2.0695317e-01	2.3282591e-01	-1.5699606e-01	-3.0518001e-01	-2.8747964e-01	-1.9502977e-01	2.8391322e-01	-1.7754646e-01	9.9622585e-02	-1.6911797e-01	-6.6456214e-02	1.2281686e-02	1.1166897e-01	-2.3895533e-01	-2.5423860e-02	5.4112766e-03	5.0183892e-02	-1.8219382e-01	1.4425658e-03	-2.1142180e-01	2.3037510e-01	-2.8376621e-01	1.3743339e-01	-3.1806707e-02	1.0086818e-01	-1.1536099e-01	1.3954991e-01	1.5032056e-01	-5.6348018e-02	-6.9776997e-02	2.0096873e-01	1.7977555e-01	1.2773648e-02	-3.7606314e-02	-1.7188671e-01	-2.6565683e-01	-1.3492030e-01	2.2873665e-01	-1.7491395e-03	-2.0725891e-01	-1.5330435e-01	1.6549855e-01	-2.3188670e-01	2.4266317e-01	-3.0730020e-02	-5.4447367e-03	-1.8128186e-02	2.7948454e-01	-2.1923301e-01	4.7323883e-02	3.0628687e-01	6.2426805e-02	2.9089829e-01	1.6986763e-01	-1.6550927e-01	-7.8523122e-02	8.6792760e-02	1.1438625e-01	-6.5987192e-02	-1.1306680e-02	-1.4504491e-01	-9.0872169e-02	1.3668031e-01	1.0947750e-02	1.1422771e-01	1.9286402e-01	-1.7488746e-01	1.8297197e-01	7.4927986e-02	6.6921957e-02	1.3447133e-01	-1.1378283e-02	-2.2195173e-02	5.2663948e-02	1.5790311e-01	-2.4241249e-01	1.8637028e-01	-1.0129667e-01	1.6667400e-01	4.6430817e-03	-1.4944163e-01	-2.8044248e-01	-2.0144901e-01	-1.1596436e-02	2.4814617e-02	-8.3401099e-02	-5.5515155e-02	9.8278150e-02	-2.3501618e-01	-5.4158516e-02	-1.5919359e-01	-1.2640105e-01	5.2637298e-02	1.6437769e-01	-1.3124342e-01	1.3099170e-01	-2.6746479e-01	2.3158248e-01	-7.4661851e-02	3.1905922e-01	4.4328994e-03	1.9782941e-01	2.6082203e-02	-8.8246584e-02	4.8380140e-02	4.6791673e-02	1.1763960e-02	2.5625125e-01	1.9410521e-01	-1.3645375e-01	1.5471672e-01	-3.3085167e-02	1.4907318e-01	1.8765774e-01	-1.4993124e-01	6.7362159e-02	1.9569801e-01	1.3945580e-01	-2.0301494e-01	5.4720145e-02	3.8483369e-01	-1.7235908e-01	-1.0831317e-01	1.6208574e-01	-2.9440147e-01	-1.3122895e-01	-1.7290647e-01	1.6311525e-01	1.2029096e-01	-1.9787152e-01	1.7797805e-01	2.1023625e-01	2.8734449e-02	-7.2412893e-02	2.8393674e-01	1.1161458e-01	3.4136933e-01	3.2084201e-02	1.7062265e-01	2.9927906e-01	2.2721041e-02	-1.9432272e-01	-3.4762546e-01	-1.2842923e-01	1.1796880e-01	8.8960886e-02	-2.8772652e-01	2.2482325e-01	2.3920487e-01	2.3047045e-01	-1.5429632e-01	-1.2733708e-01	-2.6940012e-01	-2.5402573e-01	-1.0135636e-01	1.8259262e-01	-2.7876282e-01	-6.6141292e-02	-1.2079112e-01	2.6650313e-01	-5.2144378e-02	6.3279197e-02	-2.6481926e-02	-3.1300716e-02	1.5494932e-01	-1.5300453e-02	-2.8007731e-01	1.5371337e-02	1.3043110e-01	6.2361464e-02	-1.5248290e-01	2.5958538e-02	1.2353536e-01	-2.1494956e-01	-4.7962613e-02	-2.3677710e-01	2.3463532e-01	-2.2786641e-01	-2.5272125e-01	7.5666033e-02	-4.8602402e-02	-1.8691207e-01	-1.1214975e-01	1.1809343e-02	2.8716410e-02	1.6725501e-01	-2.4603762e-01	-3.3795707e-02	-8.7681957e-02	-2.3161010e-01	-2.1981294e-01	1.9472259e-01	2.3679450e-01	-2.0173205e-01	9.6521564e-02	1.4873400e-01	2.2199199e-01	2.8398603e-01	-1.5721953e-01	1.4059122e-01	1.7685622e-01	6.9197312e-02	-5.4701954e-02	1.8868273e-01	-9.6899666e-02	-1.4680013e-01	-1.3112162e-02	1.7678271e-01	2.3290125e-01	9.2606366e-02	-1.6447219e-01	6.9795370e-02	-1.2762925e-01	9.4710232e-04	-3.2250342e-01	5.6642074e-02	7.4260741e-02	3.5248499e-02	-4.5358986e-02	-1.8773039e-01	-2.7777439e-01	-3.0602971e-01	-5.3576782e-02	8.6200438e-02	-1.8630779e-01	2.6396608e-01	8.6252257e-02	-2.6431823e-01	2.1970053e-01	-3.0152246e-01	1.9628121e-01	-2.3978208e-01	2.3383240e-01	-2.8726938e-01	-1.5201600e-01	-1.5963462e-01	-2.9809439e-01	1.2820517e-01	2.4906510e-01	1.0795213e-01	-2.2658649e-01	2.3026168e-02	1.6397685e-01	-3.0983242e-01	1.6045599e-01	2.4461355e-02	-1.9585723e-01	5.3700458e-02	-1.0047371e-02	-3.0802065e-01	1.9264764e-01	-2.7343947e-02	-2.3027748e-01	6.6335022e-02	1.6323298e-01	-2.0523594e-01	2.6527944e-01	2.1808214e-01	1.2509646e-01	-1.3730881e-01	2.7991334e-01	-4.4476345e-02	-9.8707020e-02	5.4928139e-02	1.7653500e-01	1.2208860e-01	1.5353477e-01	-2.3761213e-02	1.8581028e-01	1.9100826e-02	-2.1207543e-01	-1.1456438e-01	1.7535877e-01	1.4603004e-01	7.8309819e-02	-2.5670031e-01	8.2952432e-02	-2.5281325e-01	-2.6498640e-01	-1.5677835e-01	4.1002792e-01	-2.4282826e-01	-9.5119700e-02	2.6160181e-01	1.3308531e-01	-1.8928128e-01	1.6383982e-01	9.5600858e-02	-1.8334542e-01	-3.3941606e-01	-2.0122588e-01	2.8143758e-01	-1.3103925e-01	1.9344562e-01	-2.7107927e-01	-1.6164766e-01	1.2543200e-01	2.3199171e-03	-3.7415296e-02	-7.1465284e-02	2.9401392e-02	1.5030110e-01	-8.5368529e-02	-2.8571460e-01	-1.9774342e-01	-8.7673664e-03	1.5348063e-01	-2.3811498e-01	-1.5597993e-01	8.6287126e-02	-2.7596757e-01	-2.5031218e-01	1.4726394e-01	-2.5346467e-01	-1.7787810e-01	-1.6763249e-01	-2.5833225e-01	-1.4665601e-01	3.0118564e-01	9.7840682e-02	5.2362263e-02	-2.9319813e-02	-1.0480680e-01	-1.8832310e-01	2.4267365e-01	-2.3534882e-01	1.2875462e-01	-2.6085711e-01	-8.4870294e-02	2.4199232e-01	3.0301347e-01	-3.7065774e-02	1.8334889e-01	-3.0463573e-01	1.2733079e-01	-9.3579829e-02	2.6706204e-01	8.5870385e-02	2.3948236e-01	-1.3045730e-01	-2.9817265e-01	2.1518718e-01	-1.6613600e-01	-3.2079276e-01	2.2443832e-01	-1.3895494e-01	-1.3359994e-01	2.0576544e-02	-1.9920279e-01	1.0054407e-01	-3.3480793e-01	-5.8668524e-02	2.9102281e-01	-3.9577249e-02	1.5311021e-01	2.5974289e-01	-2.2081533e-01	1.0818868e-02	1.2267402e-01	1.0491754e-01	1.1351296e-01	-1.7028108e-02	-7.4838057e-02	-1.8861924e-01	-3.3564585e-01	-1.6798930e-02	-1.0079101e-01	-1.9667901e-01	-5.5380464e-03	1.3077554e-01	-9.8837867e-02	-1.4085090e-01	-4.3300372e-01	-1.2336394e-01	1.2183397e-01	-2.5503275e-01	-7.6609358e-02	2.1449614e-01	-1.4165032e-01	1.0376021e-01	-3.1072727e-01	-1.1010006e-01	8.2450345e-02	1.3218924e-02	-2.0643853e-01	-7.9800107e-02	-1.5949202e-01	1.3793555e-01	6.4957328e-02	1.1810476e-01	-8.0051117e-02	2.3122951e-01	1.9652969e-01	1.3702887e-01	-1.6994834e-01	1.0186246e-01	-2.1409748e-01	3.4435478e-01	-2.0824890e-01	2.0126516e-01	1.2110451e-01	2.0306018e-01	1.3069603e-01	-2.3703024e-01	-1.8487578e-02	-1.8109243e-01	-3.8475614e-02	-1.8274620e-01	2.8194228e-01	-1.2032925e-01	-1.3292052e-01	6.2059175e-02	-6.4277433e-02	3.0377153e-01	8.5403100e-02	2.4158040e-01	2.2114395e-01	-3.1875873e-01	1.7745852e-01	1.0840230e-01	-2.1485758e-01	1.1755648e-01	2.0954868e-01	-1.6896075e-02	-2.4689850e-01	-3.4621009e-01	7.5245827e-02	2.2001156e-01	3.0209067e-01	4.8115794e-03	8.6165480e-02	-2.3384561e-01	6.1419994e-02	-1.7024735e-01	4.7020026e-02	-1.9750495e-01	-1.6697407e-02	9.6710036e-03	7.1736127e-02	-2.5566420e-01	4.9303442e-02	-2.4128953e-01	1.2541163e-01	1.6943522e-01	-1.2319486e-01	-2.9217166e-01	9.1627002e-02	-1.6159248e-01	8.4854454e-02	-1.3836187e-02	-9.0170875e-02	-2.9199553e-01	6.7412496e-02	2.8354326e-01	-2.4670157e-01	1.4003895e-01	-4.5461282e-03	-2.2068726e-01	-1.5219164e-01	-3.3116311e-02	4.8247933e-02	8.6249128e-02	-1.7701612e-01	-2.6828030e-01	9.4240993e-02	-2.3750292e-01	2.4002197e-01	-1.3790490e-01	-1.2555265e-01	-1.5412432e-01	-1.6243547e-01	1.8792492e-01	5.0870287e-01	-2.3098718e-01	2.8096476e-01	1.9057851e-01	6.6228278e-02	-1.0648456e-01	-2.2414315e-01	2.0905413e-01	2.2468017e-01	2.2757961e-01	-3.5903695e-01	2.1036080e-01	2.2411950e-01	9.1340290e-03	2.6297301e-01	1.8595102e-01	1.2697995e-02	-2.5378707e-01	-2.5796422e-01	-3.0100051e-01	8.4248446e-02	2.0520166e-02	6.9611333e-02	-4.8749626e-02	-1.7001769e-01	-3.0467102e-01	-1.2164554e-01	6.2861949e-02	-1.2058704e-01	-6.3550718e-02	2.2195490e-01	2.7583015e-01	-2.0403525e-02	-2.0563483e-01	-2.5881708e-01	1.6340339e-01	-2.5144041e-01	-2.3466057e-01	-9.9379644e-02	-5.8943942e-02	9.0243958e-02	-1.8801755e-01	-2.0556444e-01	2.3618841e-01	6.3434705e-02	7.1457677e-02	-2.6689467e-01	-2.8813547e-01	-1.9382077e-01	-2.8000620e-01	-9.3769729e-03	-2.1670128e-01	3.0445164e-01	-1.6827701e-01	1.3574839e-01	-2.6760486e-01	-3.4185171e-02	-1.9468258e-01	2.9703084e-01	7.1092257e-03	-2.4640594e-02	-2.7877470e-02	-4.3384764e-02	-2.2950566e-01	5.0236572e-02	5.1462263e-02	1.0266182e-01	-9.5487647e-02	1.5697411e-01	1.8411160e-01	2.1033810e-01	-1.0782592e-01	-2.1329439e-01	1.1739380e-01	-1.3739309e-01	-8.7185912e-02	4.2198963e-02	-2.5319815e-01	-1.6237776e-01	-2.8369960e-01	-1.2374404e-01	8.3307281e-02	1.0136291e-01	-9.7027123e-03	7.8649648e-02	1.8280135e-01	-2.5323540e-01	-1.2028590e-01	-6.9695249e-02	8.0154300e-02	-5.3672422e-02	-7.5615659e-02	-1.8788277e-01	7.3530236e-03	-2.5618026e-01
-2.6995042e-02	-2.3093581e-01	-7.5060636e-02	-4.9747140e-03	2.8082731e-01	1.1329192e-01	6.7194253e-02	2.2047123e-02	1.9459444e-01	1.8809029e-01	1.2549043e-01	3.3398233e-02	-1.3248803e-01	-9.5965184e-02	-1.1867946e-01	1.6856238e-01	1.0619163e-01	3.3489144e-01	-3.7774816e-01	-7.2017059e-02	-1.4166448e-01	5.9317529e-02	-1.3526554e-01	-3.2206651e-02	-9.9024795e-02	1.9746357e-01	-1.6452487e-01	1.1302192e-01	3.5884609e-03	-1.5355605e-01	1.1955150e-01	9.8599590e-02	-1.5901886e-02	3.4513447e-02	-2.7320582e-01	2.8757802e-01	-1.6645436e-01	-1.3549240e-01	3.4703661e-02	-1.5280685e-01	-1.3228621e-01	-1.5688153e-02	1.3768378e-01	-1.7916894e-01	1.8205333e-01	-9.5205404e-02	1.2436083e-01	-1.4357997e-01	1.1954959e-01	-8.0608847e-03	8.8030793e-02	-1.0055088e-01	1.4818391e-01	9.2945077e-02	9.5059238e-03	2.0005435e-01	1.8646839e-01	-1.0898779e-01	2.0835961e-01	1.6871241e-01	1.0434826e-01	2.5202429e-02	1.2715709e-01	1.7086542e-01	-1.3354869e-01	7.9039961e-02	-1.3818778e-01	-1.3862777e-01	2.6095405e-01	2.2367190e-01	-2.8422013e-01	1.0679056e-01	6.4098060e-02	-2.2254942e-01	-1.5572903e-01	-1.3785397e-01	5.3795494e-02	5.0567601e-02	-1.1538413e-01	1.3012500e-01	-2.6210576e-01	-8.2588643e-02	-4.8641129e-03	-1.5409410e-01	-7.1994498e-02	1.9869192e-01	3.0035222e-01	2.4138054e-01	-1.2995517e-01	8.3399579e-02	1.2986625e-02	2.8667510e-01	1.2698990e-01	3.4792904e-02	2.1574339e-01	-3.0022435e-02	-2.2380126e-01	1.0859435e-01	-2.0208353e-01	1.0295301e-01	-2.5498071e-01	7.0647828e-02	2.6158661e-01	2.4137805e-01	-2.1006694e-01	-1.7941341e-01	-1.4093439e-01	2.2938350e-01	-1.8526600e-01	-1.6019892e-02	2.1989751e-01	-5.0492831e-02	-2.3553586e-01	8.0826029e-02	5.2456331e-02	-1.9294327e-01	3.0224791e-01	2.5558996e-01	-1.5961134e-01	-9.7344235e-02	-1.7123801e-01	1.1281504e-01	2.0036586e-01	-7.2874092e-02	-2.8537560e-02	-1.9422927e-01	2.7585337e-01	1.9401375e-02	2.9407847e-01	-2.5463665e-01	-1.5425996e-01	2.2312246e-01	1.6174994e-01	-1.5071122e-01	-7.5919271e-02	1.5027300e-01	-1.3804230e-01	-1.6935395e-01	-1.6036035e-02	8.1639834e-02	-5.9077046e-03	5.2718259e-02	6.0311913e-02	-1.2208246e-01	8.1739947e-02	1.9926263e-01	-2.1717895e-02	-2.9892579e-01	2.4985541e-01	2.6308361e-01	-9.1914386e-02	-1.1257603e-01	2.8423756e-01	-2.3587818e-01	2.3625766e-01	-1.3326381e-01	1.2227912e-01	1.2212595e-01	-6.3509710e-02	-2.2571437e-01	4.5612834e-02	2.3209023e-01	1.1874055e-01	1.1481424e-03	-5.0737415e-02	-7.9950735e-02	-1.2587227e-01	3.0541509e-01	-2.2227633e-01	-2.0189074e-01	-2.6978245e-01	-8.4790409e-02	-1.7994823e-01	2.3741865e-01	1.4731140e-01	1.8221709e-01	1.4983578e-02	2.8938040e-01	-3.3914956e-01	2.6746678e-01	5.8105040e-02	8.7922841e-02	1.4913377e-01	-8.3908521e-02	-7.7547021e-02	-5.0257973e-02	-1.9274164e-02	-3.8864661e-02	-7.8552671e-02	5.9883162e-02	-1.8949121e-01	1.6873403e-04	5.1860545e-02	7.9420812e-02	-3.0484945e-01	2.5698707e-01	-1.9346327e-01	-2.4842290e-02	1.8051407e-01	1.0829819e-02	-8.7243408e-02	-1.5075828e-01	-3.0893260e-01	5.8893152e-02	2.5686821e-01	7.3099433e-04	-1.4324841e-01	-1.0950643e-01	-7.1363427e-02	-2.6918453e-01	5.9391763e-03	6.2245596e-02	2.2522238e-01	1.1536253e-01	-3.0279216e-01	-1.7062564e-01	1.8446419e-01	3.0408296e-01	-2.7003875e-01	-1.9398662e-01	-5.1779836e-02	1.8340945e-01	-9.5074557e-02	1.8381441e-01	-1.8724659e-01	1.8280132e-01	2.6998416e-01	4.0986866e-02	-3.0915262e-04	-4.8091111e-01	-1.7338757e-01	2.9807124e-01	-6.5342315e-02	-7.7911362e-02	-1.4088723e-01	-2.0020157e-01	-3.6982674e-02	3.7583500e-02	-1.3554193e-01	-8.9126326e-02	2.3219302e-01	-2.0279735e-01	-1.5426674e-01	7.2495468e-02	-4.5066379e-02	-2.2490445e-01	1.5658827e-01	2.6204279e-01	-5.6602269e-02	2.2655068e-02	2.9048452e-01	-3.4753738e-03	2.7962440e-01	1.1969369e-01	1.7167431e-01	2.4265100e-01	9.4007701e-02	-1.1139081e-02	2.3434184e-01	-2.3782632e-01	2.9462427e-02	2.4803750e-01	-3.9877623e-02	-2.9874536e-01	-2.1784455e-01	-2.0232910e-01	-2.1983144e-01	-1.9807273e-01	7.3490120e-02	2.0582606e-01	-8.2118541e-02	-1.5258357e-01	-2.1395968e-01	-3.2529354e-01	-2.0444456e-01	2.8340027e-01	2.8014664e-02	-2.8699520e-01	-1.4023794e-01	-1.5582672e-02	8.9696705e-02	-9.3594685e-02	-3.1660175e-01	-2.1510221e-01	-6.3544437e-02	1.1894670e-01	-2.2895120e-01	-2.5010690e-01	-4.5950059e-02	1.5879038e-01	1.6289009e-01	-1.1980219e-01	1.3968256e-01	-2.1214902e-01	9.4569273e-02	2.5080493e-01	-5.6080222e-02	9.8567590e-02	2.4387887e-01	2.0875390e-01	-1.9241942e-01	2.5841001e-01	2.0397606e-01	-6.7318836e-04	-1.8602428e-01	-2.6661327e-01	1.6976340e-01	-1.3204493e-01	-1.7218713e-01	5.9636325e-02	-2.5959775e-01	-5.1834632e-02	2.2399828e-01	-9.1879584e-02	-1.7784050e-01	-1.2123520e-01	1.8179828e-01	2.3411563e-01	-8.6204812e-02	9.8839104e-03	-2.0565508e-01	-3.8818337e-02	-2.0170274e-01	1.5517938e-01	-1.9207245e-01	1.0219298e-01	-2.5892442e-01	-2.2953601e-01	2.4462436e-01	2.2120206e-01	1.8183021e-01	-2.9601446e-01	-3.5998363e-03	-2.8255111e-01	1.6733147e-01	-1.3886663e-01	1.2630071e-01	-1.5105519e-01	9.1353841e-02	2.3951665e-01	-8.8634111e-02	-4.9297761e-02	1.1399228e-01	-2.8734776e-01	-1.4133114e-01	-6.4776048e-02	-3.0374435e-01	-2.9780054e-01	-4.5901239e-03	3.2698486e-02	1.5133993e-01	2.7468950e-01	-2.2547649e-01	-2.2702710e-01	-3.0203670e-01	8.0800653e-02	-8.8549659e-02	-1.8620029e-02	-6.2658608e-02	1.1956066e-01	-2.9478124e-01	9.9157751e-02	1.3231713e-01	4.7892779e-02	1.2642476e-01	1.5225373e-01	-1.3347553e-01	2.5477502e-01	-2.7864495e-01	2.4962661e-01	-1.9717687e-01	2.2171099e-01	1.4578201e-01	-1.0250840e-01	1.9350976e-01	1.0763632e-01	2.7035058e-01	-1.9141889e-01	-1.9185419e-01	-2.6096135e-01	1.9113445e-01	-1.9507675e-02	-1.8945912e-01	-1.2519124e-01	-2.4899510e-01	3.2302323e-01	8.2752295e-02	2.8541848e-01	-1.1564676e-01	-5.1591817e-02	4.6106834e-02	2.4840875e-01	2.5390244e-01	-9.0836108e-02	-2.4882491e-01	1.8248492e-01	-6.5261722e-02	-3.4988593e-02	-1.4784902e-01	2.0707828e-01	-2.6415145e-01	2.7845111e-01	-1.0680030e-01	2.9950228e-01	-5.2726526e-02	1.3555560e-02	2.5270310e-01	1.9680585e-01	2.8305548e-01	2.5160030e-02	1.6278785e-01	6.9811404e-02	2.4526969e-01	-3.5844877e-01	2.7313572e-01	-1.5148754e-02	1.1992915e-02	2.1820450e-01	-1.9020760e-01	8.7783873e-02	-2.2713643e-01	2.0918968e-01	2.6667294e-01	7.7601083e-02	-2.1262428e-01	-3.8787257e-02	-9.0041533e-02	6.9410779e-02	2.4524890e-01	2.4551991e-01	-2.8763977e-01	1.1664529e-01	-1.4223374e-01	-9.5388293e-02	2.5763720e-01	-1.4748490e-02	-1.9670326e-01	8.4607027e-02	2.0818710e-01	-1.0629465e-01	-6.7863151e-02	2.2098909e-01	-4.6106342e-02	-7.9034083e-02	1.2546471e-01	-2.3609510e-01	-1.1483264e-01	-2.6295534e-01	2.2146212e-01	9.3381621e-02	-2.0527917e-01	2.8982884e-01	1.4382735e-01	2.2622745e-01	1.5297897e-01	-2.7475629e-02	1.2522180e-02	6.2476184e-02	1.6941500e-01	-2.5588459e-01	2.1417411e-01	-2.8722441e-01	-8.9482248e-02	3.2931005e-03	2.5923844e-02	1.2234075e-02	2.8893491e-02	-1.9558236e-02	1.1985650e-01	3.0315524e-01	1.4930497e-01	-3.6760420e-01	-5.4814562e-02	2.0607296e-01	1.5930809e-01	1.1979656e-01	1.5268308e-01	-4.2202171e-02	-6.0069308e-02	1.4530541e-01	2.5692448e-01	-6.2455148e-02	-2.3599651e-01	-2.6243266e-01	1.4644787e-01	-1.8231815e-01	2.3976444e-01	4.2718854e-02	-8.6601362e-02	6.8946682e-02	-1.7717700e-01	-1.9040644e-04	-1.5146686e-01	-2.4076633e-01	9.7268246e-02	2.0975833e-01	1.5001936e-02	-1.8041085e-01	-1.0782725e-01	-2.3398755e-01	-1.7274896e-03	3.4480646e-02	-2.6665115e-01	6.9019049e-02	-1.4585687e-01	9.3520246e-02	4.4780832e-02	-2.3084572e-01	-2.2915107e-01	-2.0908597e-01	1.1826417e-01	-1.2432954e-01	1.4572416e-01	-1.1548954e-01	2.4948905e-01	-1.9284187e-01	-3.4232613e-02	3.3948925e-01	-6.0265820e-02	-7.4844494e-02	2.6772907e-01	1.3934967e-01	9.6283741e-02	-2.1845914e-01	1.2960349e-01	1.2214532e-01	-1.9482924e-01	5.2879211e-02	1.4648661e-01	9.0701073e-02	4.3630674e-01	-1.5319303e-01	-7.6376088e-02	2.2134276e-01	-2.0766804e-01	2.6842114e-01	1.6228074e-02	2.7320260e-01	1.0340308e-02	6.6677175e-02	-1.0857229e-01	5.9679303e-02	1.6789827e-01	-8.1568779e-03	-2.6560333e-01	2.3243397e-01	-1.6860911e-01	2.1206245e-01	3.4629107e-02	-1.8307105e-01	9.2210650e-02	-1.0126087e-01	-3.2390386e-02	-2.6971409e-01	-1.2647349e-01	-1.3775747e-01	-6.4059816e-02	-1.7161757e-02	9.0557337e-04	-2.9678127e-02	-5.9724815e-02	9.2982523e-02	-9.9361151e-02	1.3871500e-01	-1.9642095e-01	5.1107354e-02	-2.8764454e-01	1.5731415e-01	4.3734163e-02	-2.5888783e-01	-2.7136533e-02	-1.5769382e-01	2.1800414e-01	-1.8138789e-01	-1.4993967e-01	9.6735120e-02	2.0974383e-01	-2.8723538e-01	-1.0215985e-01	-1.9616412e-01	2.0595095e-01	-9.6692204e-02	2.3700032e-01	1.7333055e-01	9.9912107e-02	-2.2804496e-01	-1.3421795e-02	2.0160878e-01	-6.2921941e-03	-2.7214545e-01	2.6800999e-01	2.9106069e-01	-2.4449645e-01	-2.3208421e-01	2.0053437e-01	2.9832846e-01	-4.2045336e-02	-3.1276554e-02	1.7306206e-01	2.3673372e-01	1.7542243e-02	1.4265895e-01	-5.5193029e-02	1.3415644e-01	6.0215771e-02	8.2050994e-02	2.0851511e-01	-2.5612637e-01	2.3435350e-01	-4.4053279e-02	-2.2372857e-02	1.8257450e-01	1.0521181e-01	1.2049305e-01	-2.1926408e-01	2.6072001e-01	-1.0620936e-01	1.9869919e-01	-1.8590763e-01	-1.8536791e-01	1.3083613e-01	-2.5469728e-02	1.3522907e-01	-1.3641852e-01	9.4057448e-02	1.5040961e-01	1.5069439e-02	2.8194860e-01	2.2283894e-01	1.9321787e-01	-3.0159667e-01	1.9605736e-01	2.1916352e-01	3.2803111e-02	5.5979915e-02	1.3429920e-01	-1.1470103e-01	1.4709423e-01	-1.4835517e-01	-1.9597627e-01	-4.4445500e-02	-6.2892802e-02	-4.0940363e-02	-1.0459605e-01	-5.5121630e-02	9.5836841e-02	1.8194523e-03	2.7288720e-01	1.8420543e-01	-1.9001710e-01	2.6815352e-01	-1.8392846e-01	2.8955674e-01	-2.2411054e-01	8.7648749e-02	-5.1793288e-02	-2.8514102e-01	-3.0365318e-01	-1.5008245e-01	1.3139328e-01	-2.5462285e-01	2.5677443e-01	2.2561485e-01	2.7980223e-01	-1.3051486e-01	-1.2043674e-01	1.0552604e-01	-6.5325171e-02	2.3990217e-01	4.9070522e-02	6.6556424e-02	1.1482806e-01	1.2886077e-01	-2.2963028e-02	2.8040615e-01	-1.6835891e-01	-2.0714089e-01	-2.4149517e-02	9.5843256e-02	2.1543497e-01	-1.9043790e-01	3.0230445e-01	-1.0686113e-01	-1.5765807e-01	1.8499264e-01	4.9061526e-02	-1.5577556e-01	6.3414559e-02	1.5225944e-01	2.6128793e-01	1.2066905e-01	2.6571733e-01	2.2910719e-01	6.5218784e-02	-2.5946522e-01	3.8323620e-01	-3.0324367e-01	-2.4337631e-01	1.8416819e-01	-1.9220681e-01	-1.8984009e-01	-8.9482062e-02	1.7032254e-01	-2.5416583e-01	-2.9475135e-01	1.5878027e-02	-6.0513403e-02	-2.6005897e-01	1.9492677e-01	-1.1977133e-01	-1.2691180e-01	-3.8750237e-01	-1.6960314e-01	-9.9428229e-02	6.1804485e-02	-8.1262983e-02	2.8790382e-01	1.4524126e-02	2.9044709e-01	-1.6577584e-01	1.5279700e-02	1.3083808e-01	1.6700859e-01	-2.0926462e-01	1.0569214e-01	1.2387573e-01	2.0879388e-01	-2.3886067e-01	-1.2811650e-01	-1.8001667e-01	-2.4926405e-02	-2.5189316e-01	1.1854702e-01	-1.0483145e-01	-4.0057480e-02	-2.6461589e-01	2.6324740e-01	-2.1145494e-01	1.6491844e-01	2.5923887e-01	1.8128604e-01	-1.4725760e-01	1.2695247e-01	1.9904919e-01	-1.5116148e-01	-2.5714779e-01	2.0117502e-01	-2.6949694e-02	-2.3687260e-01	4.0118709e-02	-2.2676419e-01	-3.2473922e-02	-3.0232543e-02	-2.1115968e-01	-4.4650067e-02	2.8768039e-01	2.7879733e-01	2.3169638e-01	2.4078004e-01	-9.6133247e-02	-9.7081080e-02	-2.1160001e-02	2.1259418e-01	2.5833759e-01	-2.1635000e-01	2.5066575e-02	-1.4201893e-01	-1.9463153e-01	-2.1712941e-01	5.0978106e-02	-2.5107834e-01	1.0528153e-01	-9.9293888e-03	2.2285752e-01	1.8358292e-01	2.0983796e-01	2.9484770e-01	-3.1282538e-01	8.4482387e-02	-2.3946433e-01	2.6340353e-01	-5.5687353e-02	2.1856365e-01	1.0928457e-01	1.4464231e-01	-2.9767025e-01	-1.6972835e-01	1.3186179e-01	-3.2638052e-01	9.0129405e-02	2.3758461e-01	2.5839615e-01	-2.0079580e-01	-2.6645523e-01	-1.2817667e-01	-1.5783567e-02	-1.9911532e-01	3.0146191e-02	2.4879570e-01	-2.9747058e-03	2.1963529e-01	-7.1203865e-02	-9.0234384e-02	2.8261915e-01	8.7645680e-02	1.3215519e-01	6.1779626e-02	1.8623878e-01	-6.0735077e-02	-6.2552780e-02	-2.4817574e-01	-2.4050795e-01	1.5170707e-01	1.8837632e-01	1.9982687e-01	-1.6900606e-01	2.1083626e-01	-9.4232686e-02	-3.5946891e-03	1.4278416e-01	9.9035367e-02	-9.2043012e-02	3.1182966e-01	1.8607341e-01	-1.4023912e-01	1.9566487e-01	7.4960232e-02	-2.1917431e-02	2.0320982e-01	2.2665575e-01	7.3732488e-02	1.0935091e-01	2.9767072e-01	-1.7601427e-01	-1.1798476e-01	1.9549605e-01	2.9559633e-01	-1.7669782e-01	1.4496343e-01	3.4531683e-01	-4.9358997e-02	-7.1814962e-02	-2.4916013e-01	4.4031762e-02	1.6796808e-01	7.5839832e-02	2.6627088e-01	2.2443512e-01	-2.1395198e-01	1.4911240e-01	-4.0462241e-02	8.1132352e-02	3.2489032e-01	-1.7268303e-01	-3.0728358e-01	-2.8830671e-01	-1.2217086e-01	-1.3713996e-01	-7.6809131e-02	1.5093780e-01	-1.0331570e-01	1.9756454e-01	9.5919304e-02	-2.8940063e-02	1.0277684e-02	-2.9504034e-01	1.6781628e-01	-1.3533209e-01	4.3767065e-02	-1.6601418e-01	-2.3111156e-01	2.8659299e-01	-4.4658534e-02	1.0872084e-02	-2.8634888e-01	-2.8682241e-01	-2.2723994e-01	2.2365478e-01	-1.9669119e-01	1.6196467e-01	-1.3311814e-01	-1.5103827e-01	2.2974448e-01	-2.2371489e-01	-1.1032263e-02	2.9100029e-02	1.4680134e-01	-3.2155335e-02	-4.5864612e-02	-5.6578755e-02	-2.9909244e-02	-1.4338613e-02	2.2106519e-01	-2.2815296e-01	1.1241463e-01	1.9705918e-01	4.3290328e-02	5.6726795e-02	1.4804262e-01	2.7975664e-01	-2.1344802e-01	2.2018555e-01	-1.1181671e-01	-2.2706375e-01	-5.1791251e-02	2.7976617e-01	-1.8545927e-01	1.6589789e-01	-1.6998205e-01	3.3327889e-01	1.8939257e-01	-2.7726910e-01	9.7590759e-02	-2.3258030e-01	1.6951574e-01	2.1699379e-01	-2.5743532e-01	-1.3503619e-01	-8.9497559e-02	-1.6252188e-01	-2.8858340e-01	8.3395243e-02	-2.3241001e-01	-8.7404475e-02	-1.9158831e-01	1.2467588e-01	-1.9979759e-01	-3.0397126e-01	-2.1870734e-01	1.4037125e-01	1.5615015e-01	2.0354572e-01	-9.9628106e-02	3.1671848e-02	-2.4066877e-01	-2.1467565e-01	-1.6621506e-01	1.4187446e-01	1.1298782e-01	1.0773833e-02	2.3791054e-01	-3.3528122e-01	-8.0203168e-02	5.1575312e-03	2.4348117e-01	2.2923832e-01	5.1031776e-02	-3.5543006e-02	-1.9596700e-01	1.4088610e-01	1.9028164e-01	9.1757469e-02	2.4543588e-01	1.8199904e-01	-2.8573868e-01	-1.6654934e-01	-1.8207087e-01	-2.8287744e-02	-1.2671104e-01	2.7928510e-01	1.2888081e-01	2.9053843e-01	2.8041148e-01	2.5871965e-01	-6.0472626e-02	7.7269875e-02	2.6121598e-01	-3.2765517e-01	1.2668772e-01	-5.7889406e-02	1.3717468e-01	6.2947780e-02	-2.1835187e-01	3.3033854e-01	-2.2260650e-01	-4.3110691e-02	1.9885262e-03	2.3041108e-01	-1.4238053e-02	-8.0105767e-02	7.7126734e-02	1.1084759e-01	8.4317639e-02	-7.4960820e-02	-1.2990701e-01	2.4744523e-01	1.6151544e-02	-2.5081086e-01	-6.3388586e-02	2.3335572e-01	1.7428206e-01	3.0750665e-01	3.0079732e-02	1.3411987e-01	-2.4068433e-01	-8.6976945e-02	-2.2191732e-01	6.8330005e-02	1.0785985e-01	-2.4510525e-01	1.2168166e-01	-1.7390436e-02	-1.6412999e-01	-1.6520469e-01	-2.7045366e-01	-2.2403772e-01	2.6587811e-01	-8.7922446e-02	-3.1637466e-01	-1.3658166e-01	-1.6107079e-01	2.5573352e-01	1.6655923e-01	-1.2186769e-01	2.2411726e-02	5.4855824e-02	-2.7932161e-01	-2.8806329e-01	8.6293086e-02	1.9316503e-01	1.4033496e-01	1.5705723e-01	2.6728319e-02	1.2322664e-01
3.1444883e-01	1.9384910e-01	-1.5291581e-01	7.0788577e-02	4.6953045e-02	1.3653702e-01	-6.1395008e-04	2.0106184e-01	-6.4633549e-03	-1.9830893e-01	1.7135727e-01	-1.5029791e-01	-1.9386631e-02	-1.0925177e-02	2.3874776e-01	3.7717918e-01	-3.9060605e-01	1.7387928e-01	1.7615473e-01	8.0859937e-02	2.8510770e-01	-2.4772039e-01	-4.0570229e-02	-1.8361203e-01	7.2196729e-02	-1.0034312e-01	4.2931896e-02	-8.8250436e-02	-1.0621786e-01	1.3150270e-01	-9.5628336e-02	-1.9251782e-01
