9
input	20
dense	32
relu	0
dense	32
relu	0
dense	32
relu	0
dense	1
linear	0
7.999999979801942e-06
-3.4873109e-02	-8.0149554e-02	-6.4100586e-02	-5.3768676e-02	4.6719622e-02	0.0000000e+00	-1.9583203e-02	-3.6045611e-02	-3.8000107e-02	-1.0285978e-02	0.0000000e+00	-2.4473038e-02	-3.4964707e-02	-3.3105705e-02	-5.3664055e-02	-1.8726412e-02	-7.5081043e-02	-1.3214635e-02	-3.8964756e-02	-7.1028329e-02	-2.6120162e-02	4.9536424e-03	0.0000000e+00	-6.3630052e-02	1.1944734e-02	0.0000000e+00	-3.2361872e-02	-5.2483372e-02	7.5882715e-03	-2.4442724e-03	-6.9276921e-02	-7.2858766e-02
-2.6540391e-02	-6.4586043e-02	-2.0702003e-02	-5.0742038e-02	1.6552754e-02	-5.8553447e-03	-7.0173264e-02	-1.9283885e-02	-2.2521609e-02	4.2299917e-03	-4.7489922e-02	-4.8405811e-02	-2.5177205e-02	2.2201790e-03	-3.6753702e-04	-5.1111139e-02	-2.0233331e-02	-1.7187756e-02	2.5179340e-03	-3.2620765e-02	-8.0496348e-02	-7.2671585e-02	-6.5679163e-02	-1.3497967e-02	-3.6691580e-02	-7.2012548e-03	-3.6488745e-02	-2.4268204e-02	-8.4034696e-02	-3.3513572e-02	-4.7038749e-02	-2.9417038e-02
7.3439125e-03	-3.2008115e-02	-1.9730005e-02	-4.3316957e-02	7.4015958e-03	4.6257502e-03	-1.9785196e-02	-6.2476870e-02	1.8402826e-02	-1.9798269e-02	6.4502778e-03	8.2823988e-03	-2.8724024e-02	-5.7358827e-02	-4.7982696e-02	2.0941969e-03	-1.0557872e-02	5.1231510e-03	2.4767411e-03	-7.3728180e-03	-1.0335240e-02	-1.4448753e-02	-3.5063881e-02	-4.3954492e-02	-4.1485719e-02	-8.0648035e-02	-3.1956382e-02	9.1319680e-03	1.6696798e-02	-4.0186789e-02	-6.9878087e-03	-1.4111700e-02
3.8951433e-03
4.9731940e-02	-3.6428070e-01	2.0371349e-01	-1.9853113e-02	1.3290769e-01	-1.9145392e-01	-4.3202285e-02	2.9690465e-01	1.8489811e-01	-2.0580310e-01	-1.8166429e-01	1.7157778e-01	-2.2304173e-01	9.8023579e-02	2.2734465e-01	3.4221092e-01	-4.4640683e-02	-2.0772989e-01	-1.0585461e-01	-3.6730236e-01	-2.5165856e-01	-1.1905164e-02	-1.3305452e-01	-1.4233424e-01	5.1372733e-02	3.8353482e-01	-2.8202852e-02	-1.6524349e-01	-1.0767120e-01	1.6603512e-01	-2.1788651e-01	-1.2575248e-01	1.5000510e-01	9.6842023e-03	3.8203493e-02	-1.6716971e-01	-1.2665820e-02	-7.3481753e-02	-3.0129865e-02	-1.3184053e-02	-7.7183433e-02	2.5379243e-01	-6.0964417e-02	1.2714282e-01	-1.7861364e-02	-1.4160889e-01	-2.0038651e-01	-1.6856275e-01	1.0703197e-03	6.3557938e-02	3.6370363e-02	-1.8351600e-01	1.8923976e-01	3.9415893e-01	2.3177594e-01	-6.3390382e-02	-1.0197047e-01	-7.0201091e-02	-1.5339808e-01	2.7615476e-01	-1.8962590e-01	-5.8256811e-01	-1.0604833e-01	2.1866636e-01	-2.6519595e-02	-9.5944263e-02	1.6966288e-01	5.9795897e-02	-1.6512024e-01	-4.0916219e-02	-2.4644546e-01	3.0903587e-01	-1.4495505e-02	-5.1697582e-02	4.0929142e-02	1.1627821e-01	-4.7824502e-02	-5.1748440e-02	-3.3111799e-01	6.1009210e-02	-2.3372106e-02	-8.1362262e-02	-2.5654224e-01	-1.6375972e-02	8.3852097e-02	2.1839216e-01	-1.0240699e-01	-3.5073352e-01	-2.0446305e-01	-1.7983857e-01	7.0784837e-02	2.2844523e-01	3.2382098e-01	1.1090114e-01	3.3042544e-01	6.8580836e-02	2.4553953e-01	1.8564516e-01	1.2371150e-01	1.5556771e-01	3.6778927e-02	-2.5787821e-01	-1.8706559e-01	1.9763303e-01	3.0249482e-01	1.8412942e-01	1.0161489e-01	1.8966520e-01	1.9750434e-01	-2.5037730e-01	-2.3286456e-01	2.3144138e-01	-8.0138266e-02	-6.7044884e-02	1.9062746e-01	3.2157236e-01	-1.8367377e-01	3.3088261e-01	-1.6080992e-01	8.2688302e-02	-2.5757900e-01	-3.0638757e-01	-2.0602147e-01	2.6772508e-01	-3.9585225e-02	2.2688875e-02	3.2529294e-01	-2.4056222e-02	-2.0873690e-01	4.7520049e-02	-1.0482534e-01	6.3762754e-02	7.9811983e-02	-1.7617799e-01	1.7441447e-01	1.6926605e-01	1.5373501e-01	1.7051123e-01	-3.4745026e-02	1.4018072e-01	-1.3715656e-01	-4.5530047e-02	-2.6801786e-01	1.1563364e-01	-2.0944943e-01	-1.5286604e-01	1.4061289e-01	1.2216975e-01	6.6737808e-02	2.5892255e-01	-1.3284537e-01	-1.2696119e-01	2.0537150e-01	-3.0414641e-01	2.0047775e-01	-7.8487314e-02	-5.8796212e-02	2.8957221e-01	3.1118912e-01	-2.2848177e-01	-1.4391105e-01	1.5608385e-01	3.1197717e-02	-3.9862998e-02	3.8430598e-02	1.5623564e-01	-2.2307314e-01	-3.0577841e-01	5.5668093e-02	-1.1058788e-01	3.6282870e-01	1.3271138e-01	4.6233799e-02	-1.8932973e-01	-6.0951192e-02	2.3994508e-01	1.0712083e-02	-1.5487006e-01	9.6376799e-02	-8.5836984e-02	2.4002250e-01	-2.3067364e-01	-8.8942662e-02	1.7038892e-01	2.4122722e-01	1.5076867e-01	-2.0139106e-01	2.5647402e-01	-2.6976696e-01	-1.5357919e-01	-3.0733585e-01	1.4651671e-01	-2.3149085e-01	-2.5437969e-01	3.5518739e-02	-1.7680198e-01	-8.9349203e-02	9.5953524e-02	-1.7127846e-01	2.5827324e-01	-9.3151465e-02	-1.4575504e-01	-3.9045990e-02	-2.0274292e-01	6.6063404e-03	3.3453906e-01	1.2955680e-01	-1.4601007e-01	-2.8799233e-01	1.7524046e-01	-1.8979986e-01	-5.2876502e-02	2.0800638e-01	2.5777531e-01	-1.5518369e-01	-2.9511887e-01	-3.2022178e-02	3.3190060e-01	-2.1106674e-01	-1.9683801e-01	1.7672798e-01	-4.7127804e-01	1.3626844e-01	6.1961857e-04	2.7635339e-01	-1.1318034e-01	3.2819775e-01	2.8075181e-02	2.2637372e-01	-3.4688613e-01	-3.7263837e-02	-1.5731873e-01	1.3093388e-01	-5.6972530e-02	3.3363366e-01	-6.8896733e-02	-7.2335429e-02	-2.3956986e-01	4.6243161e-02	6.7406930e-02	1.0296108e-01	-3.8826153e-02	-1.2126376e-01	1.5417846e-02	1.0468126e-02	1.6574699e-02	-5.7721317e-02	2.5774702e-01	-2.2786967e-02	-1.8280837e-01	-6.9318190e-02	-1.9366677e-01	1.6592674e-01	-2.1847775e-02	2.3502368e-01	2.2578783e-01	2.9811233e-02	-1.3143958e-01	1.5419048e-01	-1.8889171e-01	-5.8981050e-02	-5.7681078e-01	1.0330662e-01	-5.7798926e-02	2.8898712e-02	-3.6783981e-01	3.3207428e-01	1.0098586e-01	-4.7517267e-01	-2.1563281e-01	-1.4261802e-01	1.8375894e-02	1.6060862e-01	2.8215939e-01	3.0570108e-01	2.1236183e-02	3.4987792e-02	2.1520619e-01	1.6210662e-04	3.0598381e-01	2.5307238e-01	1.2114616e-01	-1.0807530e-01	1.7504783e-01	7.6397344e-02	1.7678854e-01	-6.2405489e-02	-1.3852920e-01	2.4280846e-01	-2.2522882e-01	-1.8924044e-01	-1.1582722e-01	1.2835050e-01	-1.8719420e-01	3.2144535e-01	-1.4194053e-01	-7.0069738e-02	3.7876624e-01	2.0607030e-01	-2.1920362e-01	1.9631688e-01	-1.2676057e-01	-1.0980595e-01	1.3926515e-01	-2.7867520e-01	-7.9280585e-03	-8.1092551e-02	-2.4429566e-01	2.3928489e-01	-1.3987760e-01	3.4380284e-01	2.7035534e-01	-2.0408869e-01	8.9749001e-02	2.8470991e-02	-1.5051654e-01	-1.0237957e-01	-2.2245085e-01	-1.5200318e-01	-3.7812162e-02	9.0330042e-02	-2.9448600e-02	-3.8895663e-03	3.4881208e-02	1.2456305e-01	-2.6606293e-02	-1.6027015e-01	3.8241725e-02	5.1498964e-02	8.1741121e-03	-1.4140774e-01	-1.7385690e-01	3.1266648e-01	2.7221498e-01	3.5096261e-01	-3.5158493e-02	-1.1966819e-01	9.5946258e-03	-1.4651403e-01	3.9395371e-01	-1.8478371e-01	-3.4325537e-01	-1.7575260e-01	1.4131810e-01	-1.0140770e-01	-8.4860519e-02	-1.7421959e-01	-2.0786349e-01	2.2565745e-01	2.3949885e-01	-3.0408859e-01	-2.7485809e-01	-1.7528294e-01	4.3113723e-02	-9.9531852e-02	1.8519588e-01	1.6406579e-02	1.3084678e-01	2.2030249e-01	1.0192138e-01	-3.5381246e-02	1.6704875e-01	3.1329873e-01	-6.9926187e-02	-1.2689097e-01	2.8680116e-01	-6.0488719e-02	-2.3291367e-01	-1.9291022e-01	-1.4382467e-01	1.3513984e-01	1.9843742e-01	-2.2618224e-01	-1.2473349e-01	3.7419480e-01	7.9007357e-02	1.3059285e-01	2.2139852e-01	2.3231240e-01	6.8525292e-02	-2.8313664e-01	2.3995407e-01	-2.1161689e-01	-2.1157550e-02	2.2567813e-01	-3.7873723e-02	2.3515347e-01	1.4652245e-01	-3.4131065e-02	-1.1874164e-01	8.2268633e-02	-4.7453426e-02	-1.7485049e-01	2.5450647e-01	1.8302079e-01	2.4249622e-01	-9.5360681e-02	-9.9398196e-02	1.0821076e-01	4.7924120e-02	5.5253744e-02	-3.2913786e-01	-2.2960909e-01	3.9087545e-02	-4.2507991e-02	1.6236585e-01	1.1041086e-01	2.5408432e-01	5.2139908e-02	-3.4123334e-01	-1.3402717e-01	-2.7041301e-01	1.9317260e-01	3.4058496e-02	3.6897309e-02	3.5480267e-01	-4.5595914e-02	-1.8457629e-01	2.0594442e-01	-3.0350351e-01	-1.2783591e-01	7.0770830e-01	1.0549250e-03	3.2148134e-02	1.0827575e-01	-1.0538250e-01	-1.8531793e-01	-4.3276137e-01	2.8895131e-01	-7.0982069e-02	-1.8851255e-01	2.5949371e-01	-1.2535204e-01	3.3437741e-01	-6.9031753e-02	1.5209864e-01	3.3985883e-02	2.4493876e-01	-2.2147706e-02	-5.5238161e-02	-1.8632236e-01	-1.6581489e-01	7.4027568e-02	-3.1540889e-01	-1.6114569e-01	2.2522819e-01	3.0258089e-01	-5.1027507e-02	9.7544432e-02	3.1674802e-02	-3.8385391e-03	-2.2600272e-01	9.0674251e-02	1.8503332e-01	1.3273674e-01	-5.0820500e-02	8.2353890e-02	2.9273081e-01	-8.4506303e-02	-2.3257139e-01	1.3449772e-01	-3.2499474e-01	1.9845767e-01	2.1287277e-02	-2.2368978e-01	1.2157828e-01	3.3593595e-01	-6.9722682e-03	2.6542056e-01	2.7719709e-01	-2.4124140e-01	-3.6704194e-02	-2.7339122e-01	2.7686635e-01	-1.6976510e-01	2.7767509e-01	3.2317732e-02	-2.1622935e-01	-4.4960043e-01	-6.1282989e-02	-5.7361253e-02	1.9155404e-01	-2.1516813e-02	1.5285505e-01	4.3012023e-02	1.4989439e-01	7.5611316e-02	3.7878940e-01	1.2820201e-01	-1.4921843e-01	-3.4875512e-02	8.7187238e-02	-4.4795763e-02	-1.2321825e-01	-1.1463097e-01	-3.0139783e-01	-7.7239752e-02	4.3189362e-02	-3.4492257e-01	-1.3616478e-01	-2.4422604e-01	-1.2417668e-01	-1.9760981e-01	1.2436610e-01	-3.0682325e-02	3.1653363e-01	-1.9577959e-01	-8.6789399e-02	2.9980862e-01	-5.6012243e-02	-1.4510715e-01	3.3699864e-01	4.3979883e-03	-3.3552614e-01	1.5308174e-01	1.4994150e-01	-1.2343468e-01	2.8961903e-01	-1.4914709e-01	1.1574370e-01	-1.9419961e-01	2.6861474e-01	2.1807864e-01	-2.0874977e-01	3.4441803e-02	-2.1898104e-01	1.8430519e-01	6.2023956e-02	2.3266961e-01	3.3776745e-01	1.0268275e-01	2.0417826e-01	3.4360778e-01	3.1941196e-01	-2.6276308e-01	3.1019813e-01	2.3185852e-01	-4.6332333e-02	2.5727460e-01	9.6015356e-02	6.9935187e-03	1.8220298e-01	1.1226588e-01	-5.8906145e-02	-1.0717470e-01	3.3695766e-01	1.7926171e-01	-1.9393861e-01	-2.1874775e-01	-1.6352895e-01	2.5194800e-03	-7.1963988e-02	-4.7220521e-02	1.4851263e-01	-2.8202587e-01	-1.5771021e-01	1.4574959e-02	3.2257524e-01	-1.9852133e-01	-2.5860745e-02	2.6019421e-01	5.1788334e-02	1.3127355e-01	1.3247558e-01	-2.8094229e-01	1.7705674e-01	1.6019946e-01	-1.3566647e-02	7.8295104e-02	-7.8162409e-02	1.1369689e-01	-2.7452388e-01	-1.0132281e-01	-3.2774031e-02	-2.9361603e-01	6.3744321e-02	1.9287862e-01	3.1609482e-01	3.5220370e-01	1.9417927e-01	-1.8329331e-01	-7.0595793e-02	1.7683674e-01	-4.8277158e-02	7.9986230e-02	-7.0436977e-02	3.3984534e-02	1.6758005e-01	-1.7307447e-02	2.0036454e-01	2.1856055e-03	1.6073395e-01	-3.8966033e-01	2.3708825e-01	1.8043885e-01	-2.5683886e-01	-5.0577793e-02	-1.5199949e-01	3.1907670e-02	-2.4499619e-01	4.6693508e-02	-1.2204422e-01	8.7305188e-02	-3.6414936e-02	-1.5919234e-01	-1.1936267e-01	2.2483501e-01	1.3546009e-01	1.9667476e-01	-3.0623576e-01	3.1615263e-01	8.1106648e-03	7.0572123e-02	-1.2392969e-01	3.9983235e-02	-3.4983706e-02	4.7737267e-02	-1.0507612e-01	-6.1741537e-01	1.0300337e-01	-1.0901289e-01	4.1308963e-01	3.0576291e-02	9.8452903e-02	-8.3956696e-02	-8.3648950e-02	-2.2035195e-01	-2.0802376e-01	-1.0025367e-02	-3.1868033e-02	4.1259766e-01	1.5568733e-01	2.4740000e-01	-1.4279887e-01	6.3407868e-02	2.9865539e-01	-1.4294302e-01	3.6335077e-02	-1.2686191e-01	3.4075331e-02
-2.4936365e-01	8.2817435e-02	2.5082824e-01	-1.2762381e-01	-2.4355550e-01	-6.7218482e-02	-1.0909010e-01	-1.7695940e-03	-2.5428534e-01	-6.2787626e-04	1.3378820e-01	1.8273722e-01	-1.7942539e-01	2.4602583e-01	2.1793853e-02	-7.5271621e-02	-1.2259296e-01	2.5603426e-01	1.4975895e-03	-2.9734546e-01	2.7288161e-02	-2.1474017e-01	-2.8320509e-01	1.9187450e-01	-2.8819054e-01	-2.3546043e-01	1.6167070e-01	-2.4529772e-01	-7.5490087e-02	-1.3783973e-01	-2.0218624e-01	-2.7322948e-01	-2.2607712e-02	-1.3199383e-01	-1.9597474e-01	2.4301457e-01	4.9378779e-02	2.9495260e-01	-2.7233997e-01	-7.7792168e-02	7.1201339e-02	8.8914879e-02	-2.6625738e-01	-3.2161158e-01	7.0106685e-02	2.9307234e-01	-8.2066000e-02	-1.9569686e-01	1.0500475e-01	-7.9037108e-02	-9.0992302e-02	-4.3277137e-02	-3.0589977e-01	3.7049208e-02	-1.9350824e-01	-3.6599162e-01	3.0375993e-02	-1.8512130e-02	1.9952878e-01	-9.6595995e-02	-2.4907333e-01	1.0710523e-01	1.4995651e-02	-2.7373773e-01	-1.0100136e-01	1.8458532e-01	-1.6209501e-04	-2.1423185e-03	-4.4390956e-01	2.2766325e-01	2.7838823e-01	-6.1728247e-02	2.3154317e-01	-1.4515306e-01	-2.0837396e-01	-6.0285348e-02	-1.2479732e-02	-1.5877157e-02	1.6504841e-01	-1.4034373e-01	8.6151801e-02	2.1424662e-01	-7.6601528e-02	1.8573017e-01	-4.2907126e-02	-1.1892369e-01	1.9892469e-01	2.6840308e-01	1.7696814e-01	-2.8960824e-02	1.9234672e-01	1.3102294e-02	-9.7902484e-02	-2.2272252e-01	-1.2081292e-01	-2.7533266e-01	-6.0700007e-02	2.3627512e-01	-9.1325650e-03	6.8923563e-02	3.2554451e-01	-1.7002667e-01	2.4053290e-01	2.3469450e-01	-2.9242536e-01	-1.5360360e-01	9.3762338e-02	-2.0105730e-01	-5.2583680e-02	-1.5958941e-01	-3.6297899e-02	1.1669696e-01	-1.3138530e-01	-2.6787838e-03	-2.1008751e-01	5.5190168e-02	1.0524120e-01	-7.6125875e-02	-1.5043101e-01	-1.7672904e-01	9.4053529e-02	-8.2162052e-02	1.5666020e-01	1.0389183e-01	2.2338778e-01	7.6280408e-02	5.1308144e-02	-7.2533399e-02	2.2963300e-01	-2.7860103e-02	2.3566297e-01	-2.8598371e-01	-1.4884879e-02	-4.9070060e-02	1.8240838e-01	5.4273535e-02	-2.0414019e-01	6.1873425e-02	-5.3625643e-02	1.1214243e-01	-1.3177755e-01	-3.5727620e-01	-2.1402557e-01	-9.7977228e-02	3.6781788e-01	2.9130602e-01	-1.3598228e-01	-3.6266670e-01	9.8894928e-03	2.4735479e-01	-6.3078910e-02	-2.4465676e-01	-1.6234998e-02	-2.6330873e-01	-3.0500624e-01	5.2657884e-02	-5.7607997e-02	8.2526878e-02	-1.0434879e-01	-1.5675059e-01	8.6384952e-02	-3.9055150e-02	2.0609067e-01	4.4936661e-02	8.9533292e-02	1.5765813e-01	9.2898436e-02	-1.6888630e-01	-2.0092972e-01	-9.6821092e-02	9.3631089e-02	1.8841612e-01	-3.0479187e-01	1.7553909e-01	1.8585768e-01	-1.8097790e-01	3.1042263e-01	3.7616748e-02	-2.8826445e-01	-1.5610392e-01	-3.9274763e-02	9.2484154e-02	-7.7764571e-02	-4.0760087e-03	-2.6762316e-01	1.0115102e-01	7.2764188e-02	9.2379972e-02	-4.5503363e-02	-3.0775754e-02	2.6255319e-01	-2.3262082e-01	4.6299208e-02	-4.4510387e-02	5.2690987e-02	-2.4742946e-01	-1.6734311e-01	-1.5359478e-01	7.6581955e-02	4.4957917e-02	-1.1033694e-01	1.9970676e-01	-2.7864847e-01	1.0937213e-02	9.9248350e-02	-4.7048084e-02	3.4489473e-03	-2.6637686e-02	-1.6784060e-01	-2.6259214e-01	2.2543006e-02	-7.8920327e-02	9.3638748e-03	1.3208565e-01	9.2423648e-02	-2.1124190e-02	-8.7065380e-03	-8.1182823e-02	1.3105680e-01	-1.2088986e-01	2.5397059e-01	-3.1362489e-01	1.0061341e-01	-1.0069381e-02	-1.4936960e-01	-3.0389509e-01	4.5185395e-02	-3.8025744e-02	6.0496602e-02	-1.9933148e-01	1.2371975e-01	2.2994724e-01	2.7202731e-01	-2.5577939e-01	-3.5472393e-02	-1.7237903e-01	-2.3536801e-02	1.2553489e-01	-4.1922927e-02	-9.3707860e-02	1.9861703e-01	-2.6683906e-01	-7.6546527e-02	-2.9680303e-01	-1.6720076e-01	1.2789455e-01	-2.8066605e-01	-1.3479590e-01	-1.7261009e-01	-2.6956189e-01	-1.0856530e-01	1.4783174e-01	-2.4604639e-01	-8.0297247e-02	1.0462866e-01	-6.6275172e-02	2.5123811e-01	1.6835704e-01	-1.3540579e-01	-1.6810369e-01	-1.4653668e-01	-2.9284927e-01	-3.9611749e-02	2.4566913e-01	1.4254026e-01	1.0695659e-01	1.8016857e-01	-7.0728295e-02	3.0361217e-01	2.2224534e-01	-2.8007415e-01	4.8785083e-02	1.8043979e-01	3.9652012e-02	4.4449759e-03	1.4473258e-01	5.0823059e-02	-3.3484721e-01	1.2259272e-01	-7.5837992e-02	-1.6874681e-01	-7.8689992e-02	-2.2677706e-01	-1.2882920e-01	1.3951565e-03	-4.5757908e-02	1.8313199e-01	-1.2873150e-01	1.1011053e-01	2.1246228e-01	-1.1523415e-01	-2.9616913e-01	1.5422773e-01	4.4876754e-02	8.1960797e-02	-1.2794839e-01	2.6297307e-01	-5.1350128e-02	8.1232309e-02	5.0270256e-02	7.7294350e-02	-3.2134983e-01	-2.2916909e-01	2.3832990e-01	1.0466345e-01	-1.2334266e-01	2.4820346e-02	1.4325425e-01	-5.2834540e-03	4.5047453e-01	1.3626686e-01	1.9642279e-01	1.2125297e-01	-4.4051051e-02	-1.8384164e-02	1.2337871e-01	-6.0107289e-03	-3.2688308e-01	3.1140976e-02	-4.7791224e-02	9.7348347e-02	-1.9596894e-01	-2.0753491e-01	2.3849553e-01	1.7745754e-01	1.2140632e-02	-2.3820707e-01	-1.7736818e-01	1.6302167e-01	1.6926737e-01	1.3827845e-01	-3.0018237e-01	-1.1516126e-01	1.5259264e-02	-1.2080938e-02	-2.9277286e-01	5.7191432e-02	-2.8324455e-01	1.9568603e-01	9.0971023e-02	-2.3321420e-01	-2.1999951e-01	3.4721196e-03	-2.2789067e-01	5.3012140e-02	1.3253668e-01	3.0504951e-01	-2.7742717e-01	-1.9621210e-01	-6.3543886e-02	-2.0131864e-01	-2.1334389e-01	1.0623855e-01	-1.6155592e-01	-2.1102040e-01	-9.6194908e-02	1.7299455e-01	1.7780539e-01	2.8977206e-01	-1.6768058e-01	1.1988030e-01	-2.2130325e-01	1.7848247e-01	-7.1130559e-02	-5.0187711e-02	1.9718848e-01	-1.9905481e-01	-2.0390655e-01	-2.9053897e-01	-3.1781623e-01	8.2280688e-02	-3.0624907e-02	1.3059591e-01	1.7431605e-01	3.8382620e-02	2.5337657e-02	2.0339359e-01	7.3186487e-02	2.8231016e-01	-2.7845198e-01	2.2435436e-01	-8.3787858e-02	1.4731154e-01	9.5081538e-02	-1.1704589e-01	1.6302900e-01	2.5313067e-01	1.5591618e-01	2.5586396e-01	5.9220850e-02	8.0073439e-02	-4.2267375e-02	5.0639249e-02	3.3309460e-02	-2.0201614e-01	-1.9057962e-01	-1.4129208e-01	2.7445805e-01	-1.7134473e-01	-9.8887123e-02	1.3731913e-01	-2.7440858e-01	3.7612817e-01	2.2129206e-01	1.3009252e-01	-1.5787695e-01	6.8690091e-02	3.5894372e-02	-2.8807977e-01	-2.4044111e-01	1.5298724e-02	2.1308617e-01	9.1836542e-02	-1.2087721e-01	-2.3256509e-01	3.0420262e-03	-1.0004092e-01	2.3060134e-01	3.2467186e-02	-2.0590854e-01	2.3558809e-01	1.4433080e-01	-1.6751626e-01	-1.0613278e-01	1.6943048e-01	-2.9795730e-01	-5.1087052e-02	1.7021340e-01	-2.8628519e-01	1.0013711e-01	-2.0361526e-01	2.5948188e-01	-1.0638385e-01	-2.2125700e-01	-1.3812284e-01	1.8192853e-01	-2.4093154e-01	-5.5807278e-02	2.9007193e-01	-1.3071866e-01	2.1163175e-01	-1.3790420e-01	-1.2454027e-01	2.6048511e-01	1.3492781e-02	1.7440602e-02	-1.0713097e-01	3.7916340e-02	2.3751380e-01	1.8277678e-01	2.2381668e-01	1.7883490e-01	-8.2469754e-02	7.4930906e-02	-7.4326441e-02	-2.1028166e-01	1.2220517e-02	-1.3324705e-01	-7.6132566e-02	5.9005290e-02	8.4063619e-02	1.3337451e-02	2.8030488e-01	-1.8422379e-01	9.8025203e-02	-9.1885097e-02	6.3821897e-02	-7.9450971e-03	1.6934267e-01	-3.6924332e-01	-2.7151918e-01	-2.5431052e-01	1.2041673e-01	-2.4859783e-01	-2.5675371e-01	3.9529249e-02	-2.4787107e-01	-3.5751170e-01	3.1881273e-02	-2.7553877e-01	-2.3647188e-01	-9.9756062e-02	2.0122759e-01	-1.4424817e-01	-2.0340313e-01	1.4724615e-01	-6.2455919e-02	2.5263956e-01	9.6748419e-02	-1.6564727e-01	-2.6591289e-01	-2.9750699e-01	3.7099998e-02	2.3324701e-01	-6.2779859e-02	-1.8058132e-02	1.4575724e-01	1.1092892e-01	6.9458820e-03	-7.5134270e-02	-2.1203870e-01	-9.9278204e-03	4.9692601e-02	2.8474632e-01	6.7621216e-02	4.8613936e-02	-2.4529353e-01	2.4760294e-01	-2.0542327e-01	1.7301282e-01	-1.6216280e-01	-9.8626196e-02	2.0462364e-01	1.5766421e-02	-1.5264115e-01	-1.2214025e-01	-1.5508127e-01	-2.7922371e-01	-1.5517993e-01	-1.7254217e-01	1.3427809e-02	2.2747751e-01	-2.3629330e-01	9.7959176e-02	3.0452323e-01	5.0376177e-01	-1.6348100e-01	1.9705036e-01	2.2868918e-01	-3.1073943e-02	-6.9676630e-02	2.0060921e-01	8.5634790e-02	-4.6411768e-01	-1.7769976e-01	2.7184123e-01	1.9895296e-01	-1.7825295e-01	2.7164152e-01	-1.4101332e-02	3.3616487e-02	-8.5833766e-02	1.5970366e-01	-1.2230543e-01	2.0164931e-02	-1.1018366e-01	2.5550687e-01	-1.4792213e-01	2.1981478e-02	-1.6566147e-01	-2.7580139e-01	1.7845705e-01	-1.9452880e-01	-2.5167930e-01	2.8693065e-01	-1.0269681e-01	-3.6810972e-02	1.8074597e-01	2.5089905e-01	-1.0019059e-01	7.2960198e-02	-3.2536365e-02	2.0313381e-01	1.4879313e-01	-2.0666188e-01	-1.6896498e-01	2.6662353e-01	-1.2462635e-01	2.0411851e-01	-2.7258718e-01	-1.3288790e-01	9.4772309e-02	5.4555532e-02	2.3813809e-01	-3.0135775e-01	-1.8397322e-01	1.4490987e-01	-2.3313245e-01	6.2590791e-04	1.9777071e-01	-2.9895040e-01	-1.9041483e-01	-1.9877739e-01	-2.3425007e-01	-2.5501433e-01	1.7811595e-02	1.5157339e-01	1.7619267e-01	6.7973686e-03	3.7535262e-01	7.1401231e-02	-1.2057453e-01	-4.1753218e-02	1.5660690e-01	-1.6408189e-01	2.2037436e-01	2.5875771e-01	-1.1307934e-01	2.6662096e-01	-1.3614529e-01	-4.3743312e-02	2.6118758e-01	-9.5629795e-03	-4.8028280e-05	-2.5885880e-01	-1.0970960e-01	-4.9990047e-02	-2.0136519e-01	1.8616781e-01	2.3232087e-01	3.1267402e-01	-6.8744510e-02	9.6366920e-02	1.3106844e-01	-5.0649051e-02	2.2853942e-01	-5.6622051e-02	1.8971939e-01	3.6387324e-02	2.0285593e-02	-2.7878290e-01	7.2451703e-02	-1.2699084e-01	-2.4614735e-01	-8.6710408e-02	1.9792651e-01	-1.3949870e-01	-1.1171336e-01	1.7553930e-01	-4.5221977e-02	-5.7147548e-02	-1.3451596e-01	-2.5672799e-01	1.2927693e-01	-9.9986054e-02	4.6911146e-03	-2.7282351e-01	2.2312345e-01	2.0714743e-01	2.1768621e-01	2.2549163e-01	-2.5672165e-01	-2.9895446e-01	-2.6589185e-01	4.5571715e-02	-9.5979363e-02	2.9494318e-01	1.3826424e-01	-2.5848877e-01	2.1951462e-01	-1.7800184e-01	-2.9164529e-01	-1.1730984e-01	-1.2000827e-01	-2.2322541e-01	1.1209057e-01	-1.1240557e-01	1.7822318e-01	-2.5209969e-01	-2.1690044e-01	-1.8925047e-01	1.9585660e-01	2.3785493e-01	-6.5831468e-02	8.8675864e-02	-2.8485966e-01	-2.0244874e-01	-1.0063495e-01	1.9946377e-01	6.7855105e-02	-2.0070878e-01	-2.2853535e-01	-2.6826560e-02	1.3778248e-01	-1.7550541e-01	2.4096240e-01	-1.4434430e-01	2.1025535e-01	1.8896505e-01	2.3884502e-01	9.8406814e-02	-2.2563219e-01	2.7225968e-01	-2.2772595e-01	-2.2131123e-01	-3.6321819e-02	4.0327370e-02	1.2400510e-01	-2.0595734e-01	-2.5487292e-01	7.6780424e-02	-1.0495424e-01	-2.4922176e-01	-2.3536466e-01	2.9862109e-01	2.6480812e-01	1.8910284e-01	-2.6266456e-02	1.7682266e-01	3.4189165e-02	-1.6260801e-01	3.1962406e-02	-2.0685357e-01	-1.8950745e-01	1.3293321e-01	-1.3758406e-01	-1.0141607e-01	1.6836780e-01	2.6990193e-01	-2.0868635e-01	4.7056206e-02	9.7302891e-02	1.0154396e-01	-7.1260609e-02	2.9680070e-01	5.8595665e-02	-2.4460496e-01	2.9097143e-01	2.5294000e-01	-9.3027666e-02	1.5272868e-01	-2.4769947e-01	3.5797808e-01	5.4066118e-02	-3.4473959e-02	-1.0825741e-01	7.2728932e-02	-1.9121619e-01	3.2559946e-01	2.6718172e-01	-6.3291498e-02	2.5088504e-01	-1.3456564e-01	-8.5615121e-02	2.6440763e-01	2.9394349e-01	-1.6054094e-01	1.7740919e-01	2.2268978e-01	-1.7239198e-01	2.4376011e-01	-2.8989732e-02	1.5728628e-02	1.1690071e-01	1.4554147e-01	-2.3998694e-01	2.2270891e-01	-1.1278009e-01	-3.4849349e-02	2.3166418e-02	1.0114067e-01	6.0976803e-02	2.4642321e-01	1.3836230e-01	9.6220709e-02	2.2793645e-01	-3.6184603e-01	3.7462530e-01	-2.3467524e-01	1.3087241e-01	2.4870378e-01	-2.1229440e-01	-1.7726259e-02	-1.4735223e-01	1.9535886e-01	-1.8373516e-01	-2.0242000e-01	5.2845512e-02	6.1327711e-02	-2.7963629e-01	-1.0554471e-01	-2.1448372e-04	1.8295527e-02	-2.0981391e-01	-6.2063351e-02	-2.4132128e-01	-3.3023673e-01	-2.2603790e-01	-2.6259172e-01	1.7117575e-02	2.0423469e-01	-2.4137095e-01	2.7610540e-01	2.1350484e-01	2.6391727e-01	-1.1388166e-01	-2.0866141e-01	-7.6573551e-02	2.6449669e-02	1.3636975e-01	-3.0036151e-01	-2.2179888e-01	-1.0466325e-01	-2.2372454e-02	-7.4967191e-02	2.4374437e-02	-4.5225658e-02	-1.8120828e-01	-1.7271392e-01	-2.5643769e-01	2.3887609e-01	2.6710585e-01	2.8071055e-01	-9.7120963e-02	2.9844221e-01	-1.4408851e-01	-8.5794896e-02	-1.9240120e-01	-7.5856142e-02	8.1960395e-02	-6.6657111e-02	-3.4657377e-01	2.4039954e-02	-9.9840119e-02	1.3548018e-01	9.5870011e-02	-1.3857037e-01	-2.7668101e-01	2.6270106e-01	2.2535878e-01	-2.3436654e-01	-3.4535185e-01	-2.3000461e-01	2.2796376e-01	1.5894117e-02	2.5198385e-01	-1.3619806e-01	9.7367652e-02	3.7846714e-02	-1.0950550e-01	1.0536425e-01	-8.6327866e-02	-7.4479822e-03	1.8345901e-01	2.1968906e-01	-6.8063238e-03	2.6388079e-01	-1.9453359e-01	-2.4630396e-01	-1.9946757e-01	2.8678903e-01	6.9629699e-02	1.0060832e-01	8.9455396e-02	-3.4954173e-03	2.5581899e-01	-2.0165256e-01	2.3779720e-01	2.2046676e-02	-1.1705032e-01	2.2894028e-01	2.4492443e-01	2.8516015e-02	4.7761446e-01	1.8503785e-02	-7.9245858e-02	7.4436731e-04	-4.2688727e-02	-4.7668330e-02	-2.4078241e-01	-1.0464892e-01	9.3003355e-02	-2.7426395e-01	-1.7335066e-01	-5.3914230e-02	2.4437718e-01	-5.4658549e-03	-1.9057386e-01	-3.2255164e-01	-1.1659484e-01	-2.4827304e-01	-1.4756404e-01	-1.0719866e-01	2.6768565e-01	1.3192788e-01	5.5876806e-02	-1.9753712e-01	-1.4256659e-01	-1.5578641e-01	-1.3699183e-01	-2.3169804e-01	-2.0890839e-02	1.3254824e-01	7.7483259e-02	-5.5277321e-02	-1.5324107e-02	2.6371419e-02	-8.2795307e-02	6.2733721e-03	1.6356751e-01	-1.3220695e-01	-1.8398508e-02	-5.5156913e-02	-2.1759525e-01	1.5203689e-01	1.7344584e-01	1.0293985e-01	-9.8148540e-02	-1.9858028e-01	-8.8121563e-02	1.8787791e-01	1.7659089e-01	-4.8029870e-02	-1.0704124e-01	2.5897402e-01	-1.7414013e-01	-1.7289880e-01	-8.1162766e-02	-2.7716267e-01	-1.4729266e-01	-6.5592669e-02	2.2369890e-01	-2.9613608e-01	-7.5687610e-02	-2.9733998e-01	1.2391950e-01	-2.9388400e-02	-1.4739597e-01	1.7852783e-02	-1.4086480e-01	2.0800462e-02	-1.1703365e-01	3.4437338e-03	-7.2736122e-02	-2.1423651e-01	-7.1523920e-02	2.0485570e-01	-3.5653818e-01	2.9107040e-01	-8.6863987e-02	1.5784539e-01	-1.4823547e-01	6.9713481e-02	-2.1806282e-01	-1.9406986e-01	-2.1326351e-01	-2.8250635e-01	2.2440463e-01	-1.9443278e-01	-1.2952480e-01	9.8020911e-02	-2.7373357e-02	2.3376681e-01	-9.9178173e-02	2.4906556e-01	1.6585888e-01	8.3216876e-02	3.1920042e-02	1.5002382e-01	1.4101979e-03	-1.8245880e-01	1.3275102e-01	5.9898831e-02	1.9033593e-01	-1.4524581e-01	7.5792514e-02	-4.9901698e-02	-1.6578403e-01	-6.3627601e-02	-3.0212855e-01	-2.5609532e-01	1.1161613e-01	2.6465812e-01	-3.1026199e-01	2.1094543e-01	-4.4628114e-02	6.1682642e-02	2.2250468e-02	-3.0233589e-01	-1.5981676e-01	-1.7324534e-01	5.4024968e-02	2.6014274e-01	-1.9126658e-01	2.5061619e-01	2.2289466e-02	-2.8446385e-01	-4.6944212e-02	5.4165348e-02	2.5924015e-01	-4.8655283e-02	-8.3998211e-02	3.0457327e-01	1.4567969e-03	1.9726716e-01	-1.5231770e-01	-1.4779055e-01	1.3613103e-01	2.0460890e-01	5.6584954e-02	-5.5289805e-02	-4.8886549e-02	-1.8711799e-01	8.4196441e-02	-1.4873146e-01	-2.3961359e-01	2.5963461e-01	3.6153853e-02	2.7179709e-01	-2.2743052e-01	-6.1204892e-02	-2.7245000e-01	1.8385750e-01	-1.3628788e-01	-2.3155110e-01	2.7671546e-01	1.3430542e-01	-6.9113992e-02	1.3540459e-01	-6.8103597e-02	1.2916116e-01	-2.5190893e-01	-6.4093298e-03	3.4186408e-02	-3.0016595e-01	-2.8904527e-02	-8.9378357e-02	-3.0327854e-01	9.1547072e-03	2.7763572e-01	2.0136258e-01	-1.4112878e-01	-2.3824380e-01	-1.5404881e-02
-2.4506092e-01	-2.0491247e-01	-8.1468008e-02	-1.9742309e-01	9.7817101e-02	-1.5943671e-02	7.3816955e-02	2.7017033e-01	-2.3335835e-01	1.4640126e-01	2.9376271e-01	2.7684146e-01	2.8580615e-01	-1.5909880e-01	-3.2911310e-01	1.5486217e-01	-3.7900922e-01	-1.0518230e-01	-4.4747978e-02	-7.2297207e-03	-1.2661132e-01	7.9892695e-02	4.6713486e-02	5.7089251e-01	2.4549745e-01	-1.3346398e-01	1.7308305e-01	-2.2451103e-02	-2.6634756e-01	-3.4861541e-01	5.5262621e-02	1.6285844e-01	2.4197575e-02	-1.3271350e-01	-1.1009637e-01	2.6244712e-01	2.1175874e-02	7.6823817e-03	1.4067982e-01	-1.3827682e-02	-2.6119107e-01	1.4975579e-01	-1.5222229e-01	-2.4098882e-01	2.7728838e-01	2.6886261e-01	1.2165307e-01	1.3321939e-01	-1.7830895e-01	1.7161766e-01	1.5103261e-01	-9.0146601e-02	-2.8868920e-01	-1.5123422e-01	-4.4678345e-02	-8.5284233e-02	-7.8977615e-02	-2.1917602e-01	-8.0515504e-02	9.5129512e-02	2.5746870e-01	-1.5976048e-01	1.8016168e-01	2.1869054e-01	-1.2498821e-01	1.0242859e-01	2.4011835e-01	-1.9336712e-01	-2.2334023e-01	-2.4016589e-02	2.1858665e-01	-3.0531615e-01	-1.8246448e-01	-1.9012706e-01	-8.7202653e-02	-4.9994230e-02	-2.7896479e-01	-2.7349621e-01	-2.7698165e-01	1.8420410e-01	-8.9084923e-02	-1.3791165e-01	8.2999051e-02	-1.0377466e-01	2.2269234e-01	2.5276482e-02	-1.6214642e-01	-1.9091634e-01	-1.2179948e-01	-1.4855847e-01	1.4506954e-01	1.0159945e-01	2.8104517e-01	-2.3795041e-01	-2.8875408e-01	2.1875706e-01	-1.6856855e-01	7.8048408e-03	5.0255984e-02	-2.8505257e-01	-2.6347974e-01	-2.5006613e-01	2.3377442e-01	-1.3505484e-01	-6.5744013e-02	-9.1060186e-03	-2.5231093e-02	2.2226973e-01	-1.5001145e-01	4.0507827e-02	-2.0210624e-01	1.0470275e-01	1.2374484e-01	-2.9545656e-01	7.7621393e-02	-1.3662803e-01	-1.1619042e-01	-4.4931624e-02	-8.7214433e-02	-2.0770527e-01	1.7697310e-01	6.6824742e-02	-1.8663500e-01	-6.6525891e-02	1.5950562e-01	-1.9118806e-02	2.6981294e-01	-2.7067375e-01	1.4675611e-01	-1.0563426e-01	-2.2730117e-03	-9.7228169e-02	5.8000349e-02	2.1577175e-01	-2.2959435e-01	-1.7038466e-01	-2.1770899e-01	2.2815195e-01	-1.4531370e-01	-1.1713532e-01	-2.5353605e-01	1.3594870e-01	7.2109818e-02	2.6549304e-01	-1.6812384e-01	2.6882127e-01	3.6797294e-01	1.8808296e-01	1.7531559e-02	2.1009991e-01	-3.5056514e-01	-7.9736479e-02	-2.1112810e-01	-3.5660505e-02	-3.5844132e-01	-8.5647196e-02	-3.8741630e-02	1.6873996e-01	-2.2886600e-01	-3.8884729e-02	7.3598109e-02	1.6170809e-01	-2.6469719e-02	3.1059086e-02	2.9165831e-01	1.0472991e-01	-2.7748877e-01	-5.6668453e-02	2.1044424e-01	-6.0640939e-02	-6.0253233e-02	-1.9546014e-01	-1.3909805e-01	-2.3722576e-01	1.7916034e-01	2.6592255e-01	-2.0258175e-01	-2.1050306e-01	2.3426498e-01	2.5773466e-01	-2.0513462e-01	7.6529860e-02	3.9772898e-02	-2.9702598e-01	2.5963682e-01	-4.2074312e-02	-1.4763488e-01	-2.3169598e-01	1.9760287e-01	-1.8491738e-01	1.0900075e-01	-1.3092032e-01	2.3428875e-01	-2.2046205e-01	-1.4480419e-01	-9.1276735e-02	7.1108453e-02	1.8740287e-01	3.9604515e-02	-5.0033867e-02	-4.1467834e-02	-1.0320700e-01	-1.0171793e-01	-2.3520303e-01	-1.0605524e-01	1.0781398e-01	1.3943058e-01	2.1474639e-01	-1.4174011e-01	-6.7051098e-02	2.1646880e-01	-2.3700865e-01	2.1559903e-01	1.5067002e-01	-1.7724942e-01	-5.7620019e-02	-2.5999510e-01	-1.7089413e-01	-2.5949970e-01	-2.1276233e-01	-2.2237539e-02	-2.4533725e-01	-2.4787948e-01	-2.5803268e-02	-5.1846549e-02	-3.7409753e-02	-2.1719550e-01	-2.9815534e-01	-7.7472299e-02	2.4506637e-01	-1.8099244e-01	-1.1043288e-01	-1.4702186e-01	-2.9735240e-01	-4.4408023e-02	1.9182265e-02	8.0986023e-03	1.2758163e-01	-3.0244589e-01	-2.2241896e-01	-2.1333355e-01	-2.0249465e-01	3.2843474e-02	2.2031440e-01	-3.1612933e-02	2.0724633e-01	5.4962836e-02	-2.8887883e-01	-2.6206583e-01	1.3492540e-01	-4.6473011e-02	2.0345641e-02	-1.4837940e-01	-2.6545504e-01	9.8587602e-02	3.0000052e-01	2.5406885e-03	2.4435994e-01	9.8170303e-02	2.8200516e-01	1.9228091e-02	-1.7597558e-02	1.4441852e-01	-5.4870617e-02	2.6271173e-01	-1.6375430e-01	3.1322472e-02	2.9615679e-01	2.7969927e-01	-2.8580022e-01	2.9701689e-01	1.1598323e-01	-1.6579610e-01	-1.7132489e-02	-8.1032881e-04	1.8013717e-01	-9.0160988e-02	2.5294626e-01	3.8402563e-01	7.0902459e-02	3.3139715e-01	2.6049009e-01	-1.4017847e-01	8.2252115e-02	1.8522961e-01	2.7525449e-01	9.0389468e-02	-2.1496905e-01	-8.9892298e-02	1.2569174e-01	1.5127696e-01	-1.6599952e-01	1.2715416e-01	4.5327444e-02	1.1878172e-01	-9.6665487e-02	-1.5391250e-01	-2.3561247e-01	-2.0732233e-01	2.4200872e-01	1.1440376e-01	-2.4950044e-01	2.3674159e-01	2.9632980e-01	-1.8029806e-01	2.3322937e-01	6.3256547e-02	-1.0205524e-01	-2.0533320e-01	6.9523185e-02	-1.7169736e-01	2.2518182e-02	1.6805848e-01	-2.8501749e-01	-1.1195721e-01	-5.1173475e-02	1.2069762e-02	2.2688803e-01	-1.3899715e-01	1.5625104e-01	1.3399807e-01	1.1100134e-01	3.4266350e-01	2.7486813e-01	3.8307309e-02	-4.7715738e-02	-1.6052170e-01	1.6947968e-01	-1.1127139e-01	2.0058654e-01	1.3982035e-01	-2.2691220e-01	-1.2978834e-01	2.5271949e-01	-1.8715048e-01	-5.0972663e-02	-1.0307947e-01	-9.4017768e-03	-1.1945329e-01	1.9489248e-01	2.9991692e-01	-2.0359401e-02	4.9724866e-02	8.4126972e-02	1.5091722e-01	-1.8201844e-01	2.1813063e-02	-1.1133484e-01	-1.4907694e-02	-7.3065273e-02	1.5069757e-01	-4.3877915e-02	5.5588968e-02	-1.1520021e-01	-2.5354534e-01	2.5386050e-01	1.5392821e-01	2.4585681e-01	9.3988240e-02	-1.0832863e-02	2.3377730e-01	2.7208978e-01	-2.6632756e-01	5.2565437e-02	-3.0958895e-02	-4.1305307e-02	1.3676958e-01	-1.9996008e-01	-1.2843151e-01	-7.2864249e-02	8.9932591e-02	4.8056122e-02	-1.6699435e-01	-5.0119948e-02	-3.6358804e-01	4.4583637e-01	1.4467508e-01	-1.2255477e-01	1.6136162e-02	6.2865488e-02	-1.9808127e-01	2.4973449e-01	-1.8731277e-03	-8.2629606e-02	1.1858449e-01	-7.0335567e-02	-1.5371050e-01	-1.6192444e-01	-4.3104655e-01	-2.5429252e-01	-1.8913319e-02	4.4032700e-02	-2.8068191e-01	-2.9751316e-01	9.3078442e-02	-1.4671887e-01	1.8185884e-01	-1.0340776e-01	1.2388730e-01	1.5754470e-01	2.2775990e-01	2.7876520e-01	-4.3623205e-03	1.4071660e-01	-3.7462402e-02	2.7180040e-01	2.1056120e-01	-2.2271946e-01	-2.4766341e-01	7.7952698e-02	2.5573409e-01	-5.6027606e-02	2.4658595e-01	-3.8311082e-01	2.2578290e-01	-2.2621201e-01	-2.6396489e-01	-1.1183429e-01	-1.9309472e-01	1.9659030e-01	-7.4571744e-02	1.4342576e-01	-1.4131284e-01	2.8991374e-01	-3.2750463e-01	-2.3328573e-02	-3.8263753e-02	2.7547458e-01	2.4953119e-01	5.7740241e-02	-2.9449105e-01	-6.7998968e-02	1.9995469e-01	2.0408723e-01	-4.3456025e-02	1.9797902e-01	-4.6549588e-03	-9.5480599e-02	5.6631245e-02	-2.9315600e-01	-1.4653519e-01	4.6722889e-02	-1.8447949e-01	-3.7907645e-02	2.7157560e-03	2.1882699e-01	2.5642100e-01	1.9893822e-01	2.7170581e-01	4.9141139e-02	1.6544254e-02	-2.9968002e-01	2.5495738e-01	-2.0373005e-01	2.1797784e-01	2.7854797e-01	-6.7241597e-03	-3.0590302e-01	-2.3020273e-01	6.1599940e-02	-2.4937820e-01	9.4711021e-02	9.5350944e-02	2.7252796e-01	1.5837876e-01	2.6683196e-01	-2.2111987e-01	-1.2283131e-01	-2.8892577e-02	2.2703353e-01	4.7019310e-02	-1.1587729e-01	8.4126055e-02	-2.2438987e-01	-2.5362146e-01	2.2799900e-01	2.2810447e-01	-2.8522983e-01	1.5534633e-01	1.7158771e-01	2.0623103e-01	2.1538907e-01	-4.1436512e-02	-1.2251751e-01	1.6966973e-01	2.8932142e-01	1.9834562e-01	-1.1662660e-01	5.6700509e-02	2.0428079e-01	1.3384750e-02	-7.3569402e-02	-6.5577842e-02	-1.4284231e-01	-5.8991425e-02	1.1122268e-01	1.3903470e-01	1.8863265e-01	4.6004731e-02	2.7434069e-01	-1.2306533e-01	-1.9488374e-02	-3.9433450e-01	1.6654912e-01	5.2319285e-02	-1.2711707e-01	9.9019811e-02	-2.5129035e-01	-1.8984556e-01	-3.1311452e-01	-1.9846235e-01	1.5309845e-01	-5.0629750e-02	1.7797491e-01	1.3033205e-01	2.0939136e-01	-1.3922198e-01	3.0248944e-02	-2.3215687e-01	2.5947967e-01	-3.5717849e-02	1.5527688e-01	-1.6321692e-01	-1.8477996e-01	4.5528166e-02	-1.4441422e-01	-5.4332867e-02	1.2146819e-01	1.8783879e-01	2.1159275e-01	-3.3249229e-01	-2.8116074e-01	-1.0587149e-01	-1.8609409e-01	-9.8360784e-04	2.3318012e-01	2.7884117e-01	-2.7417263e-01	2.3045970e-01	5.6227781e-02	2.4175009e-01	-5.0905854e-01	9.8037660e-02	1.8205917e-01	2.1683335e-01	-4.7202993e-02	1.6209719e-01	-2.1308991e-01	1.1311557e-01	3.7644479e-02	2.5404385e-01	9.1692381e-02	2.0526956e-01	-1.2581447e-01	-6.9261663e-02	8.7992452e-02	6.3244086e-03	2.5770116e-01	-8.2478352e-02	-1.5215069e-01	-3.3308759e-02	-1.4130729e-01	1.4714849e-01	2.4995388e-01	1.4792481e-01	-2.1941446e-01	-1.1710484e-01	-4.2626482e-02	-1.1359520e-01	-7.9591095e-02	2.6574981e-01	-1.9405779e-01	-5.3530294e-02	-2.0799461e-01	6.4995900e-02	-1.6090855e-01	-3.6504816e-02	-1.1656468e-01	-3.7926376e-02	2.6719823e-01	-2.2903858e-02	1.4006372e-01	1.3148934e-01	2.2956753e-01	-9.4363980e-02	2.2698560e-01	-1.6452129e-01	-1.8008946e-01	1.7879407e-01	-2.5412843e-01	-1.1338498e-01	-3.8842935e-02	6.0768284e-02	2.6518172e-03	3.1288739e-02	8.7471545e-02	-1.0950684e-01	-1.5475187e-01	4.3190446e-01	-5.7083320e-02	-2.4212942e-01	-2.1557473e-01	2.7017474e-02	-2.3477279e-01	-3.1904299e-02	1.3134965e-01	-3.8267836e-02	1.7541404e-01	-2.1822163e-01	2.5136584e-01	-1.8850712e-01	-1.0949914e-01	-4.1552532e-02	2.8416631e-01	-1.2509166e-02	-1.1409994e-01	2.8936815e-01	-1.3679397e-01	-2.2671059e-01	-1.9321892e-01	2.2274652e-02	6.8442173e-02	2.6645273e-01	1.6084196e-01	5.6299653e-02	1.7382783e-01	-2.5323209e-01	2.3843268e-01	1.3517478e-01	-4.7328304e-02	4.9393643e-02	8.3291233e-02	1.5398692e-01	2.6021320e-01	7.9658821e-02	-2.0871194e-01	-2.4591351e-01	1.8160787e-01	-1.3203785e-01	1.8293990e-01	-2.3312086e-01	-3.4180675e-02	-8.0503300e-02	2.1208401e-01	-7.6525591e-02	1.2049995e-01	5.5974327e-02	-1.6346682e-02	-3.3595082e-03	1.3746661e-01	-1.0032720e-01	-2.0294018e-01	4.6740536e-02	3.7579346e-02	-2.5407681e-01	1.0746276e-01	-1.6256870e-01	-9.6777175e-03	-9.2103966e-03	-2.7453253e-01	-1.9660506e-02	-1.9191016e-01	9.5546901e-02	6.9972381e-02	2.0529538e-01	-3.4467474e-01	3.3016950e-01	-1.3921008e-01	1.0179435e-02	-3.3162579e-01	-1.0773591e-01	3.0210638e-01	-6.2056199e-02	5.8335897e-02	2.2832246e-01	2.5075966e-01	2.4292324e-01	1.4418980e-01	-1.4183825e-01	-3.0296552e-01	-1.2095052e-01	-4.4011407e-02	2.4851720e-01	-1.2773962e-01	-3.1124222e-01	8.3761021e-02	-1.5255509e-02	2.0566842e-01	-1.2512863e-01	5.3554159e-02	-2.8351092e-01	1.0974570e-01	-2.8708663e-02	-2.0989092e-01	-2.4191904e-01	-2.3218503e-02	5.8351196e-02	-8.6286902e-02	1.7907244e-01	1.7605090e-01	-5.5961363e-02	1.7106868e-01	-1.7189719e-01	-1.3850342e-01	-1.0442652e-01	2.8276652e-01	-2.4755864e-01	4.0444019e-03	-3.7333015e-02	2.5811588e-02	-4.3123978e-01	-9.4392985e-02	5.8156319e-02	-1.8509300e-01	-1.6822159e-02	1.4348942e-03	-1.8703748e-03	8.9914843e-02	-1.6043690e-01	-5.3228751e-02	-2.6009038e-01	8.8977516e-03	1.6350332e-01	-3.0980122e-01	9.4214499e-02	1.4974180e-01	2.2035378e-01	-4.3463387e-02	1.2716644e-01	2.9088148e-01	2.5551918e-01	1.6928144e-01	-1.9705452e-01	1.0448802e-01	1.4609246e-01	-1.6336472e-01	-2.7567539e-01	-2.9442495e-01	-1.2802860e-01	-2.9963136e-01	1.6800590e-01	8.5943058e-02	7.3981710e-02	7.5930104e-02	1.7951954e-02	-2.1220838e-01	9.0432495e-02	-1.8143745e-01	2.2437568e-01	2.7579567e-01	2.0631568e-01	1.4714599e-01	-2.6625732e-01	-1.7056432e-01	1.8740432e-01	2.7686710e-02	2.0412534e-02	2.4075632e-01	1.4395982e-01	3.0640513e-01	-3.0250213e-01	2.1618077e-01	-1.5199687e-01	-1.9246329e-01	-2.4577913e-01	-4.8912909e-02	-2.1622191e-01	2.1070480e-02	-2.7291349e-01	2.7534822e-01	2.3295557e-02	-2.1175484e-01	8.0178129e-03	-2.4816652e-01	2.2360155e-01	2.5352117e-01	-2.9242268e-01	-3.3585262e-01	-1.2054797e-01	-2.6650885e-01	-1.4812100e-01	-2.0046531e-01	-3.1480491e-01	-2.7791363e-01	-4.2601097e-02	-1.5763170e-01	-8.0576725e-02	2.0065656e-01	1.1530688e-01	-2.7839968e-01	2.9975706e-01	9.8811775e-02	-1.6721433e-01	1.6712110e-02	2.0109183e-01	1.2705423e-01	-2.9069519e-01	7.0868880e-02	1.1964440e-02	1.9257870e-01	-2.0792083e-01	-1.9379425e-01	-2.1646394e-01	2.6954520e-01	7.8040756e-02	1.4098944e-02	-1.5273368e-01	1.5696266e-01	-1.9633195e-01	7.2590083e-02	8.9235127e-02	-2.0049885e-01	2.3800002e-01	5.6443427e-02	2.7096686e-01	2.5417119e-01	2.0044652e-01	9.2406213e-02	-3.2492626e-01	-4.1514922e-02	2.7512851e-01	-9.9527404e-02	-3.1698498e-01	-2.7069953e-01	-2.9962549e-01	1.6592239e-01	-2.4929586e-01	-2.4554539e-01	-1.0692346e-01	-3.4976438e-02	5.9849154e-02	1.0255072e-01	-2.9657862e-01	-1.8923296e-01	-7.4633718e-02	3.1082219e-01	-3.3192478e-02	1.0506670e-01	2.9515948e-02	-1.8742940e-01	2.5022635e-01	-1.9619600e-01	5.6410175e-02	-2.0470808e-01	-1.2697972e-01	-3.4410741e-02	5.4965146e-02	1.4581063e-01	1.2373412e-01	1.1678538e-01	-5.7692401e-02	-1.8818094e-01	-2.4206491e-01	8.6228475e-02	-1.6148204e-01	-1.6052830e-01	-2.5122304e-02	1.0148442e-01	-1.6202308e-01	-8.5492373e-02	1.2246084e-01	-1.2760434e-01	1.1525374e-01	-8.6650699e-02	1.1910548e-01	1.8586983e-01	-2.2755891e-01	2.9866466e-01	1.8498768e-01	-7.2913885e-02	-1.3167410e-01	1.7690115e-01	1.2610574e-01	2.2610478e-01	-2.7791107e-01	-6.2974979e-04	-9.3624607e-02	1.1331243e-01	5.0436448e-02	-1.4052577e-02	1.1531557e-01	-2.3210087e-01	-2.0894122e-01	2.0638354e-01	-3.6312443e-01	-1.1447509e-01	-4.0968257e-01	1.0154257e-01	3.0537209e-01	4.3338645e-02	-2.9345676e-01	9.4607301e-02	-1.5777624e-01	-1.5076604e-01	-4.0335521e-02	2.6165100e-02	-3.2484870e-02	-1.9090135e-01	1.8619826e-01	1.3254990e-01	-1.2200718e-01	-2.4210677e-01	-1.8270883e-01	-2.4592914e-01	9.1815710e-02	-2.7271441e-01	1.8591544e-01	2.1858615e-01	3.3548346e-01	-9.0462923e-02	-8.6407721e-02	1.9359460e-01	2.2012350e-01	-2.9796016e-01	9.6357554e-02	7.1713239e-02	-3.3603108e-01	2.8118488e-01	3.8893315e-01	-3.4869373e-01	-2.8299050e-02	-7.0555091e-02	2.8518265e-01	-7.7177368e-02	-5.6355093e-02	1.4112519e-01	-1.1270057e-01	-1.6442312e-01	-1.0732711e-01	2.1364552e-01	2.6208943e-01	1.2522482e-02	2.0750055e-01	2.3048282e-01	-2.0045100e-02	-2.8322297e-01	-2.0442298e-01	-1.1475121e-01	-1.4809412e-01	-8.4043339e-02	2.6060796e-01	-1.7886990e-01	-2.6891473e-01	1.4803258e-01	7.4272394e-02	1.9773826e-01	1.4919068e-01	-1.9611894e-01	-3.6837727e-02	-1.4401343e-01	1.2388912e-01	2.8174922e-01	3.6832780e-02	1.7918737e-01	-3.1086786e-02	-2.8007719e-01	6.6792034e-02	-1.0433917e-01	2.7837771e-01	2.4757621e-01	2.2192803e-01	1.3350591e-01	-2.3009826e-01	9.9667490e-02	-2.0137629e-01	1.4930645e-01	7.7855587e-04	-3.8632452e-03	-1.2394662e-01	-2.5449258e-01	-2.4784110e-01	-9.7204670e-02	-1.0220346e-01	2.1615335e-01	-1.1420462e-01	2.9249832e-01	-2.3108292e-01	-2.0887534e-01	-1.0650201e-01	-9.6733741e-02	-6.4940214e-02	-4.5478433e-02	7.8910440e-03	-2.1643928e-01	2.6988080e-01	2.9130781e-01	-1.0950914e-01	1.1603355e-02	-7.0991293e-02	2.2773466e-01	2.3327896e-01	-6.7559838e-02	-1.1792455e-01	-2.5817388e-01	2.2328490e-01	8.9837193e-02	1.3937823e-02	-5.6366198e-02	3.3839285e-02	-2.8290302e-02	1.4688618e-01	2.0028411e-01	-1.3359259e-01	1.2057301e-01	4.8387788e-02	2.7253404e-01	-2.1090467e-01	-1.8690845e-02	2.3214838e-02	9.2192795e-03	-5.7022240e-02	9.0999588e-02	1.4843734e-01	-4.2535029e-02	3.3554325e-01	-1.7107004e-02	6.6259444e-02	-1.6477315e-01	2.6156896e-01	-1.5510231e-02	-1.8210700e-02	-2.0063335e-01	2.1443990e-01	6.7585073e-02
4.9298137e-01	-1.7371440e-01	-2.4511148e-01	3.2350785e-01	-1.0637936e-01	9.8148026e-02	-3.6138079e-01	-4.1158813e-01	-3.8142230e-02	6.7322017e-03	2.1995063e-01	2.8717628e-01	-4.0863347e-01	1.1283150e-01	-2.9691526e-01	1.6134694e-01	1.0664139e-01	-1.1417244e-01	-1.5563767e-01	-1.8019766e-01	2.6647368e-01	2.9691253e-02	-2.6642713e-01	3.4816399e-01	3.8502753e-02	2.6032573e-01	-3.8364679e-02	-2.3265646e-01	-1.1672585e-01	-3.0059633e-01	-3.6888209e-01	-1.2282970e-01
