9
input	19
dense	32
relu	0
dense	32
relu	0
dense	32
relu	0
dense	1
linear	0
7.999999979801942e-06
-2.4685016e-02	-3.2100417e-02	-6.6351623e-04	-3.6421515e-02	-8.0259860e-02	-2.2334052e-02	0.0000000e+00	-6.2094495e-02	-6.1206955e-02	1.8405447e-02	6.0877845e-02	1.7855590e-03	-6.7875095e-02	-3.4308907e-02	0.0000000e+00	2.0976422e-02	-1.4022617e-03	0.0000000e+00	-5.0826496e-03	-5.9032153e-02	-4.8692666e-02	2.4835080e-02	3.3127699e-02	-8.4699038e-03	-3.6236826e-02	7.4082552e-03	-2.1857556e-02	4.1002285e-02	-5.4553650e-02	-3.3643965e-02	-8.6933091e-02	-7.2206720e-03
-1.5975837e-02	-1.3932721e-02	-1.3622137e-02	-1.9781370e-02	-2.8631741e-02	-5.4933690e-02	-5.0972886e-02	-8.6032495e-02	-1.5676416e-03	-2.3424137e-02	-1.9153561e-02	-2.6818791e-02	-5.6898799e-02	-2.8844910e-02	-5.6892462e-02	-1.9626884e-02	-2.0014860e-02	2.1607239e-02	-1.6381094e-02	-2.4300572e-02	-2.5620107e-02	-2.0126112e-02	-2.7533641e-02	1.3448400e-02	-2.7828967e-02	-3.3083215e-02	0.0000000e+00	-7.0795268e-02	-2.1791153e-02	-1.5249731e-02	-2.2467352e-02	-8.4796757e-04
-4.3888204e-02	-4.9165204e-02	-2.6904678e-02	-2.4844620e-02	-2.1588366e-02	-7.0543797e-03	1.5187218e-02	0.0000000e+00	-3.8459156e-02	1.2779144e-02	-2.9475695e-02	3.3252413e-04	-4.9329482e-02	-5.2399594e-02	-2.7765639e-03	7.0034571e-02	-1.2506906e-02	-2.2987859e-02	-9.4866017e-03	-4.8556812e-03	-4.5267463e-02	-2.6846813e-02	-3.7482779e-02	-3.8992930e-02	-7.8048930e-02	7.2603170e-03	0.0000000e+00	-1.3446107e-02	-3.3979997e-02	-2.2726124e-02	-1.9114193e-02	-1.0128690e-02
-1.2067424e-02
-2.3419723e-01	3.3332878e-01	3.1960773e-01	8.1877863e-01	2.8269711e-01	2.5418922e-01	3.7658639e-04	-1.1345482e-01	2.6986927e-01	-1.1709665e-01	-1.9649501e-01	-2.1174450e-01	3.1413099e-01	1.4213845e-01	1.6159946e-01	4.8508739e-01	-4.7181328e-03	3.2134235e-01	-1.8736008e-01	2.0583279e-01	5.3462073e-02	6.3033098e-01	5.4852146e-01	3.1036347e-01	-1.7119198e-01	-2.5551811e-01	-2.2613730e-01	-2.6219547e-01	5.6655277e-02	-8.7787680e-02	7.3581390e-02	3.6003783e-01	1.8524873e-01	1.6358647e-01	3.6085412e-01	5.8192540e-02	3.1161174e-01	2.4957633e-01	-1.8761526e-01	2.0431492e-01	1.5627688e-01	5.0604869e-02	-1.9730823e-01	-2.5160234e-02	-3.0722296e-01	1.8199358e-02	9.7590990e-02	7.9337306e-02	-2.8134793e-01	3.2684928e-01	2.3005210e-01	2.2785585e-01	1.3934715e-01	1.8844903e-01	2.2233339e-01	4.9819749e-02	-1.7781246e-01	-2.4792846e-01	9.2110425e-02	-7.0968902e-01	-7.4878007e-02	-1.3607650e-01	9.0620071e-03	-7.2657913e-02	-2.2910546e-01	3.8193107e-01	1.6809061e-01	-3.7978858e-01	7.6993875e-02	-1.1985992e-01	2.1204571e-01	2.9396653e-02	-1.5485854e-01	-9.8204032e-02	-2.0957476e-01	3.6329050e-02	-4.8869565e-02	-1.6675334e-01	1.8320002e-01	6.1031520e-01	1.9184110e-01	3.5039183e-02	1.9897917e-01	2.9714376e-01	-2.2841732e-03	-4.0150616e-02	-2.8702846e-01	3.5522729e-02	-8.1256911e-02	-1.0814414e-01	4.1501412e-01	-1.7237210e-01	8.8091135e-02	-2.1810481e-01	-3.1605700e-01	2.0193262e-01	5.9060741e-02	-2.5307962e-01	3.4982067e-01	-3.0232149e-01	-2.4857876e-01	-9.0146400e-02	9.9865897e-03	-2.3564062e-01	3.0622542e-01	-7.7381715e-02	3.1212726e-01	2.8732893e-01	-1.5680541e-01	3.6388215e-02	3.1517800e-02	-2.5609156e-01	1.7033282e-01	1.8584426e-01	1.0326245e-01	5.5049330e-02	-1.9847162e-01	-1.9348454e-01	1.4156562e-01	-5.8418810e-02	3.2892171e-01	-5.8771372e-03	6.5442383e-02	-3.6901504e-02	2.9942605e-01	-4.7701538e-02	2.3316810e-01	3.3700109e-02	3.2188460e-01	1.8705603e-01	1.1853161e-01	3.1939194e-01	-3.1247696e-01	1.0176791e-01	-1.0800435e-01	1.2570088e-01	4.7905898e-01	1.2951783e-02	-1.2986059e-01	-9.7516850e-02	4.1461602e-02	1.7003933e-01	-1.1709961e-01	-1.3594261e-01	-1.0347661e-01	-2.0766668e-01	1.9524065e-01	1.2819381e-01	-2.2467332e-01	2.5840372e-01	-3.4835063e-02	1.8333091e-01	-3.0425824e-02	8.7797023e-02	-1.5721965e-01	4.2628966e-02	3.9176039e-02	2.5794318e-02	-9.8272562e-02	-3.8964342e-02	1.6468821e-01	-4.2338051e-02	3.5843071e-01	3.5377216e-01	-9.9814102e-02	-1.5597276e-01	1.8880722e-01	6.4265974e-02	7.0740818e-03	-9.7835936e-02	2.0456277e-01	2.8566453e-01	2.0089580e-01	5.7228308e-02	-8.2701832e-02	2.3017913e-01	4.0885429e-03	9.4722733e-02	-3.1542009e-01	4.3870483e-02	1.6051464e-01	1.4307424e-01	1.2257732e-01	1.6871539e-01	2.7268547e-01	6.7785367e-02	-2.8894073e-01	-1.9568630e-01	-1.4660533e-01	-8.9453705e-02	-3.0443630e-01	2.9644114e-01	-9.2263937e-02	-1.3629723e-01	1.8913744e-01	2.0056947e-01	-1.9783181e-01	-8.9405589e-02	1.7790350e-01	3.8891977e-01	2.7568895e-01	2.6483682e-01	-5.4739267e-02	5.7077590e-02	-3.3909732e-01	-1.0716139e-02	-3.6820963e-02	-1.0367034e-01	-4.4895777e-01	-2.1226326e-01	-3.7806863e-01	5.7007171e-02	-1.8642433e-01	-1.9736379e-01	1.3356185e-01	-1.1359730e-01	-3.2248083e-01	3.6780465e-01	7.0087738e-02	-2.0444354e-03	2.1009484e-01	-3.6598098e-01	-2.9735205e-01	-1.7414911e-01	-1.1782753e-01	3.5974476e-01	1.0246190e-01	2.8472799e-01	-2.7245748e-01	1.7166854e-01	8.8193431e-02	1.6758250e-01	1.3967519e-01	2.0235264e-01	-2.8073290e-01	3.4295604e-01	3.5992780e-01	-2.6392671e-01	1.5229931e-01	-2.6020142e-01	3.7178564e-01	-2.0908508e-01	9.7785294e-02	3.8316751e-01	-7.0314966e-02	-1.5966180e-01	1.0672809e-01	-2.8848314e-01	3.5660273e-01	3.7168014e-01	2.3033766e-01	-3.7703872e-02	-1.6546722e-01	8.3992124e-02	-2.4541000e-02	-3.6459573e-02	-2.0015528e-02	-2.6751700e-01	2.4160479e-01	4.1553114e-02	2.3312768e-01	-4.6148896e-02	-4.2164147e-02	1.4862369e-01	4.2661700e-02	-5.3637568e-02	8.5630476e-02	-2.4144073e-01	3.0979869e-01	-2.4639043e-01	2.1536648e-03	-4.4420868e-02	2.7724913e-01	3.4177095e-02	5.3541631e-02	-1.9619790e-01	2.8911045e-01	-2.0841002e-02	1.1860758e-01	1.4580983e-01	2.6136765e-01	-2.2512370e-01	6.1244339e-02	4.0141493e-02	-2.6309657e-01	1.0319111e-01	3.6957321e-01	1.6386801e-01	5.3395957e-01	-2.1802521e-01	-1.0639407e-01	2.2379138e-01	-1.4077890e-01	-3.9600241e-01	-1.2531017e-01	6.7555763e-02	2.4715561e-01	-8.9914247e-02	2.4475381e-01	1.6313787e-01	-3.7126628e-01	-3.2313436e-01	-7.9051875e-02	1.7359270e-01	-2.6618001e-01	-1.1860911e-01	-4.4001974e-02	-2.8132892e-01	-1.2507671e-01	6.1670911e-02	2.6364960e-02	2.3202726e-01	8.0288481e-03	-1.5462807e-01	-1.1750710e-02	-2.4482081e-02	-5.4558616e-02	1.3671868e-02	1.2650751e-01	1.7404249e-01	9.1636099e-02	-3.3499452e-01	3.4368238e-01	1.6454557e-01	3.8610309e-02	-1.3387761e-01	3.3752516e-01	-3.0620632e-01	-1.3700894e-01	1.5372699e-01	1.0638121e-01	2.6698056e-01	-4.1131884e-02	1.6769975e-02	1.5010068e-01	-2.7883345e-01	-1.9923404e-01	3.3912152e-02	-9.4820067e-02	2.8920153e-01	3.0423269e-01	-3.3243257e-01	1.4114226e-01	-2.1187039e-01	2.6437804e-01	-1.4525710e-01	3.3333430e-01	-2.8730419e-01	-3.3917323e-02	-2.6626867e-01	2.9820177e-01	-9.5619105e-02	-2.8560257e-02	2.4338533e-01	2.6539328e-02	1.9064018e-01	1.4740848e-02	3.6850840e-02	-9.5806316e-02	2.1663612e-01	1.6706461e-01	1.3600394e-01	3.8998502e-01	4.3225780e-01	4.3281612e-01	5.6551367e-02	-1.8870902e-01	1.2367505e-01	-3.9338496e-02	3.0626941e-01	-2.7755067e-01	-8.2827426e-02	-2.9631767e-01	8.2534306e-02	2.0849581e-01	4.4414032e-01	2.9473484e-01	3.4112176e-01	-1.9632171e-01	-4.3757267e-02	-2.5250834e-01	-2.8751150e-01	6.5913811e-02	-3.2653220e-02	-1.7700993e-01	-1.6457874e-01	-1.4654095e-01	-2.3205256e-02	2.2223364e-01	-2.6189348e-01	2.6389152e-01	1.2435780e-01	9.2304505e-02	3.3042729e-01	-2.1195455e-01	1.1245593e-01	-2.1080606e-01	-4.5337901e-02	1.6572204e-01	1.9353145e-01	-3.0405343e-01	-6.9685909e-03	-3.8907406e-01	1.5261674e-01	-2.6065817e-01	-2.8517220e-02	6.4567722e-02	-5.1390707e-02	-1.4974031e-01	1.2597300e-01	-1.3169286e-01	2.5587538e-01	-1.6658570e-01	-2.2837597e-01	-1.7526636e-01	3.7154776e-01	-2.0099553e-01	-3.4092430e-02	-2.1257432e-01	-9.3406081e-02	1.1809768e-01	-2.9130107e-01	1.7095159e-01	2.3888303e-02	-3.7116740e-02	-2.9683682e-01	-3.4913740e-01	2.3768961e-01	2.3692299e-01	1.6599633e-01	-2.8354684e-01	2.2660683e-01	-2.3309609e-01	-2.5945395e-01	2.8219461e-01	2.1199447e-01	-2.5263485e-02	1.0431229e-01	1.5354049e-01	8.9854193e-01	-2.1720223e-01	-2.4024422e-01	3.7542801e-02	-1.2643304e-01	2.8290115e-02	-2.3977131e-01	-7.4497133e-02	3.9021708e-02	3.5186404e-01	-1.6955473e-01	3.1194454e-01	-1.2027391e-01	-3.7049118e-02	2.0156513e-01	-2.0632759e-01	2.6105309e-01	5.8576930e-02	9.7381391e-02	7.7957474e-02	2.0761476e-01	2.6730689e-01	-1.0736836e-01	-1.8370900e-01	1.3158299e-01	3.1967518e-01	3.7633155e-02	-1.1544372e-01	-4.3257125e-02	7.1800486e-03	1.6163142e-01	2.0751844e-01	4.5857180e-02	2.9282877e-01	1.4159022e-02	-3.2680299e-02	3.0093792e-01	-8.4979735e-02	2.8660396e-01	2.2230487e-01	1.2592264e-01	-6.6527188e-02	3.4086198e-01	1.1784049e-01	-3.2054815e-01	-2.6376781e-01	-1.4525397e-01	1.1670702e-01	2.5777709e-01	-2.4659967e-01	-2.3704506e-01	-1.9924447e-01	1.1617395e-01	1.4785697e-01	1.1144830e-01	-2.5794482e-01	-8.9585409e-02	-2.8442520e-01	-1.7077684e-01	-2.3747395e-01	-1.2931571e-02	2.2618471e-01	-2.3513000e-01	-2.0181414e-01	1.7687082e-01	3.5759136e-01	-1.7395544e-01	3.8045910e-03	-8.4347099e-02	-2.8913310e-01	3.3871388e-01	1.5496174e-01	1.0742620e-01	-2.2617011e-01	3.7369025e-01	-3.4057182e-01	-1.7952846e-01	-6.2134445e-01	-3.4767464e-02	1.5242209e-02	-5.5525400e-02	3.0781096e-01	-2.4442275e-01	1.4452790e-01	7.5435512e-02	-1.7075607e-01	-5.7021581e-02	-3.1616336e-01	4.4141360e-02	-6.6559181e-02	-2.0651475e-02	-4.3834861e-02	-8.2559854e-02	-2.2574820e-01	-3.3185519e-02	-1.8085149e-01	1.0988787e-01	-2.4832603e-01	-1.3735463e-02	2.1290310e-02	9.0687796e-02	-4.9719989e-02	-1.8937404e-01	-1.9886054e-01	-2.1395989e-01	3.6185034e-02	-6.5384649e-02	2.2975504e-01	2.4619555e-01	-2.7221087e-01	-1.0944375e-01	-8.3389558e-02	-2.3498702e-01	2.8590021e-01	5.5099603e-02	1.5071717e-01	1.2722220e-01	1.8788621e-01	-8.7315015e-02	3.5699129e-01	1.2243603e-01	-1.0719527e-01	2.8043488e-01	-5.8986865e-02	1.4540549e-01	-2.5340050e-01	6.9582425e-02	3.0461634e-02	3.3086497e-01	8.3671048e-02	-2.3861991e-01	2.3434590e-01	-4.2019337e-02	2.6267147e-01	1.0262091e-01	7.7042267e-02	-2.8205199e-02	3.4532231e-01	2.5733534e-01	4.2094279e-02	-9.2227243e-02	-1.0436785e-01	2.6386675e-01	-1.6417183e-01	1.2756078e-01	3.4826589e-01	-1.1652889e-01	1.9906689e-01	-2.3861602e-01	-5.1715966e-02	1.6287616e-01	-2.0311688e-01	-1.8589984e-01	2.0475441e-01	-2.3173453e-01	2.3021697e-01	4.0627744e-02	1.9881018e-01	8.9119814e-02	1.6862276e-01	-4.8820768e-03	-1.0989400e-01	2.9219186e-01	-2.8037429e-02	-2.1402481e-01	-3.4320343e-01	-1.7228730e-01	1.9307703e-01	-5.8394209e-02
-2.0965227e-01	-1.5157788e-01	-8.1059664e-02	-1.5489798e-02	-3.0234421e-02	-1.6708815e-01	2.1977612e-01	-2.5283387e-01	5.3547427e-02	3.5826944e-02	9.6345283e-02	-2.3916518e-02	1.1856793e-01	-1.8316281e-01	-1.0697991e-02	-2.5038216e-01	-7.1080744e-02	-1.1390777e-01	-5.7491973e-02	-1.2006801e-01	1.9141585e-01	2.2850158e-02	-1.7279513e-01	2.2992061e-01	9.0362830e-03	3.1901345e-02	2.7635723e-02	-7.0349663e-02	-3.0487221e-01	-1.5672109e-01	1.2199780e-01	1.7570288e-01	-1.8164816e-01	1.0589250e-01	1.0558206e-01	-3.2070622e-01	-7.5053237e-02	2.9510409e-01	-2.6259384e-01	5.5089742e-02	1.9593158e-01	4.8085552e-02	8.8209458e-02	-1.5303260e-01	-1.8947689e-02	1.1430655e-01	5.9172720e-02	2.2011577e-01	-1.8719710e-01	2.0259795e-01	-6.0874954e-02	2.4666274e-01	-2.6732564e-01	-1.2416913e-01	5.0893981e-02	1.7591874e-01	-2.2557747e-01	3.0652270e-01	1.1776414e-02	8.4429234e-02	2.0192492e-01	-2.7485427e-01	-3.0073589e-01	2.3599644e-01	1.7352766e-01	1.8399616e-01	4.9952529e-02	1.8397985e-01	2.0016642e-01	1.1856859e-01	-9.3871832e-02	1.5415519e-01	5.3826496e-02	-7.0268825e-02	-2.7547410e-01	-9.7925149e-02	2.0653333e-01	-2.6077184e-01	1.9403461e-01	-1.2068728e-01	2.6950437e-01	-6.5263748e-02	-4.9086094e-02	-8.2148062e-03	2.9042986e-01	-7.1109109e-02	2.4142623e-01	-1.0945906e-01	4.5521293e-02	2.2238007e-01	-2.3640655e-01	-1.9633141e-01	7.5847298e-02	-6.9705226e-02	2.6514396e-01	1.3277777e-01	-1.7853330e-01	-8.6049549e-03	1.0388134e-01	2.1236785e-01	3.7402049e-02	2.7977410e-01	1.7941979e-01	2.9330662e-01	-1.4743587e-02	-1.0892636e-01	-1.6986953e-01	-2.9319754e-01	1.5781288e-01	-1.8138649e-01	1.9930515e-01	9.5812911e-03	9.2858866e-02	1.1022431e-01	-9.9715985e-02	1.7787303e-01	-2.4690543e-01	7.9262413e-02	9.2221193e-02	-1.9421989e-01	-2.7117354e-01	4.8239224e-02	-8.5939303e-02	-3.7291387e-01	-1.2557167e-01	-1.7639334e-01	5.7974406e-02	2.6553467e-01	-7.7673964e-02	-1.5967634e-01	-1.2050264e-01	-2.0676033e-01	-2.2411938e-01	-4.0389866e-02	-2.0946681e-02	-6.2981203e-02	-1.4099512e-01	2.0299783e-01	2.1898142e-01	-6.5609694e-02	2.6976514e-01	2.1621218e-01	-2.0250708e-01	9.7909719e-02	-2.2250696e-01	-3.7768543e-02	-1.8178713e-01	3.6510311e-02	4.4967562e-02	-3.3278117e-01	1.5721543e-01	-2.8671730e-01	-1.3577425e-01	-2.2748141e-01	2.5324997e-01	-2.3889755e-01	1.2634410e-01	-9.3408495e-02	-1.3953510e-01	-8.5046887e-03	4.9749884e-01	-3.4049460e-01	1.8914157e-01	4.5196380e-02	3.6372167e-01	2.9303232e-01	5.6990832e-02	1.5001024e-01	9.2912771e-02	-2.2448801e-01	-3.0520725e-01	-1.6873044e-01	1.5512685e-02	4.9854286e-02	-1.0479642e-01	5.9369779e-03	-4.7229370e-03	-1.8803531e-01	-2.7292335e-01	5.0117189e-01	-2.6271448e-01	-2.4640164e-01	-3.5588601e-01	-1.2991412e-01	1.4883019e-01	-1.4910566e-02	-2.0502965e-01	-5.0178277e-01	1.2914209e-01	1.2890081e-01	-2.1372738e-01	5.2039921e-03	2.0164680e-01	2.4777311e-01	2.9526314e-01	1.6001850e-01	-5.1324833e-03	7.3655576e-02	-2.2639093e-01	-9.3850777e-02	2.2549005e-01	-2.7086329e-02	2.3588301e-01	2.5091746e-01	-1.1769260e-01	2.5199611e-02	1.8431374e-01	1.4379954e-01	-1.8616067e-01	-1.9851854e-01	-8.2558259e-02	4.4723324e-02	2.7004412e-01	-2.4051781e-01	1.3686690e-02	2.4257571e-01	-1.0904526e-01	2.3604201e-01	-1.4446476e-01	-3.4314454e-02	-3.0009976e-01	-2.7384722e-01	-2.3382783e-01	-2.3560705e-02	4.1792339e-01	-4.8255393e-01	2.1616697e-02	3.2638185e-02	1.8431057e-01	-5.5511832e-02	2.4348885e-02	2.5784031e-01	-2.3705218e-02	-5.9706017e-02	-2.3724177e-01	-3.1199589e-01	1.8625998e-01	-2.5614771e-01	-1.3684379e-01	2.2578603e-01	-1.3308723e-01	-1.2553681e-01	3.0128542e-01	2.5021303e-01	-1.5742694e-01	5.6861125e-02	-3.5275072e-03	-3.1778163e-01	6.8820767e-02	1.5366173e-01	-1.5385649e-01	-4.2213118e-03	-2.9203314e-01	-8.5649811e-02	-2.9643640e-01	7.7651441e-03	-1.4421904e-01	2.3006368e-02	2.4311569e-01	3.2452488e-01	-2.3524444e-01	7.9153672e-02	-2.1471792e-01	-2.5552988e-01	-2.9386163e-01	-6.8305172e-02	-3.2675296e-02	-1.1638713e-01	2.4401668e-01	1.8382303e-01	2.2704145e-01	-1.5793723e-01	1.9205317e-02	1.4730746e-01	-4.2041838e-03	-1.1238556e-01	2.5558552e-02	-6.6072255e-02	2.6070479e-01	1.2957279e-01	-6.4085372e-02	-5.5370452e-03	-1.7325366e-01	-3.0163267e-01	5.2453637e-02	2.3496586e-01	2.0418020e-01	-2.6111218e-01	-3.9901000e-01	6.1912268e-02	-3.9712638e-02	7.4457839e-02	-5.0264891e-02	6.4730003e-02	2.4181426e-02	-2.9723421e-01	1.6432849e-01	5.6101106e-02	1.9063780e-01	6.8182781e-02	-2.9474335e-02	-7.8012966e-02	2.2354290e-01	-1.8700653e-01	1.8499953e-01	-2.2979254e-01	1.1707147e-01	-9.2433594e-02	-6.6633023e-02	-3.6905456e-01	4.4389513e-01	2.2620890e-01	-6.5686191e-03	1.1983635e-01	2.3197029e-02	-6.4265341e-02	-1.5793523e-01	-2.6440096e-01	1.2847994e-01	-2.3346674e-01	2.4681397e-01	-6.5264866e-02	-2.8899547e-01	2.4039097e-01	1.5698157e-01	3.2364096e-02	-1.3462925e-01	1.9769941e-01	1.3018562e-01	9.4512291e-02	8.6812094e-02	1.7956518e-01	8.9654848e-02	1.8470673e-01	-2.4518192e-01	-6.0056951e-02	-1.7083289e-01	-1.2697165e-01	-1.2525226e-01	2.5879472e-01	1.1585044e-01	-8.9368835e-02	-5.1273090e-01	-1.1795437e-01	4.3910149e-02	9.7707920e-02	-1.9576377e-01	-1.6621624e-01	1.1470883e-01	-2.3784375e-01	-1.1744749e-01	-4.3091860e-02	-1.3712163e-01	-1.3665930e-02	2.2815356e-01	6.4092733e-02	-3.0795338e-02	5.8943510e-02	-5.1681787e-02	-1.2755029e-01	-1.6267881e-02	-2.1397398e-01	-2.8811097e-02	2.7700490e-01	9.4500095e-02	-1.8576261e-02	1.7585009e-02	8.1749223e-02	-1.9802916e-01	-1.2480098e-01	-6.7393973e-02	2.6247612e-01	-2.4539018e-01	-1.2266040e-02	-5.8224622e-02	-1.4691995e-02	-2.9519737e-01	-2.3983866e-02	-2.9251911e-03	-2.7465507e-01	-9.8214664e-02	-1.4805922e-01	-5.2044541e-02	5.3585500e-02	2.6794556e-01	7.4704044e-02	2.2054783e-01	-3.0582952e-01	1.6622597e-01	-1.6169676e-01	2.9407778e-01	9.8601580e-02	-1.4360315e-01	1.9661400e-02	-2.7663988e-01	-7.6355457e-02	2.6542392e-01	2.7644292e-01	1.6544619e-01	1.7752531e-01	-1.0484610e-01	1.7730913e-01	-1.1040907e-01	5.5166122e-02	-2.0618394e-01	-2.6614454e-01	1.5417314e-01	1.0260474e-01	-5.1602207e-02	2.3941094e-01	1.6324284e-02	1.6433297e-01	-1.7438807e-01	-1.4449538e-01	-1.2094863e-01	2.3739573e-01	2.4943827e-01	1.8007164e-01	-2.4306585e-01	-4.1281614e-01	-1.8215901e-01	-4.7467448e-02	-9.7037569e-02	-7.1645200e-02	8.2586356e-02	-1.4224736e-01	-1.6632475e-01	-3.4761050e-01	-2.5339353e-01	-4.0023122e-02	-3.0461124e-01	1.9606784e-01	1.0512280e-02	-1.1412984e-01	2.7257696e-01	-3.7008837e-02	1.4409994e-01	7.7276275e-02	3.8105983e-02	2.8517136e-01	6.3471980e-02	-1.1222150e-01	3.2378346e-02	1.1737210e-01	-8.0532178e-02	-2.3428352e-01	-6.0409408e-02	1.4168745e-01	7.9832636e-02	-1.2254252e-01	2.7934965e-01	3.5855569e-02	1.8385762e-01	3.8609158e-02	-1.8044990e-01	-1.7483526e-01	9.9468917e-02	-1.8604735e-01	8.7423861e-02	-2.6836696e-01	-2.4670847e-01	2.3408960e-01	-1.3959400e-01	1.6043234e-01	-3.5672173e-02	9.8516345e-02	-2.0633434e-01	-2.0451316e-01	1.9380474e-01	-1.1858422e-01	6.6399217e-02	-3.3583874e-01	-2.2344597e-01	2.8124526e-01	-2.2923799e-02	-4.6881963e-02	2.1358259e-01	2.3826881e-01	-1.7250796e-01	-1.3497283e-01	1.4735377e-01	8.2462654e-02	-2.2955622e-01	-4.1785589e-01	8.1917509e-02	1.0892842e-01	-1.7766595e-01	-2.1791230e-01	-1.3550803e-01	-9.8572157e-02	8.9447647e-02	-1.6288979e-01	2.3807146e-02	-1.2666591e-02	4.5664519e-02	1.1693896e-01	1.2537889e-01	-1.3031361e-01	2.3017594e-01	-1.8963385e-01	-1.0257863e-01	9.2601821e-02	1.5197599e-01	2.6945484e-01	1.0422917e-01	-3.1744871e-02	-1.0580561e-01	1.5418935e-01	-9.1594784e-03	-2.6625785e-01	-5.5639692e-02	3.0093834e-02	2.6894155e-01	9.6244462e-02	-8.9803293e-02	-1.0844772e-01	1.3789202e-01	-2.4833721e-01	1.0959366e-01	1.8151170e-01	2.6613143e-01	-1.2656690e-01	-2.0392579e-01	8.0256827e-02	2.4074195e-02	1.3806081e-01	-2.0771267e-01	-1.9672190e-01	-2.5380307e-01	-2.6242435e-02	9.1274396e-02	2.6971051e-01	-1.4600049e-01	-1.5284218e-01	-9.3364865e-02	2.6189557e-01	-1.0785729e-01	-2.0768996e-01	-3.0239686e-01	-2.1693826e-01	-4.6333369e-02	-2.2578390e-01	8.3981052e-02	-2.7395400e-01	3.8139820e-03	2.7569422e-01	2.4359414e-01	2.8341419e-01	-2.4328248e-01	1.8073091e-01	1.4652759e-01	-2.0781747e-01	-2.6257771e-01	-9.4552651e-02	1.4109613e-01	-2.0007992e-01	1.2565632e-01	3.0266079e-01	2.2953346e-01	-1.3536218e-01	-2.5381169e-01	-1.8209803e-01	-2.5810897e-03	-1.2004619e-01	1.3294132e-01	-1.8790826e-01	-2.7453047e-01	1.0756236e-01	-2.1620655e-01	-9.6563697e-02	-1.1342020e-01	1.3046314e-01	-5.0262168e-02	-9.0995908e-02	-3.0657443e-01	-4.6377085e-02	1.0475128e-02	3.7427470e-02	4.9013317e-02	-2.3742965e-01	-1.5786301e-01	-2.5811008e-01	7.8007162e-02	-4.8970416e-02	1.8229556e-01	1.9429311e-01	1.0811312e-01	-1.7929934e-01	8.7995984e-02	1.5007615e-01	-7.2376192e-02	-8.9675188e-04	-2.5466117e-01	2.1470448e-01	-2.3751438e-02	1.0835775e-01	-2.2362567e-01	-3.0109465e-01	5.4533720e-02	-1.9698787e-02	-1.0940254e-01	-1.1514418e-01	-1.8622994e-02	2.3121235e-01	2.4541456e-01	1.6843259e-02	-1.6996287e-01	-6.4935312e-02	1.7264855e-01	1.1881258e-01	2.4349603e-01	-1.8944277e-01	-2.4627326e-01	-2.2732481e-01	-2.3827732e-02	7.9515092e-02	2.5572082e-01	1.6664924e-01	2.2050847e-01	-8.1031047e-02	5.8811624e-02	-6.4110145e-02	2.7418700e-01	6.9948375e-02	-1.9613431e-01	-1.9403282e-01	-6.7081697e-02	2.3828067e-01	-2.1518768e-01	5.0258040e-03	3.6285222e-01	2.8574008e-01	2.0617473e-01	-1.8646158e-01	6.0468659e-02	-2.7127719e-01	3.7010875e-02	3.0824688e-01	1.7370684e-01	-1.9121134e-01	-1.7065823e-01	1.6650084e-02	-1.4335960e-01	-1.4286008e-01	-3.4211263e-02	2.0447278e-01	-1.7193329e-01	1.1174150e-01	1.0565037e-01	1.9236441e-01	5.6223806e-02	9.6343644e-02	1.9799015e-02	3.7889775e-02	1.7182261e-02	-5.3401679e-02	1.9274789e-01	-1.3531290e-01	-1.6481261e-01	-2.8143069e-01	1.2065917e-01	-3.3020282e-01	-2.3401391e-02	-1.9406885e-01	-1.9775698e-01	2.3049657e-01	-1.6216891e-01	-3.4034498e-02	-1.0916954e-01	-1.9784555e-01	1.8942937e-01	2.1604504e-01	5.2772045e-01	-2.8664571e-01	-2.2494398e-01	2.3606826e-01	6.0039878e-02	-2.5717178e-01	3.0453324e-02	-2.1136442e-01	2.4389121e-01	1.7461374e-01	1.1722665e-01	-1.4219454e-01	8.8003509e-02	-2.1713473e-01	-1.1479232e-01	-2.0418394e-02	6.7535669e-02	8.0796719e-02	1.2051490e-01	8.7028425e-03	-1.3814844e-01	1.5243953e-02	-2.4429496e-01	-5.0334588e-02	-2.2471054e-02	1.9902657e-01	4.6194170e-02	1.1481977e-01	1.2342707e-01	1.6420296e-01	2.1339038e-01	1.5615450e-01	2.1634600e-03	-2.3412532e-01	-2.7334234e-01	1.6672057e-01	2.7125511e-01	1.8515773e-01	2.1955159e-01	-2.0658721e-01	1.2654635e-02	-2.9893431e-01	1.6880187e-01	-1.0880493e-01	-2.1749316e-01	2.7198461e-01	2.1773782e-01	-1.7403249e-01	5.2435063e-02	2.7510145e-01	-1.8147117e-01	1.4611086e-01	-2.3258255e-01	-3.1288597e-01	-3.7733492e-02	1.5009348e-01	2.7019465e-01	1.6847385e-01	9.3630135e-02	-3.6839959e-01	2.2545771e-01	-1.4282955e-01	1.3881755e-01	-3.0023676e-01	-1.7007062e-01	-8.1916615e-02	-1.7544866e-02	1.4744355e-01	-1.4255086e-01	-2.6656741e-01	1.8186685e-01	-2.1009047e-02	1.7618704e-01	9.4385572e-02	-2.3184098e-01	-2.1683680e-01	-2.7524433e-01	-5.6703493e-02	1.7058286e-01	2.9423556e-01	-2.0682429e-01	-1.0459255e-01	-5.7355538e-02	3.0695611e-01	-1.1176455e-01	-6.2117822e-02	-2.3521136e-01	-2.6804101e-01	1.9105080e-01	6.1699669e-05	2.3518005e-01	-6.1898507e-02	-1.9297156e-01	-2.3796779e-01	-5.2951276e-02	1.6405651e-01	-1.9622719e-01	-1.1862930e-01	-1.8942137e-01	-2.7936359e-03	-1.2998272e-01	-6.1475288e-02	8.6599320e-02	-2.6412475e-01	-2.8811699e-01	-1.4297166e-01	3.3420563e-02	2.2019403e-01	8.5622489e-02	1.2490253e-01	2.3675749e-01	2.3742773e-01	-1.3731304e-01	-1.0979712e-02	1.8602473e-01	1.2310039e-01	2.8198332e-01	-8.0928477e-03	5.7678565e-04	-3.8918655e-02	-5.1611667e-03	4.5606423e-02	-1.3359380e-01	-3.2362309e-01	1.0550320e-02	2.1241674e-01	-1.0265204e-01	2.1513876e-01	-1.0746425e-01	7.8356400e-02	-2.7157912e-01	-1.0546738e-02	5.6613784e-02	6.6366806e-03	-3.0355275e-02	2.3557101e-01	2.2407728e-01	2.2514290e-01	-2.8980988e-01	1.6018175e-01	-1.8427826e-01	-6.4995125e-02	1.3358453e-01	-5.5537287e-02	-2.8692007e-02	-8.5683301e-02	-2.0513013e-01	-2.2886796e-01	1.6357334e-01	-5.1635556e-02	2.7968898e-01	-2.4434638e-01	-1.7429451e-03	2.2835827e-01	-1.3768914e-01	-2.7795115e-01	-1.0202458e-02	-4.7419012e-02	5.6295257e-02	-2.3112658e-02	5.5834711e-02	-5.2713215e-02	2.3000231e-01	-6.7496464e-02	-1.9747719e-01	-2.6407129e-01	-1.0488133e-01	6.0028821e-02	-8.3319768e-02	-1.1937708e-02	-2.2609666e-01	-2.9917008e-01	1.8382099e-01	1.2959301e-01	1.7048904e-01	2.4202535e-01	-1.9189784e-01	2.7870831e-01	-5.5677533e-02	-5.8386222e-02	1.3359877e-01	-2.4450272e-01	1.8699637e-01	-2.5406000e-01	7.7675670e-02	-3.1734705e-02	-1.9709539e-01	1.5102378e-01	-2.1163958e-01	7.2608560e-02	3.8285166e-02	1.3092169e-01	5.6801751e-02	1.5653066e-01	1.0131146e-01	1.9710411e-01	-3.2922974e-01	-3.2501452e-02	2.5908169e-01	-1.1035269e-01	2.3162249e-01	-1.4411543e-01	7.9978779e-02	-3.3446338e-03	-2.3353551e-01	2.0171408e-01	-1.8304661e-01	-1.5251286e-01	-3.1704104e-01	-2.1654645e-01	1.4917715e-01	7.7859595e-02	-2.7498385e-01	1.1292404e-01	2.3882276e-01	1.8464176e-01	2.6816928e-01	-5.0004911e-02	-2.1495229e-01	5.8046646e-02	2.4007542e-02	2.0194285e-01	-1.9936414e-02	2.7249891e-01	-2.3031753e-01	3.0954024e-01	2.8263399e-01	-1.6116533e-01	-2.4816898e-01	-2.1110849e-01	-1.1909598e-01	9.8382808e-02	-8.4715951e-03	-1.9201216e-01	2.8137526e-01	1.6602717e-01	-3.4249899e-01	-8.0608115e-02	-1.4318958e-01	-3.8280770e-02	-3.4319658e-02	-3.3724010e-03	8.4144913e-02	-3.8151093e-02	2.5086746e-01	2.2629604e-02	-1.9660145e-01	8.7497085e-02	1.6188616e-01	5.2707534e-02	2.8733453e-01	-2.4875167e-01	-2.6937819e-01	-2.4846494e-03	-1.9328734e-01	-1.7356448e-01	-1.6811107e-01	-2.7232298e-01	-2.4583280e-02	-2.8074047e-01	-2.7362138e-01	2.2247359e-01	-2.4921745e-01	-2.3561957e-01	-2.6828635e-01	2.3011555e-01	2.4125135e-01	-2.0411022e-01	-3.0480209e-01	2.8124538e-01	-1.6524296e-01	-8.3951615e-02	1.7973776e-01	-1.4365539e-01	8.2042545e-02	-1.7682549e-01	-2.9601067e-01	-1.2747888e-01	-3.4798086e-02	6.5984890e-02	-2.4509081e-01	2.6577950e-01	-2.0258927e-01	3.0890809e-02	-1.3076438e-01	2.9907563e-01	3.6590099e-03	1.6220132e-01	-1.9650310e-01	-1.4203637e-02	3.0535057e-01	1.2303052e-01	1.5022293e-01	3.1713605e-02	-2.8633755e-01	-1.3362429e-01	1.7979221e-01	-2.9853471e-02	-2.7954751e-01	-1.6973349e-01	-1.1541282e-01	1.4967868e-01	-2.4949230e-01	-2.4725471e-01	-2.0560484e-01	3.9906591e-02	1.5513107e-01	2.5878188e-01	8.3220661e-02	-2.4759876e-02	1.1626141e-01	-1.8054001e-01	1.6999185e-01	2.1284387e-01	-1.0641866e-01	1.5440039e-01	-1.9059485e-01	4.7472309e-02	-1.0376970e-01	-2.8163159e-01	1.0545287e-01	-3.6552313e-01	-8.5680604e-02	1.6831785e-01	1.9248141e-01	-1.9384959e-01	1.5677300e-01	-2.0061971e-01	-1.1835912e-03	-2.1380907e-01	8.3501734e-02	1.4387794e-01	1.7213135e-03	3.7503183e-01	1.1369497e-01	-2.7810746e-01	-2.1292666e-01	2.8189734e-01	-1.7275040e-01	-1.5884489e-01	1.7431663e-01	2.7523082e-01	-2.6543549e-01	2.2026458e-01	-9.5692448e-02	-4.2006243e-02	1.1558462e-01	-7.5748689e-02	-2.0882562e-01	2.2604553e-01	-3.9603403e-01	-5.3631157e-02
-2.2461385e-01	1.6132185e-01	-5.5536353e-03	-1.1820055e-01	2.0047942e-01	-9.3290314e-02	8.1268296e-02	7.5001665e-03	-7.2241575e-02	-9.6832164e-02	-1.4388813e-01	-1.7042784e-01	1.0325054e-01	-1.6209064e-01	2.7469102e-01	1.6171591e-01	5.2627143e-02	1.8806744e-01	-6.4681575e-02	1.8231721e-01	2.1338508e-01	-1.9455025e-01	-1.2633239e-01	-2.9683641e-01	-1.7373954e-01	-1.1090132e-01	-1.0378844e-01	-1.7978717e-01	1.4528464e-01	-1.5669824e-01	1.9606113e-02	1.2425593e-01	2.6631594e-01	1.4045033e-01	4.7032017e-02	-2.2206764e-01	2.5097728e-02	6.9301911e-02	2.2808588e-01	1.2835814e-01	2.5574410e-01	1.5201475e-01	1.9524562e-01	1.7017302e-01	9.0461157e-02	1.4280453e-01	-1.3624297e-01	-1.7488120e-01	2.9355565e-01	5.0494641e-02	-3.0230281e-01	-4.5018911e-02	1.9293560e-01	-3.0687353e-01	1.9661875e-01	-1.0915945e-01	8.7091915e-02	-2.1749374e-02	3.5978496e-02	-1.3287362e-01	-1.9742690e-02	2.4453238e-01	1.1035256e-01	-1.4227748e-01	-2.4780014e-01	-1.9803964e-01	-2.0932561e-01	-5.6278408e-02	-2.7052665e-01	-3.0202645e-01	-2.5502193e-01	-2.9180199e-01	1.2163348e-01	-1.7946652e-01	-7.9146177e-02	-4.3044239e-02	-1.7269820e-01	1.7821461e-02	-9.1488227e-02	2.2748955e-01	-1.5506822e-01	2.4084505e-01	-1.2828383e-01	1.3347566e-02	1.6673791e-01	-1.0481825e-01	1.7578872e-01	-8.7107167e-02	2.0761284e-01	-3.7071109e-04	2.7391437e-01	-1.3989714e-01	-9.8211348e-02	1.6401580e-01	1.9670406e-01	9.0632349e-02	-2.0294842e-01	-8.7435827e-02	-2.2372797e-01	1.0442239e-01	1.0762185e-01	-2.9830080e-01	2.6452729e-01	-7.0804775e-02	-2.8831366e-01	-2.2034436e-01	-2.7062762e-01	-2.4717870e-01	-2.9534924e-01	1.2245926e-01	1.2540251e-02	-6.4277217e-02	3.5902888e-02	-2.4343026e-01	7.6867551e-02	-1.8590216e-01	-1.8080682e-02	-2.5168324e-01	-2.9166716e-01	2.4094030e-01	-4.1556031e-02	1.8245852e-01	-9.3510926e-02	-2.2703137e-01	-1.7598242e-01	-3.0312321e-01	1.2809855e-01	-2.7562144e-01	6.2143117e-02	6.8297766e-02	-1.4114252e-01	2.2962070e-01	-1.5797436e-02	6.8910822e-02	2.3700508e-01	-2.8927124e-01	-2.2009428e-01	-2.2384028e-01	2.0250325e-01	1.0479097e-02	2.9725981e-01	-2.6332477e-01	-1.7514551e-01	1.0600275e-01	-6.6721693e-02	2.2285768e-01	-8.9454651e-04	-1.7213982e-01	2.2694731e-01	-2.3025861e-01	-2.8908983e-01	-2.0026863e-03	2.0558263e-01	2.1854444e-01	9.5003992e-02	-1.8794495e-01	9.0138458e-02	-2.6246747e-01	2.4420485e-01	-8.2736082e-02	6.8094939e-02	-2.1095139e-01	-2.1266544e-01	-1.0060188e-01	9.3116343e-02	-9.6040510e-02	2.0168054e-01	1.5916581e-01	-2.8578445e-01	-1.7097110e-01	-3.2146044e-02	-2.7084875e-01	2.6865330e-01	8.4844679e-03	1.9279799e-01	-2.7470031e-01	1.8631229e-01	1.1438921e-01	2.9246208e-01	1.4706883e-01	-1.7807049e-01	9.1632903e-03	2.1803200e-01	-2.7732280e-01	2.7671614e-01	-2.6165250e-01	-2.3984769e-01	-5.7185921e-03	9.1314511e-03	1.9192922e-01	-9.8059505e-02	-3.0418769e-01	2.0747586e-01	1.1585294e-01	2.8577292e-01	-1.4097974e-01	4.3303773e-02	-3.7093371e-01	1.0646662e-01	-8.9091070e-02	-2.6465063e-03	-1.2807931e-01	-1.0987079e-01	-7.4415609e-02	3.7609583e-01	3.4424782e-01	1.4149138e-01	2.6947924e-01	3.0357397e-01	-2.9202640e-02	2.1772951e-01	2.6840171e-01	-2.6783889e-02	3.9515670e-02	-3.1771511e-01	9.4146468e-02	2.3514135e-01	1.8359889e-01	1.5706968e-01	-5.9167478e-02	1.3722447e-01	-2.7863279e-01	-1.6508843e-01	-1.3255636e-01	1.3468263e-01	-8.9907691e-02	-1.5834667e-01	-2.7231961e-02	2.2678563e-01	-1.5998875e-01	-1.9460976e-02	2.5201300e-01	-1.3833556e-01	-2.2262156e-01	-1.6614312e-01	3.6102533e-02	-7.2833240e-02	-4.9021870e-02	-7.1791083e-02	-1.7635588e-01	2.9264078e-01	-2.5133803e-01	2.5458023e-01	1.2678614e-01	1.9867322e-01	-2.3336920e-01	-1.8947393e-01	-2.6746327e-01	-1.5231843e-01	-8.0893591e-02	-8.3723381e-02	2.5461015e-01	1.2094897e-01	1.9612065e-01	2.3395130e-01	-2.5289711e-01	-2.1158695e-01	1.5176532e-01	2.1716258e-01	-1.7949808e-01	-2.7574348e-01	1.1590680e-01	1.4563040e-01	3.1092847e-02	-7.3873617e-02	-3.0316249e-01	-2.0933014e-01	1.2750635e-01	-1.8844076e-02	-2.0625672e-01	-7.1732558e-02	-1.2724070e-01	-2.4198245e-01	2.6694790e-01	-2.7693632e-01	8.0945060e-02	1.4443982e-01	-2.3581363e-01	-2.1509089e-01	9.3731821e-02	5.8762543e-02	1.2059180e-01	-2.4064143e-01	1.1757804e-01	-3.0248985e-01	1.3487503e-01	-2.3982295e-01	-2.7806973e-01	-2.4640679e-01	-2.2985397e-01	1.5120167e-01	1.0241395e-02	4.9515985e-02	3.4038836e-01	-1.6070268e-01	4.0634826e-01	-1.9067064e-01	1.8671097e-02	-3.4362547e-02	2.4015047e-01	-1.9638434e-01	1.8471758e-01	1.3872308e-01	-2.4029294e-01	-3.8452619e-01	-1.6774909e-01	-2.4752955e-01	2.5945902e-01	2.8346676e-01	3.1287569e-01	-1.2047168e-01	1.8835513e-02	-8.0903210e-03	-4.4888998e-03	1.1064675e-01	2.1048555e-01	-1.6773461e-01	2.1482822e-01	-3.1286240e-01	-2.6770100e-02	1.5009780e-01	-1.8922223e-02	-2.6186740e-02	3.2420507e-01	1.4629576e-01	1.0461881e-01	1.3861617e-01	2.9552418e-01	-1.4715916e-01	-2.8170681e-01	4.4693264e-01	-7.1065381e-02	-3.8607585e-01	-1.4745691e-01	-1.1436079e-01	-5.2335072e-02	-3.4800616e-01	-1.4892457e-01	9.6563436e-02	-1.3355891e-01	4.8320085e-02	1.0862710e-01	1.3214432e-01	-2.7837064e-02	1.9039436e-01	2.0388474e-01	2.9152021e-01	-5.1417287e-02	5.9261125e-02	-7.0103899e-02	-1.5804839e-01	-1.4500214e-01	3.0642676e-01	-2.1755096e-01	2.4312702e-01	2.7953103e-01	-1.4989990e-01	3.3218929e-01	2.3731868e-01	1.2692633e-01	1.7117587e-01	1.6925541e-01	4.0062317e-01	2.7998054e-01	1.2922187e-01	1.7804007e-01	-8.1064217e-02	1.9619867e-02	5.9120264e-02	3.1906310e-02	3.5340663e-02	-1.8641816e-02	-1.6503985e-01	1.6422461e-01	7.7836409e-02	2.1775724e-01	1.3141045e-02	-2.7142844e-01	-2.5345054e-01	-2.5613187e-02	-1.5274832e-01	-1.5351516e-01	9.6822873e-02	1.3441065e-01	-7.1028255e-02	-1.3846372e-01	-2.4508901e-01	-1.4725552e-01	6.4279616e-02	-2.5248745e-01	2.7001810e-01	-3.1990051e-02	3.0218316e-02	2.5957963e-01	-3.7929572e-02	-2.6636937e-01	-9.9435672e-02	4.7349818e-02	-3.4792960e-01	-4.1507859e-02	-8.3036177e-02	8.4278852e-02	1.7513970e-01	2.4885066e-01	1.3432077e-01	1.7952684e-01	4.1538127e-02	2.2648445e-01	1.5751557e-01	-1.2693696e-01	-5.5136472e-02	1.5093072e-01	-3.0546138e-01	5.0723732e-02	1.5021497e-01	-3.7650260e-01	-8.7336391e-02	1.3628586e-01	2.5139460e-01	-3.2335222e-01	-1.8465576e-01	-2.0033371e-01	-2.9049790e-01	2.3315652e-01	-2.3774092e-01	-7.7276893e-02	-9.5647268e-02	-2.0183453e-01	3.3657871e-02	-3.0633757e-01	2.1636763e-01	-2.0541611e-01	1.9590713e-01	7.8893751e-02	1.7784116e-01	2.3143642e-01	-2.4021950e-01	-2.0673813e-01	-5.0653204e-02	2.6633206e-01	-3.7710778e-02	-1.1118361e-01	1.6384274e-01	1.0603474e-02	-2.5764540e-01	3.4764796e-02	9.7244613e-02	-9.6332423e-02	2.9412806e-01	1.1908653e-01	1.3114464e-01	2.4656078e-01	7.4109942e-02	-4.0673900e-01	-6.6378906e-02	6.7417130e-02	-1.5191580e-01	-1.2025801e-01	4.3269765e-02	-2.2201107e-01	4.1336828e-01	1.0528828e-01	-3.0106258e-01	2.9796755e-01	2.4249861e-01	-1.9176316e-01	-1.9239134e-01	-1.4371420e-01	-2.2895221e-01	9.2756994e-02	7.6673910e-02	-1.7582010e-01	4.1762404e-02	-2.8691897e-01	-1.4325571e-01	2.7189240e-01	-1.9183384e-01	-2.5592446e-01	5.4102544e-02	4.9707443e-02	2.9111072e-01	1.4345743e-01	-3.3415550e-01	-1.3088752e-01	1.4175737e-01	-1.2351092e-01	1.6175234e-01	-2.1422426e-01	2.0295759e-01	3.2344142e-01	-1.7663491e-01	-2.1804567e-01	-3.2186395e-01	2.9611996e-01	7.4926071e-02	-3.0086073e-01	2.1108362e-01	-2.5680998e-01	-2.2414711e-01	1.2437140e-01	-9.0051718e-02	1.2657422e-01	-3.3540514e-01	2.2638725e-01	-1.5740927e-01	-5.0554551e-02	1.2146690e-01	4.3727439e-02	-1.6989680e-01	-2.9047269e-01	-2.1193527e-01	7.6197572e-02	1.7243047e-01	-2.2931693e-01	-1.5147194e-01	1.7367695e-01	-1.1670047e-01	-1.2184335e-01	2.4688606e-01	-2.0369881e-01	2.8275406e-01	3.2451588e-03	2.0904234e-01	6.8424374e-02	-2.9719046e-01	-3.0478823e-01	2.2412693e-02	-1.8667461e-01	1.7685103e-01	-5.7301953e-02	1.9932628e-02	-2.8933212e-01	1.0583394e-01	-2.2638015e-01	-1.2844406e-01	3.3458471e-02	5.6610387e-02	-1.6643418e-01	2.9957369e-01	2.3674163e-01	2.2477454e-01	3.9998800e-02	-1.7669001e-01	-1.7262192e-02	4.4700328e-02	2.1776555e-01	-2.2138186e-01	1.0718364e-01	1.5533334e-01	1.2924950e-01	-1.9280432e-01	-7.7549897e-02	-2.4272367e-02	-2.7423665e-01	-4.8556662e-01	1.8991061e-01	1.3040602e-01	1.6645882e-01	-1.2669469e-01	-1.3172019e-01	1.9217891e-01	-4.8939008e-02	2.5953886e-01	1.2764269e-01	-1.7871821e-01	6.6109030e-03	1.0343282e-01	1.4347488e-01	3.1056258e-01	2.3857422e-01	2.8514734e-01	-6.7872770e-02	1.4517215e-01	-2.5016472e-01	-1.7813759e-01	2.0869163e-01	-5.4601908e-02	-2.8139690e-01	2.1762201e-01	-1.7878327e-01	-1.4788740e-02	-1.7725666e-01	-1.6661738e-01	1.2510534e-01	-9.9667558e-04	1.4085220e-01	-1.0322113e-01	-1.0996645e-01	4.0723473e-01	9.9368757e-03	2.3441890e-02	-1.4306600e-01	-1.9243757e-01	1.7663345e-01	5.6151837e-02	-1.9729117e-01	1.7677157e-01	2.3621170e-01	-2.4249536e-01	1.6856737e-02	-3.2978326e-02	-1.9581111e-01	1.7754734e-01	2.3773195e-01	6.2595792e-02	-5.5798512e-02	1.6611025e-01	1.6705097e-01	1.7464024e-01	2.8657439e-01	-1.9293511e-01	-1.2122096e-02	-2.1937975e-01	1.2125578e-01	-3.3954060e-01	2.0308733e-02	4.1751735e-02	-2.1136537e-01	-3.8973564e-01	1.2060687e-01	-2.0295903e-01	3.4666592e-01	-8.5943475e-02	3.6231175e-01	-2.1990795e-01	2.7293614e-01	1.8537307e-01	8.2362197e-02	-1.3037908e-01	-1.3815498e-01	2.1952729e-01	9.0388626e-02	-1.6300920e-01	2.1537577e-01	-2.3892489e-01	-1.5291207e-01	1.1649311e-01	-1.8159425e-01	2.1634075e-01	9.5197214e-03	2.9158503e-02	-2.2180861e-01	-2.7637947e-01	-1.7571411e-01	2.6080689e-01	-1.2426960e-01	-2.8308633e-01	-8.6586237e-02	3.3595562e-03	-1.0774894e-01	-3.7378430e-02	-1.4145567e-01	-1.2266439e-01	5.7927996e-02	-2.3056772e-01	-2.5522611e-01	-4.3169141e-02	2.1960196e-01	-1.2942255e-03	4.6798646e-02	1.6150066e-01	5.4159340e-02	1.7759041e-01	1.6786215e-01	2.3645261e-01	1.8766198e-01	2.4131140e-01	2.2963075e-01	-1.2325512e-01	-1.0084346e-01	1.6126004e-01	-1.2931395e-01	2.0360997e-01	9.1177680e-02	-2.6215595e-01	1.7118676e-01	-1.0051560e-01	-4.9460679e-02	-3.1620536e-02	-1.6131093e-01	-1.7698650e-01	-1.2139024e-01	1.7010082e-03	3.1013459e-02	2.7530059e-01	-3.5784200e-02	2.6897448e-01	-1.5585579e-01	-1.9529535e-01	1.4463586e-01	-1.8073402e-01	2.3889624e-01	4.9747407e-02	-2.4715997e-01	1.6421013e-01	4.0946543e-02	1.4384127e-01	-1.0683848e-01	9.0134561e-02	4.5357149e-02	-6.1724395e-02	-2.7679873e-01	-2.6923996e-01	-1.3077044e-01	-1.2558682e-01	-1.5507609e-01	9.0768866e-02	3.2691650e-02	6.7232847e-03	-1.1953440e-01	-3.8873978e-02	-1.4114317e-01	-2.7333129e-02	-2.7572039e-01	-1.3369767e-01	2.1675393e-01	2.4539104e-02	-7.1881176e-03	-2.2570495e-01	3.3743225e-02	-2.3053326e-01	1.3655734e-01	1.2524050e-01	-9.4801091e-02	1.8590657e-01	-1.6304217e-01	-2.7379948e-01	8.5774630e-02	3.0783441e-02	-4.5606051e-02	2.1949288e-01	-4.5536160e-02	-4.2740442e-02	1.0120401e-01	-1.3621964e-01	2.4706273e-01	-7.8219295e-02	-6.5505013e-02	-6.8253025e-02	1.9214739e-01	-1.2625426e-02	6.9348000e-02	2.4548220e-02	9.8899908e-02	-2.6751259e-01	-3.1645436e-02	-2.3788337e-01	2.1801272e-01	3.3235154e-01	-1.9846103e-01	1.2918724e-01	9.0004489e-02	4.1561771e-02	1.8306494e-01	-4.9070925e-02	-1.3245385e-02	-4.9436919e-02	-2.6311883e-01	-2.6766792e-01	1.9663683e-01	8.8101894e-02	-4.1679204e-02	2.8613159e-01	4.6569631e-02	6.3362837e-02	1.2789378e-01	4.4363558e-02	-4.0776197e-02	2.8544244e-01	2.1871588e-01	-3.3279505e-01	-2.4897029e-01	-2.0704639e-01	1.4581454e-01	2.8766230e-01	1.8459532e-01	-3.8789161e-02	-6.4403519e-02	1.0048100e-01	1.6018000e-01	2.6170483e-01	-2.5991747e-01	-2.6693088e-01	-6.1629944e-02	2.3807198e-02	-1.0633010e-01	-4.5997888e-02	-1.8726319e-01	1.7784041e-01	2.2693640e-01	-3.3742064e-01	-2.1633029e-01	-1.5326819e-01	2.4362737e-01	-1.5428792e-01	-2.7569065e-02	-9.9883869e-02	-4.3969572e-02	2.0577492e-01	-8.4424205e-02	2.8503844e-01	1.2476053e-01	1.6914704e-01	-5.3874802e-02	-1.3580464e-01	3.7992725e-01	3.5389114e-02	2.9455173e-01	4.2792771e-02	-2.1838464e-03	-1.6426019e-01	-4.6909500e-02	5.0157048e-02	-5.7181876e-02	-1.4617218e-01	-5.8792416e-02	1.5584296e-01	-7.2573915e-02	2.3626974e-01	-2.5721934e-01	4.6139259e-02	2.1849202e-01	-6.4972229e-02	8.5588600e-03	1.7323919e-01	3.5798151e-02	1.2834704e-01	2.8284582e-01	9.6120559e-02	-1.9767237e-01	1.9580072e-02	1.6771370e-01	7.6241136e-02	-1.3912320e-03	-2.1269663e-01	-1.6708037e-01	-2.1161008e-01	-1.4854424e-01	-1.0504405e-01	-5.7114631e-02	1.4453074e-01	-1.2922801e-01	-1.3611802e-01	1.1234659e-01	-1.6905941e-01	2.0103753e-02	-1.6621415e-01	-1.5356061e-01	1.1259091e-01	2.3130402e-01	-1.4459614e-01	-8.4915623e-02	-4.3084145e-02	-2.1899322e-01	-2.3720282e-01	-2.2579524e-01	-2.0198986e-01	-2.7676558e-01	-1.8574274e-01	-2.7973750e-01	-9.8697454e-02	8.7190598e-02	-1.8860295e-01	-1.3857090e-01	-4.6979874e-02	2.3402726e-02	1.5857442e-01	3.4905855e-02	-1.4146705e-01	4.6394941e-01	2.4090828e-01	2.6560658e-01	2.1451111e-01	-2.0664178e-01	6.8371318e-02	1.8260235e-01	-9.0571098e-02	7.9358041e-02	-1.3724481e-01	-3.9630085e-01	-1.6865312e-01	-8.8968955e-02	2.6762626e-01	2.4686602e-01	3.1220293e-02	-1.4814806e-01	-5.8454528e-02	-1.2810091e-02	-2.3192333e-01	-6.0091499e-02	-6.3413337e-02	1.8939225e-01	7.7207714e-02	-2.2763866e-01	-2.2559175e-01	2.9167682e-01	4.7351066e-03	3.6901340e-02	1.6657536e-01	9.1458157e-02	8.4224820e-02	-6.2668081e-03	-2.1405226e-01	1.6546664e-01	-1.5587372e-01	-4.0106233e-03	8.8426664e-02	2.5574559e-02	3.0225441e-01	1.3562441e-01	4.4010498e-02	-2.3128154e-02	-5.3738255e-02	-8.8149473e-02	-2.0136140e-01	1.7960714e-02	-1.9921061e-01	-2.3295213e-01	1.6731381e-01	3.0439141e-01	-2.1014632e-01	2.6012892e-01	-4.3984681e-02	5.2630555e-02	-1.7777088e-01	-2.4148437e-01	1.0618541e-01	2.5158355e-01	1.5092325e-01	1.7277154e-01	-6.4070687e-02	-3.4243740e-02	4.7788918e-03	-2.5791781e-02	1.3587771e-01	-2.7144632e-01	6.7608051e-02	-3.4118276e-02	2.8812790e-02	-3.0200621e-01	-1.9129267e-01	3.1541906e-02	-9.4736330e-02	-2.7657872e-01	1.3939399e-01	-7.0515387e-02	2.8479204e-01	-2.5000709e-01	-1.4048040e-02	3.6464531e-02	-2.1711607e-01	-2.5251013e-01	2.8092945e-01	5.6047346e-02	-2.5183576e-01	7.1356036e-02	-2.8157169e-01	2.7402213e-01	4.8829481e-02	1.4250702e-01	1.9709712e-02	1.4575578e-01	-2.5480974e-01	1.1992898e-01	-5.4922134e-02	-2.3468351e-01	2.0048955e-02	1.2420514e-01	1.9328919e-01	8.5281774e-02	1.6769104e-01	1.7215300e-01	1.5799117e-01	9.3553111e-02	-1.5287235e-01	-1.8435894e-01	2.6910031e-01	-1.3941121e-01	-1.8499666e-01	1.6055152e-01	-1.8768990e-01	-8.1514455e-02	-2.8614175e-01	-3.3168793e-02	2.6607007e-01	2.7031425e-01	2.5573400e-01	-2.9029977e-01	2.0559965e-02	2.1018079e-01	1.0965630e-01	-2.9540986e-01	-1.5228200e-01	2.4509043e-01	2.3068827e-01	-1.4482832e-01	1.6502766e-03	5.3048241e-01	2.8379416e-01	6.9734439e-02	-1.1408726e-01	-1.1093536e-01	2.9528308e-01	-7.9680322e-04	-4.3054676e-01	-1.7980291e-02	-9.7003013e-02	-1.4550181e-02	2.4551617e-02	-3.9526891e-02	1.5198398e-01	2.9566827e-01	-3.0597064e-01	2.8684232e-01	-6.3962989e-02	-2.0759746e-01	6.9981098e-02	-4.5111582e-02	-1.1214744e-01	-1.3024792e-01	1.3128570e-01	2.0137304e-01	5.2521545e-02	1.5514326e-01
3.5599920e-01	3.8417560e-01	-8.1824444e-02	-5.6784805e-02	-1.4486817e-01	3.0959797e-01	3.7612548e-01	-3.0093527e-01	3.2961735e-01	-2.1765633e-01	-2.3553102e-01	-1.1522765e-01	-2.1072291e-02	1.0531481e-01	3.6796343e-01	2.6621681e-01	3.9133579e-01	2.6722860e-01	2.7071726e-01	1.7366947e-01	1.3884853e-01	-2.3778717e-01	3.4241834e-01	-1.7849715e-01	-3.3540539e-02	-3.3741537e-01	-3.8987985e-01	-1.7987269e-01	3.3002028e-01	1.3516332e-01	2.5899944e-01	-8.7049700e-02
