9
input	20
dense	32
relu	0
dense	32
relu	0
dense	32
relu	0
dense	1
linear	0
7.999999979801942e-06
0.0000000e+00	2.0374467e-03	-3.2547638e-02	-1.1537919e-02	3.8341470e-02	-6.6035055e-02	-1.2931886e-02	-6.2007386e-02	0.0000000e+00	-6.9655843e-02	-8.0704592e-02	-1.7784758e-02	1.6151452e-02	-2.3119604e-02	-3.0558116e-03	-1.1330910e-03	0.0000000e+00	-1.0628164e-01	-2.7166853e-02	-4.8742585e-02	-7.9485126e-02	-4.8994955e-02	-3.2643717e-02	-1.1664098e-01	-1.3766449e-02	-2.3486525e-02	-9.2442960e-02	-8.3273798e-02	-2.1378817e-02	-4.6890892e-02	1.4099023e-02	0.0000000e+00
-1.0041331e-01	-1.1889893e-01	-6.2456369e-02	1.1453217e-02	-4.6295900e-02	-6.1126266e-02	6.7996667e-03	-4.4567183e-02	-2.5678795e-02	-4.6424728e-02	2.0806883e-02	-1.0023156e-01	-9.4998762e-02	1.7449843e-02	-4.8520673e-02	-3.7013296e-02	-6.2554501e-02	-1.0386825e-02	-6.8126075e-02	-6.9570534e-02	-4.5948997e-02	-1.3275040e-02	-4.9027201e-02	-2.2836668e-02	-6.0568515e-02	-1.2003363e-01	-2.3577348e-03	5.5889070e-02	-2.4706187e-02	-1.7655658e-02	-2.4696074e-02	-2.0552481e-02
-2.0820694e-02	-2.9428260e-02	-4.6378948e-02	-4.5259781e-02	-7.5496197e-02	-5.1887248e-02	-1.7684236e-02	-5.0021779e-02	-6.7429185e-02	0.0000000e+00	-8.6351801e-03	-4.2059902e-02	6.2491680e-03	-5.8748003e-02	-1.4689631e-02	-4.8905030e-02	-1.3714612e-02	4.1670952e-02	-8.7964922e-02	-1.3088918e-02	-5.2410036e-02	-6.1751898e-02	-6.9571778e-02	1.0075345e-02	-4.0557668e-02	-2.0082345e-02	-3.1991106e-02	-3.0637259e-02	-9.0037016e-03	-3.6460403e-02	-2.7991241e-02	-6.0703550e-02
4.5266994e-03
1.2888730e-02	2.6759738e-01	3.0052471e-01	1.4733970e-03	-3.0444092e-01	-4.2304486e-02	-3.5658717e-02	1.0711989e-01	-1.4572459e-01	-1.0319650e-01	3.2406425e-01	4.2769432e-02	1.6601712e-01	-1.2033305e-01	-1.6821729e-01	1.2160659e-02	2.7733356e-02	3.3720571e-01	-1.2408379e-01	7.2089881e-02	-3.1070530e-01	7.5226324e-03	-1.3853630e-01	-1.2108208e-01	-9.7376108e-03	2.1432073e-01	7.3349476e-02	2.1518126e-01	-1.8260737e-01	2.8665200e-01	-3.8447720e-01	2.1258047e-01	3.6987105e-01	5.1179238e-02	6.5838851e-02	2.1454465e-01	8.2741693e-02	-3.0166027e-01	-2.2613677e-01	1.2571329e-01	1.9287190e-01	1.8450290e-01	9.6706428e-02	6.4597055e-02	1.1875075e-01	4.4027224e-02	1.5860197e-01	3.3559737e-01	-2.2991630e-01	2.9542828e-01	2.9548016e-01	2.0775770e-01	-1.0520457e-01	3.4958318e-01	-2.5820526e-01	-1.4836751e-01	-2.0147718e-01	2.2462219e-01	2.1591575e-01	2.1956371e-01	3.1833261e-01	3.1459060e-01	2.4931630e-02	-2.0051244e-01	-3.4469631e-02	1.7168418e-01	-2.5217175e-01	-1.8630883e-01	2.0408696e-01	-1.0104298e-01	-3.0903327e-01	-2.6691491e-02	2.7343151e-01	3.0042577e-01	-1.0832179e-01	-1.1979254e-02	-9.1376111e-02	2.1968393e-01	1.1013116e-01	-1.5724759e-01	-7.3159468e-01	-3.0311430e-02	-5.6424040e-01	-2.4679029e-01	2.3514001e-01	-1.6093117e-01	1.3131543e-01	-1.6787255e-01	8.2794949e-02	-3.2527977e-01	-3.6787862e-01	1.3855322e-01	-3.0034902e-02	1.7631151e-01	-2.4222660e-01	-2.3044103e-01	1.3609138e-01	2.8485021e-01	1.6964407e-01	-4.5458344e-01	-2.5576589e-01	-2.3412897e-01	-1.8017767e-01	2.3843345e-01	6.1729254e-04	9.6650489e-02	1.7929092e-01	-1.0867547e-01	-1.5930170e-01	1.6334598e-01	3.7332684e-01	-1.6395020e-01	-1.7802117e-02	-1.0824070e-01	-1.9152556e-01	-1.8370280e-01	-2.4027893e-01	3.0018616e-01	-1.4962715e-01	-4.8544466e-02	3.2769790e-01	-1.2727088e-01	-1.0176784e-01	-2.9510626e-01	-2.7232233e-01	1.3140200e-01	1.3324188e-01	-5.3125858e-02	1.7419535e-01	2.0291352e-01	1.7180350e-01	-4.6684846e-02	-1.0807700e-01	1.7991832e-01	-2.5760019e-01	-1.8399191e-01	2.6161516e-01	2.1589726e-01	-2.7835256e-01	-2.0177956e-01	8.2360946e-02	-7.5234361e-02	-1.9599515e-01	1.5066899e-01	-2.4955024e-01	1.0558009e-01	-1.4696297e-01	4.0196213e-01	8.6841106e-02	-2.5493115e-01	3.5175827e-01	1.0067175e-01	-1.8480146e-01	3.6744413e-01	2.3812081e-01	-1.8352345e-01	2.1618263e-01	-9.2971049e-02	1.5407151e-01	1.8542281e-01	-1.6963974e-01	2.3530781e-02	-2.4745223e-01	1.8115705e-01	1.5235886e-01	1.5275836e-01	-2.4076790e-01	2.4474162e-01	1.6974396e-01	1.2986276e-01	-1.4833811e-01	-9.1976270e-02	-5.7073653e-02	-4.9149245e-02	-1.8536064e-01	1.8839997e-01	-1.8455531e-01	2.6833618e-01	-2.8889477e-03	2.6967943e-01	8.1143826e-01	1.1212932e+00	3.9476201e-01	-1.3112244e-01	1.8012558e-01	1.2984522e-01	5.9124500e-02	2.5996351e-01	2.5603769e-02	-1.7753825e-01	7.9374872e-02	-2.4256643e-02	2.1817957e-01	-1.6952017e-01	2.0056464e-02	3.6539179e-01	2.1274914e-01	-1.6213122e-01	-1.7053716e-01	3.4674197e-01	-1.6743222e-02	1.4156951e-01	3.0526721e-01	-1.5601277e-01	1.7759580e-02	1.1428045e-01	-8.6266726e-02	4.1786390e-03	-1.0768931e-01	3.7367499e-01	2.1963727e-01	3.0818921e-01	-4.7320168e-02	1.1848366e-01	2.8993681e-01	-1.3643887e-03	-8.7491900e-02	-1.8460584e-01	4.2598963e-02	-5.2524634e-02	-3.0702248e-01	-1.5937033e-01	-2.5544873e-01	-2.9839912e-01	2.9906327e-01	9.7576052e-02	2.0922779e-01	-1.9371031e-01	-4.3713626e-02	-1.5015547e-02	2.4698725e-02	3.5258770e-01	3.0320179e-01	-1.2679540e-01	-4.3371920e-02	-2.1196596e-01	-2.6104754e-01	2.7388218e-01	-1.0958322e-01	4.7571119e-02	1.6852849e+00	2.5665257e+00	1.4216091e-01	-1.6136555e-01	7.6710030e-02	-1.3867323e-01	-1.3087432e-01	2.1914661e-01	2.5854229e-03	-3.5491973e-01	-5.2083391e-01	1.8028653e-01	6.8366610e-02	7.3963083e-02	3.7201114e-02	-7.4541219e-02	1.6246890e-01	-1.5666431e-01	3.0315074e-01	-1.1013968e-01	5.7721555e-01	2.2360045e-01	1.5548746e-01	-8.6787693e-02	2.1789460e-01	-3.0304927e-01	1.0735971e-01	1.1675407e-01	2.2145474e-01	-1.8512158e-01	-9.2361256e-02	-3.7715036e-01	-4.7058436e-01	-1.1562136e-01	1.3769203e-01	4.2230567e-01	2.2031380e-01	3.2748181e-01	-2.6582396e-01	-2.4753733e-02	3.2618648e-01	2.5835460e-01	1.0459644e-01	2.8254181e-01	-5.0842036e-02	1.5120679e-01	9.8182097e-02	2.0382828e-01	3.1366828e-01	5.3376202e-02	-7.2408177e-02	1.1903116e-01	2.6912358e-01	2.0297250e-01	2.7961490e-01	2.1839175e-01	2.6188672e-01	-6.6417553e-02	-2.2489659e-01	2.4549206e-01	-5.6578857e-01	-1.1617743e+00	-1.5076180e-01	-6.6153958e-02	9.2223249e-02	-2.6458269e-01	6.0666226e-02	-2.3522137e-01	-1.5096807e-02	2.0813090e-01	2.8418449e-01	9.8291934e-02	1.2715101e-01	-2.7433315e-01	-2.0885356e-02	1.8340050e-01	1.6928765e-01	-2.3511456e-01	2.4200310e-01	1.3967057e-01	-1.0575826e-01	8.6481810e-02	2.4802560e-01	3.1994820e-01	-2.1377097e-01	1.0530710e-01	-7.5534910e-02	7.6904625e-02	-2.2759467e-02	1.7324853e-01	1.4152551e-01	-1.8194073e-01	1.7792940e-02	8.5178167e-02	-7.6115131e-05	-1.1405212e-01	2.8912860e-01	1.6173178e-01	-2.0423396e-01	-2.3294777e-02	3.0785896e-02	2.1085192e-01	4.9422762e-01	1.7235319e-01	4.7562709e-01	-1.1145952e-02	5.9817702e-02	2.1920775e-01	3.5329589e-01	-1.6352899e-01	1.0932290e-01	-8.9635901e-02	4.5089519e-01	-7.6159448e-03	3.7128741e-01	2.2153936e-01	4.4238374e-02	-2.1242425e-01	2.9341790e-01	6.4818881e-02	1.6502604e-01	-1.6391489e-01	3.7615690e-01	-4.9862288e-02	7.0007187e-03	1.3511270e-01	1.2674333e-01	-2.1370038e-02	2.6914746e-01	-2.4267284e-02	3.5692713e-01	-3.4030065e-01	-4.2752287e-01	-1.8119632e-01	2.6221380e-01	3.9656273e-01	3.2071236e-01	-4.5467243e-02	1.3196690e-01	-1.1710920e-01	-5.8913285e-01	-1.6574959e+00	-2.4467817e-01	-1.2043633e-02	-1.8451542e-02	-5.4748084e-02	9.2712328e-02	-9.6036218e-02	-6.1907405e-03	-1.8337782e-01	2.2966646e-01	-2.7179327e-02	-1.9431956e-01	1.6635159e-01	2.0394629e-01	-1.4308894e-01	1.2854207e-01	-1.3404892e-01	-8.6933993e-02	3.5125206e-04	8.6470431e-01	6.7241681e-01	2.3795018e-01	4.6225452e-01	-1.6809772e-01	2.0605925e-01	1.0928842e-01	3.3627576e-01	-7.4594826e-02	3.8482890e-01	-2.0492740e-01	-7.5700484e-02	-3.5932282e-01	7.4766036e-03	-9.9253558e-02	-9.4794288e-02	3.8866329e-01	2.3308405e-01	-8.8659436e-02	-1.5444759e-01	-2.1663217e-01	3.1883913e-01	-4.4185966e-01	1.2668008e-01	2.6351476e-01	9.1678128e-02	1.1920648e-01	2.4160428e-01	-5.7657380e-02	3.1873837e-01	-4.1829547e-01	-2.0799462e-01	2.5171664e-01	-1.9042167e-01	-2.7224833e-01	4.9158018e-02	1.8028668e-01	-2.1541691e-01	1.7282431e-01	1.0708736e-01	-4.7716931e-02	-2.5648054e-01	-2.8816360e-01	1.0859986e-01	2.6701501e-02	-1.4662442e-01	-1.2475509e-01	2.5145036e-01	2.3205461e-01	-2.8518388e-01	1.0107404e-01	9.4385304e-02	1.4463338e-01	2.4362780e-01	8.0562748e-02	1.0733179e-01	-8.8870525e-03	-7.6911412e-02	8.4902599e-02	-1.3093057e-01	-3.3252740e-01	3.8933501e-02	-1.1214346e-01	2.9321623e-01	2.1760057e-01	-1.6046646e-01	2.0950356e-01	1.5323408e-01	2.8504810e-01	-8.0765776e-02	-1.2566178e-02	2.3555611e-01	2.1063678e-01	-1.4318372e-01	2.4444422e-01	4.7529367e-01	-1.8794641e-01	-2.0986731e-01	-1.4951937e-01	-1.3316429e-01	-1.4884677e+00	-1.6757629e+00	4.2428681e-01	3.5324410e-02	2.2943754e-01	-5.2711766e-02	-4.9827822e-02	2.0443068e-01	1.3234943e-02	-8.7148108e-02	1.3759615e-01	-1.9663055e-01	-2.2315945e-02	-1.3439967e-01	3.8778082e-02	-1.9198269e-01	-1.4009625e-01	-1.7057537e-01	1.3289538e-01	-1.1424854e-01	-1.1592633e-01	-8.9684077e-02	3.3153665e-01	2.0160487e-01	3.0916613e-01	-2.9775587e-01	-1.5649672e-01	-2.5371850e-01	3.3068350e-01	-3.0247480e-02	3.5758975e-01	2.7682158e-01	-1.7216446e-01	-1.7518611e-01	-8.2345732e-02	6.9166407e-02	-1.3895990e-02	2.4404183e-01	2.4964826e-01	-2.8058836e-01	6.1427891e-01	7.4201280e-01	4.1872135e-01	3.0148101e-01	1.2870812e-01	2.6101175e-01	2.5817646e-02	-1.4721593e-02	1.7074065e-01	-1.3025660e-02	1.9226228e-01	-3.0989841e-01	1.9242969e-01	-3.6830325e-02	3.0065416e-03	-5.2412316e-02	1.1440463e-01	2.7297845e-01	9.8703638e-02	-1.6231258e-01	-2.0946115e-01	-5.1464742e-01	3.6272344e-01	1.0399625e-01	-1.7685191e-01	9.0100467e-03	5.1454030e-02	8.6952694e-02	-2.3185289e-01	5.8872998e-03	4.4454581e-01	-1.5534011e-01	-3.3660200e-01	-1.6564344e-01	1.0647518e-01	1.2779449e-01	-1.0803659e-03	-2.3975056e-01	2.3502070e-02	2.3034200e-02	2.3584704e+00	2.9029725e+00	2.6684120e-01	7.9611607e-02	-1.6369417e-01	8.4459603e-02	-7.9274811e-02	-2.4247358e-02	-1.1447254e-01	-3.0601612e-01	-1.8466485e-01	4.6720017e-02	2.8694010e-01	4.2593482e-01	1.8058854e-01	8.7027498e-02	1.6343620e-01	-4.6504207e-02	5.5844855e-02	1.8727455e-01	1.2557846e+00	2.1159670e+00	-1.1127333e-01	-3.4290558e-01	2.8037411e-01	-1.4454588e-01	-3.5040386e-03	3.0503386e-01	-1.8075885e-01	-2.6317289e-01	-2.3420152e-01	5.0562311e-02	2.5736409e-01	2.8062084e-01	-8.4558368e-02	-1.2022892e-01	-1.9840199e-01	1.5932266e-02	4.6706600e-03	1.2448113e-01	-2.0622005e+00	-2.6531463e+00	-1.6050139e-01	3.1498510e-02	-2.9252792e-02	9.2127159e-02	-1.8981692e-01	1.3353615e-01	-4.1748518e-01	-2.6925468e-01	3.6909044e-01	2.3436239e-01	4.4036850e-02	-2.9982629e-01	1.8105460e-02	1.1535579e-01	2.4768791e-01	-1.0986206e-01	2.2187419e-01	1.2168455e-01	1.5655771e-01	1.6447783e-01	-2.2258240e-01	-8.1625253e-02	-1.9113484e-01	-2.8875816e-01	-2.4810830e-01	2.4830437e-01	2.4724174e-01	2.6068968e-01	1.7539257e-01	1.2506309e-01	-2.0445068e-01	-2.4284601e-02	2.4357915e-02	1.1479008e-01	-6.1520934e-03	2.9262775e-01	-2.4660908e-01	-1.2247118e-01
3.1538755e-02	3.4354129e-01	-2.4474651e-01	-1.4618595e-01	2.0573811e-01	-2.6865837e-01	-1.5809366e-01	6.5941423e-02	2.2786197e-01	-1.6531345e-01	2.5501993e-01	-1.7542601e-02	7.6666005e-02	-5.9823971e-02	2.8825244e-01	-1.6004261e-01	2.7830282e-01	-7.0786074e-02	-5.6796264e-02	1.6755758e-01	-2.5424489e-01	-3.3302927e-01	6.1670627e-02	-2.0801322e-01	-4.6916787e-02	-8.8474669e-02	-3.2583833e-01	2.0681830e-02	5.0788248e-01	3.9176115e-01	1.5850632e-01	8.9278072e-02	-5.3094506e-02	4.5244258e-02	-1.4696309e-01	2.2028768e-01	-8.6801872e-02	-1.9050886e-01	1.4181876e-01	-7.0063449e-02	-2.6418605e-01	-1.8198556e-01	-9.1216646e-02	2.0516288e-01	5.4977380e-02	3.0050114e-01	2.0315517e-01	-3.4868094e-01	-1.2375218e-01	3.6614588e-01	7.0686631e-02	-4.0444973e-01	3.1978929e-01	2.6124564e-01	2.0645766e-03	1.0941832e-01	-1.2600882e-01	-1.3267009e-01	3.0199268e-01	6.7098290e-02	-4.4848010e-02	-1.1035479e-03	-5.3350914e-01	2.3755738e-01	-2.1178098e-01	-1.1215859e-01	2.6441157e-01	7.4746013e-03	-1.7679016e-01	3.6026731e-02	-4.1223735e-02	1.7745282e-01	-2.6218367e-01	1.6556409e-01	4.3739058e-02	1.9501999e-01	-2.4211618e-01	-2.5840017e-01	2.3686869e-01	-1.1118751e-01	-2.8020513e-01	3.0061084e-01	2.6412329e-01	-2.9476607e-01	-1.9094582e-01	-7.7913396e-02	-2.7712080e-01	-8.8312186e-02	-2.7316485e-02	9.5914759e-02	9.1511324e-02	-9.9623531e-02	8.9215301e-02	-5.5634346e-02	2.6833570e-01	-1.4693049e-01	3.5387069e-02	-3.0172521e-01	8.0076128e-02	-1.5447903e-01	-1.7253378e-01	2.4864554e-02	3.7721694e-02	1.3946927e-01	-1.5734072e-01	-2.3723982e-01	1.5211236e-01	1.6669217e-01	3.2131985e-01	1.1994549e-01	1.8303010e-01	1.0864102e-01	-6.7682043e-02	-9.8292381e-02	-9.7676694e-02	1.5563975e-01	-2.9982430e-01	-1.3576621e-01	1.8580857e-01	-4.2513520e-02	-2.5530866e-01	-1.3774775e-01	-1.8946072e-01	-2.3507424e-01	2.5838185e-02	-9.3883701e-02	-2.6964438e-01	-2.8476700e-01	-1.3018622e-01	1.7696211e-01	3.9131727e-02	2.9235184e-03	2.0219674e-02	1.0426477e-01	-2.0157735e-01	2.7573740e-01	7.0469618e-02	2.9338595e-01	4.6788740e-01	2.9760456e-02	-4.7809029e-01	1.4074449e-01	-1.1287536e-01	-2.0716640e-01	2.0305514e-02	-2.1504490e-01	-8.1056207e-02	-1.8643543e-01	4.1483626e-01	4.1327480e-02	2.8424028e-01	8.3375737e-02	-2.0160823e-01	1.2356448e-01	3.6872187e-01	-1.9361721e-01	1.9576967e-01	-1.1469992e-02	2.1935357e-01	-9.1884688e-02	1.0100815e-01	-2.6577640e-01	2.2599128e-01	-1.0664675e-01	-5.6257326e-02	2.9508087e-01	-1.5900734e-01	2.5378466e-01	-8.7684602e-02	-1.0173701e-01	-2.0859461e-01	-2.4368453e-01	-5.6473285e-01	-8.1760556e-02	-1.8870415e-01	-1.0099977e-01	1.8776461e-01	-4.7030696e-01	3.5774663e-01	-8.3109299e-03	2.1126978e-01	2.6569656e-01	-2.3900658e-02	-7.5117849e-02	-1.3887960e-01	1.8720607e-01	5.2481622e-02	-6.5409347e-02	1.6466256e-02	-1.6256379e-01	-3.4144681e-02	-9.5277429e-03	-4.3920666e-02	-1.4979860e-01	2.5919572e-01	1.0514315e-01	-1.9189191e-01	1.9256485e-01	9.3149170e-02	6.7579471e-02	-5.8264747e-02	6.7481346e-02	1.5577899e-01	-8.7732464e-02	-1.6036388e-01	4.1017428e-01	-3.0028021e-02	-1.6314237e-01	2.3384091e-01	-2.7649885e-01	4.0403408e-01	9.8289378e-02	3.0744517e-01	-1.7207342e-01	-6.2428672e-02	-6.1007934e-03	1.0071887e-01	3.1359339e-01	-1.4953102e-01	1.3989903e-01	1.9020379e-01	-8.3004266e-02	8.9336343e-02	-2.1888955e-01	-1.9857213e-01	-9.5195115e-02	7.7748299e-02	-2.5922737e-01	1.4689921e-01	2.3093519e-01	-8.6604059e-02	2.0573139e-03	-2.3501933e-02	-1.9090932e-02	1.0601342e-02	-7.3454037e-02	1.4062959e-01	2.1800897e-01	-4.3238848e-02	6.8010025e-02	1.4976487e-01	2.4272719e-01	4.4524422e-04	-6.7750663e-02	-2.4158503e-01	-2.7354163e-01	-2.2050023e-01	1.2727138e-01	-2.9786542e-01	2.8374889e-01	1.6346881e-01	-2.2357371e-01	-2.4138888e-02	2.3046066e-01	2.0860674e-02	-1.6383740e-01	-2.2364831e-01	3.5605213e-01	-1.2856924e-02	-1.3810122e-01	1.1376192e-01	-2.2141321e-01	2.8665540e-01	-2.5747940e-01	3.0559644e-01	8.4228069e-02	3.0603427e-01	3.0103174e-01	-1.5770353e-01	2.1972564e-01	-4.5764148e-02	-6.0252342e-02	1.7477274e-01	2.6810193e-01	-2.7697897e-01	-3.0622807e-01	-9.1141477e-02	-1.2082843e-01	-1.4600858e-01	-1.9505760e-01	-2.7037156e-01	-8.6056180e-02	-1.7066142e-03	1.9630906e-01	2.1711750e-01	1.2082363e-02	1.9705655e-01	-2.0533672e-01	2.5017521e-01	2.5640619e-01	2.3564236e-01	6.1636996e-02	-2.2090629e-01	6.3952796e-02	1.2020141e-01	-2.3118739e-01	-3.2247812e-02	2.3901375e-01	9.2135333e-02	-1.8087806e-02	8.0242038e-02	3.5489060e-02	8.0992490e-02	-9.9415831e-02	-2.7059492e-01	1.0370003e-01	3.8093623e-02	2.1306023e-01	1.2626909e-01	-1.9178422e-01	1.1273314e-01	3.2436547e-01	-8.0575608e-02	1.3053817e-01	3.1804409e-02	3.5860252e-01	2.0285957e-01	-4.3553051e-01	-1.8261223e-01	-2.5709400e-01	-6.5867603e-03	3.6092186e-01	3.5235655e-02	-7.6074824e-02	1.3680971e-01	2.0740005e-01	-2.5740287e-01	-1.7898334e-02	-1.0443202e-01	-5.7159998e-02	8.4132247e-02	-2.3072826e-02	-2.7676004e-01	-2.7988369e-02	7.2075151e-02	-1.2216105e-01	-5.8522075e-02	5.5546265e-02	-2.8255349e-01	3.1946006e-01	-1.4900041e-01	1.2595500e-01	1.9180407e-01	1.9464095e-01	1.8881920e-01	5.0046884e-02	1.5791076e-01	3.9262464e-03	-1.7731312e-01	-2.1643075e-01	3.6756817e-01	-4.1434050e-02	2.8434053e-01	2.8774270e-01	-2.2020166e-01	1.0782093e-02	5.2427240e-02	-2.1127172e-01	2.8578880e-01	-2.8879437e-01	-2.1841019e-02	-2.1557499e-01	-7.6355219e-02	-4.8353195e-02	1.2527542e-01	-2.6094308e-01	1.5588203e-01	2.7608261e-02	-2.1138474e-01	-5.1205337e-02	1.5716635e-01	-2.1832916e-01	1.7337830e-01	-5.6477133e-03	2.3752448e-01	1.3253959e-01	6.6394374e-02	4.9669325e-02	7.6257057e-02	-3.2924387e-01	-1.8037994e-01	-9.8458678e-02	-2.9218730e-01	-2.2438547e-01	-1.2803577e-01	2.6768137e-02	-1.8721817e-01	-6.8088457e-02	5.9560053e-02	-2.3021273e-01	6.6029370e-02	-6.7240547e-04	-5.2936316e-02	-1.4198345e-01	1.5955335e-01	-2.8326720e-01	1.3169974e-01	1.1680228e-01	-1.1900495e-01	1.4936237e-01	7.7360511e-02	1.0288933e-01	-1.4046045e-01	7.7142648e-02	1.2084074e-01	-2.6796308e-01	1.2193817e-01	-9.0617701e-02	-2.7236748e-01	-2.4624884e-01	-2.2812980e-01	1.1878464e-01	-3.0231366e-01	-7.3459172e-03	2.1668476e-01	-2.9232469e-01	2.7845445e-01	-1.5569188e-01	1.7537384e-01	2.7723145e-01	-2.9668051e-01	2.2509818e-01	1.9286907e-01	-5.7349969e-02	-2.4855387e-01	3.6838639e-03	-1.8938829e-01	1.9112319e-01	-6.1404895e-02	2.9261020e-01	-3.0051552e-02	3.1579012e-01	3.0175444e-01	-2.4633995e-01	3.3712998e-02	2.8200723e-02	1.7941615e-02	2.6545790e-01	-2.5987840e-01	3.0078376e-02	1.1369193e-01	7.0977628e-02	-3.3735856e-01	-4.4607501e-02	-4.1013882e-01	-5.7651393e-02	2.3067387e-02	-1.5470284e-01	2.9985180e-01	-2.4615413e-01	2.4558976e-01	1.8860900e-01	4.8537400e-02	-1.2245522e-01	-2.6152688e-01	-1.6674551e-01	-1.4280945e-02	-1.8798915e-01	-9.5264629e-02	-1.7410967e-01	4.5491353e-02	2.0289329e-01	2.6207271e-01	-1.9145559e-01	-8.7236822e-02	-2.9038769e-01	3.2705888e-02	1.9580369e-01	-2.0845661e-01	-9.1358259e-02	-1.6366796e-01	-1.0350864e-01	8.2907073e-02	-4.5444846e-02	-2.2143589e-01	-2.8685629e-01	-1.3898164e-01	2.4466985e-01	-6.3819528e-02	-1.0421002e-01	9.6602142e-03	1.2623653e-01	-2.7368534e-03	-1.1046205e-01	-2.8311637e-01	3.2642776e-01	4.9942926e-02	-1.4573452e-01	-1.3042340e-01	-2.4351394e-02	2.2426280e-01	3.1941217e-01	-8.8570297e-02	2.2789147e-01	1.6367784e-02	-8.5707881e-02	-2.0152807e-02	-3.7720972e-01	3.2032615e-01	1.5774725e-01	-1.5020876e-01	2.9586388e-02	-2.5673968e-01	4.7570948e-02	8.3490819e-02	-2.6091835e-01	1.5102571e-01	-2.3554336e-01	-3.2901329e-01	-6.0535796e-02	-2.7080655e-01	-2.2090450e-01	2.2460309e-01	6.1917376e-02	-7.4729338e-02	2.2748104e-01	1.8435556e-01	6.6924945e-02	1.4257856e-01	1.5837994e-01	-1.2348980e-02	1.6053139e-01	7.4778587e-02	4.7693779e-03	-2.8368387e-02	-9.9918537e-02	-1.6406180e-01	-1.2211218e-01	8.9120150e-02	-1.1244316e-01	-3.1897821e-02	-2.1965362e-01	2.8281876e-01	-1.8037190e-01	1.5299882e-01	1.7898060e-01	-4.1180588e-02	9.3600109e-02	2.2404818e-02	2.2912477e-01	-5.1473197e-02	1.0978134e-01	7.1659282e-02	2.3998722e-01	8.3702296e-02	-2.0045649e-01	4.2830706e-03	2.9541770e-01	-2.7171081e-01	-1.0035617e-01	1.4975810e-01	6.2873334e-02	1.5196168e-01	-4.3036342e-02	1.2916663e-01	1.2262481e-01	-1.5730582e-01	-2.6055565e-01	-2.5695968e-01	-2.3336823e-01	-1.1245556e-01	-2.5353032e-01	-1.9387352e-01	-2.2102375e-01	8.4048390e-02	-2.0176373e-01	2.8209212e-01	2.2540912e-01	5.9827119e-02	7.1776420e-02	2.1480218e-01	1.0346201e-01	-2.7641627e-01	-2.8110802e-02	2.0788538e-01	1.1603940e-01	-4.3051153e-02	-6.9294162e-02	-1.4958590e-01	-7.5012989e-02	-3.4675026e-01	3.4265708e-02	-1.6150917e-01	6.8011209e-02	8.5210979e-02	2.4056111e-01	1.8902361e-01	-5.1294688e-02	-2.5191215e-01	3.2044876e-01	2.2898977e-01	2.6887357e-02	4.5678079e-02	-4.8433196e-02	1.6939051e-01	-1.2137799e-01	3.3655840e-01	-5.8843438e-02	1.5162425e-01	-4.2322613e-02	1.9596429e-01	-5.5466048e-02	-4.3875612e-03	-6.0031604e-02	-1.8380263e-01	9.1610759e-02	7.3010318e-02	-1.0944758e-01	1.5278456e-01	-4.2856693e-02	1.5753850e-01	-1.8202446e-02	-3.2232720e-02	2.6643926e-02	2.4402693e-01	2.9638353e-01	1.8353447e-01	1.5811676e-01	-1.2994865e-01	2.9640976e-01	2.4830575e-01	8.1686508e-03	2.9347360e-02	-5.8454350e-02	1.3270605e-01	1.0018511e-01	1.1175282e-01	1.0641984e-01	-6.1606992e-02	-3.2627514e-01	3.1378150e-02	-3.1627297e-01	7.5505525e-02	1.7799997e-01	2.8956237e-01	-1.3135421e-01	2.7225396e-01	3.0449373e-01	-2.8721231e-01	2.4793389e-01	-2.4198332e-01	1.9592874e-01	8.2924567e-02	-1.1431665e-02	-6.1113457e-03	9.7184248e-02	8.7656453e-02	-1.9266921e-01	6.2747777e-02	-6.5450579e-02	1.6134715e-01	-2.3236857e-01	2.8531680e-01	2.2896756e-01	1.8249536e-02	2.6212439e-03	-2.0136666e-01	6.5998703e-02	-8.3514899e-02	-2.8240544e-01	1.0754111e-01	2.4736306e-01	-3.1703898e-01	8.0409415e-02	-1.3664022e-01	-2.2998071e-01	2.6455307e-01	-1.8490350e-01	3.1469607e-01	-1.2927711e-03	-3.7208813e-01	2.8093258e-01	9.2788726e-02	1.8786716e-01	1.6639777e-02	2.1533182e-01	9.1868959e-02	1.9731253e-01	-1.2398896e-01	-3.1245551e-01	2.2882625e-01	-1.3407709e-01	2.5892174e-01	7.1917146e-02	1.9309393e-01	-1.6649567e-01	1.1343809e-01	-8.8046275e-02	-1.0756578e-01	-5.2040726e-02	-1.4293458e-01	1.3015674e-01	-1.7694162e-01	2.5343037e-01	-1.5863828e-01	1.3606898e-01	-5.0476052e-02	-2.7306956e-01	4.3430753e-02	-8.5133359e-02	3.6006895e-01	-1.5525664e-01	-4.0608682e-02	5.1139474e-02	2.8921202e-01	-2.7703634e-01	2.6531968e-01	1.6131538e-01	1.1740595e-01	3.0638644e-01	4.1770963e-03	2.1467978e-01	2.4242237e-01	1.4749946e-01	-1.2785059e-01	1.5025160e-03	-4.6323591e-01	-2.4042520e-01	-1.2557028e-01	9.5930219e-02	-3.6388248e-02	-8.3986633e-03	1.9000274e-01	-5.0383527e-02	2.8631192e-01	1.7511362e-02	-2.4427320e-01	-1.4776732e-02	-2.3715889e-01	-1.8246172e-01	-4.7473039e-02	-2.7675581e-01	-3.3651775e-01	-2.5570276e-01	1.7789736e-01	-1.4634283e-01	1.3602576e-01	-1.9043906e-01	1.0220131e-01	2.4819882e-01	-1.8500918e-01	-1.3992131e-02	7.2734311e-02	-2.4101993e-01	-9.0484902e-02	-5.4212976e-02	1.1127066e-01	2.4287678e-01	-3.3714235e-01	3.6146955e-03	-1.6420357e-01	1.5761247e-01	2.1234116e-01	1.8821068e-01	2.5764209e-01	2.7501085e-01	-5.6535613e-02	-2.5051364e-01	-1.4769118e-01	1.5213336e-01	6.3831985e-02	2.2948238e-01	-3.3947419e-02	-8.4183976e-02	2.1140173e-01	2.8848091e-02	-1.3844769e-01	-2.0304559e-01	-8.7606281e-02	-9.7110905e-02	7.3235862e-02	-6.1331507e-02	-9.4489425e-02	-7.0778996e-02	-1.4404432e-01	-2.5648537e-01	-5.4376006e-02	6.5961234e-02	-2.4405406e-01	-2.3290578e-01	2.2179881e-01	2.2544627e-01	1.9737031e-01	-1.9335052e-01	1.3249725e-02	-1.3509287e-01	-4.5270275e-02	4.0453251e-02	-1.3524348e-01	1.0643703e-01	7.3808759e-02	6.8024680e-02	-2.8482443e-02	1.9880141e-01	2.0781989e-01	-1.1701392e-02	6.0692734e-01	-2.5374793e-02	-2.9076508e-01	-2.1443206e-01	2.1602049e-01	1.0200508e-01	1.2764689e-01	-2.8467494e-01	-1.1552040e-01	-5.8217454e-03	-2.7686727e-01	2.1377298e-01	1.2469235e-01	-1.4790350e-01	-3.5526028e-01	-1.8875755e-01	1.9584043e-01	2.5111401e-01	-8.6139940e-02	-2.2326222e-01	-2.7853772e-01	1.5793860e-02	3.2968602e-01	1.0661918e-02	1.2160539e-01	-4.9189601e-02	1.9927132e-01	9.5920533e-02	1.4340617e-01	2.3742022e-01	1.8054815e-01	1.1491007e-01	-2.7603525e-01	-3.4844139e-01	2.5279304e-01	1.6204327e-01	-1.9227627e-01	-1.2418104e-01	-1.4195770e-01	-9.6882671e-02	-1.5021616e-01	-5.8329947e-02	1.8444192e-01	-8.6667702e-02	1.3031784e-01	-2.0168588e-01	2.3854886e-01	-1.0468532e-01	-1.1087760e-01	9.4757915e-02	-1.2669876e-01	-1.8742113e-01	1.9553730e-01	2.7021527e-01	2.0231858e-01	1.2849483e-01	-2.5962651e-01	-1.8860295e-01	1.5618913e-01	1.5640242e-01	-2.4208313e-01	7.3182553e-02	1.6639715e-01	-2.0690675e-01	5.0002590e-02	1.3521047e-01	1.3271253e-01	2.0772728e-01	-2.5564054e-01	7.0586093e-02	-2.0549561e-01	-2.1982038e-01	7.0373468e-02	8.0142114e-03	-2.3929410e-01	1.8622279e-01	9.9724591e-02	7.4516885e-02	-4.1250515e-01	-2.0315450e-01	-3.1131619e-01	1.0849351e-01	8.7572545e-02	-5.1684481e-01	1.2833771e-01	-4.9591497e-01	-2.8682518e-01	-5.9851739e-03	2.3150356e-01	2.9739258e-01	-2.2790642e-01	-1.7225751e-01	-5.4953296e-02	-2.6285708e-01	-6.8470120e-01	-2.8709877e-01	-9.6187577e-02	-1.2211928e-01	-3.1845796e-01	1.1853549e-01	-2.7991453e-01	-3.9216664e-01	2.2085258e-01	-2.9855302e-01	-1.7401102e-01	-3.8376551e-02	1.6503131e-01	2.2071455e-01	2.7102441e-02	1.1249198e-01	1.6496189e-01	1.3959683e-01	-3.6163226e-02	3.4605148e-01	2.4190731e-01	1.6279925e-01	-1.3456275e-01	2.8832059e-02	3.1341019e-01	1.6683833e-01	8.7361140e-03	1.4214316e-01	2.7042469e-01	1.1349541e-01	-8.6029537e-02	1.7910579e-01	1.5259854e-01	2.5675005e-01	-2.6421103e-01	-1.8963154e-01	3.1111190e-01	1.4559588e-01	-5.6620851e-02	-1.0129116e-01	-8.6736448e-02	2.4001715e-01	1.0636549e-01	-1.0848478e-01	-2.0113443e-01	1.5356606e-01	3.6577851e-02	1.4636941e-01	2.4858217e-01	-1.1859736e-01	1.4495461e-01	1.0175744e-01	4.9868454e-03	-4.7262508e-02	-2.7800548e-01	2.5314480e-01	-1.7029798e-01	-9.7405305e-03	3.1880733e-01	2.1561675e-01	3.3568546e-02	3.3067897e-02	-3.0501801e-01	3.0973139e-01	-1.0646198e-01	-1.9014148e-01	1.5778260e-01	3.4064400e-01	-9.7181059e-02	-1.8195605e-01	-2.1635905e-01	4.3519996e-02	3.2214990e-01	2.6083869e-01	2.7157901e-02	2.2532780e-01	-2.6148227e-01	1.9934161e-01	-2.9176813e-01	-8.8597339e-04	1.5179132e-01	-3.4326177e-02	2.0592287e-01	-1.0525007e-01	-8.6895011e-02	-1.9517757e-01	-2.9611123e-01	2.0875946e-01	-5.8061406e-02	-1.6774826e-01	2.4575816e-01	2.3383689e-01	1.8059851e-01	2.2752903e-01	-2.5685614e-01	1.0481147e-01	-1.0234680e-01	4.2983427e-04	5.6001234e-01	1.9129527e-01	-3.8585392e-01	4.0701926e-02	-4.1159987e-03	-3.2634473e-01	2.4892926e-02	3.0885857e-01	3.4977946e-01	-1.7862965e-01	1.7987573e-01	2.4925018e-02	-2.7391842e-01	-2.3650320e-01	9.0752870e-02	-2.2153413e-01	-2.1686640e-01	-2.2652335e-01	1.5668818e-01	-1.2000642e-01	-1.6150810e-01	-3.2863164e-01	-2.0045529e-01	-2.1827678e-01	-2.5355942e-03	-3.8759749e-02	-2.3935026e-01	-5.9396796e-02	8.0150455e-02	-4.2562038e-02	8.1627846e-02	1.6699287e-01	1.1068413e-01	-2.5204793e-01	-4.5021713e-02	-2.4337193e-01
5.9720552e-01	-1.1862607e-02	-7.2203115e-02	9.9749930e-02	1.4263272e-01	2.6596761e-01	-9.1509394e-02	-7.2278872e-02	-2.1156575e-01	-5.1023000e-01	-3.7024948e-01	1.9916320e-01	2.2355193e-01	4.8372742e-02	-2.8865999e-01	2.8526058e-02	2.6482806e-01	-1.6526726e-01	-3.1961940e-02	3.0602100e-01	2.1906731e-01	2.8425378e-01	-4.1036349e-02	4.6792232e-02	4.1989052e-01	-5.4066911e-02	-1.7927682e-01	-1.6074388e-01	-1.2757015e-01	3.0114144e-01	3.8614443e-01	-2.5162551e-01	1.0899811e-01	-2.3067056e-01	9.5758084e-03	3.1634986e-02	-7.5006946e-03	2.7889910e-01	-1.0310715e-01	-1.3716921e-01	-2.0666929e-01	-1.6579062e-02	-1.5596564e-01	-3.4428276e-02	-1.6169122e-01	1.6108279e-01	7.6173015e-02	1.6507442e-01	1.9261850e-01	4.6653748e-02	1.1923845e-01	2.6204598e-01	-2.7804005e-01	-2.5474930e-02	2.6863426e-01	1.9657825e-01	2.7446300e-02	-1.7871688e-01	3.1527817e-02	1.6869202e-01	-1.8468405e-01	2.2260471e-01	-1.1232975e-01	-1.7851463e-01	-2.2021046e-01	-4.1104230e-01	2.9591218e-01	-9.7818486e-02	-1.3947545e-01	2.7132756e-01	3.3604079e-01	-5.9645638e-02	2.1117236e-01	1.4096582e-01	-7.0359357e-02	2.2035298e-01	-1.8309015e-01	2.1152746e-02	-1.8455625e-01	1.3961820e-01	6.5261245e-02	-1.6600150e-01	1.5008244e-01	3.0522615e-01	-3.9272672e-01	-3.8841256e-01	2.1609493e-01	2.4166124e-01	1.3096096e-01	1.4927973e-01	-1.8450880e-01	-3.9298573e-01	2.3663658e-01	-3.7010708e-01	-2.7357548e-01	-2.0364802e-02	1.2884544e-01	6.8957418e-02	-1.4994417e-01	-1.1345166e-01	1.1884311e-01	1.7946476e-01	2.5327429e-01	2.0291618e-01	1.0098448e-01	-3.0838445e-01	5.6525946e-02	2.4139532e-01	1.3913293e-01	-1.0244452e-01	2.7631131e-01	-2.2251520e-01	3.3048064e-02	-3.0801982e-02	-1.5681571e-01	-9.3395919e-02	7.8952312e-03	1.3327415e-01	-1.2077390e-01	2.4733540e-01	2.3191288e-02	-9.4676472e-02	-2.2955747e-01	-2.6842141e-01	-2.9432166e-01	-4.2056073e-02	-2.4052680e-01	-2.1633951e-01	-1.7469175e-01	-1.3987565e-01	-1.2411565e-01	2.3205444e-01	-1.5633434e-01	6.9891483e-02	2.2125615e-01	-1.2176226e-01	1.9732693e-01	-3.2337815e-01	2.1525948e-01	-9.4198287e-02	5.8634490e-02	-7.0084408e-02	2.2464219e-01	9.7437566e-03	-2.1023221e-01	1.2678638e-01	-2.1678600e-01	7.1798034e-02	1.5337481e-01	-2.2886968e-03	3.4627020e-03	4.2181022e-02	1.0740580e-01	-1.2827756e-01	-2.6343405e-02	-2.7142620e-01	-1.1009806e-01	-2.5065234e-01	-8.3297707e-02	-1.3935836e-02	4.5625508e-02	2.4379544e-01	-2.7269542e-01	2.9175535e-01	-1.5050492e-01	-1.1836817e-01	-4.1755114e-02	-1.5799370e-01	3.3003390e-03	8.5045792e-02	2.1689574e-01	-1.9548312e-01	-1.4209822e-01	-1.7359194e-01	-2.1426380e-01	-9.6191004e-02	-1.4274086e-01	2.6110965e-01	2.1576414e-01	-1.5620917e-01	4.6433927e-03	-3.1767100e-01	-1.1703613e-01	1.0383308e-02	-2.0416114e-01	4.6359558e-02	2.6518646e-01	-1.8103950e-01	-2.0230971e-01	-2.9945987e-01	-2.7854148e-01	-3.0518833e-01	-1.4218152e-01	-1.2460530e-02	5.4209709e-02	-1.5474899e-01	2.9419449e-01	1.4984369e-02	-2.4322230e-01	-4.5516461e-02	1.9789252e-01	-1.7041364e-01	-2.7797723e-01	1.1890975e-01	2.4358085e-01	-5.0028667e-02	-2.7759048e-01	-1.9386622e-01	4.3710750e-02	1.6966742e-01	1.1736748e-01	4.6030961e-02	-1.7635337e-01	-1.0162159e-01	1.3508227e-01	2.9650947e-01	4.9174137e-02	-2.5939426e-01	1.0028654e-01	1.6336939e-01	1.5085739e-01	-2.2650193e-01	-2.0178176e-01	1.6461501e-01	1.7787898e-01	1.8323955e-01	-2.7148458e-01	2.8768507e-01	1.0860205e-02	-1.3037208e-01	5.6499597e-02	1.2872607e-02	-1.1943872e-01	-1.4966242e-01	1.3529114e-01	1.7377511e-01	1.0034740e-03	-3.3112127e-02	-8.2284763e-02	-1.0371207e-01	-2.2417864e-01	-1.3191159e-01	1.2747359e-01	2.1008655e-01	1.8090594e-01	-8.8255648e-03	-9.9386737e-02	1.4037558e-01	-1.0794254e-01	-1.3830951e-01	-7.1290299e-02	-5.2266303e-03	-2.9586345e-01	-1.9353093e-01	-1.0377998e-01	-7.8121036e-02	2.9301569e-01	-2.4241720e-01	8.7353431e-02	-1.6377132e-01	-1.6749042e-01	3.3771047e-01	4.6937540e-01	3.0206892e-01	1.7328252e-01	3.1882918e-01	-2.8533921e-01	-2.5870004e-01	2.6012793e-01	1.0367443e-01	-6.6922761e-02	-1.0290550e-02	1.5004744e-01	2.6637807e-01	9.0105869e-02	2.4195048e-01	-1.9502416e-01	-3.8302508e-01	-1.2096023e-02	2.3410174e-01	-7.5084716e-03	2.2413908e-01	1.4650498e-01	-4.7440934e-01	3.6210254e-01	-3.7785140e-01	-2.8674787e-01	-4.8495155e-02	-2.1768168e-01	-8.8276938e-02	-2.1499884e-01	-4.2027533e-02	7.7877045e-03	-1.6626218e-01	7.2241127e-02	-1.7217793e-01	2.3746315e-01	-2.7995518e-01	-2.3151235e-01	-3.2695591e-02	-1.1279158e-01	-9.0733543e-02	-2.0116846e-01	-4.3322355e-02	-1.5887213e-01	1.4944360e-01	2.0024940e-01	-1.6207846e-01	-1.5720502e-01	-1.9005254e-01	2.8093806e-01	6.0448050e-02	-7.5690851e-02	-6.6292584e-03	-1.1196654e-01	-2.0959461e-01	-1.0497506e-01	-1.0669082e-02	1.0772267e-01	2.2524503e-01	-2.1437900e-01	2.1054873e-01	-1.2429552e-02	-1.9790715e-01	-2.9317182e-01	-4.7556274e-02	1.6371930e-01	2.1192607e-01	1.9416951e-01	2.2420420e-01	-1.7275972e-02	-1.8321438e-01	-2.2979231e-01	2.2406273e-01	1.6314414e-01	3.0937302e-01	-2.3567732e-01	7.6953910e-02	-3.9003350e-02	2.8057683e-01	-2.7064618e-01	-1.9595373e-01	1.8077073e-01	3.6302638e-01	8.4001191e-02	2.4887945e-01	2.6266822e-01	1.2988704e-01	1.9814454e-01	8.7010890e-02	1.2217090e-01	-1.9122849e-01	-1.8992203e-01	1.2133728e-01	2.0979317e-01	2.9571655e-01	-7.4658684e-02	-2.6457778e-01	-3.1824380e-01	-5.3598642e-02	-1.8062212e-01	9.6606806e-02	-1.6784009e-01	2.2271213e-01	-3.6226664e-02	-4.6307418e-02	2.4124917e-01	-2.4442424e-01	-3.5540894e-01	2.3370519e-01	1.0795746e-01	-8.1990428e-02	2.0564182e-01	-7.4408792e-02	-2.9548341e-01	-2.2269303e-01	-1.3511610e-01	-1.5017755e-01	-2.6347697e-02	-2.8902075e-01	8.5473202e-02	2.3834009e-01	-2.1101469e-01	-1.0773842e-01	-1.1969622e-01	-3.3791322e-01	-2.3934296e-01	1.2928650e-01	-1.2759995e-01	2.5307441e-01	1.1812461e-01	2.4060576e-01	2.9745489e-01	3.1786361e-01	-6.3400596e-02	-3.1211752e-01	1.1467221e-01	-3.7115327e-01	4.2419940e-02	9.8084137e-02	-1.8520352e-01	2.4176012e-01	1.7931719e-01	2.1897727e-01	-1.7285244e-01	-9.6793011e-02	2.0875057e-02	-8.4613673e-03	1.0585272e-01	1.4438327e-01	-2.3350707e-01	-1.2073708e-01	2.5455526e-01	-7.9562955e-02	1.0764614e-01	1.4671099e-01	-1.0115376e-01	2.4385241e-01	-1.6632855e-02	-2.4601434e-01	-2.0941058e-01	1.5128225e-01	1.2556712e-01	-1.0144323e-01	2.7946359e-01	-8.2753181e-02	-3.4315747e-01	3.7394792e-02	1.4666323e-01	-3.2759392e-01	2.2661570e-01	-2.5240305e-01	-2.7612182e-01	1.6515741e-01	-2.5622267e-01	-1.9483943e-01	-1.8714961e-01	2.1125592e-01	5.5016607e-02	-9.3084812e-02	-1.8950412e-01	1.8731500e-01	1.0357624e-01	1.2550279e-01	-2.9355741e-01	-2.3632402e-02	2.1955204e-01	1.8283519e-01	-2.8724214e-01	-3.5142216e-01	-1.7259273e-01	-1.9456674e-01	1.8926466e-01	-3.3823118e-02	-8.2151756e-02	1.9898883e-01	-2.1929654e-01	2.0456325e-01	2.5911251e-01	1.0233414e-01	-1.3077356e-02	-4.9145911e-02	2.0629479e-01	1.8104447e-01	1.9273829e-01	-2.6569191e-01	2.9991707e-01	-7.9409920e-02	6.5025449e-02	1.6782673e-01	2.1735404e-01	2.3360452e-01	-2.6370922e-01	1.7095888e-01	1.5252271e-01	1.5734795e-01	9.6590035e-02	2.0372058e-01	-1.9034281e-01	9.7023822e-02	-4.4258446e-02	1.0445398e-01	-1.4166839e-01	1.8637711e-01	1.1231664e-01	-1.2990780e-01	-1.4628431e-01	2.8503439e-01	-2.6471239e-01	-4.5809131e-02	4.2628489e-02	-7.3102117e-04	1.2560931e-01	1.6463482e-01	2.5669429e-01	-2.4546319e-01	-5.9888288e-02	-2.9792061e-01	-1.1449739e-01	-2.7267221e-01	2.5609967e-01	-2.6359612e-01	-6.1532333e-02	2.9799837e-01	-1.4527540e-01	6.4543098e-02	-1.2729007e-01	-1.2978370e-01	-2.7298394e-01	-2.0684373e-01	-1.0819503e-01	2.7285776e-01	3.4737051e-01	4.5646724e-01	-2.6825270e-01	1.3545768e-01	-2.2740541e-01	-3.0248082e-01	1.3393675e-01	2.4376088e-01	-3.0953547e-01	4.5851607e-02	1.8681052e-01	-5.0423503e-02	9.2975907e-02	1.6792668e-01	6.8445921e-02	2.7617684e-01	2.7777916e-01	1.9962911e-01	-2.1934251e-01	2.4799602e-02	3.2251221e-01	1.2329572e-01	2.4789816e-01	-9.5670693e-02	-1.4806080e-01	1.8159926e-01	2.0100158e-01	2.0376851e-01	-9.8117642e-02	3.2184839e-01	3.3411771e-01	-4.8273378e-03	-8.7592624e-02	-1.7701383e-01	-1.3073558e-01	2.0984541e-01	2.1134418e-01	2.1928073e-01	3.5433993e-01	7.1673989e-02	7.1379662e-02	7.1975909e-02	2.1969429e-01	7.8127839e-02	-1.2825273e-01	-1.8521670e-01	3.8693327e-04	-1.1829091e-01	2.6060510e-01	8.2807265e-02	1.1927189e-01	3.5109207e-02	7.0890963e-02	-2.4304877e-01	2.4781613e-01	-2.7606858e-02	-5.4218955e-02	7.5514890e-02	2.1533872e-01	2.6421437e-01	3.3904943e-01	-2.5112247e-01	-2.7912980e-01	1.5977743e-01	-6.7376293e-02	-1.9729349e-01	-3.5158113e-02	4.3997008e-02	-1.3520992e-01	-1.4848265e-01	4.0755489e-01	-7.6909631e-02	-7.7813528e-02	2.9728970e-01	-8.6135574e-02	2.3884175e-03	6.5051049e-02	2.2039236e-01	7.0498087e-02	1.3693044e-01	2.8155661e-01	-3.0590260e-01	-9.4367020e-02	-3.2332221e-01	2.0511742e-01	7.0937581e-02	1.3493085e-01	8.4660843e-02	2.4048567e-01	-1.3057254e-01	-2.3581189e-01	8.8044725e-02	1.9944043e-01	2.5494924e-01	1.8065345e-01	-1.2337500e-01	1.9794673e-01	-1.2798706e-01	-3.4392795e-01	2.4861038e-02	8.1389979e-02	6.2050045e-02	-5.1700228e-01	1.2341601e-01	1.9725615e-01	4.3113936e-02	-3.1293827e-01	-1.8778367e-01	1.5755862e-01	-3.9058256e-01	1.7287327e-01	9.1690309e-02	1.3262734e-01	2.6000860e-01	-2.6180786e-01	2.2879095e-01	1.0696988e-01	-1.1917000e-01	-3.7877023e-02	-2.1720752e-01	-9.4099350e-02	-1.2092418e-01	2.6559305e-01	1.3647401e-01	-1.9051185e-01	3.6941171e-01	3.0112025e-01	-5.7837885e-02	-7.9726569e-02	1.0588744e-01	-3.1224328e-01	-1.4626464e-01	8.2673123e-03	-2.5526845e-01	-1.2728064e-01	-1.6730607e-02	9.1371022e-02	6.4055227e-02	5.5496272e-02	-4.4177562e-02	1.2607054e-01	9.0415619e-02	-2.3273730e-01	5.7054263e-02	-3.9076041e-02	1.1874485e-01	2.3624237e-01	-9.8612286e-02	8.1727304e-02	-2.7296743e-01	8.4986128e-02	-1.9226483e-01	-1.2230676e-01	3.3653025e-02	5.6513190e-02	1.3321966e-01	-2.5153643e-01	2.3628819e-01	-2.9293427e-01	-9.9909857e-02	1.2025844e-01	-9.4257362e-02	-1.2040319e-01	2.4301597e-01	7.9534769e-02	-9.1842942e-02	-3.1288734e-01	9.7696185e-02	-2.5868908e-01	-1.4993380e-01	1.4361107e-01	2.3763004e-01	3.0519080e-01	2.1005586e-01	1.6053262e-01	-2.4982300e-01	-1.3159432e-01	-2.0944664e-01	7.2859392e-02	2.2433022e-01	-3.3336052e-01	-2.7124277e-01	-4.2285416e-02	-3.0232811e-01	-2.4476263e-01	3.0551597e-02	-3.0141741e-01	-6.6459745e-02	2.0687219e-02	1.9704510e-01	-1.9581001e-01	1.6509116e-01	-1.4920564e-01	-8.6886749e-02	-6.6527158e-02	1.1737975e-01	3.2818022e-01	1.8023244e-01	-3.6732128e-01	-3.4428418e-02	-2.6414618e-01	1.1533914e-01	1.6582023e-01	1.1293972e-01	-1.6719675e-01	-2.0590873e-01	-2.1930444e-01	2.4757944e-01	-2.8150636e-01	-9.7231865e-03	-1.1086023e-01	-1.6399531e-01	1.3340467e-01	-2.0018867e-01	2.6459306e-01	2.0923012e-01	-9.8119065e-02	2.9890564e-01	8.0160715e-02	-3.0682686e-01	1.2595755e-01	2.1478881e-01	9.1530971e-02	-2.0433290e-01	-1.0862567e-01	3.1668735e-01	1.4032435e-01	-2.8649795e-01	2.0316614e-01	-1.2832826e-02	-4.8996009e-02	-1.2400033e-01	-1.4565171e-01	1.2699430e-01	2.1639867e-02	-2.5760075e-01	-3.1010816e-02	-2.0715573e-01	-2.9479060e-01	-1.2920739e-01	-1.1428170e-02	2.4124992e-01	1.6201806e-01	-8.8601902e-02	1.4947316e-01	2.7379087e-01	1.9471023e-02	1.2730911e-01	1.5407218e-01	7.6025955e-02	2.8130865e-01	1.9925857e-01	2.3267430e-01	3.6118561e-01	1.9735427e-01	2.3792584e-01	9.7101256e-02	-2.0584689e-01	1.2566134e-02	8.4301770e-02	-2.8184634e-01	2.3210825e-01	8.4054703e-03	-1.5463920e-01	-3.0168974e-01	-1.1279367e-01	-2.2082312e-02	9.8002896e-02	1.7505260e-01	-2.2679162e-01	-1.8519354e-01	-1.3777891e-01	1.2070452e-01	-4.4883847e-02	-9.0814248e-02	1.7829359e-01	1.8095084e-01	-1.6483633e-01	4.0543262e-02	-2.3167813e-01	2.1255329e-01	2.8100202e-02	1.1113779e-01	-1.3899899e-01	1.2312929e-01	1.2582564e-01	-1.4695275e-01	2.0140630e-01	1.0885154e-01	-2.5427556e-01	-5.0715476e-02	2.0539579e-01	-1.3401896e-01	8.5545279e-02	-1.4521293e-01	1.5651816e-01	-2.8175411e-01	-2.0560396e-01	-7.9229824e-02	1.6520455e-01	1.2896043e-01	1.9774367e-01	-2.7389264e-01	2.1055280e-01	-2.4988464e-01	-2.3710200e-01	-1.4755149e-01	-2.1251746e-01	-6.3011289e-02	7.3362418e-02	-1.1918227e-01	8.0488242e-02	9.2607811e-02	4.6646096e-02	1.3778740e-01	-1.7272949e-02	-2.3635291e-01	-3.3727020e-01	-3.6966923e-01	-2.4361053e-01	1.4702720e-02	1.1950585e-01	1.0583963e-01	5.0129816e-02	-2.4454866e-01	-2.6814932e-01	2.4267414e-01	1.4255711e-01	-8.7514095e-02	2.3233795e-01	-4.7809880e-02	-8.0295652e-02	9.7481035e-02	2.8023988e-01	-3.0592728e-01	2.6798749e-01	-6.2636733e-02	1.0682547e-01	-2.1008046e-01	-9.7339764e-02	7.5802498e-02	-1.1638814e-01	-1.5373920e-01	-3.4866616e-01	3.4546411e-01	2.7282035e-01	-1.2204296e-01	-1.6946204e-01	-2.1309683e-01	3.0206564e-01	6.0104202e-02	1.2238751e-01	-3.0548382e-01	2.1514688e-01	-1.0025942e-01	-1.7771588e-01	-1.4577213e-01	-5.8168948e-02	9.7646005e-02	1.9786659e-01	1.7169774e-01	2.0577390e-01	-3.5294095e-01	-1.3297302e-01	1.6195388e-01	3.1897090e-02	1.3398525e-01	-1.9236508e-01	-3.1308475e-01	3.3045352e-02	7.5451739e-02	-4.4941291e-02	1.0887448e-01	-9.1874257e-02	-6.9012836e-02	4.7218621e-02	-3.4554386e-01	-2.8150269e-01	3.0415973e-01	1.2214356e-01	8.9368261e-02	-6.3686080e-02	-2.4251430e-01	-7.7741742e-03	4.5886719e-01	3.1739497e-01	-5.5859085e-02	-2.5974777e-01	-3.5636737e-03	-1.8787627e-01	3.7516996e-02	1.4621264e-01	9.3209118e-02	1.7432272e-01	1.8977474e-01	-9.8371739e-04	-2.0911068e-01	-7.9282105e-02	-9.7444408e-02	2.6182512e-02	3.0094996e-01	8.6078085e-02	8.4191881e-02	3.3772096e-01	2.7063122e-01	1.5721610e-01	2.3540923e-01	-2.2362870e-01	-1.5768133e-01	-1.8082015e-02	9.3267158e-02	1.9781555e-01	1.4671183e-01	2.2493258e-01	6.1978856e-03	2.0450614e-01	1.9230649e-01	1.4205604e-02	-1.2373786e-01	1.9481900e-01	-1.1021738e-01	-1.5607694e-01	-2.4077857e-01	4.1310191e-03	1.5109421e-01	-2.3749016e-01	-2.6540846e-01	-7.2670892e-02	1.8733700e-01	-2.5514016e-01	2.7497279e-02	1.3461801e-01	-1.9457535e-01	1.6697764e-02	-1.7178752e-01	3.4879308e-02	3.1886514e-02	-1.5931256e-01	2.3187938e-01	-1.6647652e-01	-5.4196902e-02	8.8372953e-02	1.0074148e-01	-2.2519219e-01	4.4365760e-02	-9.1544688e-03	-7.7324241e-02	-2.8996524e-01	1.6905535e-02	-1.1282091e-01	3.7711505e-02	-1.0660592e-01	3.4449169e-01	-5.3464428e-05	-1.3825467e-01	2.6977971e-01	1.8321866e-01	7.9980582e-02	-3.5562705e-02	2.9830793e-01	2.6123556e-01	-2.7502218e-01	1.2992130e-01	1.3620549e-01	1.9543231e-02	2.5617835e-01	2.9669154e-01	2.2348015e-01	3.9473230e-01	2.7246651e-01	1.0783786e-01	-1.2617946e-01	3.1936345e-01	-4.6332963e-02	-1.6819246e-01	8.0489919e-02	-2.7179590e-01	-6.2402476e-02	-1.0241260e-01	-1.1410988e-01	3.5432279e-03	-4.6581738e-02	-7.3976085e-02	-1.2378065e-01	2.4860843e-01	-3.1230825e-01	-3.6296163e-02	-7.3459223e-02	-1.4623530e-01	-1.7570727e-01	-6.2111683e-02	2.2724749e-01	-5.8670815e-02	4.7387309e-02	-2.4824041e-01	-1.8157020e-02	8.0105014e-02	1.5565506e-01	2.5881550e-01	-2.2790512e-01	3.9383370e-02	-2.1446764e-01	3.7822336e-02	-9.3300603e-02	-2.4256641e-03	-2.7531973e-01	1.1227658e-01	1.8373400e-01	3.7086677e-02	-7.8609318e-02	2.0823058e-01	-1.4730424e-02
3.4428057e-01	1.0569515e-01	-5.1110345e-01	-4.6706546e-02	-3.7484208e-01	-1.9972371e-02	-8.9359634e-02	-4.0232852e-01	-3.4119940e-01	-2.2330633e-01	3.2806039e-02	-2.2684906e-01	-2.3259604e-01	2.3494710e-01	-3.0277571e-01	-2.9340488e-01	9.3190372e-02	-1.7671399e-01	-1.4373162e-01	2.4490291e-01	-3.6925498e-01	-1.8445548e-01	5.9866957e-02	2.3829682e-01	2.8924224e-01	1.0861138e-02	-1.5089701e-01	2.9737180e-01	1.1120070e-01	-3.6866513e-01	1.1881243e-01	1.9712099e-01
