9
input	19
dense	32
relu	0
dense	32
relu	0
dense	32
relu	0
dense	1
linear	0
7.999999979801942e-06
-5.5566471e-02	-1.1645872e-01	-1.2226786e-02	7.3202655e-02	5.7835605e-02	-1.0790942e-01	-3.2435056e-02	-7.8520931e-02	-9.7704343e-02	-2.3595508e-02	-8.3271943e-02	0.0000000e+00	-5.8008853e-02	-9.2742927e-02	6.0791340e-02	1.9801091e-02	-2.7567524e-02	1.0156908e-01	2.5416503e-03	5.6851998e-02	2.1529701e-02	3.1274285e-03	-1.1116090e-01	2.4732446e-02	1.0013300e-02	-1.5440589e-02	3.1180706e-02	2.8360805e-02	-4.0592294e-02	1.0806058e-02	-3.5383813e-03	3.8055845e-02
4.3915198e-03	-6.0755488e-02	1.0322956e-02	0.0000000e+00	-2.9149983e-02	1.3738183e-02	9.7647225e-03	1.4958977e-02	2.5395539e-02	9.2490241e-03	6.3529112e-03	-6.4971358e-02	1.0606676e-02	1.2540080e-01	-3.3376266e-03	1.2685392e-02	-4.3592863e-02	4.1831058e-02	-5.3289916e-02	-3.8403839e-02	1.2792023e-02	2.8436468e-03	7.1495079e-02	-6.1809905e-02	1.0417319e-01	9.1226241e-03	-1.3430934e-02	2.1582216e-02	7.8657009e-02	2.8040987e-02	-1.0037336e-02	-4.6071974e-03
-3.9110728e-02	2.0272102e-02	2.5089858e-02	2.1968197e-02	3.2915242e-03	6.0212247e-02	-4.4624191e-02	-2.8069088e-02	-2.0541111e-02	-4.3631937e-02	1.1235481e-02	1.2085618e-02	-1.0782506e-02	-3.4361880e-03	-6.6404350e-02	-3.5830148e-02	5.6571882e-02	-4.1585583e-02	7.2420998e-03	-4.6764795e-02	1.2042907e-02	5.4051146e-02	1.6075223e-03	4.4848520e-04	4.6479687e-02	-5.7871025e-02	1.1690659e-02	-4.4030625e-02	-4.1093496e-03	-2.8616367e-02	-4.6482679e-02	1.0294106e-01
2.9620832e-02
5.3285068e-01	2.2525181e-01	2.7654305e-01	-3.0069888e-01	-2.7712506e-01	-9.5274271e-03	2.6036471e-02	-1.5273232e-02	1.8230166e-01	-1.0021935e-01	7.2787300e-02	4.4254595e-01	6.4234696e-02	4.6436034e-02	2.6329395e-01	2.4099383e-01	-1.4973018e-01	9.7401363e-01	1.3241115e-01	-8.1207193e-02	3.0754951e-01	3.5732785e-01	-1.9610049e-01	-2.9584491e-01	-2.5390553e-01	1.4514486e-01	-3.2166424e-01	-1.1026241e-01	2.6472801e-01	2.0997467e-02	-1.9323222e-02	-2.7715278e-01	3.7345305e-02	5.7340048e-02	-8.8153571e-02	4.8156511e-02	1.1298533e-01	8.4407550e-01	-6.9948175e-04	4.1470617e-02	-7.2526053e-02	-1.6893201e-01	3.7068394e-01	-1.1540937e-01	9.1266781e-02	-4.9878802e-02	-1.7152438e-01	-5.7226222e-02	-4.2793632e-02	7.5458154e-02	1.3216746e-01	-5.7176054e-02	1.0397286e+00	-2.6809527e-02	-5.2150231e-02	-3.8322657e-01	-5.3649557e-01	1.5389661e-02	1.0487150e-01	2.1078793e-02	4.7103815e-02	-7.6482996e-02	-2.3109807e-01	-5.0441034e-02	-1.6116813e-01	3.2967630e-01	1.8497571e-01	-7.6940812e-02	4.7764454e-02	-1.4169495e-02	-2.1072526e-02	9.1791637e-02	-1.5757801e-01	4.3375507e-01	1.8166704e-01	-1.8398330e-02	2.4774057e-01	-1.9278803e-01	5.4461587e-02	2.2181831e-01	-3.4360196e-02	-5.1763188e-04	-1.0754086e-01	5.2358210e-02	-8.8778101e-02	-3.7886590e-02	3.6188982e-02	-3.8945142e-02	-3.6262996e-02	-4.4134483e-02	-2.8335524e-01	-1.2055206e-01	-2.3728536e-01	6.4178622e-01	-4.0482673e-01	-2.4038602e-01	-4.7052681e-02	2.0433390e-01	-2.7820265e-02	-2.2001702e-01	1.2569875e-01	2.5506833e-01	-2.9152107e-01	-1.4108124e-01	2.7605852e-01	2.6367126e-02	-1.4519374e-01	-1.2363620e-01	1.7895843e-01	-9.2742696e-02	-8.1002943e-02	4.6236005e-01	-2.1878805e-02	-1.1562727e-01	-3.0725593e-02	1.8004991e-01	3.0956823e-01	-9.0955213e-02	1.2510829e-01	-4.7591876e-02	2.1504138e-01	-9.6181333e-02	-4.6742529e-02	-7.7448279e-02	5.5448175e-03	2.2430718e-01	-1.1438189e-01	-5.8586851e-02	4.3259120e-01	3.6554593e-01	1.8240444e-01	1.7341996e+00	-1.3286678e-01	-3.0347469e-01	1.0258696e-01	-1.1781803e-01	2.5715163e-02	1.8731835e-01	-7.9536261e-03	-8.6940691e-02	6.4567059e-02	4.0365119e-02	-1.0758965e-01	-1.8423118e-01	9.5681116e-02	-3.5187826e-02	-9.3389288e-02	1.9269532e-01	-1.4942504e-01	4.6846822e-01	-1.4151174e-01	4.4801973e-02	-1.4150099e-01	1.1466577e-01	4.5322057e-02	2.4514778e-01	-2.8381649e-01	-1.6290377e-01	1.5100539e-02	2.7272427e-01	-4.9058095e-02	1.2822494e-01	-1.1620206e-01	1.3020368e-01	-3.8374510e-02	4.5847178e-02	6.3243169e-01	-2.3843245e-01	2.2934837e-02	-8.4239967e-02	-1.0330838e-01	-1.9918045e-01	2.8924158e-01	-5.5983115e-02	-1.4764600e-01	2.5901359e-02	-2.1116956e-01	-1.0792276e-01	6.7993321e-02	1.7593424e-01	5.1462423e-02	-1.3998523e-01	-2.0029711e-02	-2.2499055e-01	2.0680536e-01	2.4530001e-01	-2.2022536e-02	-6.3035828e-01	-1.1064035e-01	2.3543184e-01	-1.0988791e-01	-1.3705139e-01	-2.4848364e-01	-5.5569373e-02	-2.4467348e-01	2.1413197e-01	-2.8113467e-01	8.8865735e-02	3.4610724e-01	8.0951668e-02	2.3332894e-01	-1.3389929e-01	-1.5021734e-01	5.3599022e-02	-1.4113580e-01	-1.0908843e-01	3.2377389e-01	8.1737109e-02	1.4679562e-01	1.9280136e-02	-2.0893162e-01	3.1193271e-01	5.6437910e-02	-2.8299132e-01	-1.9247198e-01	-7.4344695e-02	1.5080395e-01	6.0712963e-02	8.6859405e-02	1.7162380e-01	-2.4131715e-01	3.3751097e-01	-9.9174082e-03	-1.5818554e-01	2.9816911e-01	1.4315382e-01	2.6838621e-01	-1.9642892e-01	-2.5217885e-01	-7.2406799e-02	2.6055632e-02	-4.1604578e-01	-2.8477664e-04	-2.4103656e-01	1.3569038e-01	2.1416321e-01	3.2647389e-01	2.7084270e-02	-2.7445295e-01	2.4402469e-01	1.8932417e-01	-2.8832376e-01	2.7221143e-01	-1.9485903e-01	1.4546846e-01	-1.0523807e+00	7.2941059e-01	-4.5431677e-01	-1.1416877e-01	-2.4196006e-01	1.0050633e-01	-6.5539546e-02	-3.5305479e-01	-4.0625045e-01	-3.4374729e-01	-1.6346516e-01	-1.6799296e-01	1.8561468e-01	-2.1794269e-02	-2.5639638e-01	-3.4885682e-02	2.5488061e-01	1.4035040e-01	8.0900691e-02	2.7827463e-01	3.9478162e-01	-1.0861232e-01	5.0285261e-02	9.9921025e-02	-1.1308476e-01	1.3135242e-01	1.0728288e-02	4.4352558e-02	2.1245222e-01	-2.9282352e-01	-1.0977848e-02	-7.1196087e-02	6.0923997e-02	-3.9559864e-02	3.8649473e-02	-1.6967556e-02	-6.7408957e-02	4.3618187e-01	1.8963685e-02	-3.6946971e-03	1.8245462e-01	-1.2595294e-01	9.3476042e-02	6.5993391e-02	-1.0594752e-01	9.6116975e-02	-1.7978141e-01	-1.5756801e-01	-1.0527452e-02	1.2782018e-02	3.6848435e-01	2.3209099e-01	2.3723364e-01	2.2045872e-01	1.4003025e-01	2.9692423e-01	1.0408884e-01	-5.4470277e-01	-1.3138390e-02	1.0421851e-01	1.4051443e-01	8.4628411e-02	-1.7547189e-01	-2.3851082e-01	3.3042333e-01	-1.3457152e-01	-1.4315647e-03	-1.3136321e-01	3.1171149e-01	2.4654146e-01	1.5404691e-01	2.4893465e-02	-1.1422841e-01	-5.0196350e-01	-7.0986941e-02	3.0069133e-02	4.2224568e-01	-1.1344949e+00	7.7917553e-02	-9.4518475e-02	-1.8125899e-01	-4.4164032e-01	-4.4652522e-01	-3.0929917e-01	-1.3410419e-01	2.1861152e-01	4.1408226e-01	-1.4649503e-01	9.4453029e-02	9.9006191e-02	-7.1204856e-02	-1.5334180e-02	-2.3467146e-01	1.0072362e-01	2.1853893e-01	-3.8803574e-01	3.9923868e-01	9.6283644e-02	-1.9862393e-01	-7.7398390e-02	2.5854727e-02	-1.0520431e-01	-5.5242606e-02	2.7782148e-01	1.9974419e-01	2.5752271e-02	3.6693174e-01	3.9140742e-02	-9.6470110e-02	5.3026564e-02	1.8176223e-01	7.6529640e-03	-1.7727332e-01	-1.1998880e-01	3.2610601e-01	6.0432047e-01	2.9085544e-01	9.3788110e-02	-2.5283617e-01	-2.5465587e-01	1.2859915e-01	1.0710792e-01	-3.8344139e-01	3.1367826e-01	2.5129789e-01	-1.3464653e-01	-1.2197138e-01	1.7641488e-01	-8.4629163e-02	2.7089614e-01	1.5336309e-02	7.6890014e-02	8.4590018e-02	-1.0507008e+00	2.9669777e-01	6.0752898e-02	-4.4017203e-02	-6.1586991e-02	-1.2746668e-01	-8.4794484e-02	-4.7661588e-02	1.6029383e-01	2.1651450e-01	-3.7096345e-01	-2.4877916e-01	2.9141003e-01	-1.0157238e-01	-1.5805744e-01	1.3668205e-01	-7.0430979e-02	1.4136502e-01	1.8218163e-01	5.5441129e-01	4.4821560e-01	-9.6811995e-02	-3.0677855e-01	-1.4091840e-01	-2.0783371e-01	5.8651999e-02	-6.6617250e-02	-1.2307597e-01	1.4806102e-01	-1.3779916e-01	-1.7168330e-01	-4.2302079e-02	1.6382451e-01	1.4407134e-01	-2.8811428e-01	2.0028761e-01	1.7952022e-01	-4.8016310e-01	4.1610599e-01	2.5808907e-01	-1.1566727e-02	2.9251504e-01	1.4173613e-02	-2.2156741e-01	-4.0205714e-01	-2.3132727e-01	-5.6523113e-03	-2.2267751e-01	-2.4422348e-01	-1.0461646e-01	2.3444095e-01	-7.3718064e-02	-2.8688005e-01	-1.0647845e-02	-1.2111709e-01	1.6118871e-01	2.6469073e-01	-8.2052164e-02	6.2432599e-01	-1.0654373e-01	7.5338180e-03	-2.3726515e-02	-2.0277466e-01	-1.2989107e-01	-4.6657723e-01	9.4045140e-02	3.6360723e-01	4.4726023e-01	1.4876419e-02	-2.6568476e-02	-7.6125577e-02	3.2330181e-02	1.6601786e-03	4.5197462e-03	4.0708829e-02	1.9469370e-01	-9.7876650e-01	1.7210606e-01	-7.8844540e-02	4.8442057e-01	-1.5267535e-01	-2.5850514e-01	-5.8240198e-02	-1.1534676e-01	3.1527230e-01	2.6085535e-01	8.8828996e-02	-3.2597449e-01	-3.2647300e-01	4.4265729e-01	6.2641562e-03	-5.9706442e-02	1.8800417e-01	1.6197282e-01	2.0124364e-01	-1.5331998e-01	1.8008439e-01	-2.8313020e-01	1.3523866e-01	-7.1511261e-02	-3.5136480e-02	8.9661136e-02	-1.2615873e-01	1.8330112e-01	-1.8578340e-01	1.0885557e-01	9.5537744e-02	5.8270060e-02	1.0600443e-02	1.4811632e-01	-2.9992324e-03	3.4764612e-01	2.8727317e-01	8.0742210e-02	2.9691803e-01	-1.0522681e-01	4.2085823e-02	1.6966669e-01	2.0692530e-01	1.5546666e-01	2.2675154e-01	6.0700703e-02	-2.1359494e-02	1.2614653e-01	-3.2992965e-01	1.2674643e-01	6.7767449e-02	1.3120249e-01	-1.1057506e-01	4.3588094e-02	-6.5432802e-02	-2.6476598e-01	-2.6585382e-01	3.7546712e-01	1.1424070e-01	2.2735965e-01	6.9006912e-02	2.1927718e-02	1.3828750e-01	-2.9155731e-01	-3.2651642e-01	3.3412784e-02	3.8549222e-02	3.4918231e-01	1.2648045e-01	1.0500344e-02	1.5072115e-01	7.4628092e-02	-6.6215724e-02	-1.4364526e-01	-3.3651099e-02	2.8430960e-01	-6.0210615e-01	2.5307727e-01	6.7131296e-02	-1.3477686e-01	1.2831159e-01	3.4482622e-01	8.3511777e-02	2.6494455e-01	2.2355574e-01	-4.5783725e-02	-1.0252234e-01	-5.6343123e-02	-2.2719181e-01	1.5556124e-01	2.2176832e-01	7.0202269e-02	5.0807524e-02	3.6817729e-01	-5.2769665e-02	1.1771847e+00	4.0586215e-01	6.8302609e-02	-2.6747890e-02	5.2547291e-02	-2.4439169e-01	9.0344697e-02	-3.5671088e-01	6.8999238e-02	2.9712537e-01	1.1253190e-01	2.6487216e-01	-6.9758552e-03	6.7186810e-02	2.3647784e-01	-2.8417081e-02	-3.0056852e-01	-4.2837471e-02	-7.9442209e-01	-3.5411051e-01	2.7535540e-01	6.4195348e-03	-1.7661294e-01	2.3501056e-01	1.5572734e-01	3.9847005e-02	-1.1987707e-01	-2.8022572e-01	1.8416713e-01	7.6381631e-02	-6.1552856e-02	-1.1527827e-01	1.8911472e-01	1.0973127e-01	3.2652136e-02	1.6560848e-01	3.4050077e-02	1.9414847e-01	-2.3508556e-01	-9.3519062e-01	6.2196781e-03	-1.3809325e-01	-2.1859673e-01	3.1061953e-01	2.1934594e-01	1.3136014e-01	2.0831333e-02	-6.9830909e-02	-1.7218982e-01	2.0935169e-01	-2.9519377e-03	1.0172153e-01	8.6724795e-03	2.6575359e-02	-1.9857906e-02	3.8596291e-02	3.0661938e-01	9.5119160e-01	-5.1564020e-01
-6.0420465e-01	2.3548563e-01	2.2431181e-01	-2.3192245e-01	-2.5018337e-01	1.2253644e-01	-1.1751936e-01	1.5480176e-01	-1.2713695e-01	1.0697189e-01	-1.9185667e-01	2.2408381e-01	1.9694416e-02	8.5634746e-02	-1.6674513e-01	-1.4664298e-01	2.9724482e-01	2.7831572e-01	1.4813213e-01	2.3734914e-01	4.0612400e-02	-1.1241876e-01	2.9848540e-01	4.3595895e-01	1.4205973e-01	2.3635082e-01	1.5888160e-01	-3.2390764e-01	4.3825783e-02	-5.5141431e-01	-2.3291251e-01	4.9463205e-02	2.8073245e-01	-3.6923785e-02	9.7898446e-02	-5.6105810e-01	2.2521313e-01	1.1310013e-01	5.4535933e-02	4.3827984e-02	1.4641654e-01	2.9181340e-01	-1.1813939e-01	1.2713313e-02	-7.4682280e-02	-6.3267790e-02	-1.7826664e-01	-2.6593497e-01	-7.3147088e-02	4.3914733e-03	2.1744777e-02	-5.3310405e-02	5.3000648e-02	1.1641645e-01	-4.7299344e-02	8.4741719e-02	6.1991069e-02	1.1597787e-01	-6.7982800e-02	-1.3744034e-01	2.0063451e-01	3.2297152e-01	-1.6634697e-02	1.3289571e-01	1.5600532e-01	1.2320058e-01	-1.2219507e-01	-6.2315993e-02	-6.0932753e-03	-1.1938228e-01	-2.9053094e-03	2.0378259e-01	6.4748935e-02	-2.0250428e-01	-2.9889596e-01	8.5380703e-02	2.1631393e-01	-1.4576305e-01	-2.0669597e-01	2.4236174e-02	3.4680482e-02	1.3609755e-01	-2.3913476e-01	3.1720546e-01	-1.9473191e-01	1.2663418e-01	-1.6075363e-02	-2.6750660e-01	-1.4690189e-01	1.0612306e-01	-3.3312276e-01	-2.4039938e-01	2.0517996e-01	-7.7833913e-02	3.4939286e-01	8.3016127e-02	-2.5568208e-01	-2.9525617e-01	-1.9669566e-01	-1.2030371e-01	-6.1953902e-02	-4.5035750e-02	7.9075515e-02	-6.0173720e-02	-9.1518521e-02	1.3622162e-01	-2.9052368e-01	-1.6096950e-01	-1.5308340e-01	-1.4876127e-01	-9.2230558e-02	2.7685890e-01	-2.0044875e-01	1.2449801e-02	-1.8322954e-01	1.7808163e-01	-2.3934954e-01	-2.6561248e-01	2.3371580e-01	6.7319959e-02	-1.4980298e-01	-1.6686137e-01	-1.4464083e-01	-6.7750439e-02	3.4677565e-02	-1.8488169e-02	1.2731552e-04	-2.5034034e-01	-3.1514490e-01	1.7454776e-01	-1.3222001e-01	-1.9866879e-01	1.7042583e-01	1.0318887e-01	-1.4472781e-02	-2.6382320e-02	1.6574652e-01	2.2287583e-01	1.1804938e-01	2.0212880e-01	2.7019992e-01	7.6678857e-02	-2.9656258e-01	2.1113676e-01	6.3939609e-02	-6.5254390e-02	-1.3608982e-01	-1.1162307e-01	-4.9253523e-02	-9.7195812e-02	-2.0642497e-01	2.9653308e-01	-1.1817976e-01	9.4038449e-02	2.6179248e-01	2.3094551e-01	3.7491284e-02	-2.9369003e-01	4.3121779e-01	-3.7540939e-02	-1.5597028e-01	-2.2558169e-01	-1.4485075e-02	-2.2837888e-02	3.5472107e-01	3.4691113e-01	-2.1786964e-01	1.0397390e-01	-1.5539885e-02	3.2446709e-01	8.6119615e-02	1.8860063e-01	-2.7510583e-01	-1.9693282e-01	-2.0760117e-01	2.5181448e-01	1.1171513e-01	-2.3879838e-01	-9.6802630e-02	-2.2797114e-01	3.4114337e-01	1.8330379e-01	-1.7855047e-01	-1.0618660e-01	3.3495802e-02	-5.6403238e-02	1.8661594e-01	-1.8286324e-01	-3.0829659e-01	-4.7184471e-02	1.6056865e-01	1.9628465e-01	4.8450920e-01	1.7555732e-01	-4.4079810e-01	-1.0973352e-01	-1.0887614e-01	-2.6580361e-01	4.0193650e-01	-2.1895559e-01	-1.8091725e-01	-1.2480262e-01	2.5066030e-01	8.6190134e-02	-7.5570397e-02	-6.1001140e-03	-2.6696490e-02	-1.9780353e-01	2.9514033e-01	3.3468851e-01	1.1793485e-01	3.3874491e-01	-2.0045155e-01	-1.5274650e-01	3.4160032e-03	2.3182212e-01	-6.0817797e-02	9.4000600e-02	1.5615504e-02	4.2659596e-02	-7.0105754e-02	-2.7488181e-01	-1.7242298e-01	2.2403659e-01	1.6697203e-03	2.0227946e-01	-4.3117780e-02	5.9138224e-02	-1.7372994e-01	2.3336905e-01	2.3526084e-02	1.8029732e-01	-2.5593111e-01	4.5985304e-02	2.3708014e-01	1.8103251e-01	1.6412659e-01	2.7637455e-01	2.4895011e-01	2.0460701e-01	-3.1212234e-01	2.0539710e-01	-1.2995076e-01	-1.5452531e-01	4.3306658e-01	-1.0592932e-01	1.1207696e-01	1.9626817e-01	1.6212761e-01	-2.1321590e-01	1.7140858e-01	-1.5352400e-01	-3.5262942e-01	1.6117951e-01	2.0629022e-01	-1.5879853e-01	-2.8933097e-02	8.9140177e-02	1.1029287e-01	-7.4500889e-02	-1.3874075e-01	2.8475967e-01	2.5099197e-01	5.6556527e-02	-2.1893139e-01	3.5788622e-02	2.3524204e-01	4.2876095e-02	8.5525587e-02	3.2803646e-01	1.3856421e-01	-6.9703445e-02	2.6379624e-01	1.6434963e-01	1.0964835e-01	2.3819500e-01	8.9000426e-02	-8.1271537e-02	-1.2734264e-01	3.6364320e-01	-7.3281966e-02	-9.0392120e-02	-2.8598207e-01	3.6664292e-01	-2.8362590e-01	-1.7598243e-01	1.6223015e-01	2.4365384e-02	-8.4632605e-02	-5.9947705e-01	-4.0669227e-01	-2.5704888e-01	2.1028429e-01	-7.1826898e-02	-4.6839315e-01	2.0007843e-01	1.2769520e-01	-2.2533655e-01	-9.6987970e-02	8.3876759e-02	7.7894054e-02	-3.7392169e-01	1.6620134e-01	1.2201730e-01	-5.8609402e-01	-2.8540596e-02	-1.3957927e-01	-5.9408121e-02	-1.3813786e-01	2.4551289e-01	3.2492512e-01	3.4138566e-01	1.8753791e-01	-2.7061296e-01	-2.2709104e-01	1.6613987e-01	-2.8966111e-01	-3.1981966e-01	8.5096508e-02	2.9035259e-02	-3.3462396e-01	-3.0919439e-01	-6.5618053e-02	-1.4107321e-01	-3.6228043e-01	3.2946864e-01	-1.8339111e-01	-1.1892521e-01	1.4821313e-01	9.3290053e-02	1.9708166e-01	-7.2705641e-02	1.0727068e-01	1.1075246e-01	2.2805209e-01	-8.3286241e-02	-2.6986578e-03	2.3836267e-01	-2.6778707e-02	4.5542996e-02	-2.1688719e-01	-1.7402607e-01	3.8350891e-02	1.7388019e-01	1.5529050e-02	2.5278252e-01	1.9469485e-01	-6.3099921e-02	-4.7696561e-01	-1.1340558e-01	-1.8212327e-01	2.0058039e-01	-7.9000181e-01	3.1081858e-01	-4.6469915e-01	-1.9908960e-01	-2.5960600e-01	-3.0454201e-01	1.3840905e-01	1.4276187e-01	2.8492558e-01	-6.4795214e-01	1.1678482e-01	-1.3781412e-01	1.4166251e-02	2.7854136e-01	2.2729373e-01	1.2024686e-01	-1.4758486e-01	4.8166201e-01	-2.2847943e-01	-1.2311354e-01	-2.7019419e-02	-3.8882583e-01	1.5278469e-01	4.3156660e-01	2.1646148e-01	-1.9961983e-01	-2.7790323e-01	3.9234012e-01	-6.6819298e-01	-4.0302345e-01	-1.2503389e-01	-3.5166049e-01	-2.6195273e-01	2.6016679e-01	3.0539504e-03	1.3785577e-01	-1.1061461e-01	4.8415679e-02	4.7833238e-02	2.7790034e-01	4.4725560e-02	-1.7464972e-01	3.2795039e-01	2.3039460e-02	3.3941242e-01	1.1096655e-01	1.3573298e-01	2.1614847e-01	6.6255763e-02	8.4587954e-02	8.5081577e-02	1.0839563e-01	-5.4520827e-02	-1.2755089e-01	1.4659025e-02	2.1945713e-01	2.8387427e-01	-1.4627297e-01	1.7492290e-01	3.4481958e-01	5.0694388e-03	-2.9604122e-01	-1.9853491e-01	9.6918764e-03	1.2624802e-01	-3.6005065e-01	-2.2062542e-01	-2.0206177e-01	6.1315309e-02	-7.1757012e-03	-3.7210181e-01	-8.7574571e-02	-2.3238763e-01	4.6308931e-02	4.1657576e-04	6.2789917e-02	-2.9088331e-02	-4.9552713e-02	1.8502958e-01	1.7442296e-01	-1.0900050e-01	1.3052295e-01	-4.2967373e-01	-1.1283512e-01	1.0024591e-01	-7.0445873e-02	3.1019539e-01	2.6231468e-01	-1.3480626e-01	1.5931241e-01	-3.5055417e-01	-1.6808130e-01	2.1050352e-01	-2.4447745e-01	-2.5794107e-01	-3.1784192e-01	-6.1649006e-02	2.7230144e-01	-2.2099896e-01	-2.3480344e-01	1.7959458e-01	-2.9082781e-02	2.3002306e-03	1.7573036e-01	-1.2255123e-01	2.6528323e-01	2.9083055e-01	4.8164248e-02	2.6128003e-01	2.5998870e-02	-2.7722725e-01	1.0640615e-01	-3.9290810e-01	4.4918939e-01	-1.6287199e-01	1.0551026e-01	-2.6749137e-01	-1.2681508e-01	-1.7433827e-01	3.1943965e-01	-7.5746551e-02	-2.2995019e-01	1.1339788e-01	1.4801414e-01	-1.8515669e-01	2.3063965e-01	3.6587866e-03	-2.9466525e-01	1.9281040e-01	-3.1127021e-01	2.0968494e-01	-2.2675642e-01	-1.2736386e-01	1.8643935e-01	2.4121571e-01	-5.1782496e-02	1.3757272e-01	-2.3453546e-01	2.2104396e-01	-1.4114410e-01	9.3123950e-02	-1.5032594e-01	-1.9214825e-01	2.9736532e-02	-1.5819076e-02	8.7362386e-02	3.0231075e-02	-1.8088865e-03	5.1429067e-02	-2.1426329e-01	-3.2921484e-01	2.5305095e-01	5.0310093e-01	2.8306076e-01	-3.4055617e-02	-1.6456592e-01	-2.3391929e-01	1.2350245e-01	2.6950404e-01	-1.6662908e-01	-3.6302084e-01	-3.4337664e-01	-1.7819473e-01	-2.7091518e-01	-4.4738117e-01	-1.7129809e-01	-1.2731525e-01	1.3093176e-01	1.4382210e-01	-1.4986058e-01	2.8447369e-01	-1.2704012e-01	-1.5248464e-01	-1.0942970e-01	6.0630899e-02	-2.1774779e-01	-4.6218073e-01	-2.3275234e-01	1.4483956e-01	-3.0406183e-02	2.8453976e-01	-2.6399109e-01	-4.8611051e-01	-2.0739856e-01	4.8536792e-01	-2.8722894e-01	1.4913578e-01	-1.6415548e-01	2.5156042e-02	1.9733265e-01	-3.5284647e-01	3.4824431e-01	4.5067858e-02	-3.6300488e-02	-1.6450030e-01	2.9794624e-01	1.8879969e-01	2.5903296e-01	1.5138720e-01	-3.8767733e-02	1.2942274e-01	-5.1909141e-02	6.0994394e-02	1.1311424e-01	1.9877578e-01	-1.8937078e-01	3.2695928e-01	-3.2281935e-01	3.1659547e-02	4.7393296e-02	-1.5877295e-01	1.4933553e-01	3.6356631e-01	-1.4817128e-01	1.6071677e-01	3.9617407e-01	-7.3111743e-02	8.1733041e-02	-1.8798777e-01	8.5386455e-02	6.0829908e-02	4.2323314e-02	2.2069670e-01	-3.0587909e-03	-9.4521970e-01	-5.1896906e-01	-1.5742151e-02	2.0193991e-01	-1.4015631e-01	2.5185350e-01	-2.8870342e-02	-1.1249078e-01	6.5050639e-02	-2.2567333e-01	2.0682730e-01	-2.9936397e-01	-1.6207995e-01	-8.3963335e-02	3.5715115e-01	1.6946232e-02	-1.6469239e-01	-6.0448021e-02	-4.8545372e-01	-2.2663067e-01	1.4894558e-01	-5.8908485e-02	-3.1145948e-01	-5.0995195e-01	9.9488936e-02	1.1791973e-01	-1.5523261e-02	-1.1480075e-01	-3.4769937e-01	2.3359048e-01	4.8997343e-01	3.5041991e-01	-4.9617565e-01	9.7811297e-02	-3.9522430e-01	-1.8546477e-01	1.2428285e-01	1.0562149e-01	-2.0828897e-01	2.3824607e-01	-1.7156711e-01	-2.6451907e-01	-1.6091475e-01	1.7209464e-01	-2.9977757e-01	1.3263074e-01	8.9955792e-02	-1.4476721e-01	-2.7272165e-01	-1.2504826e-01	-1.2274287e-01	5.0955869e-02	-2.5917172e-01	2.8186181e-01	1.7639199e-02	1.8103927e-01	2.9701009e-01	-2.8826818e-01	-2.8995779e-01	-5.4591127e-02	2.2255331e-01	-1.9171122e-01	9.6936867e-02	2.5503591e-01	-2.7510303e-01	-2.6074943e-01	-1.9764608e-01	3.3437559e-01	9.2694297e-02	-2.9746067e-02	-6.1646182e-02	3.4175083e-01	-2.3563536e-01	1.5806915e-01	2.7704060e-01	2.1762130e-01	-2.3411046e-01	2.6767206e-01	3.2911944e-01	1.9012336e-01	2.3352290e-02	-1.8641789e-02	-7.4807838e-02	2.3980039e-01	-1.2226087e-01	-6.1467670e-02	-5.0063111e-02	3.3351231e-01	2.8466785e-01	-2.0912230e-01	-3.9916191e-02	5.9426124e-03	-1.3841430e-02	1.3794932e-01	4.7932185e-02	1.4916611e-01	3.7743610e-01	1.6197032e-01	-1.7597483e-02	-7.8924499e-02	-3.4819894e-02	1.2418985e-02	1.3756049e-01	-2.4628663e-01	-1.6619864e-01	-6.2391106e-03	-1.0545710e-01	-1.5022515e-01	3.2012188e-01	1.9258994e-01	-1.1049092e-01	2.8382701e-01	4.8733197e-02	1.0111568e-01	1.7901938e-01	-9.4841301e-02	-2.0618786e-01	-1.7178172e-01	3.6334127e-01	2.7184319e-01	4.6130782e-01	1.7981455e-01	1.1804316e-01	2.2026427e-02	-2.2034700e-01	-1.0611935e-02	-2.8373900e-01	-2.9226351e-01	-2.7157140e-01	3.1054056e-01	2.1710530e-01	-9.1309391e-02	-1.4110230e-01	2.8644592e-01	2.6575443e-01	-1.9658310e-02	-2.6337136e-02	1.3962181e-01	1.8588331e-01	3.0296668e-01	8.7283596e-02	4.4340394e-02	-1.6678026e-01	-1.3236544e-01	-2.9038736e-01	5.4243663e-03	-5.3951096e-02	-4.9636886e-02	-5.9045978e-02	-8.0585100e-02	4.6080463e-03	-3.4776026e-01	-4.0867719e-01	1.7523666e-01	5.0518841e-01	-1.1395209e-01	-1.9575097e-01	-2.1693309e-01	1.3525435e-01	-2.0569539e-01	-3.1617531e-01	3.3680592e-02	2.3124753e-01	-1.1830926e-01	1.2197995e-01	1.3317788e-01	-1.6789730e-01	-2.8078595e-01	7.3460400e-02	-3.8663369e-01	7.7744708e-03	-2.0680293e-01	4.8403490e-02	3.3949274e-03	1.9086497e-01	2.1843085e-01	4.3262254e-02	-1.1279475e-01	2.2644833e-01	8.1024952e-03	-3.3642006e-01	2.3224367e-01	1.2075540e-01	-2.0994981e-01	2.5316948e-01	-2.3209777e-01	2.5597450e-03	-1.4480130e-02	3.6817959e-01	-3.0343637e-01	6.9346175e-02	-6.3444218e-03	3.2607159e-01	-8.4474422e-02	2.3309165e-01	2.1385044e-01	-2.8587794e-01	3.5526201e-01	7.0937574e-03	-1.8902676e-01	-3.8626707e-01	-4.6839606e-02	-2.7321026e-01	6.1081767e-02	-3.7324703e-01	-4.7866017e-01	4.2549092e-02	1.8061722e-02	-8.7911576e-02	-3.6990750e-01	-3.8997698e-01	-3.1328449e-01	8.8607162e-02	-1.1696141e-01	2.6630268e-01	-5.5935329e-01	-6.6637468e-01	-2.6302159e-01	1.6125254e-01	-4.5380596e-02	-5.5557936e-02	8.3064288e-02	1.9884835e-01	1.2978423e-01	-3.2255176e-02	-8.5645996e-02	-6.9390553e-01	-7.8327879e-02	-8.5386179e-02	-9.7549424e-02	-2.9406324e-01	9.7173497e-02	5.3795759e-02	-1.6410963e-01	-1.6132478e-01	-6.1027244e-02	-7.9383455e-02	-2.9266831e-01	-2.0400938e-01	-3.3070302e-01	-3.5701308e-01	2.6302430e-01	-4.6503391e-02	1.9778579e-01	3.3863258e-01	-3.3938479e-01	4.1574252e-01	4.4376481e-01	7.2367072e-02	-6.7211963e-02	-2.0944613e-01	2.7815819e-01	-7.2675115e-01	-1.2339499e+00	3.2796052e-01	6.2366392e-02	1.8671501e-01	1.8969888e-02	-3.2418644e-01	1.8470721e-01	-7.7522300e-02	-4.0014207e-02	2.8567213e-01	-7.7760838e-02	-1.3961631e-01	3.6677685e-01	-7.9364315e-02	2.2104666e-01	4.0114172e-02	1.7866497e-01	-4.9215418e-01	1.1033782e-01	-2.8249441e-02	1.1793205e-02	4.1286875e-02	3.5660475e-01	-2.9850286e-01	6.2288478e-02	6.3677877e-02	4.3808296e-01	6.8307593e-02	-4.7299713e-02	-1.8663397e-01	1.1844111e-02	1.7568399e-01	1.4094807e-01	5.6101210e-02	-3.6054537e-01	-1.3674347e-01	-1.7856244e-02	2.7210230e-01	-2.7993888e-01	3.1819850e-01	8.6548692e-03	-1.5165859e-01	2.3884661e-01	1.0046235e-01	3.1886381e-01	1.2388171e-01	1.2550157e-01	1.2955618e-01	1.5730910e-01	-2.3784010e-01	-1.4992101e-01	1.3843693e-01	-1.8090408e-01	-1.1012364e-01	2.4105591e-01	2.8338370e-01	1.4334278e-01	2.6448569e-01	-1.1196452e-01	1.1400724e-01	2.9925238e-02	3.1255123e-01	-2.3565689e-01	-4.8273385e-02	3.1380841e-01	-1.7066786e-01	9.7192623e-02	2.9284758e-02	-2.5060853e-01	-6.3447744e-01	2.3522149e-01	-8.9365922e-02	-1.8078555e-01	-4.1057160e-01	-1.7124641e-01	-4.7250498e-02	1.8967427e-02	-2.1800286e-01	-9.7065538e-02	-8.3471738e-02	-4.3592110e-01	-1.8605977e-02	-2.5400639e-01	-5.0927639e-01	2.5760022e-01	1.5417257e-01	1.7336722e-01	-3.6505196e-02	1.3143121e-01	-1.2453871e-01	2.0219769e-01	-1.0429889e-01	-1.3141118e-01	-4.5608062e-02	2.0352355e-01	-9.8335013e-02	-3.4140664e-01	-1.9057123e-01	6.6901684e-02	3.1099078e-01	1.5494861e-01	9.6298531e-02	-4.5065585e-01	2.4490780e-01	-2.0552428e-01	1.0462615e+00	-2.3710530e-01	-5.4729851e-03	-7.8859933e-02	-2.2445555e-01	1.1946005e-01	1.3110565e-02	-3.7526122e-01	-6.0991723e-02	1.3955618e-01	-7.4132502e-02	2.4086539e-01	2.4762823e-01	2.6386172e-01	-2.0632841e-01	-4.1720606e-02	2.3425090e-01	6.1597336e-02	3.0950281e-01	-9.8830685e-02	-2.3186421e-01	-4.1506812e-02	2.3678504e-01	7.7595025e-02	-5.3122348e-01	-5.4789437e-03	4.8865017e-01	-3.3380902e-01	1.8664274e-01	2.6902613e-01	2.7931792e-01	-1.0206449e-01	1.3751456e-01	1.1982078e-01	-1.7125276e-01	-6.9377892e-02	7.2395071e-02	-2.8001308e-01	-3.5854074e-01	-3.5283864e-01	1.5966529e-01	2.1454901e-02	2.8555778e-01	-2.5560972e-01	-3.0998954e-01	-3.9281479e-01	-6.7531919e-01	2.4569316e-02	-4.0533915e-02	-4.6444404e-01	8.9644924e-02	1.8915698e-01	1.0782319e-01	-3.0774844e-01	8.2210287e-02	-1.9996539e-01	2.3696776e-01	1.9088705e-01	-3.0867130e-01	8.0914341e-02	-3.5971704e-01	2.0133190e-01	-3.3131605e-01	-1.2933448e-01	-3.6609367e-01	1.4402308e-01	3.0044718e-02	3.8462471e-02	2.8232127e-01	3.1275153e-02	1.7609142e-01	2.5024498e-01	-6.8760499e-02	3.6414665e-01	-7.0174150e-02	2.9218295e-01	-1.8662390e-01	3.1182384e-01	7.3451161e-02	-9.0121210e-02	3.4167600e-01	2.0665787e-01	2.2153398e-01	-3.9487027e-02	-2.9150137e-01	-3.6116515e-03	-1.0079584e-01	-4.8798707e-01	-8.1810638e-02	-1.3744190e-01
1.1874515e-01	-9.0105064e-02	-2.5643751e-01	1.3363484e-01	1.0844675e-01	-1.8510525e-01	-1.7650470e-01	-2.8821164e-01	-2.8982994e-01	2.3186174e-03	-5.6853417e-02	-1.8345909e-01	3.7535898e-02	-3.0890340e-02	-2.4928108e-01	-8.6906254e-02	-7.1477275e-03	-2.2781277e-01	1.3499346e-01	1.7362222e-01	1.9294512e-01	-2.7859756e-01	-2.4665380e-01	-2.4699129e-01	-3.3833742e-02	-6.4753145e-02	3.1634748e-02	2.0094229e-01	3.8451145e-03	-1.8685344e-01	-1.8830937e-01	1.0642557e-01	-1.0515914e-02	2.4518923e-01	-8.9827619e-02	-8.6078808e-02	-1.6416518e-01	1.5128532e-01	1.2134883e-01	-1.5186492e-01	1.3501442e-02	4.8220884e-03	1.5531436e-01	-3.4176096e-01	-7.7938759e-03	-6.7697518e-02	-6.3463378e-01	-1.0291683e-01	6.9944553e-02	-5.3107250e-02	3.7866998e-01	-1.8821940e-01	2.0375453e-01	-1.8786180e-01	-1.6075625e-01	2.2645079e-01	-4.8564163e-01	-5.3382349e-01	3.8675338e-02	-1.1849200e-01	-3.6473295e-01	-6.5775126e-02	4.9231343e-02	-3.0464858e-01	-1.9538006e-01	-8.2183711e-02	1.6621333e-01	-2.7147779e-01	-1.4561382e-01	4.2278744e-02	1.8694647e-01	1.6240162e-01	-2.0240839e-01	3.7639314e-01	2.0861812e-01	2.3941649e-01	4.7935646e-02	-1.3920756e-01	8.8487215e-02	4.3345165e-02	-1.3617548e-01	1.7535330e-01	-1.0293020e-01	-1.1578886e-01	-1.0572548e-01	-2.4896535e-01	-7.0632368e-02	2.1950360e-01	-1.8714540e-01	4.3596339e-01	-1.0103624e-01	-1.0905492e-01	-1.8410261e-01	5.3036582e-02	1.8749136e-01	8.0398671e-02	4.1079880e-03	-4.6408769e-02	2.3036397e-01	1.4696392e-01	1.4375418e-01	3.4166414e-02	-3.1240734e-01	7.9357944e-02	-1.2584692e-01	-1.0377713e-01	3.5808556e-02	2.7610809e-01	2.2254594e-01	-3.1076053e-03	-1.8365614e-01	-1.7211361e-01	-5.7564052e-03	2.0025298e-01	-1.8561272e-01	-1.6241305e-01	2.5126648e-01	2.7829882e-02	-3.3636186e-01	1.5073721e-01	-4.8867222e-02	2.1903080e-01	-3.8089022e-02	1.2572338e-01	1.1372373e-01	2.2940616e-01	2.3104891e-01	3.7312817e-02	-3.9148387e-02	-1.4113641e-01	-3.6197122e-02	1.9296795e-01	2.0435889e-01	3.8454667e-02	1.9087929e-01	1.7065305e-01	-6.2337704e-02	7.5585075e-02	1.5388948e-01	1.6700631e-02	2.2635828e-01	6.5634504e-02	1.5591159e-01	-2.4616608e-01	-6.1169013e-02	2.5964364e-02	1.8602556e-01	-2.6560947e-01	-1.7052944e-01	3.8316935e-02	-3.8794193e-02	-1.2668334e-01	2.6713848e-01	-1.1299359e-01	6.7218415e-02	1.4981519e-01	1.8740363e-01	-4.5483168e-03	-3.7475380e-01	2.2800113e-01	1.3693734e-01	-2.9736149e-01	1.2667213e-01	1.6304177e-01	-1.5247257e-01	-8.8365942e-02	1.8560047e-01	1.7057513e-01	2.0161353e-01	2.8408426e-01	2.0464164e-01	2.9176995e-01	7.5779348e-03	-2.4001621e-01	-2.9604265e-01	-2.5947776e-02	5.6497667e-02	1.6525136e-01	1.7262703e-01	-2.5358856e-01	3.1787169e-01	7.5178519e-02	2.2304387e-01	2.1031781e-01	-3.7251610e-02	2.9816496e-01	-1.7803487e-01	-2.7473646e-01	8.1797801e-02	1.3493815e-01	-3.6204744e-02	2.4785502e-01	-3.2087636e-01	-5.0502352e-02	-1.9263062e-01	1.5874234e-01	-2.3806262e-01	1.8788631e-01	1.5165275e-01	-2.1460697e-01	-9.6269213e-02	5.2549072e-02	-1.2763891e-01	2.1400632e-01	-1.8039906e-01	-1.3738053e-01	-1.5931231e-01	1.3462111e-01	-1.1975577e-01	-1.6180037e-01	-2.1110532e-01	-2.2561479e-01	1.3060068e-01	3.9923642e-02	6.5958805e-02	-4.7753107e-02	8.2809210e-02	2.2156608e-01	-2.2462353e-02	9.8673638e-04	-2.9516309e-01	1.3650845e-01	2.0125426e-01	2.4305703e-02	3.7140864e-01	-1.2330608e-01	-6.0625412e-03	1.1239231e-02	-1.3949157e-01	-2.9476163e-01	3.4008020e-01	-2.1691401e-02	5.7019491e-02	5.5732716e-02	1.4676932e-01	2.6111296e-01	1.4668827e-01	3.1317669e-01	2.2456720e-01	1.5816678e-01	-5.0407529e-02	-2.2849990e-01	-3.9709616e-01	-7.0443146e-02	7.5261533e-02	2.2152353e-02	1.5654074e-01	1.8875773e-01	8.7421812e-02	-4.3782081e-02	3.0252248e-01	-1.9396077e-01	1.8100731e-01	-5.9571981e-01	4.3937031e-02	1.7081444e-01	-2.1556865e-01	-6.6188857e-02	-3.9505076e-02	-1.8312886e-01	-2.9749870e-01	-7.5457834e-02	-1.5300886e-01	-3.6389455e-02	-1.2012594e-01	1.2307785e-01	-6.6668518e-02	-6.3259840e-02	-1.2994818e-01	5.7873596e-03	1.7221676e-01	-8.8574611e-02	2.6010105e-01	-1.7798106e-01	-1.1320214e-01	3.0094734e-01	-2.4896570e-01	-1.2869759e-01	-6.5406062e-02	-9.8919226e-03	-3.0845764e-01	-1.1135641e-01	-1.7661609e-02	6.8887077e-02	1.0573551e-01	-2.5573394e-01	-5.5737305e-04	-1.6948766e-01	-3.5895428e-01	-1.0980338e-01	1.3612118e-01	1.1651158e-02	-2.8783754e-01	1.3009635e-01	-1.7790113e-01	-4.1913798e-01	-1.8809187e-01	1.8777801e-01	8.7939419e-02	2.0556258e-01	6.0297146e-02	1.7108883e-01	8.0524601e-02	1.8715976e-01	-3.1382722e-01	-9.7394185e-03	-3.0639121e-01	-1.5922552e-01	-4.1146699e-02	1.7841780e-01	7.6316376e-03	-1.6360790e-01	1.6831109e-01	1.4246322e-01	-3.1327564e-02	2.2906850e-01	1.7661104e-01	-1.1547894e-01	-4.6498132e-01	6.2803991e-02	-1.8218574e-01	2.5694540e-01	2.6554900e-01	-2.6447630e-01	2.8424385e-01	1.8494354e-01	-3.1591955e-01	1.0037421e-01	-7.8542776e-02	-2.0417655e-02	1.9696809e-01	-1.9718727e-01	-1.7366600e-01	-2.6543450e-01	1.0875237e-01	-1.1293686e-01	-1.0332972e-01	1.4466169e-01	3.1564420e-01	2.1427886e-01	-7.0181694e-03	-3.0655983e-01	-2.8674752e-02	-9.5799759e-02	-9.0404212e-02	-5.7093477e-01	4.2225033e-02	1.3697803e-01	1.4562580e-01	2.4876548e-03	9.5446194e-03	-2.7035522e-01	-1.0288612e-01	-5.0002102e-02	1.6776162e-01	-2.0724458e-01	1.6579872e-01	1.1915359e-01	-2.4577440e-01	1.4700180e-01	9.1572322e-02	3.2298092e-02	1.8726559e-01	-1.5721008e-01	2.8424868e-01	9.4301663e-02	-8.5325100e-02	8.7084763e-02	-3.9953381e-01	5.9423286e-02	8.0184139e-02	4.5088086e-02	-2.2419544e-01	2.2133346e-01	6.8680376e-02	6.1258193e-02	4.5956280e-02	2.5190765e-02	-3.9998763e-03	3.7504386e-02	-3.0218207e-04	-5.8386799e-02	4.4759579e-02	2.3767239e-01	-7.3978946e-02	-3.9388373e-01	-1.7531434e-01	2.8521129e-01	1.5738530e-01	3.6288831e-01	-4.7671819e-01	2.3192009e-01	-7.0217885e-02	-1.0642169e-01	1.8096817e-01	-3.3861572e-01	-6.6826247e-02	-1.4678192e-01	-2.3915325e-01	-3.4101433e-01	-5.4445930e-02	2.5168154e-01	2.9411840e-01	6.5243028e-02	-1.4644580e-01	1.1748364e-01	-3.4360906e-01	-1.0031667e-01	-5.1278687e-01	-1.5270865e-01	-6.2755831e-02	-1.9128609e-01	-3.7773421e-01	-5.7256979e-01	3.8682336e-01	-4.1547486e-01	-4.5524520e-01	-1.8547617e-01	9.7468078e-02	7.9894006e-02	1.1407603e-01	-3.0843928e-01	-2.2081907e-01	1.8828726e-01	3.1260782e-01	5.7402640e-03	6.1949953e-02	1.3789828e-01	1.8688069e-01	-4.8416823e-02	-3.0890605e-01	1.2934483e-03	-1.6471021e-01	-1.9277443e-01	-1.4361683e-01	1.9562070e-01	-1.8859048e-01	2.5997670e-02	-1.8237726e-01	9.6912928e-02	-3.0875875e-02	3.2436588e-01	1.1382745e-02	-1.7282604e-01	2.7931824e-01	-4.7051859e-01	-1.6411266e-01	7.6810554e-02	-1.8621491e-01	1.0290473e-01	-1.2491794e-02	2.3424175e-01	-1.7746396e-01	2.3818453e-01	2.5036088e-01	3.8719293e-02	-2.0466159e-01	-1.1620963e-01	6.8780318e-02	-1.9095622e-01	8.1118517e-02	1.4024739e-01	-3.6243790e-01	5.6315638e-02	3.4586245e-01	2.1309000e-02	2.7611169e-01	-3.3449079e-03	1.2638022e-01	-1.1735860e-01	-4.4073772e-01	1.2062359e-01	-7.5769651e-01	-5.6540740e-01	3.0594054e-01	-1.2616484e-01	5.9515379e-02	-4.7369757e-01	2.1276240e-01	-3.0974025e-02	-2.6037296e-02	-2.6711810e-01	-8.7876461e-02	4.6206176e-02	6.8995431e-02	-7.0124581e-02	-1.3103339e-01	1.4193955e-01	-2.4910463e-02	-1.7981254e-01	6.3406461e-04	1.0518311e-01	1.9645996e-01	2.3273234e-01	3.8857835e-03	1.4820953e-01	3.5102662e-01	3.5542201e-02	-7.2968863e-02	2.0461151e-01	-3.7829861e-01	1.7577790e-01	1.8962072e-01	-1.7226721e-01	4.8588328e-02	2.6682553e-01	-9.0564594e-02	1.0823023e-01	-1.4829344e-01	1.2969051e-01	-3.6769235e-01	1.5021728e-01	-5.2748263e-02	-8.0232784e-02	1.4820825e-01	1.7092568e-01	2.6723352e-01	-1.6761290e-01	9.8239936e-02	-9.0558618e-02	2.9599440e-01	6.2426515e-02	8.0018364e-02	3.3528534e-01	9.0111464e-02	-1.6143094e-01	-1.7840561e-01	-5.8983672e-02	-2.9419354e-01	1.8058844e-01	-2.2617133e-01	1.7322911e-01	7.1190119e-02	-4.9638413e-02	-1.8979183e-01	-1.7646328e-01	4.7359481e-03	5.1392797e-02	-3.6289772e-01	-1.7609152e-01	3.7442330e-01	2.0542734e-03	-4.5087448e-01	-1.9314475e-02	-1.0168248e-01	4.5660082e-03	1.4640547e-01	9.6331507e-02	-4.1755444e-01	1.1496983e-01	2.5800526e-01	1.0455440e-01	-1.0387225e-01	-2.7341828e-01	3.0731562e-01	-6.1322842e-02	1.4835842e-01	-2.6187032e-01	-3.9268506e-01	9.2510104e-02	3.2072065e-03	-7.0941724e-02	3.3765223e-02	2.5925454e-01	6.2409066e-02	1.3910237e-01	2.1863481e-01	3.3042675e-01	-1.4256746e-01	-6.1016269e-02	-5.2912556e-02	-6.1984800e-02	-1.2270015e-01	-4.8108831e-02	-1.9142102e-01	-1.1026600e-01	-2.3013338e-02	6.3280985e-02	2.4030194e-01	1.4245659e-01	-8.2189217e-03	-4.3070009e-01	-2.2656228e-01	1.3548885e-01	1.2840794e-01	9.3133524e-02	-1.2337338e-03	-1.4934534e-01	1.9836158e-01	7.4935026e-02	1.5948038e-01	-2.9011461e-01	-1.0137453e-02	2.6216539e-02	4.2684056e-02	1.1426605e-01	-1.1784907e-02	-1.6663539e-01	-1.6865642e-01	-1.0198796e-01	9.6633226e-02	-1.1693604e-01	1.5728050e-01	-4.7512617e-02	2.6622301e-01	-4.0917990e-01	3.9598584e-04	-2.4549510e-01	-2.4485372e-01	7.3150069e-02	-1.7657323e-01	1.5435201e-01	-9.9545278e-02	9.7640708e-02	1.7462523e-01	-7.6576918e-02	-2.6498929e-01	-1.4217557e-01	1.8433425e-01	-9.2650793e-02	1.3472337e-01	1.2980984e-01	1.6796178e-01	-7.5351477e-02	2.5224715e-01	-1.3089862e-01	3.2503334e-01	2.2593063e-01	1.1827630e-01	-1.4880838e-01	-1.5471143e-01	1.8540891e-01	2.1831147e-01	-3.6291802e-01	1.5646498e-01	-9.7315563e-03	-5.6921536e-01	8.4022790e-02	3.9507607e-01	-4.4714400e-01	3.3176064e-01	-4.1115358e-01	-1.7892516e-01	-2.1625423e-01	4.2004776e-01	-1.7602699e-01	2.5322989e-01	-1.6573749e-01	2.1412706e-01	2.9545283e-01	1.2254182e-01	2.5186959e-01	-2.7713272e-01	3.2036923e-02	1.6461129e-01	3.8750228e-01	-2.0008285e-01	2.0044044e-01	-3.6056840e-01	-5.0236873e-02	-3.0010974e-01	5.7329601e-01	-2.8033930e-01	-2.1703812e-01	-5.7705313e-01	3.0551195e-01	-4.0187389e-01	-4.8147807e-01	3.4941053e-01	-6.8118739e-01	-8.5598513e-02	2.4217598e-01	3.0429944e-01	2.3590931e-01	-7.8254379e-02	-2.1544392e-01	2.1410657e-02	3.3312285e-01	-1.7069957e-01	1.2135652e-01	4.0157177e-03	-1.0559317e-01	-1.0826386e-01	2.0404638e-01	6.0302462e-02	-6.3930325e-02	1.8111616e-01	-1.5973304e-01	-2.4744834e-01	6.3317016e-02	-1.8415654e-02	-1.0242073e-01	2.6515597e-01	-1.4329679e-01	1.1022291e-01	-2.2242185e-01	5.9029873e-02	7.5420737e-02	-7.9974495e-03	-3.0277428e-01	-1.8700720e-01	-2.3725456e-01	1.2603919e-01	1.6093972e-01	-4.8806578e-02	-1.8469003e-01	1.6934643e-02	4.1441053e-02	1.3912672e-01	1.6585511e-01	1.5850300e-01	-1.2471788e-01	-1.5922254e-01	-5.0737761e-02	9.1711849e-02	-2.9438365e-01	-3.1090990e-01	-9.3531147e-02	8.7882727e-02	2.0314421e-01	2.1589074e-01	6.5576218e-02	5.9333134e-02	9.8029375e-03	-2.3079023e-01	3.1495642e-02	-4.2922669e-03	-1.9167356e-01	-5.6432370e-02	-1.0185948e-01	-2.0707920e-01	-3.0238551e-01	-1.3551390e-01	-1.1405794e-01	-2.4324083e-01	-2.1577638e-01	8.2012611e-03	-2.0948128e-01	7.3547058e-02	2.3542973e-01	1.4124094e-01	1.1332449e-01	-5.2534604e-01	-1.1582092e-02	2.6135672e-02	-4.1154161e-02	2.7023920e-01	2.7671027e-01	-8.3307751e-02	-4.4820189e-01	-5.8903408e-01	-8.2029521e-02	-6.0466036e-02	-1.7423025e-01	3.2121301e-01	3.6033981e-02	3.3091804e-01	-3.1831843e-01	-1.7990786e-01	5.1263485e-02	3.0257559e-01	1.6889689e-02	-2.6765602e-02	-4.0650672e-01	4.5137548e-01	-7.1525502e-01	-5.2939141e-01	2.2754553e-01	2.4867931e-01	-1.6434945e-01	1.3856775e-01	-1.3602209e-01	2.5577056e-01	1.9523084e-01	9.6721724e-02	1.3527949e-01	-4.9604367e-02	-2.3421927e-01	2.7494636e-01	-2.1835513e-01	3.1061124e-02	5.8139570e-02	7.5747304e-02	-2.3063503e-01	1.9008639e-01	1.0144236e-01	-2.0424348e-01	-3.6880527e-02	-1.3008524e-02	1.7082159e-01	-1.4054787e-01	1.5755425e-01	-1.6062651e-02	-3.6495563e-01	-2.0513881e-02	5.2924350e-02	-1.6007976e-01	2.5234395e-01	1.9062281e-01	-1.5668844e-01	-3.6739093e-01	-6.9364518e-02	-1.9711572e-01	1.4253119e-01	-4.4198734e-01	-8.2142487e-02	2.7997893e-01	-1.9908181e-01	2.7252725e-01	-2.1777107e-01	-4.4787142e-01	1.1323589e-01	-1.3993528e-01	-4.1133630e-01	-4.8651572e-02	-9.4939180e-02	-2.1795487e-01	1.7676842e-01	-2.2091193e-02	-1.6659416e-01	1.9662623e-01	2.1716382e-01	-1.7055005e-01	-1.7693823e-03	3.5552272e-01	3.2889652e-01	-1.4916730e-01	-1.1701927e-01	1.0210267e-01	-5.5455174e-02	-4.7304901e-01	-3.1541896e-01	2.7876133e-02	5.7933781e-02	1.4274833e-02	2.0196334e-01	2.7396512e-01	-3.7075382e-01	-1.8264275e-02	2.6952186e-01	1.4646301e-01	-1.2731199e-01	1.9458601e-01	-2.1760468e-01	1.7691512e-01	-3.4138316e-01	-3.5504347e-01	-2.1291780e-01	-1.8931474e-01	-1.5540193e-01	-7.4334163e-04	-3.6007726e-01	2.5826463e-01	-6.9576100e-02	-2.9968646e-01	-9.3976997e-02	3.0332184e-01	7.3361620e-02	-1.6661553e-02	-3.7037516e-01	2.2432655e-01	2.1763358e-01	-4.9339515e-01	-5.2065942e-02	-1.8089239e-01	2.6501977e-01	2.3443699e-02	-1.9255295e-01	6.7122139e-02	6.4964294e-02	-3.2565051e-01	-1.3904846e-01	1.9585475e-01	-1.5564735e-01	-3.9459026e-01	-2.5949129e-01	-5.8597594e-02	5.8420107e-02	2.2646303e-01	1.0399766e-01	-3.3449525e-01	-3.7317876e-02	2.0997311e-01	2.6924410e-01	-1.2079216e-01	1.2073553e-01	-5.4288831e-02	8.9529991e-02	2.9733399e-01	-6.2944323e-02	2.3413710e-01	2.1434762e-01	2.2063749e-01	-6.4070672e-01	-2.4995069e-01	1.3487762e-01	3.5129659e-02	-1.6564697e-01	8.7010160e-02	-2.2103876e-02	4.5456594e-01	-3.7628448e-01	7.7077352e-02	-2.5161931e-01	1.2593286e-01	3.1161895e-01	-3.9737427e-01	-1.6536526e-01	-1.6679582e-01	-4.1736105e-01	-6.4691328e-02	2.2333543e-01	-4.3533379e-01	3.0524695e-01	-2.8035799e-02	1.4427790e-01	-1.9761315e-01	1.9759591e-01	9.4259165e-02	1.1909956e-01	-8.5887797e-02	3.2383159e-01	-1.3200848e-01	-1.8843053e-01	3.9717206e-01	-8.8283822e-02	-2.2121559e-01	1.9633107e-01	5.4080375e-02	-2.6478881e-01	2.3655931e-02	6.1099827e-03	-2.6503530e-01	3.7686113e-01	5.7145238e-01	3.1933782e-01	6.6086903e-02	-3.8701633e-01	-4.5268384e-01	-1.9619732e-01	6.9873363e-02	1.3115814e-01	1.5564612e-01	-6.3730136e-02	2.0789517e-01	-5.4343445e-03	-5.7304177e-02	-2.7231786e-01	-1.7900436e-01	-1.3033225e-01	-2.4156596e-01	3.4770769e-01	-2.4660504e-01	-2.1957791e-01	-6.2110815e-02	-1.7138021e-01	-1.6680075e-01	-3.3908942e-01	3.0842319e-01	3.9482046e-02	-2.7682000e-01	2.2158151e-02	-1.3422273e-01	-9.0599000e-02	-2.5374043e-01	1.1524602e-01	-1.3154109e-01	-1.3890338e-01	3.4404927e-01	-2.0991009e-01	2.9856595e-01	-4.0691847e-01	-1.8136498e-01	5.6325877e-03	-9.9976435e-02	-2.2350012e-01	-2.3827904e-01	3.9511856e-02	3.9769670e-01	5.2618837e-01	1.2063535e-01	-5.4061764e-01	-3.7667787e-01	-5.5820134e-02	-8.4510618e-01	-4.6486616e-01	6.9829091e-02	6.3666739e-02	-6.5794483e-02	2.0509483e-02	4.1943356e-01	-3.6063617e-01	-1.9569407e-01	-4.0833244e-01	1.9736163e-01	-1.4429691e-01	-8.8639453e-02	-2.5209418e-01	-4.7358620e-01	3.0860531e-01	5.5289261e-02	7.8968786e-02	1.0699779e-01	-8.0166928e-02	3.0320403e-01	1.6724136e-02	-3.1487077e-01	-2.0994322e-01	-5.5207457e-02	2.8109220e-01	3.8451888e-02	-1.7537546e-01	-2.6594218e-02	-2.6770285e-01	-1.2366255e-01	-1.7831427e-01	5.2270764e-01	-1.6211957e-01	-2.2506063e-01	-1.4144590e-01	1.5163884e-01	1.0435753e-01	-4.0099186e-01	3.6398509e-01
1.9875237e-01	-2.7766880e-01	1.9403987e-01	1.5847608e-01	1.0449393e-01	4.4487104e-01	-2.3495114e-01	-1.7145438e-01	-9.7059265e-02	-1.1111296e-01	-1.1965279e-01	1.4225960e-01	-2.7519161e-01	9.5736302e-02	-4.4716799e-01	-8.3785079e-02	3.4315121e-01	-1.3673607e-01	1.2308747e-01	4.1379559e-01	-3.2818267e-01	9.5972925e-02	2.1072333e-01	2.0081952e-01	-3.7610549e-01	-6.0509324e-01	3.9589584e-01	-1.2316561e-01	-3.7184185e-01	3.4246606e-01	-2.7452660e-01	3.7197468e-01
