9
input	19
dense	32
relu	0
dense	32
relu	0
dense	32
relu	0
dense	1
linear	0
7.999999979801942e-06
-4.3465070e-02	8.4564194e-02	-1.1529967e-01	5.5896980e-04	-3.3860966e-03	-8.7665677e-02	5.0911538e-02	-4.2940993e-02	4.3399163e-02	-4.1303009e-02	9.6861377e-02	-3.5874248e-02	-2.8637804e-02	4.0397130e-02	6.4772591e-02	-1.1608205e-01	-6.2792106e-03	1.8576181e-03	-6.4458370e-02	-6.1914306e-02	1.0879393e-02	1.0310546e-02	-1.1489070e-01	-4.4547997e-02	3.2735322e-02	-1.2312312e-02	9.3222134e-02	6.0109619e-02	-4.1052900e-02	-1.2952299e-01	-1.0242923e-02	6.1640777e-02
1.6801980e-01	-4.2550974e-02	7.0362188e-02	-1.0478026e-01	-5.9410769e-02	1.6529627e-02	-5.2969158e-02	1.2915799e-02	1.5172091e-03	-5.0134894e-02	-1.2021434e-02	-6.1392229e-02	-2.1785427e-02	8.6991951e-02	-2.2953808e-02	-4.6001304e-02	-4.2034961e-02	-2.2208728e-03	-7.4109763e-02	-4.8842557e-02	2.9197684e-02	8.9346685e-02	1.6723095e-03	0.0000000e+00	-4.6977337e-02	3.0332915e-02	-2.8803716e-03	1.2382370e-02	-2.6180612e-02	-5.5333894e-02	-6.5199696e-02	-8.4158361e-02
-2.4890425e-02	5.9903510e-02	-3.6386315e-02	-1.0881228e-02	-5.4549988e-02	1.0081317e-02	9.7713368e-03	-6.7559749e-02	-7.3377505e-02	-8.3445527e-02	-2.6959725e-02	-5.3958029e-02	-4.0905182e-03	-1.7737534e-02	-5.4649450e-02	3.8695406e-02	1.6705465e-02	-1.2368843e-02	5.7459477e-02	5.7605784e-02	-1.4023133e-02	-2.4665136e-02	2.9089592e-02	2.2691065e-02	-1.0502402e-01	-9.8474294e-02	-6.6650626e-03	-8.6232305e-02	-6.8590723e-02	-2.6496056e-02	-2.7155299e-02	-5.2794763e-03
-2.5103338e-02
-1.2621829e-01	1.6150482e-01	-1.2648420e-01	-2.3498400e-01	-2.1684386e-01	2.0569094e-01	1.1320065e-01	-2.7782330e-01	1.3159680e-01	3.9561790e-01	7.7629276e-02	2.6241425e-01	-2.8085661e-01	-9.3197137e-02	2.9033637e-01	-7.0171669e-02	1.4970413e-01	-1.2219036e+00	-2.2524063e-02	1.1336784e-01	2.6654291e-01	-4.8081849e-02	1.4767191e-01	1.0111632e-01	-1.8580739e-01	-3.9273836e-02	2.7033800e-01	2.6547632e-01	-9.2237398e-02	-2.6018760e-01	-2.2462082e-01	1.5317024e-01	3.9003620e-01	-9.5781028e-02	2.3842689e-01	3.5024372e-01	-7.0258635e-01	1.0677753e-01	2.3895919e-01	-3.6358945e-02	1.2446267e-01	1.2394401e-01	3.0969113e-02	-4.4872963e-01	1.1173701e-01	-1.2972620e-01	3.1890979e-01	3.5231704e-01	4.0330380e-02	-1.0664151e-01	1.4253269e-01	-2.2012370e-02	-1.7535834e-02	-1.5902485e-01	-6.0287165e-03	5.7988834e-01	-2.8430030e-01	4.2016681e-02	5.8643412e-02	-6.1759409e-02	6.0742497e-02	3.3367097e-01	3.4454203e-01	2.5919935e-01	-3.3657172e-01	-2.4083936e-01	-3.0246630e-01	7.8524034e-03	-1.0721211e-01	-2.0861056e-02	-1.0917383e-01	-1.0750873e-01	-4.9874343e-02	1.1540167e-02	1.3533183e+00	-2.2362404e-01	6.3323215e-02	5.7968356e-02	2.9521880e-01	-2.6989916e-01	1.5594789e-01	-3.0792654e-01	-1.1343007e-01	-9.7742841e-02	-1.0899274e-01	1.4857505e-01	1.3948680e-01	-6.0425259e-02	2.1319802e-01	3.3321489e-02	4.7181260e-02	-2.5774169e-01	4.6459922e-01	-6.9870651e-01	-1.5181631e-01	-3.4399751e-01	3.7603796e-02	1.1506891e-01	-2.0172715e-01	2.1362457e-01	-1.5009651e-01	-1.0221836e-01	-2.4632511e-01	7.2669864e-02	3.4556922e-01	2.4449731e-01	1.8851988e-01	-1.7690691e-01	2.5047714e-01	-1.7845292e-02	-2.6282531e-01	1.7897081e-01	-7.9013592e-01	5.1540387e-01	-8.0629207e-02	1.2549637e-01	2.2683406e-01	1.6159600e-02	3.4912539e-01	-8.1908949e-02	3.5098609e-01	-4.9412563e-02	-9.7985163e-02	-5.4425901e-01	2.6476929e-01	1.4699955e-01	5.1378153e-02	9.2858449e-02	-1.0208067e-01	1.0486023e-01	1.6285107e-01	1.1862928e+00	-9.5786393e-01	-4.1449228e-01	7.2975439e-04	-2.0504895e-01	3.3828211e-01	1.6440937e-01	-1.2624653e-01	-3.1782627e-01	2.1660826e-01	1.2854189e-01	7.7469043e-02	-1.9517876e-01	-1.9955713e-01	1.9333935e-01	-1.6112489e-01	5.4752465e-02	-4.1855257e-02	4.2087105e-01	1.2672965e-01	-2.8859532e-01	-7.0927911e-02	3.4601703e-02	-1.1969642e-01	9.4354779e-02	-2.6783887e-01	6.8334587e-02	-2.8762987e-01	2.7303699e-01	1.8127305e-02	-6.9786519e-02	-3.2421943e-02	-9.1814185e-03	1.6515024e-02	-2.5958283e-02	-1.3459946e-01	4.5369338e-02	-8.9679939e-01	-6.6080320e-01	-1.7158715e-01	-3.5191372e-01	3.3517116e-01	-1.3028242e-01	-2.4331158e-01	7.1804330e-02	1.9199237e-01	7.8084372e-02	-2.2666769e-01	-2.1266723e-01	2.4941020e-01	7.6812975e-02	-5.3338063e-01	1.2036233e-01	5.9879243e-02	-2.6022637e-01	-1.3261901e-01	1.9457100e-01	-1.8791744e-02	-3.6320648e-01	-6.4410962e-02	3.6143279e-01	9.3131907e-02	-1.1962323e-01	-1.6857767e-01	-3.2758051e-01	-2.2137834e-02	-2.7444741e-02	2.0834482e-01	1.1219800e-02	-8.1753843e-02	7.2036520e-02	-1.2532851e-01	5.6612521e-02	-5.5485618e-01	-1.6034308e-01	-4.2302659e-01	-4.3456915e-01	-1.0916833e-02	3.3635026e-01	-1.9002762e-01	-2.6117179e-01	1.3971190e-01	1.8179822e-01	-6.2621035e-02	-1.9427272e-02	3.0453894e-01	-6.9778346e-02	-3.4500495e-01	-3.4549612e-01	-7.9878882e-02	-7.5128064e-02	1.8892287e-01	-1.3122733e-01	-7.5599760e-02	-8.5922383e-02	5.2752435e-01	-9.8369312e-01	-1.8138123e-01	-6.4070590e-02	-7.4265964e-02	-2.8501827e-01	1.8345284e-01	2.7284262e-01	2.1873285e-01	3.8180566e-01	1.3354407e-01	-1.3967870e-01	-2.8452915e-01	1.8702482e-01	1.8319797e-02	3.9801511e-01	3.7203631e-01	1.9081357e-01	-1.0668771e-01	7.4303085e-01	3.8347328e-01	7.2370507e-02	-8.2077384e-02	9.7504526e-02	-3.5073102e-02	1.7415614e-01	3.6782509e-01	3.0448091e-01	-1.7307724e-01	-3.8939071e-01	-1.9651259e-01	5.2903380e-02	9.9415265e-02	-7.0706896e-02	1.4577878e-01	1.7076239e-01	-1.7972887e-01	-2.2286212e-01	4.0818712e-01	-2.4372470e-01	-1.1685918e-01	1.6452298e-01	-3.7707645e-03	-2.0370388e-01	-1.5325017e-01	-4.1716275e-01	-1.7115310e-01	-3.4760550e-01	-2.2779714e-01	4.0023264e-01	-4.0664935e-01	-1.2435914e-01	6.8484716e-02	7.7261142e-02	-7.3775448e-02	1.2237424e-01	3.4354645e-01	-3.2905366e-02	5.4794300e-01	-4.2415848e-01	-1.9153936e-01	2.3522902e-01	-1.2155836e-01	-3.7150249e-01	-3.4919642e-02	-7.0349507e-02	-3.1426701e-01	-4.9142045e-01	-2.4080293e-01	1.8891168e-01	3.8822767e-01	-3.3242077e-01	-3.3008146e-01	7.9605710e-03	1.8557580e-01	2.0541334e-01	4.7139195e-01	3.5211787e-01	1.6727723e-01	-2.0464943e-01	-1.1507488e-01	1.4733632e-01	7.3756933e-02	2.9025498e-01	3.4374329e-01	7.1234882e-02	-3.4086135e-01	3.1564212e-01	3.1915587e-01	2.0677169e-01	3.6608669e-01	1.5005341e-02	-9.8793693e-02	1.1267039e-01	1.3316818e-01	5.1761366e-02	3.5776049e-02	-9.4099112e-02	-1.4845961e-02	-5.1313642e-02	-1.5669690e-01	1.7933966e-01	-1.2979296e-01	1.2453098e-01	1.9454652e-01	-1.4276339e-02	-4.4249457e-01	6.2766500e-02	7.9666890e-02	-1.5053880e-01	-7.4232191e-02	-4.6494976e-01	-2.5658596e-01	-6.4151324e-02	3.0235749e-01	-3.0161175e-01	-1.2755170e-01	7.8130491e-02	-2.4769010e-02	1.5119497e-01	-1.5836966e-01	4.4198745e-01	2.7772924e-01	3.4283742e-01	-3.0020174e-01	-4.6924216e-01	3.2029745e-01	2.9456636e-01	-5.1811378e-02	6.4781271e-02	3.3499837e-01	-7.5634792e-02	2.6473535e-02	1.0583603e-01	-4.1571599e-01	7.2809167e-02	1.5366879e-01	-3.4077379e-01	-1.7598391e-02	-3.5839665e-01	9.5755503e-02	7.7306472e-02	-2.2771718e-02	3.3991358e-01	-1.4623612e-01	-2.3207882e-02	1.9007996e-01	-3.4732181e-01	2.0330344e-01	-2.4390981e-01	-4.3685392e-02	2.8195116e-01	9.4836468e-01	-6.8614975e-02	-2.8086710e-01	1.4891018e-01	-2.7269429e-01	-2.5315279e-01	2.4156142e-02	5.1057156e-02	-1.3290955e-01	1.0074991e-01	3.4298190e-01	1.4724807e-01	-5.2129980e-02	-2.6358923e-01	-5.3152952e-02	-6.3239090e-02	4.0114290e-01	-5.7133317e-02	1.5998168e-01	-6.5210021e-01	4.1464660e-01	7.9843402e-02	-1.3558942e-01	-1.5688209e-01	5.0966959e-02	1.7972608e-01	-2.9907379e-01	7.5176619e-02	2.5083676e-01	-3.8835876e-02	-1.3528132e-03	1.3099973e-01	-3.0884910e-01	1.1745575e-01	6.9349021e-02	-6.2928081e-02	-1.4630719e-02	5.0417423e-01	-9.6437417e-02	2.8782496e-01	-1.8958609e-01	-1.0310414e-01	1.5665928e-01	1.2287096e-01	6.5876327e-02	-1.1137567e-01	3.9978703e-03	1.4160439e-01	-7.9839863e-02	-3.2582283e-02	-6.2865242e-02	-2.1781465e-01	2.9877508e-01	-1.2540907e-02	2.9565468e-01	-1.4352094e-01	7.3702964e-03	3.4207362e-01	-1.0192590e+00	4.6685445e-03	2.0337389e-01	-1.9890918e-01	1.1103582e-01	-2.5864184e-01	-4.7242980e-02	3.3525205e-01	3.3802280e-01	1.4553128e-01	-1.7174442e-01	-2.0915490e-01	-5.8853108e-02	1.1327244e-01	-1.7697643e-01	-4.4403779e-03	1.4586785e-01	-9.5757522e-02	8.1090897e-01	5.6568390e-01	1.3285764e-01	-1.1357135e-02	6.5744169e-02	1.4121545e-02	-3.3985022e-01	-1.7577134e-01	-2.0886609e-02	2.5157437e-01	1.2313569e-01	-6.3186280e-02	-1.9367282e-01	-2.2524844e-01	1.9238432e-01	-1.0114035e-01	1.1321738e+00	4.0840574e-02	-5.5189490e-02	-6.8184304e-01	-3.3562681e-01	-1.9827493e-01	-1.3976348e-02	-2.4834499e-01	-7.9715706e-02	-3.1776330e-01	2.3606391e-01	-3.8709572e-01	2.2871836e-01	1.8332197e-01	3.6932799e-01	-2.8101560e-01	8.0899216e-02	-1.2061580e-01	6.0619988e-02	-1.8531658e-01	-2.8030567e-02	3.1923556e-01	-1.0555683e-01	-2.8074926e-02	-2.2376910e-01	3.9935466e-02	-1.9707549e-01	-2.7745703e-01	2.4851669e-02	1.7309983e-01	-2.9886836e-02	4.3676871e-01	-5.4351192e-02	1.0660850e-01	-3.1379721e-01	-1.0126700e-01	-4.0209908e-02	-7.5771980e-02	-4.9383041e-01	1.3046753e-01	-2.0201609e-01	-8.8785005e-01	1.7617224e-01	1.0596786e-01	-2.7939755e-01	-3.1394115e-01	9.3280887e-03	7.5263120e-02	-9.1778986e-02	-1.0710524e-01	2.9149595e-01	1.2671517e-01	2.5047359e-01	1.0691746e-01	-9.1716334e-02	-1.3042077e-01	1.2266729e-01	5.8101976e-01	1.2431469e-01	-2.2100195e-01	5.0796878e-01	1.7288134e-01	-2.0174482e-01	7.2603230e-04	-8.5228704e-02	5.4113879e-03	-2.0776001e-01	6.9463789e-02	1.5887164e-01	-1.9345196e-01	1.7713946e-01	-1.2196732e-01	-9.6109346e-02	1.3230951e-01	-1.4772947e-01	-4.2148396e-02	5.5334795e-01	-3.0906200e-02	4.7751111e-01	-4.0931639e-01	-2.4870104e-01	3.2889041e-01	3.4816560e-01	-1.7285625e-02	-9.0358719e-02	-9.4370663e-02	-2.5953084e-01	-1.4273404e-01	-8.5214488e-02	-3.0009335e-01	4.4346938e-01	1.0767092e-02	-1.6946977e-01	1.3729049e-01	9.8133139e-02	1.3185668e-01	-1.3713577e-01	4.6177957e-02	9.9076360e-02	2.7985123e-01	1.9083123e-01	-2.3611096e-01	-1.7915821e-01	1.3828015e-01	7.3946519e-03	3.3189169e-01	-1.9817043e-02	-3.9873034e-02	-2.8401604e-01	1.6874428e-01	3.0957392e-01	-2.9462519e-01	-2.2142166e-01	1.4588450e-01	1.4533652e-01	1.9987957e-01	-1.6843286e-01	2.6747555e-01	-2.0293930e-01	1.5559119e-01	7.7989963e-03	6.7732468e-02	1.5373220e-01	1.6206212e-03	-3.1693038e-01	5.9643220e-02	-3.5786250e-01	1.3780871e-01	2.6951939e-01	-1.4235233e-01	-5.5622432e-02	7.4351251e-02	-1.6396599e-02	-3.5669526e-01	9.9196501e-02	-9.1120929e-01	4.5195946e-01	4.4164965e-01
-1.2150855e-01	-6.2011480e-02	-2.3337683e-01	1.6115573e-01	-2.4295771e-01	-1.7295110e-01	8.8911436e-02	-1.8850388e-01	-3.3816856e-01	-2.2241211e-01	-6.3410789e-02	6.2520221e-02	8.1988141e-02	-2.1229704e-01	1.8318987e-01	-4.7988489e-01	-3.0211380e-01	-8.0539450e-02	-6.4412600e-01	4.3072239e-01	6.8245210e-02	2.7849212e-01	-2.0988919e-01	4.7886130e-01	-1.4741291e-01	-1.3278098e-02	-3.3408642e-01	-3.6988795e-01	-1.0851824e-01	1.7096084e-01	1.3618714e-01	-4.6892682e-01	-9.6805520e-02	1.4326641e-01	-1.8857643e-02	-3.1136072e-01	-1.4865398e-01	-1.8195526e-01	-2.1648951e-02	2.0394364e-01	1.3310604e-01	7.6248512e-02	-4.6145844e-01	-4.9057090e-01	-4.4013456e-02	-4.4803582e-02	3.1973046e-01	4.9083065e-02	2.6476607e-01	-2.6450312e-01	-3.4664041e-01	2.1273342e-01	-1.3331965e-01	1.0257569e-02	-1.7910042e-01	-2.1950144e-01	-2.4013460e-01	2.6416820e-01	-1.0646877e-01	1.1023405e-01	2.6150519e-01	8.5536405e-02	-5.9300531e-02	-3.6299478e-02	2.1964772e-01	1.3169635e-02	1.8332425e-01	8.6574262e-04	2.3920535e-01	1.2744616e-01	-3.6448935e-01	1.6813338e-01	-2.2506645e-01	2.2162341e-01	7.4556030e-02	8.2950443e-02	-1.0896069e-01	-1.1343389e-01	2.0703156e-01	1.1892173e-01	5.8941741e-02	-2.2410591e-01	-3.5686535e-01	1.2213105e-01	-1.4500844e-02	1.4133674e-01	-1.8710294e-03	-8.2317732e-02	-1.0484246e-01	3.4859279e-01	-1.4872928e-01	1.8171294e-01	-1.9108416e-01	-3.1899258e-01	-9.9056907e-02	-1.2129065e-01	1.7002484e-01	-2.2657581e-01	2.0906216e-01	2.1984062e-01	-2.1386133e-01	2.4062571e-01	4.2995921e-01	-1.1099414e-02	3.5037303e-01	-2.6470188e-02	3.1211916e-01	4.3576278e-02	2.5120005e-01	2.2511306e-01	-3.5172265e-02	2.0034279e-01	1.8136708e-02	-8.1485957e-02	-1.2283400e-02	-2.2697076e-01	7.0265211e-02	-4.5286432e-02	2.0385668e-01	5.8761097e-02	1.9029482e-01	-3.9303217e-02	-3.9321226e-03	-4.1355118e-02	-2.2797430e-01	6.7240551e-02	-1.7332669e-01	3.6561891e-01	2.7658591e-01	1.9787404e-01	9.7682521e-02	-9.6330130e-03	-3.1294759e-02	-3.1830497e-02	-3.8919926e-01	-2.5907385e-01	6.8250641e-02	1.2966448e-01	-1.2731779e-01	-3.1947985e-01	1.9270241e-01	5.0598584e-02	2.6659700e-01	3.4969795e-01	-2.1754609e-01	-6.4648725e-02	-5.1553383e-02	3.1434554e-01	-2.9263079e-01	-4.7756519e-02	1.3308202e-01	-1.7447497e-01	-5.0929498e-02	2.9424855e-01	-5.2220970e-01	-3.3946920e-02	6.8301015e-02	2.1930568e-01	2.4515498e-02	-3.8618281e-01	1.6523050e-01	-5.0620601e-02	1.6911754e-01	9.4089694e-02	3.0273056e-01	4.1306023e-02	4.8718885e-01	2.4763716e-02	8.8019803e-02	-2.9362827e-03	-3.8934940e-01	-1.3600872e-01	6.7548372e-02	1.6027828e-01	3.0897537e-02	-1.1391830e-01	-6.4236224e-02	-8.0323309e-02	4.5953389e-02	2.5516939e-01	-1.9608287e-02	2.7704889e-01	1.8677765e-01	1.4659876e-01	-2.1113479e-01	1.8598136e-01	-4.5039114e-02	-2.7458626e-01	4.1515553e-01	-1.1696270e-01	1.7411150e-01	-1.0269326e-01	-3.1403974e-01	1.2122092e-01	-2.6454753e-01	-1.1506940e-01	-1.5874074e-01	-8.7634146e-02	1.5043551e-01	-5.4261535e-02	5.6593906e-02	1.8546563e-01	-9.1638476e-02	2.0976497e-02	1.3938783e-01	4.5817304e-02	8.6734883e-02	-2.3044486e-01	-3.7682161e-02	1.8909551e-02	1.8937086e-01	-2.0416147e-01	-1.7005464e-01	-1.6534147e-01	-1.3643859e-01	-1.3198170e-01	-9.2651226e-02	-9.3949191e-02	-2.0103331e-01	-2.2048490e-01	-1.5037470e-01	2.1853158e-02	1.6175717e-01	-2.6665747e-01	-6.5630704e-02	-1.1430943e-02	-1.5525788e-01	-1.5018858e-01	1.3953872e-01	7.9659857e-02	-4.5217362e-01	1.9900331e-01	-3.4325221e-01	-2.7411672e-01	7.9617970e-02	-1.2499222e-01	-3.2395471e-02	-3.9901689e-01	3.7872696e-01	5.5765605e-01	2.7814117e-01	-2.3163109e-01	-2.0542455e-01	-3.2727103e-04	-1.7842661e-01	2.4602164e-01	1.8810926e-01	-3.3623496e-01	-2.2113293e-01	-1.9337437e-01	-2.8626550e-02	3.0056420e-01	1.8604346e-01	1.1146234e-01	-7.6576951e-03	-7.9852718e-01	4.1707326e-02	3.0115362e-02	-3.8389871e-01	3.9979476e-01	2.4502095e-02	2.2990583e-01	-5.0678784e-01	-1.9508511e-01	-3.4983706e-01	-2.0848010e-01	-2.8126100e-01	1.1515819e-01	-3.1201681e-01	3.0421722e-01	2.0645957e-01	4.9358126e-02	2.5666362e-01	-2.9792291e-01	6.8158336e-02	8.8469744e-02	1.8496290e-01	1.4197673e-01	-3.4140769e-01	-3.3497435e-01	3.4103274e-01	-3.1391138e-01	1.3109589e-01	-4.7683495e-01	7.0113398e-02	-2.1836129e-01	2.0729512e-01	-2.1392561e-03	3.6636062e-02	-1.6154303e-01	-1.5328498e-01	4.8582904e-02	1.5935430e-01	-2.2038922e-02	5.7470822e-01	-2.0444314e-01	-5.8269328e-01	-1.7230615e-01	-2.9338852e-01	3.5503256e-01	-3.2814642e-04	7.0754237e-02	-1.2732281e-01	-2.7762461e-01	1.0058166e-01	-3.6578584e-01	2.1105820e-01	1.5997465e-01	2.8045568e-01	1.3781671e-01	5.6829780e-02	-1.7916209e-01	2.5013971e-01	-6.8349294e-02	1.4708838e-01	-2.9979023e-01	2.3367152e-01	-2.4919447e-01	-1.1004685e-01	-3.5270953e-01	3.4283796e-01	2.7129877e-01	3.3231083e-02	-1.4533935e-01	2.4681179e-01	-9.0748586e-02	-2.1886782e-01	3.0962065e-02	2.9451989e-02	2.3207736e-01	1.6974984e-01	1.1498109e-01	-5.0717914e-01	-3.7783456e-01	-2.1699303e-01	4.6640810e-01	3.2193568e-02	-1.2481781e-01	-1.1399567e-01	-3.6462642e-02	-1.6952919e-02	-2.7002838e-01	-2.5805104e-01	-5.0085819e-01	-9.3087509e-02	-2.2885309e-01	-3.8067868e-01	3.4445822e-02	1.3248530e-01	-2.4848938e-01	-5.2003402e-02	-6.0465097e-01	1.2765747e-01	-1.1884926e-01	-3.4274244e-01	-2.6297289e-01	1.9765075e-01	-2.5135377e-01	-1.7871672e-01	2.0175040e-01	-9.5517263e-02	-1.3058221e-01	-2.7732924e-01	-1.5949637e-01	-2.1773879e-01	-3.0491236e-01	-3.0566403e-01	1.3806963e-01	3.0439978e-02	-2.7643541e-01	7.1479239e-02	-2.2551917e-01	-1.1661194e-01	8.6334363e-02	-2.0533720e-01	1.9368851e-01	-2.1195705e-01	3.3107703e-03	5.5033494e-02	-4.4303179e-02	1.4045300e-01	1.9029609e-03	1.3196290e-01	8.8656694e-02	9.9618202e-03	-2.5040621e-01	1.0245053e-01	3.8298655e-01	2.9000700e-02	9.0902582e-02	4.3305814e-01	1.5528686e-01	-2.6456487e-01	-1.6907865e-02	1.6958617e-01	1.9114867e-01	2.8125724e-01	-1.3065915e-01	-1.2791550e-01	-5.3396660e-01	-4.6416707e-02	6.3501433e-03	3.0891991e-01	1.8607223e-01	-1.6783413e-01	-2.4237750e-01	2.4384214e-01	1.2838893e-01	2.1714984e-01	-1.6878264e-04	1.6360435e-01	-1.1171861e-01	1.6013516e-01	2.4242674e-01	-1.7328112e-01	1.2704983e-01	-3.1000915e-01	-3.2185674e-01	-1.3586619e-01	-4.4118837e-02	7.4356809e-02	-1.7085110e-01	6.3632119e-01	2.5892621e-01	-2.7564704e-01	-4.2276454e-01	-2.6610991e-01	2.9428279e-01	4.0350035e-01	4.1539885e-02	-4.1332909e-01	1.7182937e-02	-1.6049083e-01	2.4327378e-01	2.9700163e-01	2.5211734e-01	9.6979238e-02	7.8175165e-02	-2.6478621e-01	3.9069378e-01	1.9163485e-01	-1.4824432e-01	1.5660409e-02	-3.2411081e-01	-2.6604831e-01	-1.9874865e-01	2.6277976e-02	2.2591801e-01	-1.2362593e-01	1.0667451e-01	8.0426425e-02	-1.5868525e-01	2.8364122e-01	-5.0476711e-02	2.5250825e-01	2.7867782e-01	-9.0340368e-02	2.4649572e-01	-1.6909247e-02	-2.1313500e-02	-2.4312884e-01	-4.1976285e-01	-1.0243676e-02	3.2010728e-01	-1.9485439e-01	1.1814056e-01	-1.6130906e-01	-2.2547734e-01	1.7544405e-01	2.0199940e-01	-1.9963574e-02	-2.9623504e-03	-1.0790519e-01	2.3627260e-01	9.4002984e-02	-1.6586211e-01	2.4593928e-01	-3.1726426e-01	1.4733079e-01	-2.8767315e-01	-2.8996056e-01	1.7481177e-01	2.1172255e-01	-7.0008457e-02	-1.2904634e-01	-5.4530084e-02	5.2379107e-01	-8.2313687e-02	-5.5166680e-02	4.5534976e-02	7.4154608e-02	2.5331241e-01	-3.4037444e-01	2.6647151e-01	-3.5513014e-02	-1.8603094e-01	-1.2258615e-01	-2.6466465e-01	-2.2347894e-01	2.6219609e-01	-3.9376158e-01	-8.9517310e-02	1.4310640e-01	1.7874067e-01	-8.4200315e-02	-3.3842418e-01	4.8723537e-03	1.8170308e-01	6.3704863e-02	7.9008713e-02	6.1393287e-02	-1.1633194e-01	-6.8054962e-01	1.9625165e-01	1.2392064e-02	3.0549401e-01	6.7741089e-02	-1.1097783e-01	-5.1632021e-02	7.7705234e-02	-1.8775298e-01	2.7659112e-01	-6.2436742e-01	-1.8591909e-01	4.4608572e-01	2.6366350e-01	-1.5543427e-01	-2.0767942e-01	1.2982988e-01	-4.7956008e-02	2.3261708e-01	-2.1983579e-01	-1.2331928e-01	-3.6377937e-02	8.5509829e-02	5.7601589e-01	-1.3180493e-01	-2.9195711e-01	-1.6723777e-01	-2.6431459e-01	1.2028292e-01	-4.3918124e-01	-2.2533339e-01	-4.2685804e-01	-8.9861974e-02	2.6362973e-01	-1.0257658e+00	3.1257713e-01	-3.5783961e-02	-3.5829734e-02	7.1222818e-01	-1.0264390e-02	-2.3879959e-01	-6.4194724e-02	1.8199313e-01	-2.6893517e-01	1.3909552e-02	-1.1659618e-01	-1.6810678e-01	8.2681246e-02	-5.2865136e-01	2.2180204e-01	1.0307417e-01	1.6236743e-01	-1.2836029e-01	-1.1854672e-01	-6.9540069e-02	-3.9699620e-01	1.2212808e-01	-2.8185153e-01	-3.2935645e-02	7.6480448e-02	2.6639992e-01	3.0162674e-01	8.2047731e-02	-3.8717408e-02	1.1756654e-01	-1.2775229e-01	-3.3840308e-01	-2.4752665e-01	-2.3167802e-01	-1.9668698e-02	5.3334570e-01	3.5256267e-01	1.6553479e-01	-1.1662709e-02	-1.2152807e-01	2.4519961e-02	-6.2005809e-03	-1.7367308e-01	-2.3615502e-01	-2.5270340e-01	1.5840708e-01	2.6974761e-01	3.2411841e-01	2.4306524e-01	1.3374211e-01	2.3436627e-01	1.9373533e-01	-4.2459437e-01	-3.9014465e-01	-1.5429300e-01	7.8627229e-02	-8.5865958e-03	-1.6179225e-01	-1.6532176e-03	-2.4386819e-01	6.6073790e-02	-1.0544647e-01	1.1579937e-01	-1.7562202e-01	3.8057896e-01	-2.8928974e-01	1.4978351e-01	4.7673097e-01	1.4480937e-01	-2.4629560e-01	1.4337558e-01	-2.6920763e-01	1.2605749e-01	3.1782158e-02	-2.4126789e-01	-2.6682469e-01	-5.1393431e-01	1.2330768e-01	2.2577938e-01	-1.2052961e-01	2.4646229e-01	-2.5095665e-01	2.6486185e-01	-3.3235352e-02	1.7012583e-01	2.4184157e-01	-2.0481110e-01	7.8765497e-02	8.6274102e-02	1.3205987e-01	2.1867388e-01	2.4631017e-01	-2.3408307e-01	2.2126865e-01	-2.3230407e-01	-1.5927799e-02	3.2604277e-01	-6.9285959e-02	-2.1526872e-01	5.8585060e-01	3.7221250e-01	4.3366246e-02	-3.0941200e-02	-2.6678559e-01	3.6435235e-01	3.2324502e-01	3.2152668e-01	-2.9492384e-01	-5.7770622e-01	-2.7203459e-01	3.1730443e-01	4.1390058e-01	-1.0631313e-01	-1.7762356e-01	2.1997772e-01	1.7814969e-01	1.4985435e-01	1.6584893e-01	-1.5635724e-01	4.2666376e-02	3.7973425e-01	-9.8713398e-02	-3.3960468e-01	2.2544284e-01	3.5982743e-01	-1.2685727e-01	-3.0948228e-01	-5.2509036e-02	-5.9987926e-01	-1.8344843e-01	-2.1437746e-01	-6.1080074e-01	2.2953226e-01	-3.5832852e-01	2.1543576e-01	2.3368830e-02	-4.1999799e-01	6.4089276e-02	-2.8271109e-01	-2.9257026e-01	-5.4943818e-01	-4.2499521e-01	2.8076240e-01	-4.1535911e-01	3.0587366e-01	2.1033423e-01	2.6613307e-01	1.8795586e-01	2.8869170e-01	-1.5659793e-01	-6.9393575e-02	-3.5658485e-01	5.1214986e-02	-4.3412499e-02	2.3820388e-01	2.1940412e-01	-4.9263135e-02	2.1139450e-01	2.9493836e-01	-1.8813382e-01	-4.8014119e-01	3.4625077e-01	1.2852894e-01	-2.9171461e-01	4.3890949e-02	-2.6196393e-01	1.6529159e-01	-3.5343719e-01	-3.9506748e-01	-1.6155364e-01	8.8071689e-02	5.5188712e-02	2.2255993e-01	-7.2250903e-02	7.2700746e-02	-1.6333755e-02	-2.3299037e-01	-7.1465962e-02	1.3298298e-01	1.6813937e-01	5.7778289e-03	-1.9642252e-01	1.8875124e-01	-1.2306637e-01	9.8882332e-02	1.4147682e-01	1.9362190e-01	-2.2653148e-02	-2.7615851e-01	-6.4739749e-02	2.3074731e-01	-2.7317351e-01	-2.5569975e-01	-3.0852646e-02	1.1904868e-01	-5.1778883e-02	-1.0797143e-02	1.6258055e-01	1.6010165e-02	-2.3352608e-01	-2.8791171e-01	-1.1963320e-01	-5.4810822e-02	-2.2677477e-01	-1.9584498e-01	-1.6208735e-01	-1.0333467e-01	2.1400025e-01	5.8084309e-02	-1.2054731e-01	-2.2967646e-01	-1.4704196e-01	1.5096486e-02	6.9504648e-02	1.8824336e-01	-9.5511138e-02	-2.0232376e-01	-2.4708846e-01	-1.9649854e-01	-1.1537726e-01	-1.7080413e-01	-1.8693844e-02	2.4150521e-01	2.4039692e-01	3.2591832e-01	-1.4522503e-01	6.9616176e-02	1.0327262e-01	3.3245483e-01	-1.8360023e-01	-7.3575087e-02	1.4030819e-01	9.1740370e-02	-1.6890499e-01	1.2682900e-01	1.7117611e-01	-1.4773071e-02	7.8782476e-02	2.6143560e-01	-1.1678956e-01	7.4437514e-02	2.0044493e-02	-1.1889871e-01	4.8291156e-01	-1.4536688e-01	2.2264656e-01	4.9715906e-02	1.8837160e-01	8.1301108e-03	-2.0799455e-01	-3.8126521e-02	-1.7729031e-01	-4.9251001e-03	3.8956356e-01	1.6514869e-01	-7.0984714e-02	-3.6091319e-01	8.3325684e-02	-1.0853757e-01	-3.4903342e-01	-1.1734229e-01	-2.8354397e-01	4.9855996e-02	-3.1730026e-01	-1.8559989e-02	-1.8237528e-01	-1.7135496e-01	-2.7096465e-03	6.7372066e-01	2.2318496e-01	-1.0953138e-01	5.5022679e-02	-5.6710593e-02	2.4707448e-01	-9.0188153e-02	7.5280614e-02	-4.3215981e-01	-9.3951929e-01	2.5404114e-01	-1.4174031e-01	1.0776366e-01	-1.5745556e-01	-6.8124123e-02	-5.6538753e-02	-3.3146104e-01	2.4691378e-01	2.8671548e-01	1.8238930e-01	2.6559832e-02	2.8902271e-01	-3.3063799e-02	-1.4804232e-01	8.7204441e-02	9.6314967e-02	7.8437246e-02	-1.5610571e-01	-2.2637028e-02	-4.0687340e-01	-3.5356697e-01	3.7690374e-01	-3.5055127e-02	-6.8070702e-02	-1.9714884e-01	-1.0988386e-01	2.2750816e-01	2.3948368e-01	1.5925571e-02	1.3825257e-01	-3.7193426e-01	-1.0714676e-01	9.3712069e-02	-7.4807517e-02	-5.0026994e-02	-1.2052949e-01	1.2805517e-01	1.3561185e-02	-3.5704410e-01	1.2130267e-01	2.2479752e-01	7.5472176e-02	-2.5100488e-02	-5.1779602e-02	-7.4677892e-02	-4.5704175e-02	6.4612232e-02	-2.9743132e-01	7.6903991e-02	-2.3205878e-01	1.4904204e-01	-6.5240473e-02	-1.5006743e-01	-2.3783083e-01	1.1946179e-01	5.5695657e-02	1.2330510e-01	-5.1385236e-01	2.1977504e-01	1.0279431e-01	2.7490067e-01	3.0031505e-01	-2.0852131e-01	-2.3363550e-01	-5.6770630e-02	-2.9268253e-01	3.8372319e-02	1.0664735e-01	-1.5717459e-01	-1.8128058e-01	-1.5119170e-01	-1.5922922e-01	-2.8851405e-01	3.8909879e-01	-7.8715965e-02	2.5643390e-01	-3.5942408e-01	5.9136784e-01	6.7345291e-02	-1.0607168e-01	2.2175333e-01	-1.5573125e-01	4.0347919e-01	8.5065305e-02	2.0801704e-01	-3.8955596e-01	-1.3554637e-01	-2.3677853e-01	-4.1778823e-03	1.5920678e-01	2.3714896e-01	-2.8694391e-01	-3.1942317e-01	1.9512402e-01	-4.8367541e-02	-9.7116858e-02	1.8478568e-01	-1.7988279e-01	-2.8964147e-02	1.7308283e-01	-4.2118651e-01	2.5446436e-01	-4.2903578e-01	-1.7889851e-01	-1.3461448e-01	1.4766295e-01	1.6300419e-01	2.4264316e-01	-3.6733505e-01	5.1827484e-01	-2.9211882e-01	-2.8643349e-02	4.3096691e-02	6.6195101e-02	7.4199609e-02	2.9155043e-01	-2.7797559e-01	-4.0606651e-01	-7.8994013e-02	1.6727957e-01	2.6412442e-01	-2.6939455e-01	3.6868566e-01	-3.4661508e-01	2.6651764e-01	-5.9950538e-02	3.0368326e-02	-1.2733728e-02	2.7456823e-01	1.1535601e-01	-2.9611191e-01	-1.7091259e-01	6.6592827e-02	-1.9136429e-02	-1.8501478e-01	3.4637538e-01	-2.6868388e-01	4.0757813e-02	-7.3234491e-02	3.2620750e-02	6.4157039e-02	3.4445626e-01	-2.9482322e-02	2.0703578e-01	-6.7093395e-02	1.5619946e-01	-6.9843642e-02	-1.7402726e-01	2.6397648e-01	-1.6088310e-01	-9.2192993e-02	1.8093117e-01	1.1906914e-02	4.5724094e-01	1.3402994e-01	-2.0613402e-01	9.4689235e-02	3.5564485e-01	-1.3720597e-01	1.3348179e-01	-1.4433263e-01	1.6004156e-01	3.7827083e-01	-8.8134028e-02	2.2701557e-01	1.6919943e-03	4.4065487e-01	-1.8211539e-01	2.2720733e-01	2.3598157e-01	-3.4184255e-02	9.7601891e-02	-2.4052756e-01	1.1884052e-01	-4.1460061e-01	-3.5815662e-01	-5.6515127e-01	-2.9897633e-01	-2.7641466e-01	-4.4804171e-02	-3.1598899e-01	2.5011912e-01	3.9983857e-02	-1.3673361e-01	-6.2164032e-01	-1.9642548e-01	4.3642037e-02	-3.6004159e-01	9.7081408e-02	-1.3699894e-03	1.0937402e-01	3.1863156e-01	8.0296502e-02	4.7889867e-01	7.1494789e-03	-1.5588255e-01	4.4285259e-01	1.4473370e-01	-1.8819676e-01
1.3548402e-01	1.2388878e-02	7.8968741e-02	2.8282383e-01	3.0455580e-02	-1.1149054e-01	-6.4072967e-02	-3.8992330e-01	-2.4708635e-01	1.0351147e-01	-2.9312229e-01	1.0297060e-01	2.5622055e-02	-1.8169715e-01	1.7371592e-01	-2.3752859e-02	-2.2852102e-01	-1.9832760e-02	-8.2107857e-02	2.5325727e-01	1.6147293e-02	-2.0613758e-01	4.9557269e-02	3.3121407e-02	2.6951423e-01	-3.5040563e-01	3.7965257e-02	-4.2259369e-02	2.5273651e-01	8.0232263e-02	-1.6939171e-01	-3.1716295e-02	-2.3379961e-01	-5.6320086e-02	-2.2133604e-01	3.9296484e-01	5.6235626e-02	9.8417781e-02	-1.9881423e-01	3.4473127e-01	2.8422043e-01	1.9579566e-01	-1.2040799e-01	2.4006926e-01	-1.7800541e-01	2.7825132e-01	-7.5972922e-02	2.5312173e-01	-2.2896965e-01	4.2106596e-01	4.1761503e-02	-6.1313254e-01	3.8134601e-02	-8.8989295e-02	2.2062199e-01	-1.0850894e-01	-3.9673677e-01	1.0311309e-02	-1.3987757e-01	-3.5358998e-01	-1.5349150e-01	-6.2574059e-01	-3.5863269e-02	-4.7741333e-01	-7.5146565e-03	-5.3392146e-02	-2.5679016e-01	-9.5704712e-02	-2.9483560e-01	2.7650494e-02	-6.7445159e-02	2.6752132e-01	-3.5316225e-02	-1.4660054e-01	2.3379032e-01	-5.3207494e-02	-1.4943825e-01	8.8526607e-02	2.8691494e-01	8.9140423e-02	-2.4655811e-01	-5.1795143e-01	-1.7936617e-01	-2.7864930e-01	-4.6980560e-01	2.9564539e-01	1.3702439e-01	2.1940866e-01	-9.0502864e-03	-2.1807007e-01	3.3209887e-01	2.0313828e-01	-7.9939026e-01	-3.2307458e-01	2.1269977e-01	-6.9514650e-01	-2.5035647e-01	-1.1948485e-01	-1.4313717e-01	-1.6636248e-01	-1.4626023e-01	-4.8104681e-02	7.0801444e-02	-2.2109333e-01	1.3827556e-01	1.6429707e-01	3.6767757e-01	-1.1088821e-01	-7.3549807e-02	-7.4077648e-01	-2.3873354e-01	9.4017491e-02	-4.0460697e-01	-1.9077396e-01	1.7263119e-01	-1.6783585e-01	-1.5062957e-01	-7.2047599e-02	2.7360827e-01	-5.8610842e-02	2.7866939e-01	-6.3788995e-02	-2.2475002e-02	7.2204970e-02	-8.5062124e-02	-1.3821474e-01	1.6142881e-01	-1.3068597e-01	-1.9059370e-01	-1.1210857e-01	1.2466636e-01	9.1480598e-02	4.2086050e-01	-2.5317010e-01	2.4026538e-01	2.2023018e-01	-2.6705217e-01	-3.0058256e-01	1.9557548e-01	1.1638752e-01	-2.0708820e-01	-1.7238967e-02	6.7318827e-02	-2.6399976e-01	-2.6691434e-01	-4.2167175e-01	1.3822839e-01	-8.7886555e-03	1.4573821e-01	3.1948334e-01	-1.0470995e-01	-2.5982341e-01	1.1050446e-02	1.2163809e-01	3.7267232e-01	-1.8532792e-01	1.5149617e-01	2.6179555e-01	3.4405456e-03	4.1982451e-01	-6.9230013e-02	2.9241410e-01	1.4841233e-01	1.7044252e-01	1.4715211e-01	1.5550824e-01	-6.7900680e-02	3.0552435e-01	-2.4165375e-02	8.0696844e-02	1.0484917e-01	3.7455861e-02	2.3979403e-01	9.6183777e-02	2.6256362e-01	1.2990019e-02	-3.5094830e-01	1.8536977e-01	-1.6114151e-02	-3.3583611e-01	4.9996406e-02	2.0964380e-01	1.3476086e-01	1.0396063e-02	-1.2197856e-01	-9.1623247e-02	1.1683111e-01	2.0551822e-01	-2.8503415e-01	-1.9497715e-01	-2.2487921e-01	-6.8667799e-01	2.1064749e-01	2.5593174e-01	2.7752867e-01	-7.0330769e-02	2.0503259e-01	-1.7560655e-01	6.9446445e-02	1.8496041e-01	-3.9611629e-01	-2.2481566e-02	-6.6834062e-02	-2.7401103e-02	-1.6098884e-01	5.0878715e-02	1.1406416e-01	1.9684622e-01	-8.7957114e-02	-2.1679121e-01	4.5202542e-02	-1.7429137e-01	-3.0193299e-01	-1.3333511e-01	2.3400705e-01	8.1590027e-02	2.1728747e-01	1.0297803e-01	2.2050039e-01	-2.6700389e-01	-6.3345623e-01	-4.5970196e-01	-4.4439264e-02	-6.2724018e-01	8.0248766e-02	9.3140259e-02	3.5184655e-02	-2.5287408e-01	4.8598155e-02	-1.9897130e-01	-1.4042972e-01	-1.2688337e-01	1.4909691e-01	1.3174517e-01	-8.0882028e-02	-3.1155828e-01	-2.0306648e-01	7.5992444e-03	1.0088980e-01	4.3519169e-02	1.6613451e-01	2.7917966e-01	-9.1397442e-02	-1.5333202e-01	-3.5235649e-03	6.1151810e-02	-1.3596325e-02	4.7122627e-02	-3.0078393e-01	2.4784155e-01	6.4487487e-02	-6.0375106e-02	-2.6777491e-01	1.1913665e-01	1.8246084e-01	-1.2266701e-01	1.0251823e-02	1.2650494e-01	4.7240566e-02	9.0576801e-03	1.3336430e-01	9.4273925e-02	4.6604551e-02	-3.3634233e-01	-9.1200965e-03	2.5871623e-01	-2.4126945e-01	-2.3695640e-01	3.0317333e-01	-7.8907579e-02	4.5287494e-02	2.8927702e-01	1.2018647e-01	-1.9548498e-01	6.3240975e-02	-2.2322725e-01	2.5119555e-01	1.2566076e-01	-2.0525992e-01	1.8048960e-01	1.1133111e-01	-1.6156818e-01	1.4955258e-01	2.3273416e-01	2.7395478e-01	-1.0407281e-01	9.5468452e-03	-2.9816430e-02	1.3653558e-01	1.3267419e-01	4.8063099e-02	1.5703274e-01	-3.3222249e-04	-4.7950733e-02	-1.8637240e-02	-1.1970858e-01	5.7197206e-02	-2.3831561e-01	-2.8692201e-01	1.1070144e-01	-1.8239641e-01	-2.4513702e-01	-2.9408216e-01	-2.3699988e-01	-9.9379443e-02	-2.7538687e-01	-2.3691717e-01	-8.9000188e-02	6.4553820e-02	-1.2042688e-01	-1.3833663e-01	2.7488872e-01	-6.0443390e-02	2.9596063e-01	-1.5131067e-01	-7.7953994e-02	-3.0018848e-01	2.5365686e-01	1.1576405e-01	-1.8634199e-01	-3.0457119e-02	-2.2834782e-01	-1.2650244e-01	1.1519469e-01	-2.9022333e-01	-2.3580034e-01	2.0451905e-01	1.4462580e-01	-8.5332096e-02	8.9393832e-02	-2.2594367e-01	1.9257587e-01	1.7757353e-01	-3.4470141e-01	1.6254529e-01	2.6946783e-01	2.4005561e-01	1.8869458e-01	2.4862206e-01	5.1513642e-02	-2.0278451e-01	3.7862610e-02	-1.4337462e-01	-2.9318452e-02	-1.1239230e-01	-1.8084787e-01	-2.0511319e-01	-1.0623668e-01	-1.4723805e-01	-9.6849434e-02	-2.9978624e-01	2.1722652e-01	6.2597491e-02	-2.4851624e-02	-2.8482014e-01	3.0525345e-01	2.7749261e-01	-2.0451130e-01	2.0675243e-01	-3.8817253e-02	2.4370438e-01	9.0452060e-02	-6.2947176e-02	-3.0016661e-01	-8.7706335e-02	-1.1027322e-01	-1.7342548e-01	2.0309933e-01	1.6841845e-01	-6.6073439e-03	1.8201934e-01	-5.6940954e-02	5.1875331e-02	-2.2673853e-01	1.1286969e-01	-6.9610640e-02	-8.1658788e-02	-1.6086571e-01	7.7481367e-02	-1.8067892e-01	4.1394159e-01	-3.2823195e-04	1.2677987e-02	1.6560394e-01	8.7571867e-02	9.4110049e-02	3.3010852e-01	2.6602992e-01	1.8144669e-01	-3.6100233e-01	-1.5311655e-01	2.3254122e-01	4.7716115e-02	2.7825242e-02	1.8583691e-01	1.4017777e-01	-2.1201739e-01	-3.8368565e-01	1.5058915e-01	-1.9566709e-01	3.5236517e-01	-2.6128492e-01	2.4656507e-01	-2.9690167e-01	-4.4145468e-01	-2.0966223e-01	-2.0912609e-01	8.7685704e-02	-2.8412217e-02	2.0819815e-01	-6.9633618e-02	-3.1380418e-01	-3.9108643e-01	-1.0885370e-01	4.2660519e-02	-2.1738733e-01	4.2367786e-01	2.6236050e-02	-6.5902370e-04	1.4202295e-01	-1.9258539e-01	-2.6215824e-01	-2.9599628e-01	2.1778992e-01	3.0517361e-01	6.9298878e-02	9.6578293e-02	-2.6940563e-01	-2.0131837e-01	1.1465057e-01	-2.7138978e-01	1.3635452e-01	-2.9148445e-01	1.1567838e-01	-5.9396520e-02	2.8177214e-01	7.8912862e-02	-2.4010509e-01	-9.3811937e-02	9.5429361e-02	1.4681582e-01	2.1083239e-01	-3.6805549e-01	1.7819792e-01	-3.0762044e-01	1.1704075e-01	-3.9028111e-01	-2.4328826e-01	-3.2666966e-01	1.7138712e-01	1.5300952e-01	-2.7637661e-01	2.9743698e-01	1.4174290e-01	-2.8207235e-02	1.4153270e-01	3.5962099e-01	-1.7412683e-01	-8.7761857e-02	-7.5088269e-03	4.6149109e-02	-4.6603799e-01	-1.3941062e-02	-2.7649415e-01	3.3889806e-01	-2.9570657e-01	-1.2070241e-01	-1.1171833e-01	1.5776715e-01	1.5954059e-01	-9.4158284e-02	-2.5591058e-01	-1.4676721e-01	-1.6903698e-01	8.0307208e-02	-1.8961446e-01	3.4947920e-01	2.3883830e-01	-3.6597231e-01	3.2816222e-01	3.4309444e-01	-2.2577161e-02	2.9388377e-01	1.7832818e-02	5.4130290e-02	2.6750979e-01	-3.6813542e-02	1.9799462e-01	-1.0006360e-01	6.9008514e-02	-1.2164857e-02	-1.2564506e-01	-1.2464262e-01	2.0003267e-01	2.1305658e-02	-2.3009790e-01	1.4798705e-01	3.1744335e-02	2.1634379e-01	1.9243537e-01	-2.3294105e-01	-2.1803197e-02	3.1721613e-01	-1.6049792e-01	-1.6212316e-01	1.3535120e-01	6.2079050e-02	3.1139991e-01	-4.4705591e-01	-3.3431569e-01	-4.1721210e-02	-4.3204868e-01	-2.9766831e-01	2.3757179e-01	-1.3097580e-01	2.6477283e-01	4.4193375e-01	3.1683040e-01	1.3507111e-01	-3.0944976e-01	2.0854010e-01	-1.4534572e-01	1.2595069e-01	2.0237304e-01	2.7021620e-02	-2.8163147e-01	2.1532884e-01	3.1195843e-01	4.6395260e-01	-5.8915216e-01	-2.2686173e-01	3.8917202e-01	-1.8882386e-01	-2.5050277e-01	-2.7259213e-01	4.9099326e-02	-1.9653796e-01	2.3621263e-01	-1.4745259e-01	-8.8127621e-02	1.6136949e-01	6.5613908e-01	-4.4994771e-01	3.2403150e-01	1.5033527e-01	-3.6848404e-02	-3.1873325e-01	-9.6574202e-02	8.6583942e-02	3.1297120e-01	-2.3437484e-01	-3.3995229e-01	2.9863808e-01	-1.4349723e-01	-3.1924427e-01	-7.5776808e-02	5.3055588e-02	-1.0099675e-01	2.0316342e-02	-4.9454000e-02	-1.2062334e-01	-3.7198588e-01	-1.1497770e-01	1.3455728e-01	2.9422262e-01	-3.8982406e-01	-1.3109900e-01	-1.4025153e-01	6.2633306e-02	-3.5808238e-01	2.3124672e-01	3.8867183e-02	2.2833475e-01	-2.3793575e-01	-2.0448105e-01	-2.9112659e-02	-6.2888466e-02	-1.7754754e-01	2.2953820e-01	-1.4117946e-01	-3.6257097e-01	1.9999807e-01	1.3819656e-01	-4.1481745e-01	-1.6693845e-01	-1.7620087e-01	3.3941543e-01	8.2664005e-02	-5.7706382e-04	1.4037579e-01	-3.4783599e-01	-4.1147962e-01	-3.9513248e-01	1.5935993e-01	1.9928767e-01	2.4075502e-01	-1.0863987e-01	-7.9218708e-02	-7.2250046e-02	-1.1963494e-01	7.1053900e-02	-2.6437390e-01	1.2554084e-01	5.3945679e-02	-7.2318131e-01	-1.8487120e-01	-1.1623992e-01	-4.1348672e-01	4.9177849e-01	7.3374189e-02	3.0575585e-01	-1.2906381e-01	2.4547005e-01	2.6592270e-01	7.6112822e-02	9.1485821e-02	-2.5095751e-03	3.0040213e-01	1.8073689e-02	-2.1220841e-01	-2.0226316e-01	1.6349708e-01	3.6976621e-02	1.7015871e-03	2.3233689e-01	3.0463040e-02	-8.9072280e-02	-2.3837787e-01	-4.2334802e-02	3.2472765e-01	3.2141685e-01	-7.7339202e-02	1.1363415e-01	2.1875936e-01	1.4922066e-01	-1.7105111e-01	-8.9887530e-02	7.9369135e-02	-1.8712957e-01	-4.1051775e-02	-3.8185453e-01	-2.7485895e-01	-1.3457224e-01	-6.4570105e-01	-1.9984365e-01	1.8943773e-01	4.0550875e-03	-1.8653588e-01	-4.8518538e-01	-1.6082561e-01	-1.4806615e-01	-2.8695607e-01	-8.7040991e-02	-7.7894449e-01	9.5153004e-02	-2.2427335e-01	-4.1724953e-01	-1.0735396e-01	-1.1180267e-01	2.9060322e-01	3.7042820e-01	-5.5907845e-01	1.1392473e-01	-1.8342058e-01	4.3041985e-02	-4.8149264e-01	-1.1653171e-01	1.4027955e-01	3.5515729e-01	-5.1938761e-03	-7.6804645e-02	-1.2421813e-01	-2.1253456e-01	2.7979270e-01	-8.3727829e-02	-1.9939896e-01	-1.1011110e-01	-8.3126046e-02	9.9412650e-02	4.9487468e-02	-2.8479928e-01	-2.2880243e-01	-1.9226862e-01	4.9075603e-02	-1.7565554e-01	2.2854887e-02	1.2904002e-01	2.8128117e-02	-8.0437258e-02	2.6907310e-01	-1.4229620e-01	3.4208000e-03	-3.8629051e-02	4.9735542e-02	-2.7656570e-01	1.0567272e-01	-9.4380185e-02	-1.3568199e-01	-2.6574659e-01	-3.9186776e-03	-1.2552656e-02	-6.1217245e-02	-1.8017522e-01	-1.5424696e-01	-1.2620597e-01	3.0350125e-01	2.2434388e-01	-1.2610987e-01	-1.4031685e-02	-1.3039666e-01	-2.5116536e-01	-4.4316322e-02	-1.2411805e-01	-3.1885180e-01	2.9844621e-01	1.2539455e-01	-1.4555691e-01	4.0649015e-01	1.8864840e-01	-3.6796218e-01	-3.4998310e-01	1.9011229e-01	9.9681661e-02	-2.9779238e-01	-4.5277148e-01	2.9259989e-01	1.1869451e-01	-1.4126907e-01	2.0100744e-01	3.9020563e-03	2.2552390e-01	-3.1497896e-02	-7.6392972e-01	2.2697045e-02	2.4258403e-01	-3.5033265e-01	-2.6259905e-01	3.2153670e-02	-2.8080663e-01	-2.8682527e-01	-1.7311989e-01	3.3574638e-01	-1.5960599e-01	-3.5075910e-02	1.5544559e-01	2.2995858e-01	-2.4630471e-01	-1.1366391e-01	1.6622387e-01	-3.3645737e-01	-4.7243461e-02	-4.7764316e-01	-5.5592280e-02	-7.6542258e-01	1.5178485e-01	2.6109159e-01	1.7458858e-01	-2.2735992e-01	-1.2283167e-01	1.3527873e-01	-7.0186958e-02	-3.7265709e-01	9.4053395e-02	1.3291848e-01	2.7005646e-01	9.6310385e-02	-5.1992053e-01	2.1217343e-01	4.3139666e-02	1.8491128e-02	1.6279919e-01	-2.1939425e-01	-3.5112870e-01	-3.8510751e-02	8.0182135e-02	2.4532676e-01	-1.4125249e-01	2.6935186e-02	-1.6739872e-01	2.2980183e-02	-2.2434084e-01	1.0559279e-01	-1.2519431e-03	-7.8589618e-02	-1.8054451e-01	2.6230633e-01	-3.0628330e-01	-2.4375416e-01	1.2849066e-02	1.9357213e-03	-6.3163921e-02	1.5505946e-01	-3.1264451e-01	1.4966100e-01	-2.0088094e-01	-2.4120623e-02	2.3534894e-04	-3.7993465e-02	-2.7661934e-01	-3.0049044e-01	-2.9380077e-01	-7.8437321e-02	-2.4703212e-01	1.0874840e-01	-8.2012936e-02	-1.8991821e-01	-1.0612943e-01	4.8838012e-02	-2.4690795e-01	-8.0173276e-03	2.3133881e-02	2.2919205e-01	-1.7737834e-01	2.6486548e-02	-9.7860962e-02	-2.6601201e-01	-1.7351560e-01	1.5354367e-01	-2.5059164e-01	-9.1654643e-02	-3.9051804e-01	2.2786401e-01	1.4338180e-01	2.7002749e-01	2.1888065e-01	1.0912824e-02	-1.6162600e-01	-2.4217539e-01	-2.9620022e-01	-7.5088240e-02	-2.2279758e-02	1.1059204e-01	2.6134303e-01	-4.2475486e-01	-2.5104439e-01	-2.3601633e-01	-3.3476415e-01	-2.8925870e-02	2.9757443e-01	-4.4095814e-01	-2.4101213e-01	-1.7355481e-01	-3.2537046e-01	-2.3343936e-01	4.8968859e-02	2.7419475e-01	9.2812337e-02	-1.4375456e-01	1.8340741e-01	1.2300797e-01	-1.2085073e-01	-4.9148690e-02	1.3954961e-01	-2.4580365e-01	-1.4998986e-01	2.2357312e-01	-2.5578532e-01	-1.3471857e-01	-4.9946913e-01	-1.0903279e-01	-1.4084171e-01	8.9817651e-02	-3.5835505e-01	1.4172545e-02	-1.9633043e-01	-1.7303768e-01	2.7386051e-01	3.0110991e-01	-1.4081340e-01	-2.3315271e-02	2.0079622e-01	-2.5304216e-01	2.9675253e-02	-3.4694305e-01	-1.7226075e-01	2.5187048e-01	-2.7645813e-02	-3.1383967e-01	1.6512311e-01	-2.0643727e-01	3.4015563e-01	-6.1337185e-01	-3.5312572e-01	-7.1221888e-02	-6.9784188e-01	2.8899193e-01	-8.0726609e-02	5.4590285e-02	1.8671533e-02	5.7995006e-02	2.2103998e-01	1.8613933e-02	9.1632970e-02	1.7651087e-01	1.2028924e-02	-6.0320401e-01	1.1213283e-01	-1.5580150e-01	-2.2321200e-01	-1.0835758e-01	-1.7736427e-01	2.0855884e-01	-2.0753330e-01	-2.0327806e-01	-1.7302847e-01	-1.4071535e-01	-1.0212720e-01	2.5921080e-01	1.1577991e-01	-1.9706963e-01	1.2538633e-01	1.8222165e-01	-1.6192137e-01	-2.7532339e-01	-1.8043800e-01	-1.2236447e-01	-1.7345648e-01	1.7257750e-01	-9.9604383e-02	-1.2829813e-01	-2.3965012e-01	6.6774808e-02	1.0879186e-01	-3.2196337e-01	-4.2523284e-02	-1.9990540e-01	-3.1702539e-01	5.3623617e-02	-2.2403363e-02	-2.9338283e-02	1.4145771e-01	2.7835640e-01	-9.5559426e-02	-3.0447489e-01	1.7123373e-01	3.2448393e-01	-8.3515704e-02	-4.6212739e-01	-1.4238305e-01	1.4635597e-01	2.3699549e-01	2.2808744e-01	-2.7556863e-01	-1.1193188e-01	4.0447062e-01	1.2497853e-01	-2.9591116e-01	-2.3645540e-01	8.0694444e-05	2.7060476e-01	2.7979538e-01	-5.6011885e-02	-1.3685389e-02	2.7283216e-01	1.9504444e-01	1.7537622e-01	-5.4170328e-01	-1.6693911e-01	-1.9375712e-01	4.2833236e-01	-4.5925286e-01	-5.0735658e-01	1.1691867e-01	1.5441471e-01	-6.5237468e-01	1.5343253e-01	-1.1099016e-01	-6.9446474e-01	-3.5504065e-02	-1.5109687e-01	-2.0165631e-01	-2.8393540e-01	-4.4321489e-01	-1.0741092e-01	-4.0476695e-01	4.0026069e-02	-8.9553803e-02	-4.2836149e-03	5.6765443e-01	2.6538587e-01	1.1251623e-02	-2.4606363e-01	9.1735639e-02	-2.0073533e-02	1.8563171e-01	1.1991617e-01	-1.7328881e-01	4.9151766e-01	3.5879213e-01	3.2153925e-01	-1.7948954e-01	5.0443125e-01	2.0793851e-01	3.6523587e-01	-2.7750421e-01	-2.6143992e-01	2.1525612e-01	2.7363518e-01	1.1676284e-01	1.7725022e-01	-3.9409471e-01	-2.2346526e-01	2.9052767e-01	-1.3729148e-01	-2.4719514e-01	2.9426289e-01	3.3633402e-01	2.4796523e-01	-4.4386230e-02	2.5773874e-01	-3.0221170e-02	2.9168233e-01	-2.4237438e-01	1.3574499e-01	3.0357382e-01	-9.5083132e-02	-9.3587056e-02	1.6439812e-01	-1.7831543e-02	-1.8719736e-01	-3.0366731e-01	-5.4659184e-02	2.8923851e-01	-1.6888474e-01
2.0569088e-01	2.2126298e-01	-3.4749886e-01	9.2084534e-02	2.9105693e-01	-3.8856572e-01	-1.9356717e-01	9.3616834e-03	1.3781634e-02	1.8086201e-02	-1.8756438e-02	-1.6705985e-01	1.6361886e-01	1.4426555e-01	1.3491534e-01	-2.9406440e-01	2.1111026e-01	9.8130360e-02	-1.9861574e-01	-3.6781663e-01	4.9425203e-01	2.9215449e-01	-1.6571051e-01	4.9903709e-01	-5.1898234e-02	-3.7443221e-02	3.4109858e-01	2.0477378e-01	-1.0335338e-02	1.2418673e-01	-1.9442412e-01	-2.9631972e-01
