9
input	49
dense	32
relu	0
dense	32
relu	0
dense	32
relu	0
dense	1
linear	0
7.999999979801942e-06
6.5142095e-02	-9.5586598e-02	-4.6563786e-03	-2.0061428e-02	7.1968250e-02	-3.0007815e-02	-5.5383012e-02	-4.3332778e-02	-8.2050469e-03	-4.6689734e-03	-6.8344414e-02	-7.0930175e-02	1.3759000e-02	-8.6195715e-02	-1.3290029e-02	1.3187762e-01	-4.7564995e-02	3.3742726e-02	-3.2066971e-02	-8.6864591e-02	-1.5370767e-02	0.0000000e+00	-3.7345909e-02	1.1763400e-02	4.1035123e-02	1.7979661e-02	-1.3244200e-03	3.8352814e-02	-1.0646725e-02	4.2385526e-02	-1.6312981e-03	1.0365909e-01
4.7994561e-02	-5.6354735e-02	-3.9281517e-02	-8.6280443e-02	7.2207086e-02	1.1789934e-02	7.8431278e-02	3.0555355e-03	-1.9349918e-02	-6.3486941e-02	-7.4776106e-02	-7.7847531e-03	-2.2289963e-02	-2.1401940e-02	3.1317640e-02	-2.6528586e-02	5.4218896e-02	-4.7106791e-02	5.7746373e-02	-2.6102686e-02	2.6014570e-02	-5.3006049e-02	3.5728414e-02	7.1454510e-02	-1.8868132e-02	1.5288907e-02	-3.1041391e-02	-7.1811019e-03	3.3285134e-02	2.2672178e-02	-5.9090123e-02	-4.1848008e-02
2.2064483e-02	-2.2404378e-02	-4.4372403e-03	2.0856919e-02	3.7089554e-03	-2.7781952e-02	-3.7537690e-02	-3.3395831e-02	-7.9512000e-02	-4.1363344e-02	-3.5291113e-02	3.3249196e-02	-4.1836992e-02	6.5742806e-02	-5.5556655e-02	5.0474536e-02	-2.4271991e-02	-8.0130510e-02	-4.8340537e-02	5.8502872e-02	-2.1951383e-02	6.4288371e-04	1.7646667e-02	4.1686229e-02	-4.9815390e-02	6.9030516e-02	-6.6736199e-02	3.7050195e-02	-1.0388896e-02	2.4921967e-02	-5.0223883e-02	1.0866988e-02
-7.5808935e-02
-8.6553857e-02	-2.6901634e+00	-2.4775748e+00	-1.9339241e+00	-1.4824229e+00	-4.5165485e-01	-4.2547551e-01	-1.3668029e-01	-9.6141823e-02	-1.4810199e-01	1.6198669e-01	-9.3429480e-03	2.3022610e-01	6.3587934e-02	1.7221090e-01	1.4906619e-01	1.0736210e-01	9.5139168e-02	-2.6875725e-01	-1.6943893e-01	2.0031528e-01	-9.9350646e-02	2.3739602e-01	2.5341985e-01	5.8250759e-02	9.1965236e-02	3.1490901e-01	-1.3732719e-01	-1.4148809e-01	5.8603022e-02	1.5968725e-01	1.4743984e-01	-1.8974532e-01	-1.0434158e-01	-1.7962776e-01	2.6564747e-01	1.2032831e-01	-5.9642196e-02	6.0869664e-02	5.2219223e-02	6.2406003e-02	1.7586350e-01	5.5918768e-02	-6.7948125e-02	-6.3282341e-02	6.8640290e-04	-8.3118295e-03	-9.1948591e-02	5.0083399e-02	2.4940147e-01	4.6832842e-01	6.8739069e-01	7.9389268e-01	5.5556577e-01	3.5300288e-01	6.7569906e-01	4.5251617e-01	-9.8965585e-02	1.5549159e-01	2.2767177e-01	-3.8964406e-03	-1.2193644e-01	9.5447756e-02	-2.1156488e-01	-6.3940538e-03	-1.0649102e-02	-8.9512811e-05	-1.3002434e-01	1.3358818e-01	2.2351123e-01	6.0150448e-02	-1.9325770e-01	-3.1918097e-01	-1.1848976e-01	8.0736235e-02	8.0356039e-02	1.0928490e-01	1.2579765e-02	-5.6326728e-02	-2.1922778e-01	-6.3595861e-02	1.6203431e-02	-1.6296946e-01	-9.2269830e-02	1.2343178e-01	1.8289562e-01	-8.9449249e-04	-8.5191950e-02	1.2572503e-01	-1.7321257e-01	8.8640228e-02	-8.2887664e-02	-1.2856835e-01	-6.1773527e-02	-1.1018498e-01	-9.7472016e-03	7.2526567e-02	4.1906487e-02	-1.5603638e-01	-2.3861127e-01	-6.7805773e-01	-3.4853235e-01	-4.0272072e-01	-8.7779455e-02	1.6836521e-01	-1.6512357e-01	7.7810913e-04	5.1105913e-02	-3.2078784e-02	-1.7936337e-01	1.7985624e-01	1.4822838e-02	2.1972454e-01	-2.3761237e-01	-1.3200912e-01	-1.8875924e-01	6.1172392e-02	8.8526562e-02	-1.4167994e-01	1.2626320e-01	2.8193828e-01	8.2913943e-02	-5.2040886e-02	1.8240567e-01	3.1559208e-01	1.6909370e-01	-1.6092943e-01	-2.6091206e-01	-4.6974383e-02	1.8132247e-01	4.7087286e-02	-1.5177551e-01	-1.2923852e-01	9.8556280e-02	8.0330625e-02	-4.8376065e-02	1.2732817e-01	2.5735471e-01	1.0211939e-01	2.3488589e-01	2.0311771e-01	4.0216365e-01	-2.7093062e-01	-1.6495764e-01	2.0118246e-02	3.4776953e-01	1.4850891e-02	9.1691822e-02	6.6203892e-01	8.9077801e-01	9.3060881e-01	3.9229450e-01	4.4256327e-01	-6.2880553e-02	-1.0952955e-01	-2.1184747e-01	3.7180781e-01	1.9030312e-01	3.0978927e-01	3.3327875e-01	1.3857804e-01	2.5646800e-02	9.3532214e-03	2.8895152e-01	2.1424825e-01	1.1706196e-01	5.6498364e-02	1.2665518e-01	-1.1561359e-01	2.2657692e-01	5.0922964e-02	-1.4787272e-01	-2.8418329e-01	-2.5844777e-01	4.9774069e-02	-3.6926591e-01	-1.0842775e-02	-2.9106373e-01	-3.2427487e-01	-9.1209397e-02	1.6645412e-01	8.7663248e-02	-1.6094989e-01	2.0679934e-02	-1.2844680e-01	1.9321716e-01	-4.8029695e-02	2.3388785e-01	-2.7014399e-01	-2.5823856e-02	-2.8034456e-02	-2.0738864e-02	8.2219906e-02	1.2520010e-03	1.9666222e-01	6.2433886e-03	2.7626902e-01	-2.7044632e+00	-2.6787035e+00	-2.3973114e+00	-1.3004370e+00	-5.6129748e-01	-1.1322936e-01	3.2161906e-01	2.3496290e-01	1.7791888e-01	-1.1628645e-01	1.7812589e-01	7.4933521e-02	-2.4246693e-02	5.9419610e-02	-1.6130449e-02	-1.8773939e-01	-9.6967965e-03	-5.9425008e-02	-2.9078086e-03	3.4363348e-02	7.8246646e-02	2.7832925e-01	-1.1165199e-01	-4.1866478e-02	3.9092895e-01	5.2871674e-01	4.9457574e-01	3.0676123e-01	2.9625782e-01	6.5849468e-02	8.0106826e-03	1.6838878e-01	-1.5579362e-01	1.1871915e-01	1.1028327e-01	1.9508613e-03	7.6464668e-02	-1.4597966e-01	1.0031226e-01	-1.2795630e-02	3.7830006e-02	-7.4472837e-02	2.6510915e-01	1.0682692e-01	-1.7025694e-03	-6.2813573e-03	-1.6414538e-01	1.2357788e-01	3.5875540e-02	-2.3459461e+00	-2.3536556e+00	-1.6201096e+00	-6.8774235e-01	-3.0956247e-01	-2.7825102e-02	-1.8234468e-01	-1.6246656e-01	-1.0176781e-01	-1.5968011e-01	-1.6632272e-01	-2.5201583e-01	-1.6456592e-01	-1.6766420e-01	8.0597736e-02	3.0278432e-01	-7.1726032e-02	-1.9768521e-01	3.4056149e-02	-1.1341725e-01	-1.3444130e-01	-2.0497894e-01	-1.6247532e-01	2.9320467e-01	1.7247687e-01	2.0869140e-01	-6.3953758e-03	-9.8892137e-02	1.9296089e-01	5.1863212e-02	-6.6531010e-02	1.6734752e-01	2.5170082e-01	8.1888705e-02	2.5983849e-01	-2.8935181e-02	-6.6174328e-02	5.5850767e-02	-1.7154507e-02	5.7833154e-02	-2.0197494e-01	-2.2099715e-02	7.9927221e-02	5.8012228e-02	-3.0991457e-02	3.5569221e-02	-4.9724540e-01	1.6093852e-01	1.1452450e-01	2.0749895e-01	3.4470234e-02	2.0586748e-01	1.0891238e-01	-7.9363346e-02	-3.0693841e-01	1.8198287e-01	3.3421531e-02	6.5340400e-01	4.6119431e-01	2.9623836e-01	1.2931632e-01	3.0251933e-02	1.3625501e-02	-2.5815839e-02	-3.2161776e-02	-1.0595000e-01	2.2810052e-01	-1.1826401e-01	6.5867417e-02	-2.2771809e-01	1.5014741e-01	2.8664483e-02	-1.0932419e-01	-3.3482632e-01	-1.2899731e-01	-4.9076181e-02	1.7176139e-01	-2.3282920e-01	-1.3554813e-01	-3.8026825e-01	-2.9765081e-01	1.1071831e-01	5.2385408e-02	-2.1401785e-01	-2.1591841e-01	2.2311309e-02	-7.2565265e-02	-1.1403356e-01	1.8320791e-01	2.5667277e-01	-9.0488955e-02	-1.0170867e-01	-6.3597135e-02	2.9047931e-02	-2.5024761e-02	-1.0711859e-01	-5.2567217e-02	-3.3813399e-01	1.1802387e+00	1.0939445e+00	1.3436437e+00	1.1992791e+00	4.8310608e-01	6.0397720e-01	6.3485220e-02	2.3018299e-01	-1.4400944e-01	-3.5744987e-02	1.2193698e-01	-4.8998620e-02	7.7527007e-03	1.1273630e-01	1.1105564e-01	-7.6004513e-02	-9.2458114e-02	-4.3003611e-02	-1.1401832e-01	4.9310073e-02	-3.1920015e-03	-6.5470813e-03	-3.0590609e-01	-3.7417650e-01	1.0131622e-01	-6.7279294e-02	-2.3003955e-01	-2.2650411e-02	-1.9399437e-01	2.4046643e-01	-7.8737490e-02	3.0891480e-02	1.3118802e-02	1.2975724e-01	-1.3968353e-01	-2.2688867e-01	-2.3105061e-03	-3.3433437e-01	-4.2996190e-02	7.3947743e-02	1.8382213e-01	2.8962415e-01	3.1081870e-01	3.3633491e-01	2.2793774e-01	-2.4522705e-02	-6.0493093e-02	1.8455555e-01	-1.0151308e-01	-1.1770433e+00	-1.3501748e+00	-1.4275346e+00	-5.6954139e-01	-5.0369668e-01	-5.1185352e-01	-6.5263003e-01	-2.0917006e-01	-4.1344160e-01	-3.6456741e-02	2.3587419e-01	-4.2025562e-02	-8.0313496e-02	-8.5217424e-02	9.6755110e-02	2.6171374e-01	-6.0370862e-02	4.0513694e-01	3.2315494e-03	3.3523533e-01	-7.2357997e-02	7.3042527e-02	-2.0497172e-01	-2.0376542e-01	1.8852507e-01	-8.5826322e-02	-1.5435946e-01	1.6966382e-01	-3.8527560e-03	2.4414016e-02	8.4019996e-02	1.4386234e-01	1.4570664e-02	-3.6697020e-03	1.9313727e-01	1.6660182e-01	7.6464571e-02	-1.0051443e-01	1.3000294e-02	-1.3837023e-01	2.8349707e-01	2.4843222e-01	-3.6709595e-02	-6.1170895e-02	6.3778356e-02	-3.0504274e-03	-1.4626986e-01	6.3077740e-02	-1.6658226e-01	1.0607100e-01	-3.4442714e-01	-2.6303285e-01	1.8778976e-02	1.6645324e-01	-6.6846423e-02	-4.8404375e-01	-2.9853475e-01	-4.6016958e-01	-6.5100920e-01	-3.4647399e-01	-4.8123759e-01	-2.2889188e-01	-2.8636837e-01	-2.8404799e-01	1.4865382e-01	-2.0274255e-01	2.3978445e-01	1.2238783e-01	-2.8731418e-01	2.5517574e-01	-1.7443380e-01	1.5447561e-01	-9.7577341e-02	6.6237286e-02	2.7456105e-01	8.1003614e-02	-9.8068742e-03	5.6266554e-02	-2.2971444e-01	-9.4921798e-02	-4.8959312e-01	-1.2844212e-01	-5.7451185e-02	-1.0688151e-01	9.8875389e-02	-1.8261682e-02	2.0325711e-02	-1.3219850e-01	1.5256794e-01	-1.4155850e-01	-1.6664122e-01	6.0061716e-02	1.0160213e-01	-2.1262018e-02	1.2120754e-01	-6.5744251e-01	5.4028135e-02	1.1661547e-01	9.3984313e-02	-1.5269947e-01	-3.8469967e-02	2.9163310e-01	1.2730891e-01	1.9260047e-01	4.4258705e-01	4.2041406e-01	1.5096396e-01	-1.4396401e-01	4.3916415e-02	-8.1585310e-02	-9.2994504e-02	3.5022065e-02	7.6112594e-03	1.5974802e-01	1.0642034e-01	-1.4738505e-01	1.0739307e-01	2.0240574e-01	-1.6760226e-01	-2.0771620e-01	-2.7509099e-01	-2.2764401e-01	1.7275541e-01	-2.7614948e-01	-3.8055855e-01	-3.3429030e-01	4.2722993e-02	-2.1141052e-02	2.3499255e-01	-1.5675761e-02	-1.0363467e-01	-2.1779321e-01	-1.1605506e-01	-2.4334832e-01	-2.6397808e-02	-1.3371321e-02	2.9672934e-02	-3.8409766e-02	-9.2736468e-02	8.4088400e-02	-8.8375852e-02	-1.2903959e-01	-7.8430399e-02	-4.0079029e-03	2.7254861e-02	-5.9534747e-02	-2.9285869e-01	3.1129239e+00	2.8120325e+00	2.1333146e+00	1.6688365e+00	8.3082277e-01	2.8359410e-01	1.9999813e-01	4.7450524e-02	-2.7415815e-01	-2.0587002e-01	9.4524518e-02	3.2463688e-02	-6.3322313e-02	1.5246201e-01	2.4399436e-01	1.5419574e-02	1.7768565e-01	-1.3069636e-01	9.1862455e-02	8.9241927e-03	1.1970396e-01	-2.2912586e-01	-1.6046415e-01	-1.7523593e-01	-1.8083453e-01	6.0162105e-02	-1.3216489e-02	-3.9116419e-03	-1.2506367e-02	2.4006146e-01	2.6427635e-03	-4.7149461e-02	-1.0612393e-02	-7.6982886e-02	1.1934855e-01	-5.5871233e-02	-4.1787298e-03	1.2059323e-01	-6.2566181e-03	-1.0964809e-02	9.9593908e-02	-7.3566124e-02	-7.3308818e-02	-1.1554769e-01	1.0079573e-02	-3.3913981e-03	-1.1169771e-01	1.4606896e-01	-7.7091143e-02	-1.6404089e-01	2.2391205e-01	-2.3772477e-01	-3.8648275e-01	-3.1302047e-01	-8.3652616e-02	4.5518465e-02	1.4762317e-01	1.3176380e-01	2.7049685e-01	1.0652873e-01	2.3990816e-01	-2.3088698e-01	-2.1287997e-01	2.6177135e-01	-8.6569302e-02	1.5176833e-01	7.6802604e-02	1.0050738e-01	2.0745741e-01	-1.2087744e-01	-2.3037082e-01	-2.6216096e-01	-1.5087180e-01	2.0333615e-01	-1.1258296e-01	2.4350350e-01	-1.2022331e-01	1.2594479e-01	1.1571940e-01	-1.6611078e-01	-2.0343228e-01	8.4902950e-02	1.2795275e-01	-3.0298010e-01	5.8770146e-02	1.4172365e-01	7.3660254e-02	2.6125166e-01	3.8633505e-01	1.8530354e-01	1.3402061e-01	1.2087058e-01	-3.2202762e-01	1.2372247e-01	-7.9585807e-03	2.4835978e-01	1.2413455e-03	-9.8874383e-02	2.8025491e+00	2.6630645e+00	2.1342270e+00	1.2483710e+00	6.6027826e-01	1.0359588e-01	-3.1806317e-01	-5.8708832e-02	9.7694226e-02	1.4782670e-01	4.5566004e-02	1.7118320e-02	1.7267586e-01	-1.5120475e-02	-3.9663579e-02	1.7437431e-01	1.1900037e-01	-3.1555671e-02	2.1473740e-01	-3.3025208e-01	-2.6675650e-01	-2.9122391e-01	1.7320283e-01	1.8234414e-01	-3.5636224e-02	1.0185394e-02	7.9883233e-02	6.3611060e-02	2.8677398e-01	2.4286421e-01	-2.4951689e-01	-5.0203759e-02	-1.2356202e-01	-1.9407754e-01	-2.7510095e-01	6.2896281e-02	2.4074458e-02	3.5371557e-03	1.3632302e-01	-7.7000950e-03	-1.4605740e-01	1.7841636e-01	2.5255891e-02	-3.6994234e-02	-9.6854374e-02	-2.1431765e-02	1.6490069e-01	1.8711017e-01	-8.3364315e-02	1.6954643e-01	2.7101085e-01	-4.8356414e-02	-2.3123789e-01	2.6204053e-01	-8.9590311e-02	-1.0956033e-01	1.0911410e-02	2.4922878e-02	-2.1184272e-01	-1.5997718e-01	-3.0748727e-02	-5.4419730e-03	5.1246308e-02	2.3732512e-01	-1.0357658e-01	-4.9955245e-02	1.9645105e-01	2.3875231e-01	1.0025170e-01	2.6430941e-01	-2.0569906e-01	2.6530333e-02	2.6262191e-01	-1.1417975e-01	-2.2911103e-01	-2.2753173e-02	3.9426025e-02	1.5050916e-01	-2.4245051e-01	5.2609656e-02	1.5385726e-01	-2.7472967e-01	-9.0558499e-02	1.1733757e-01	1.5408765e-01	4.6193000e-02	-5.9429437e-02	-8.9295924e-02	-2.1941496e-01	4.2007051e-02	-1.0305022e-02	-2.0006159e-01	4.6293769e-02	1.7889975e-01	1.2687644e-01	-1.2876861e-01	-1.6986986e-01	2.5440532e-01	-2.4509451e+00	-2.4085131e+00	-1.7696831e+00	-1.4018676e+00	-9.2191780e-01	-4.8258892e-01	-4.5888874e-01	-1.6357991e-01	9.5178641e-02	4.9784984e-02	1.8614109e-01	1.0461586e-01	-1.6899629e-01	1.0344851e-01	-7.3461622e-02	3.0561259e-02	2.0404896e-01	6.6560008e-02	-9.0179637e-02	-1.6655803e-01	-1.8669331e-01	-1.5769553e-01	3.0175986e-02	2.3346680e-01	2.2558933e-01	-1.3010053e-01	-1.1945743e-01	2.9207981e-01	2.3558941e-01	-1.9355129e-01	2.1984984e-01	-9.9223211e-02	-1.9240996e-01	8.7093368e-02	2.2765711e-01	-5.2957673e-02	-5.1584713e-02	7.4848190e-02	1.4065403e-01	-8.2142547e-02	-7.3249847e-02	-8.4281303e-03	-1.3559924e-01	-9.7220279e-02	9.2463575e-02	-2.7966585e-02	-1.7766641e-01	-8.6681575e-02	1.2276549e-01	1.7290157e-01	-7.5625426e-01	-7.6357055e-01	-6.4323276e-01	1.3272315e-01	1.1557876e-01	3.5840881e-01	3.4892115e-01	6.1232722e-01	4.2497796e-01	2.2151729e-01	-7.8689672e-02	4.2334326e-02	-1.7200939e-01	2.3743538e-02	1.5943569e-01	-1.5833879e-01	1.3196823e-01	2.0516834e-01	-1.5916113e-02	-9.7158387e-02	1.6735849e-01	2.3726326e-01	-1.5016770e-01	1.0964037e-01	-3.0567628e-01	-2.4474926e-01	-2.3683253e-01	-2.9981580e-01	-3.8339949e-01	-1.5641204e-01	8.1495017e-02	2.6477793e-01	1.2557554e-01	-2.6521031e-03	1.1072179e-01	6.5070773e-03	-3.8907662e-02	6.6193916e-02	-8.8569321e-02	-3.7716024e-02	-2.4194332e-02	7.8679390e-02	4.6135839e-02	3.8205523e-02	4.3061026e-03	2.1439586e-02	1.1725310e-02	-6.6005657e-03	-5.4352933e-01	-2.7490437e-01	-8.2671082e-01	-4.3490940e-01	-8.4536886e-01	-7.0799559e-01	-3.0355954e-01	-3.2148907e-01	-1.7361304e-01	-3.4762919e-02	1.8264115e-01	-1.8843020e-01	1.8703852e-02	-1.5644206e-01	5.4821093e-02	-5.2844442e-02	1.7048082e-01	1.6681126e-01	2.8204885e-01	1.1978646e-01	-1.6176647e-01	-8.9159667e-02	-9.3601681e-03	-1.2324421e-01	2.0747112e-01	1.9401053e-01	-1.0172810e-01	1.4362444e-01	4.1189414e-01	-3.1207172e-02	1.5172009e-01	-1.3105440e-01	-1.4423239e-01	-4.0195171e-02	3.4982458e-02	-1.0264764e-01	-4.2282328e-02	-2.4927190e-02	1.4694794e-01	1.5199353e-01	2.5429085e-01	1.9712776e-01	3.8525102e-01	1.5837843e-02	-5.4917160e-02	1.3141012e-01	2.9321936e-01	2.2927329e-01	9.0204589e-03	2.6962774e+00	2.4779804e+00	2.0910373e+00	9.7184104e-01	-9.2672557e-02	-1.0808386e+00	-2.7252653e-01	6.1919771e-02	2.2971091e-01	-3.5208635e-02	-8.0536120e-02	4.9966592e-02	-1.4803092e-01	1.2059967e-01	-1.8198948e-01	1.8359819e-01	3.6757443e-02	-2.2115174e-01	1.4232332e-01	-1.3059303e-01	-9.1676898e-02	-1.6645442e-01	1.4003204e-01	2.0143826e-01	2.4078210e-01	9.7395796e-01	2.2281568e-01	2.7766612e-01	-3.1279703e-03	1.5450183e-01	4.2794306e-02	5.2545585e-02	1.4209963e-01	1.4131675e-02	-1.4668138e-01	-2.5189495e-01	3.3061507e-01	-2.4743286e-01	-4.1207973e-02	5.9959523e-02	2.8089616e-01	-6.0724270e-02	7.1841203e-02	3.2240089e-02	3.3232708e-02	7.6248539e-03	1.0177851e-01	-5.9051625e-03	-3.8300723e-01	1.2141389e+00	1.2064430e+00	1.2788303e+00	1.0146066e+00	5.5154324e-01	4.1762432e-01	2.8233853e-01	7.4462391e-02	-2.4975749e-02	-3.6917493e-02	-5.3574800e-02	2.5557631e-01	-1.3126945e-01	-2.2239360e-01	7.9023518e-02	-3.3159301e-02	2.6457721e-01	1.4517383e-01	1.6838325e-02	-2.0161057e-01	-2.0216502e-01	-3.5240367e-01	-2.6574025e-01	8.4563836e-02	1.1866549e-01	-6.1252009e-02	2.8808547e-02	3.1487790e-01	1.5257768e-01	-5.5353090e-02	-2.9474726e-02	-4.8891511e-02	4.7936920e-02	2.7979985e-03	-1.9612208e-02	5.7739690e-03	4.9821557e-03	-1.5593815e-01	-1.3463113e-01	1.6892776e-01	-3.6645308e-02	6.5462170e-03	1.3603441e-01	2.1966398e-02	9.4546722e-03	1.3269384e-02	-6.2067322e-02	-1.2882453e-01	-7.2380185e-02	-3.9224419e-01	-4.2382547e-01	8.4464245e-02	-1.4374034e-01	1.1687256e-02	-3.0403185e-01	-3.4181193e-01	-6.7248237e-01	-9.4249910e-01	-8.1449097e-01	-3.7097177e-01	3.6607102e-02	-2.2845449e-02	1.0568929e-01	8.2261883e-02	-3.2514414e-01	-7.9983495e-02	1.6810137e-01	2.3608686e-02	1.1072559e-01	8.1633203e-02	2.1298788e-01	-5.4836921e-02	-9.1475606e-02	2.2295773e-01	-2.2115110e-01	-1.1108829e-01	-2.7061943e-02	-9.7701391e-03	-1.2921722e-01	3.0311801e-02	-1.3741536e-02	-1.8264817e-02	8.2947426e-02	5.0449725e-02	-3.3234369e-02	1.0680086e-02	5.7131357e-02	-1.7471923e-01	1.7501263e-01	-2.3713353e-01	-6.8628356e-02	1.1775257e-01	-4.5890268e-02	-4.6764884e-02	-9.9831680e-03	-3.4561840e-01	1.7488787e-01	1.7361671e-01	1.5622351e-01	6.0031891e-02	-2.1215297e-01	3.0972332e-02	7.6172858e-02	2.0141748e-01	-3.8490340e-02	2.1194875e-02	-2.4574183e-01	-5.0042704e-02	9.2219412e-02	-1.4332442e-01	-1.5620476e-01	2.3523843e-01	-1.5775892e-01	-1.1054610e-01	-7.0753366e-02	7.0295841e-02	2.2118947e-01	1.5945974e-01	-2.1741770e-01	-3.3411309e-02	2.3770511e-02	-1.0848865e-01	1.8655095e-01	1.7163992e-01	-1.0817438e-02	-2.6515931e-01	2.2168067e-01	-2.6019379e-01	1.4444974e-01	-1.5419915e-01	-2.4346375e-01	-2.3352298e-01	-2.1195221e-01	-1.2159811e-01	1.0001048e-01	2.6392096e-01	2.5790590e-01	3.7142634e-02	-6.2506720e-02	-7.3765531e-02	-2.0513988e-01	-5.7377607e-02	1.4429355e-01	8.8232785e-02	-2.1096978e-01	2.6075554e-01	-1.1784967e-01	9.3094790e-01	1.5708431e+00	1.3224423e+00	8.7593925e-01	4.5893756e-01	-1.4693390e-01	-1.1645637e-01	1.2094589e-01	1.8435091e-01	-6.8103775e-02	6.7533411e-02	-9.7269893e-02	1.0386797e-01	6.5962732e-02	-6.4232848e-03	1.3472080e-01	5.1451471e-02	1.9105996e-01	-1.5070088e-01	1.0357349e-01	3.5857927e-02	-1.7722426e-01	2.0169120e-01	1.5639214e-01	2.7659836e-01	2.8616013e-02	2.6321626e-01	8.4748000e-02	-1.4305741e-01	6.5707855e-02	-8.0361301e-03	2.1478422e-01	1.9615619e-01	5.2999396e-02	1.0743329e-01	-9.7642303e-02	2.8664969e-02	4.2782452e-02	1.7329383e-01	8.7745234e-02	-6.0444180e-02	-1.3736734e-01	1.2747125e-01	-9.0468176e-02	1.1828784e-01	3.2086313e-02	3.2343054e-01	1.2526381e-02	-3.7826870e-03	-2.7234418e+00	-2.9382813e+00	-2.4622531e+00	-1.3293899e+00	-6.3219152e-02	1.4246275e-01	3.9660218e-01	2.4962187e-02	-3.6761525e-01	-1.2217477e-01	-5.8729187e-02	-1.5866426e-01	1.2778711e-01	-1.5575741e-01	2.8962277e-02	1.0994768e-01	-9.4331196e-03	1.8276992e-01	-7.8906426e-03	-4.5742258e-02	7.7505447e-02	-5.0656490e-02	-2.0018369e-01	-9.5460877e-02	4.6602070e-02	1.3822871e-01	3.0017298e-01	-9.7024642e-02	3.2042512e-01	1.1259262e-01	-1.8111371e-01	1.2364648e-01	-4.6821147e-02	-1.3251634e-01	2.8276166e-01	5.1722579e-02	-4.6827026e-02	-1.0334662e-01	-1.0137635e-01	-7.7799815e-03	2.8260317e-01	1.1308043e-01	8.5390970e-02	-1.1920238e-01	-1.5241869e-01	3.3463075e-04	6.9811083e-02	-9.0428732e-02	-1.4397331e-01	-2.0704238e+00	-2.7727673e+00	-2.1599426e+00	-9.3616939e-01	-1.5138620e-01	-2.4401382e-01	-2.9065779e-01	-1.1099180e-01	-4.9369477e-02	1.8298930e-01	-7.3903196e-02	1.1326412e-01	9.2918193e-03	-7.9180971e-02	-2.6234952e-01	-1.6508925e-01	5.0381977e-02	1.0708179e-01	1.2970786e-01	2.0402324e-01	-1.2851617e-01	-9.0257637e-02	1.3308440e-01	5.4011691e-02	-4.6213482e-02	-7.5224563e-02	3.0575454e-02	8.5611314e-02	2.3394741e-01	1.7292246e-01	7.1053296e-02	1.6619489e-02	7.5640872e-02	2.4162593e-01	2.4868530e-01	2.4547704e-01	3.8145285e-02	-1.2203069e-01	-1.1241670e-01	-7.0858620e-02	1.7739846e-01	9.2073187e-02	-6.6786125e-02	3.3522177e-02	-1.1765204e-01	2.8160317e-03	3.1070840e-01	-2.3734283e-01	2.6336038e-01	1.0289963e-01	-7.2617227e-01	-1.7913628e-01	-1.8274529e-01	1.9727126e-02	-3.7879205e-01	-6.1163729e-01	-3.0853942e-01	-7.3148948e-01	-6.2011665e-01	-2.6927459e-01	-2.9101420e-02	-8.7731361e-02	-3.0256447e-01	-4.7409784e-02	-9.9613369e-02	1.1202370e-01	-7.0373408e-02	-9.6623987e-02	2.1570139e-02	-6.5635949e-02	-1.6424184e-01	-6.7956716e-02	3.5285108e-02	2.8510354e-02	2.2208621e-01	5.1308870e-03	2.8471224e-02	-2.7557689e-01	1.6258940e-01	4.5201220e-02	-3.3479428e-01	-3.2026437e-01	-9.2806451e-02	3.7348792e-02	1.4609958e-01	-5.6077931e-02	1.4367630e-01	-5.0794784e-02	7.9396084e-02	-9.3549430e-02	8.2719468e-02	1.7769119e-01	1.1927442e-01	1.6137694e-01	-1.6220532e-01	-1.4826879e-01	1.1025287e-01	2.1596254e-01	-7.0195091e-01	-3.4220281e-01	3.4148712e-02	-1.0366865e-01	-5.1821727e-01	-3.3575141e-01	-3.8827682e-01	-5.9574401e-01	-4.1831619e-01	-5.6679666e-01	-1.8622433e-01	-2.4794921e-01	-8.6494416e-02	-1.2086419e-01	-3.8391843e-02	-5.5569012e-02	1.9639200e-01	1.4690548e-02	-4.1400637e-02	-1.6494453e-01	-1.0122898e-01	-9.1167487e-02	-2.1998203e-01	-6.3727856e-02	4.0520359e-02	-1.2659642e-01	1.2619226e-01	2.9760274e-01	2.6675385e-01	-1.4316499e-01	9.1884792e-02	-1.6510879e-01	2.0880640e-01	1.1532987e-01	-1.4913781e-01	1.5083227e-01	3.5568617e-02	-5.1480800e-02	2.9546940e-01	-8.7626867e-02	5.5606797e-02	-1.2882175e-01	5.5424422e-03	-1.9034563e-01	1.2420753e-01	3.7267946e-02	-3.9823476e-02	-2.7935468e-02	2.8660589e-01	-1.3026706e+00	-1.8403673e+00	-1.5108783e+00	-7.5257933e-01	-2.6766285e-01	-5.9016168e-02	2.7600557e-01	2.3399006e-01	-2.7961412e-01	-4.7070432e-02	-9.0978943e-02	-1.2977569e-02	6.4842954e-02	-4.1781429e-02	1.5918978e-01	2.0360754e-01	1.3305788e-01	1.0217705e-01	-1.5082888e-01	-1.5488414e-01	2.1720514e-01	2.9280210e-01	-3.4659170e-02	2.6234052e-01	3.9354655e-01	3.9401168e-01	-1.7855579e-01	-1.6378658e-01	-4.5860853e-02	-1.7506358e-01	1.9079261e-01	-1.2622117e-01	1.2914029e-01	7.0349313e-02	1.8793054e-01	-1.0771212e-02	4.3498643e-02	-1.1241665e-01	-2.4956700e-01	1.8021871e-01	7.4791677e-02	-1.6346847e-01	7.9871222e-02	7.1749486e-02	-4.0880106e-02	1.7769931e-02	-4.5370319e-01	4.4540640e-02	1.4154407e-01	1.2387650e-01	6.5973304e-02	-1.6964741e-01	-1.5704308e-02	2.0174119e-01	1.3634787e-01	-1.7158905e-01	-9.8237038e-02	2.2255859e-01	-3.3464450e-03	2.0298241e-01	6.1646968e-02	1.1736958e-01	-6.3339092e-02	1.6756441e-02	-1.2586500e-01	-1.3144456e-01	1.0485394e-01	-2.7512745e-03	-3.8834743e-03	-7.5186678e-04	1.9558908e-01	4.2650811e-02	2.2934547e-03	1.6387427e-01	1.0875352e-01	-1.7668109e-01	6.3950323e-02	-7.9328038e-02	2.4226858e-01	-1.7464912e-01	-1.1958826e-01	-1.2951113e-01	-2.1426238e-01	-8.6066410e-02	7.6946996e-02	-1.3957357e-01	1.4107169e-01	6.6305995e-02	-1.2739430e-01	-1.3829705e-01	-7.0685484e-02	1.2403187e-01	1.6599104e-01	1.8164533e-01	1.5417987e-01	-1.9085917e-01	5.8416851e-02	-5.0339647e-02	-3.1200219e-02	2.8469905e-01	-3.2526058e-01	-2.4304821e-01	1.0888030e-01	-1.4818279e-01	-1.6376603e-01	1.9749270e-01	1.5658134e-01	-2.8993368e-01	-2.6443703e-02	1.6118439e-01	9.1861382e-02	3.6513001e-02	-1.7828537e-02	-7.3923931e-02	-2.3436576e-01	6.1971922e-03	-1.9104618e-01	1.7507431e-01	6.6156276e-02	-1.8421184e-02	1.3328084e-01	1.4693449e-01	-2.2942346e-02	1.5584546e-03	-8.6746313e-02	-2.7594268e-01	-1.0552850e-01	-2.0707706e-01	1.3731471e-01	1.0199454e-01	-6.5340661e-02	8.8746086e-02	1.7368364e-01	-1.9513102e-01	-2.4937283e-01	-2.2646500e-01	-2.8192887e-01	-4.1193217e-01	-3.2929465e-01	-1.1822794e-01	-8.3910279e-02	3.9214309e-02	1.6357850e-01	1.7157060e-03	4.9379066e-01	3.2366273e-01	1.8264677e-01	2.9465097e-01	7.8554559e-01	7.1851581e-01	5.5226967e-02	-1.1698895e+00	-8.9808822e-01	-9.4323325e-01	-5.8283454e-01	-4.3625203e-01	-1.3792983e-01	2.4140297e-01	1.5114903e-01	-1.1187152e-01	1.1404208e-01	2.0065652e-01	-1.4259933e-01	-1.7818483e-02	-6.9079556e-02	1.0379198e-01	-1.3602154e-01	-2.5057545e-01	2.6099699e-02	2.9396537e-01	1.9355061e-02	-1.4041461e-01	-1.2052264e-01	-1.9071682e-01	-8.1340000e-02	2.3582686e-01	1.0854851e-01	2.2113595e-02	-7.2621547e-02	1.1546310e-01	-2.5978988e-01	-1.9295174e-01	-1.5930873e-01	2.5051985e-02	6.1947010e-02	-1.6121791e-01	-2.2317068e-01	2.1108659e-01	1.2624496e-01	-1.1355858e-01	-6.0457219e-03	-1.5682752e-01	8.0396207e-03	-7.3621020e-02	-8.9232318e-02	1.5828966e-01	1.9457823e-01	1.3800544e-01	-5.0043011e-01	-6.6475230e-01	-1.6402577e-01	-6.2030505e-02	-6.2535420e-02	2.1130197e-01	1.2168229e-01	-9.8542504e-02	3.0021366e-01	-2.1815309e-01	-8.9107171e-02	-2.0018730e-01	3.5717993e-03	6.7108043e-02	-1.3051325e-01	-1.2911302e-01	1.0021621e-01	-7.8125194e-02	-9.4345443e-02	-1.2220550e-01	4.2042515e-01	3.2125694e-01	3.5534182e-01	1.1591374e-01	-2.6295853e-01	-2.3570171e-02	-3.6056433e-02	1.6251758e-01	-2.4872819e-02	4.9519893e-02	6.0439829e-02	-9.8920405e-02	-2.3242994e-01	-1.9876423e-01	5.4096378e-02	-1.0878977e-01	-5.6759670e-02	-4.4378366e-02	-4.2836409e-02	3.3039942e-01	4.1983217e-02	-1.7503345e-01	-2.8983790e-01	1.5233091e-02	1.5510426e-01	-7.0742138e-02
5.9985392e-02	-1.0553727e-01	2.1433586e-03	1.2668459e-03	2.8276998e-01	-2.8510899e-03	-4.4284135e-02	-1.7215401e-01	-7.2485246e-02	-3.3704761e-01	-2.3589620e-01	1.1033062e-01	-2.7674224e-02	-8.2823262e-02	-2.7463883e-01	-2.8534058e-01	1.1765749e-01	-6.7083962e-02	1.1127213e-01	1.2689172e-01	2.8590076e-02	1.8768579e-02	-6.8728134e-02	1.1041377e-01	2.0738052e-01	1.7625821e-01	-1.2950460e-02	-1.5638214e-01	-1.1578225e-01	1.2037339e-01	-1.5132384e-01	1.3022138e-01	1.8001421e-01	-4.0790296e-01	9.4841354e-02	1.4515322e-01	7.1408443e-02	-1.5049601e-01	-1.6441073e-01	-7.4355781e-02	1.6976662e-01	2.3608138e-01	-3.1935993e-01	-4.6520531e-03	1.2102871e-01	5.1371057e-02	2.9395190e-01	8.1643976e-02	2.1302532e-01	4.1627144e-03	-3.3968830e-01	5.5750526e-02	-1.0214657e-01	-1.9507846e-01	8.6632468e-02	-2.7482104e-02	2.5083959e-01	2.0031367e-01	-8.1392042e-02	3.5731763e-02	-7.9058252e-02	-4.3487195e-02	1.6318832e-01	-2.4190843e-01	-2.4407616e-01	-2.6961464e-01	2.4145505e-01	-1.5999828e-01	-2.7451786e-01	-2.4861321e-02	-1.1576150e-01	2.7061006e-01	-1.0293563e-01	-1.1465679e-01	-1.5282221e-01	1.6296068e-01	3.5545416e-02	1.9619362e-01	-3.0241767e-01	-2.2979121e-01	1.9858073e-01	4.9903695e-02	-1.4512871e-01	1.7692892e-01	1.2527822e-01	2.8138041e-02	-2.1601215e-01	-2.6313862e-01	-1.5087456e-01	1.7674276e-01	-2.7538469e-01	3.6893779e-01	-2.5489679e-01	7.8893170e-02	-6.4193197e-02	2.5584164e-01	2.8477555e-02	-1.5704103e-01	-6.3781649e-02	2.2500966e-01	-2.9260251e-01	1.5971985e-02	-5.9013024e-02	-3.7163232e-02	-3.1140155e-01	-3.9090356e-01	-2.2642573e-02	2.6382983e-01	-2.4433717e-01	3.7556849e-02	-5.7860140e-02	-8.9424573e-02	1.0576312e-03	-2.8813657e-01	3.6594743e-01	-2.9804242e-01	2.8432110e-01	-2.8892460e-01	-1.2745021e-01	-2.6924095e-01	-1.1692807e-01	1.3741194e-01	5.0636500e-02	1.0467602e-01	-3.8428307e-03	1.2329152e-01	1.5166971e-01	1.9628559e-01	-4.4458795e-01	1.4191049e-01	3.2837126e-02	-3.2397319e-02	-2.8421310e-01	-2.2837327e-01	-6.9218534e-01	1.7968099e-01	1.1852905e-01	-1.9178653e-01	7.8958444e-02	-1.0281943e-02	2.1992579e-02	1.4509679e-01	-1.0810620e-01	1.7697194e-01	-5.5200118e-01	2.6832135e-02	-1.7529240e-01	1.6295778e-02	6.0788658e-02	-2.7473360e-02	-3.4573156e-01	-1.3304032e-01	1.2451803e-01	1.0982884e-01	-4.7882039e-02	-6.0778904e-01	-1.6702774e-01	4.0241785e-02	1.3190258e-01	-9.5179111e-02	-9.2900082e-02	1.2817512e-01	8.9545371e-03	8.2384422e-02	3.2732594e-01	2.5783646e-01	-1.5724549e-01	-7.8179583e-02	-1.4804468e-01	3.8372934e-01	-2.1673508e-01	-2.3864001e-01	-3.1865573e-01	-2.1885564e-03	-2.6005566e-01	-8.9747168e-02	1.1907987e-02	3.4229442e-01	-5.0416663e-02	-3.7373859e-01	-1.3876667e-02	1.9119629e-01	2.0342089e-01	3.1197414e-01	-1.0176237e-02	2.7764547e-01	9.4568841e-02	-1.6641904e-01	2.5128843e-02	2.0496419e-01	1.1014981e-01	-8.5867867e-02	1.5048110e-01	8.4040038e-02	-2.8579727e-01	-2.3445645e-01	-6.2010162e-02	-1.2971031e-02	-1.4029855e-02	-2.8518686e-01	1.7163980e-01	-6.7889594e-02	-2.4072716e-01	-1.5575629e-01	2.6701427e-01	4.8912313e-02	-2.5851524e-01	1.8873591e-02	-4.4473791e-01	-3.7255369e-02	-2.0844699e-03	-1.1442429e-01	1.2464224e-01	1.1474100e-01	3.6018905e-01	-5.1384706e-02	2.5142297e-01	-1.9949111e-01	2.0026746e-01	1.1346862e-01	-1.2937438e-01	1.1571222e-01	-9.6043885e-02	-6.3417777e-02	-1.1887220e-01	-8.8110283e-02	2.8063573e-02	-4.9523109e-01	-1.5393980e-01	7.7825305e-03	-1.6202570e-01	-1.0977344e-01	2.6190539e-03	2.6894754e-01	-1.6279997e-01	1.7472342e-01	-1.0220862e-01	3.0045080e-01	-1.9863425e-02	9.6415669e-02	-1.2307870e-01	6.2790252e-02	-3.5250413e-01	2.2212760e-01	9.7933471e-02	-1.2817585e-01	1.3045593e-02	-1.5268555e-01	1.7719983e-01	2.8767496e-01	2.3268731e-01	-3.1598017e-01	3.0242106e-01	-2.5593622e-02	4.0317874e-02	-8.7437883e-02	2.8640774e-01	-2.3882365e-01	-2.3682357e-01	-6.5513119e-02	-2.3715556e-01	-2.2098865e-01	2.9611978e-01	1.9249403e-01	-2.6774570e-01	-4.5079321e-02	-2.6316690e-01	-1.8912677e-01	-1.3877276e-01	-2.9101917e-01	-6.0332999e-02	-2.5459266e-01	-2.8395802e-01	-2.7824464e-01	1.6488913e-01	4.4041276e-03	-2.3849413e-01	1.7494237e-01	-1.3331354e-02	9.3031414e-02	-2.1705471e-01	-2.5992078e-01	-2.1592945e-01	1.7596230e-02	-2.0816213e-01	-2.1756266e-01	1.1562088e-01	1.5897244e-01	-7.8866892e-02	1.9913512e-01	-3.4261906e-01	1.2645679e-02	4.0293943e-02	2.2291325e-01	-1.2145825e-01	8.6471073e-02	-1.0340592e-01	1.3461813e-01	1.9685658e-02	2.2492376e-01	5.0774377e-02	4.0236047e-01	2.7845053e-02	-1.2654091e-01	-1.3605253e-01	-1.4518304e-01	2.9229304e-01	3.4421206e-01	1.4450510e-01	2.2196975e-01	-6.2693164e-02	8.5346960e-02	-1.5333676e-01	-2.3883305e-01	-3.4165975e-02	-2.4980614e-01	-2.9449761e-01	1.6352041e-02	7.5976094e-03	-2.4031411e-01	-2.6752856e-01	5.0982829e-02	-1.0442128e-01	-7.8691758e-02	2.5341105e-01	7.6700374e-02	2.0003194e-01	2.2334343e-01	-8.8315383e-02	-7.6342218e-02	2.2370750e-01	1.0406871e-01	-2.2386917e-01	2.5926006e-01	-6.5110172e-03	1.2970692e-01	8.8241242e-02	3.2396424e-01	9.7823061e-02	-5.9618433e-03	3.1875053e-01	1.4876673e-01	5.1473998e-02	-2.2211039e-02	-2.2324480e-01	-6.0920939e-02	-3.6324686e-01	-1.7247736e-01	1.7652872e-01	-2.2985045e-02	-4.7911223e-02	-2.7679333e-01	-8.1334487e-02	3.5358375e-01	2.6750541e-01	-4.3464433e-02	-1.7555968e-01	-7.5210512e-02	6.1482258e-02	9.8963059e-02	-2.7732493e-02	1.1896217e-01	8.3237424e-02	8.4291019e-02	-1.4164552e-01	-3.0301502e-01	8.1247792e-02	-8.8416427e-02	-1.3629553e-01	-1.9671331e-01	5.0683975e-01	1.8837780e-01	-4.5778096e-01	-2.8042647e-01	-1.9377424e-01	1.7998500e-01	1.0426161e-01	2.2053750e-01	3.8480006e-02	6.8775773e-02	-1.3022326e-01	-2.1433918e-02	-2.1133490e-01	1.4389686e-01	-1.9982031e-01	-2.4380833e-01	8.0268076e-03	2.3703103e-01	7.4438453e-03	-2.5695804e-01	-5.5829499e-02	8.6617865e-02	2.3342550e-01	-2.5863838e-01	-2.9182673e-01	3.7506271e-02	3.4959272e-02	1.4989898e-01	1.1987549e-01	-1.9819799e-01	-2.0365143e-02	-1.2131785e-02	-1.5429638e-01	-4.9999565e-02	-1.9274589e-01	-6.6999555e-02	-2.1648797e-01	-2.6169237e-01	3.8584016e-02	-4.3557405e-02	-8.0286816e-02	-2.0852414e-01	-2.4474069e-01	6.4248890e-02	6.8682343e-02	-1.6241944e-01	-2.0314914e-01	2.0407887e-01	-6.3992225e-02	1.8509322e-01	-2.0327851e-01	2.9291417e-02	7.5086690e-02	2.6908022e-01	-2.4694723e-01	-1.3495419e-02	3.0617574e-01	3.9237702e-01	5.7648648e-02	-9.9801414e-02	-1.9062550e-01	-3.9345634e-01	2.9107329e-01	-2.3909065e-01	-1.9754702e-01	1.5103601e-01	-2.7398694e-01	5.2644372e-02	-4.1419800e-02	2.2337936e-01	5.0724331e-02	-1.7317861e-01	-1.6337322e-01	-2.6400712e-01	1.6012627e-01	-9.8792464e-02	-1.4516136e-01	-2.5889376e-01	-1.5312924e-02	-1.5552090e-01	-1.5578111e-01	1.3955006e-01	9.9818915e-02	1.7879099e-01	-2.0286962e-01	9.1886126e-02	-1.5277551e-01	9.8632798e-02	2.5507046e-03	1.1611701e-01	-9.9197060e-02	1.0858691e-01	-3.4820456e-02	1.1210147e-01	2.0051014e-02	-2.9356653e-02	-3.1604931e-01	-9.1061763e-02	2.6106790e-01	4.1059256e-02	1.8387762e-01	2.3627833e-01	1.0415415e-01	7.6447897e-02	1.9593287e-02	1.5922089e-01	-2.0282827e-01	-1.2906349e-01	4.2229927e-05	-1.5847538e-01	-1.4784612e-01	2.2613360e-01	-3.9579248e-01	-5.0653066e-02	-2.0903793e-01	2.6684625e-02	-7.6486953e-02	-1.5458146e-02	3.2613397e-02	-6.6968538e-02	-2.0769794e-01	4.0784883e-01	-1.2365647e-01	3.4214005e-01	-1.4293462e-01	2.2640401e-02	-1.2708238e-01	-1.6544615e-01	4.5224652e-01	3.3501536e-01	3.2959230e-02	1.8164572e-01	3.2388806e-01	-2.3451121e-01	-5.0456733e-02	2.0972113e-01	7.6108158e-02	-1.4611728e-01	1.3778985e-02	-2.2079848e-01	2.8682116e-02	5.0397865e-02	1.5887253e-01	3.2427299e-01	-1.2598476e-01	-1.7805818e-01	-3.7191603e-01	-1.6580592e-01	-1.2844589e-01	-9.1587633e-02	2.4775101e-01	1.0890850e-01	-1.8882614e-02	-3.7977841e-01	-1.3325253e-01	-8.9906864e-02	-2.7802518e-01	2.5236355e-02	-2.1439491e-04	-1.2329788e-02	7.2009213e-02	-1.4827107e-01	-3.2880959e-01	3.9525896e-02	1.7402525e-01	-1.8872517e-01	2.9648009e-01	3.7009123e-01	8.9624703e-02	-1.2624623e-01	6.6069558e-02	4.8675172e-02	-2.5139382e-01	1.7555527e-01	-2.0810482e-01	-3.1872106e-01	4.1153368e-02	1.2623066e-01	-4.1541958e-01	7.0354111e-02	-2.7317468e-02	1.0319633e-01	3.1544575e-01	-4.1190338e-01	2.8223059e-01	1.9514038e-01	-1.9798854e-01	3.9519393e-01	2.1439308e-01	1.5594612e-01	2.8951603e-01	9.8534375e-02	2.4284016e-01	2.0080371e-01	6.3625596e-02	-2.7601388e-01	-2.9976038e-02	-9.6508689e-02	-2.7379072e-01	-1.2543465e-01	-3.8035434e-01	-2.7313644e-01	-1.1811615e-02	1.6107483e-01	1.4346707e-01	1.5469073e-01	-1.8426086e-01	-5.2647553e-03	2.5709978e-01	1.3995165e-01	-3.0257407e-01	-3.5700586e-03	1.6648740e-04	-3.0265975e-01	-1.3847934e-01	-2.2960217e-01	-2.7573282e-01	1.6991158e-01	-3.0627352e-01	-5.5612374e-02	-3.0427647e-01	-9.5745265e-02	1.0071234e-01	-2.2017514e-02	2.2326134e-02	2.8778711e-01	-1.0850458e-01	-1.4080283e-01	-3.9024028e-01	2.0726520e-01	-1.0657270e-01	1.1514141e-01	-2.1259050e-01	1.2475614e-01	-3.5225529e-02	9.3757592e-02	-1.1005031e-01	2.9680625e-01	-3.0054891e-01	8.8734075e-04	-1.1750292e-01	1.8981379e-01	1.2178803e-01	-2.0039892e-01	6.8467088e-02	-1.0438857e+00	4.8205525e-02	-1.6991921e-01	2.5281584e-01	1.0508688e-01	1.0826617e-01	-2.9179263e-01	2.3615655e-01	3.0064124e-01	1.3081413e-02	1.9890679e-01	7.5373970e-02	-1.1076438e-01	-7.0054092e-02	-2.0298500e-01	-3.1995648e-01	9.2542447e-02	7.5780875e-03	7.7628456e-02	2.8882858e-01	-3.1457730e-02	-7.0078820e-02	-5.8897448e-01	-2.7068388e-01	-8.4163912e-02	1.3833651e-01	2.5042948e-01	2.8116128e-01	-1.9081914e-01	2.1569367e-01	2.4547109e-01	-1.8610679e-02	-5.0873168e-02	8.2761720e-02	2.4091119e-01	-2.9178193e-01	-3.0524164e-01	1.3671991e-01	-1.4832753e-01	-2.8710243e-01	3.1348997e-01	-9.7698737e-03	-1.8543503e-01	-9.5122874e-02	1.7488798e-01	-3.1519142e-01	2.6357469e-01	-1.5199850e-01	-2.4584047e-01	-1.9189754e-01	6.9888942e-02	-2.2609119e-01	1.8715655e-02	1.4460298e-01	7.4306428e-03	-4.7541475e-01	3.0476296e-01	4.1372158e-02	-1.9672813e-01	1.2808774e-01	1.6831711e-02	2.3990114e-01	-1.8259168e-01	9.0443879e-02	1.7184612e-01	-3.1202838e-02	1.9479312e-01	-2.2018337e-01	-7.2353289e-02	1.4858647e-01	4.6076667e-02	-7.2808266e-02	-3.7483564e-01	1.5590835e-01	1.7094311e-01	1.5348865e-01	8.6724728e-02	-2.1017703e-01	3.1884044e-02	5.6191970e-02	-7.6001972e-02	-5.1390386e-01	-2.4331897e-02	-8.9210711e-02	3.0161443e-01	1.2071917e-01	-1.2676418e-02	2.6303086e-01	-1.0575349e-02	1.4010514e-01	3.5146814e-02	-1.6131406e-01	-1.6199818e-01	-2.3766714e-01	-5.1129520e-02	-3.1416994e-01	-4.1017023e-01	2.0803110e-01	-1.5673655e-01	2.2452521e-04	-2.5334981e-01	1.9169368e-01	-1.3097878e-01	-1.9569118e-01	7.1594909e-02	-3.0992916e-01	-7.8120016e-02	2.9517055e-02	2.0835234e-01	3.5641369e-01	1.4874220e-02	-4.7164258e-02	1.1564846e-01	2.0230880e-01	1.1539314e-02	4.8933998e-03	-1.3409469e-01	-2.2463623e-01	-4.9366027e-02	-1.8296324e-02	-1.2995337e-01	-1.8260992e-01	-1.0324015e-01	-1.2917013e-01	-2.6712406e-01	1.9339742e-01	-2.7303642e-02	-2.3919532e-01	-2.8345715e-02	-1.6887407e-01	1.0072942e-01	-2.6664060e-01	-1.3931680e-01	1.5905042e-01	-1.3822928e-01	7.0157751e-02	1.5060644e-01	-3.4355965e-01	1.4158021e-01	-4.5540860e-01	-1.3207504e-01	-4.1418529e-01	2.3125765e-01	-9.4650008e-02	1.6897288e-01	2.2745577e-01	-8.9327425e-02	-2.0714402e-02	2.1968162e-01	-1.3801152e-01	9.5391776e-03	1.9338666e-01	-1.7771445e-02	-5.5177189e-02	2.4651523e-01	1.9124661e-01	2.5791800e-01	-2.6660043e-01	1.2208328e-01	-2.0510051e-01	8.9790747e-02	1.6320115e-01	-1.8842259e-01	1.4736411e-01	-3.0703763e-02	1.5591045e-01	2.8922549e-01	-1.7068772e-02	6.5177508e-02	-1.0765193e-01	4.3165587e-02	4.1700341e-02	1.8168469e-01	-3.5471052e-01	-9.2382699e-02	-2.9078218e-01	-1.6234691e-01	1.8060125e-01	-2.4903159e-01	-5.0904084e-02	-1.9883038e-01	-2.9501030e-01	1.6106024e-01	-2.2951250e-01	1.9488128e-02	1.0094525e-01	-2.6554044e-02	7.0618317e-02	-8.3643422e-03	1.6143355e-01	1.8580264e-01	1.7402719e-01	-2.5974548e-01	3.8894930e-01	2.2662413e-01	6.1820298e-03	-2.6528713e-01	-4.9921134e-03	1.6446821e-01	8.1463987e-03	2.6330242e-01	1.1721487e-01	-2.5726467e-01	-5.7990283e-02	2.5343248e-01	-6.0678836e-02	-1.8814999e-01	-2.3517248e-01	-1.8674701e-02	-2.0896186e-01	-1.5366733e-01	1.1472496e-01	-9.6145913e-02	-7.0386812e-02	-4.1273043e-02	-2.6745823e-01	-1.1757579e-01	3.3348596e-01	-2.3491929e-01	-3.2749210e-02	-2.2130717e-01	1.4313354e-01	-1.3752079e-01	1.4765932e-01	1.2901613e-01	4.0769819e-02	2.1592352e-01	1.1016845e-01	1.4044054e-01	-4.8297478e-04	-2.5474155e-01	-2.1213220e-01	-1.9678682e-01	-1.2573327e-01	-1.1842018e-01	-2.5100529e-01	4.6051782e-02	2.4196236e-01	1.1998433e-01	-2.3751342e-01	2.1174689e-01	-2.0109370e-01	-3.6188951e-01	1.8655515e-01	2.3035730e-01	-2.0128416e-01	-1.3653931e-01	-1.8343610e-01	-2.1157551e-01	-5.8478784e-02	2.7473456e-01	8.2204893e-02	-2.2080642e-01	-1.5181848e-01	2.0131409e-01	3.4103578e-01	1.9058786e-01	1.2520474e-01	-1.2724500e-02	-1.0999147e-01	-9.7407697e-04	4.3334982e-01	1.9211547e-01	4.4357028e-02	6.9953069e-02	-1.9474386e-01	1.0897408e-01	6.5735586e-02	-2.6572746e-01	-1.9928783e-01	-6.8896100e-02	8.5329026e-02	-2.8212780e-01	2.6103699e-01	-2.1631114e-01	1.1452111e-01	2.7168512e-01	-2.7529114e-01	1.7404084e-01	1.7836732e-01	-5.6954700e-02	1.3880841e-01	2.9241411e-02	-2.4550837e-02	6.4998150e-02	-3.5158542e-03	-6.3939460e-02	-1.4876872e-02	-1.0817257e-01	-2.7252042e-01	-2.2997783e-01	1.4012739e-01	-4.9994394e-01	2.8160778e-01	-4.5512998e-01	3.0404326e-01	-7.5807020e-02	4.1683686e-01	4.2855263e-02	-5.7467228e-01	-3.6387220e-01	-2.6012969e-01	1.1848775e-01	-2.4306519e-01	4.0156696e-02	5.0834179e-02	-1.7470442e-02	-3.3684456e-01	2.4864882e-01	-1.8317737e-01	1.4901021e-01	1.9598649e-01	2.8368123e-03	1.0451002e-01	-1.9411595e-01	2.3379163e-01	-4.0695924e-01	-5.7141739e-03	2.0046791e-01	1.1645608e-01	-1.8211916e-01	2.8105116e-01	6.8598337e-02	-1.6949444e-01	-9.9236138e-02	1.7690159e-01	-2.2481401e-01	-1.9322468e-01	2.4281123e-01	1.8589814e-01	2.4755789e-01	-6.7083776e-02	-6.9179207e-02	1.6626304e-01	2.3579368e-01	-9.5164977e-02	-1.4214568e-01	2.8114465e-01	1.8217437e-02	1.7590506e-01	-5.0657667e-02	1.9173835e-01	-4.7556367e-02	2.6073369e-01	-7.4839927e-02	1.2300916e-01	3.4960870e-02	-1.6507195e-02	-2.3186673e-01	1.8220586e-01	1.1355447e-01	8.0315232e-02	1.3764833e-01	-1.7216615e-01	-1.0866044e-01	-2.1766987e-01	-3.2887939e-01	1.1404711e-01	1.1902126e-02	-2.5877100e-01	9.1383152e-02	-2.3862407e-01	1.9430590e-01	-4.6651238e-01	6.7240648e-02	3.8588843e-01	4.2478919e-02	1.2008235e-01	1.3672803e-01	1.6385788e-01	1.4528678e-01	7.8119121e-02	2.6526171e-01	3.6996648e-02	4.8665706e-02	2.5814873e-01	-1.9133240e-01	-4.3508345e-01	1.8065232e-01	1.6335417e-02	2.7316356e-01	-8.5209839e-02	-1.5840867e-01	1.1215999e-01	6.2261838e-02	2.8446198e-01	3.2532731e-01	2.5003844e-01	4.5035732e-01	-6.7251444e-02	-2.6535025e-01	-2.6793158e-01	-2.7501729e-01	-4.1997176e-01	-2.6839468e-01	-1.7978026e-01	-5.1914525e-01	2.6389599e-01	8.6634994e-02	5.7309717e-02	1.6943212e-03	-2.9932100e-01	4.9545310e-02	-9.2503615e-02	-1.5987134e-01	-2.4341574e-01	-9.7003594e-02	-8.8931441e-02	-3.0069619e-02
-1.9158517e-01	-1.4925987e-01	-5.4690003e-02	1.6578892e-02	7.1889306e-03	9.1017306e-02	1.9435060e-01	-2.3748937e-01	-1.0613482e-01	-4.4604219e-03	4.2383101e-02	-2.3575120e-01	-9.6336991e-02	-7.1511097e-02	-1.2152365e-01	-1.4001359e-01	-3.6493376e-01	-7.8911036e-03	3.0606836e-01	1.6870399e-01	5.3089760e-02	2.3493314e-01	-2.6551637e-01	1.1428432e-01	1.4439127e-01	-9.8779008e-02	2.1242216e-01	-1.2112209e-01	-1.9753084e-02	-1.1454661e-01	1.6620380e-01	-1.1537102e-01	-1.6761485e-01	-3.9495062e-02	1.6683331e-01	-3.1109604e-01	-4.1110080e-01	-6.7533582e-02	-2.2272474e-01	9.5295183e-02	2.8460759e-01	1.5627561e-02	-5.8763482e-02	-1.1069961e-01	1.1428738e-01	-2.4887230e-01	8.3055131e-02	-6.6985004e-02	-2.0284760e-01	1.1209901e-01	-2.8815964e-01	2.4740510e-02	2.2997098e-01	1.6118649e-01	-7.4426256e-02	-1.9223790e-01	-2.5608239e-01	2.3985504e-01	2.1507654e-01	1.6949677e-01	2.6309580e-01	-1.4254913e-01	-2.3029487e-01	-2.2093093e-01	2.4922091e-01	-1.0866485e-01	3.7757356e-03	-9.2918389e-02	-1.8021403e-01	1.9096415e-01	-2.6358664e-01	4.4689059e-02	2.8652617e-01	4.4771086e-02	-1.0445638e-01	6.2810130e-02	-1.9496948e-01	-3.7436071e-01	-2.7540479e-02	-4.9594083e-01	-2.6040003e-01	-1.9269502e-01	1.9761269e-01	3.5555705e-01	2.2378406e-01	-1.3378854e-01	2.2030835e-01	2.2681462e-02	3.1376702e-01	7.0221409e-02	-8.6655125e-02	-4.7174600e-01	-2.8177053e-01	-2.9786018e-01	-1.3224113e-01	-3.0073327e-01	-2.9416144e-01	-2.7134237e-01	1.1726369e-01	2.9716039e-01	4.7239700e-01	-1.1843938e-01	5.0313391e-02	2.0114921e-01	7.4382961e-02	2.7213058e-02	7.8942485e-02	-2.6592765e-02	2.2863251e-01	-1.1809910e-02	-3.4126729e-01	-1.7458689e-01	1.3394482e-01	-2.9443413e-01	7.4231237e-02	-1.1699142e-01	2.1197434e-01	-2.9640421e-01	6.7983763e-03	2.5349402e-01	1.0457326e-01	1.7295556e-01	-9.7084209e-02	-2.2312969e-01	-1.5422955e-02	-2.1160068e-03	-1.5638958e-01	-2.2184445e-02	-2.1214497e-01	-2.4310209e-01	-2.2519295e-01	-1.8240298e-01	2.0940296e-01	-1.4641345e-01	-9.7970977e-02	7.2273605e-02	2.5483426e-01	2.7970850e-01	6.9784686e-02	1.1592279e-01	2.6635495e-01	-2.4837101e-01	-2.3536915e-01	-8.6584166e-02	9.8541312e-02	2.8459176e-01	1.9033124e-01	6.7221135e-02	2.5613448e-01	2.7468201e-02	-1.6089547e-01	-1.6479510e-01	-3.4680536e-01	1.0239461e-01	-2.4499272e-01	2.5987667e-01	-1.6639711e-01	-6.3626885e-02	-1.9477174e-01	-1.0144198e-01	1.6314033e-01	1.9341144e-01	-7.2870359e-02	-9.9836893e-02	-5.8158699e-02	-4.6443164e-02	-3.8520917e-01	4.0536873e-02	-1.4036855e-01	1.0100813e-01	2.8865364e-01	2.2604884e-01	-1.9324207e-01	2.4580713e-01	-1.5885696e-02	-1.5075387e-01	2.2082764e-01	-1.1945871e-01	-9.8623805e-02	1.4754955e-01	-2.7416551e-01	-1.2182125e-01	1.5152654e-01	-1.6013600e-01	2.1020010e-01	1.6942494e-01	-1.9082229e-01	1.4494200e-02	-2.9806042e-01	-2.2291961e-01	2.2015397e-01	2.6948838e-03	1.0519937e-01	2.8411040e-01	1.7157985e-01	-1.9134837e-01	4.0689164e-01	2.8778818e-01	2.1378507e-03	-1.6960813e-01	2.8662577e-01	-4.0168890e-01	5.4920763e-03	-1.5323096e-02	-2.5291902e-01	-5.5367017e-01	-1.3039871e-01	-1.4585906e-01	-2.6147857e-01	-3.1556505e-01	1.1018115e-01	-3.7680903e-01	4.1520953e-02	-3.3549705e-01	3.0807993e-01	-2.1361953e-03	1.5519844e-01	-1.5088171e-01	1.3616435e-01	-1.0975426e-01	-4.1969717e-01	-2.4634177e-02	3.3466634e-01	4.3690425e-01	1.7874618e-01	-2.7947277e-01	2.4412544e-01	-1.9860068e-01	2.8771415e-01	-2.3360507e-01	-6.7095086e-02	-2.5801989e-01	-2.5893834e-01	-1.2649350e-01	2.2713849e-01	9.3144506e-02	-3.0448961e-01	-5.9054654e-02	-2.8995368e-01	-4.1999098e-02	-5.9092768e-02	2.3340382e-01	-1.4048016e-01	-1.9096258e-01	-1.0728432e-01	-7.9742968e-02	-2.1938160e-01	-1.1232597e-01	-2.2610103e-01	-1.2324959e-01	-9.1568470e-02	2.2335809e-01	-2.6483741e-01	2.7863305e-02	-2.1432525e-01	2.8093621e-01	-2.8407592e-01	-1.3950862e-01	2.0965087e-01	-9.1996893e-02	-2.6435688e-01	9.2312530e-02	-3.0486426e-01	-2.2346687e-01	7.1670920e-02	-3.0154070e-01	-5.7920471e-02	-2.5654188e-01	2.6450127e-02	2.1148516e-01	-9.3094535e-02	1.0573485e-01	4.1702032e-02	-2.5831911e-01	2.3157385e-01	6.2081411e-02	1.6611160e-01	-1.1484071e-01	-4.7253072e-03	2.2812763e-03	-2.8316119e-01	1.3092451e-01	-8.2685098e-02	-2.4449754e-01	8.3716018e-03	5.9278589e-02	-3.3551535e-01	8.7848634e-02	-2.8989699e-01	-1.5779564e-01	1.7837234e-01	-1.1376023e-01	5.3448159e-01	1.3513716e-01	1.3899815e-01	-1.7852172e-01	2.7730605e-01	-2.8393489e-01	3.1270769e-01	-9.2152789e-02	-2.0198694e-01	-6.7753214e-01	-6.2323373e-02	-2.0746887e-01	-2.4492195e-01	1.2047386e-01	3.1030291e-01	-1.1872116e-01	2.0449656e-01	4.3402568e-02	5.9068695e-02	-1.1337275e-01	1.3071032e-01	1.7347293e-01	-1.1676311e-01	1.6554715e-01	-1.9712828e-01	8.7680623e-02	2.5731972e-01	2.4840759e-01	-1.1059760e-01	8.8978456e-03	-2.0458217e-01	7.5630531e-02	-5.1582955e-02	-2.2555138e-01	-2.9726931e-01	-1.9239256e-01	-5.4563254e-02	2.3240319e-01	3.2097340e-01	-4.2596501e-01	2.5257927e-01	1.4317505e-01	2.9655920e-02	-2.1846044e-01	2.4869008e-01	4.2667124e-01	-2.1537766e-01	8.0834270e-02	2.4964498e-01	-1.3528483e-01	8.9620896e-02	1.1886240e-01	-1.2347534e-01	-1.8434210e-01	-6.4073086e-02	-3.3099521e-02	-4.8257111e-04	2.9282081e-01	-6.9439754e-02	-6.2584624e-02	6.3300565e-02	1.9208594e-01	1.8482341e-01	1.9542910e-01	-2.2743316e-02	9.6968055e-02	-1.9107351e-01	1.6537154e-01	-1.2441496e-01	-3.0291834e-01	-1.7137973e-01	-7.4981272e-02	2.3213895e-01	-1.9859561e-01	2.4235940e-01	-2.1871941e-01	-2.4602722e-01	-1.3628653e-01	1.8483578e-01	-3.0285496e-01	5.6878515e-02	4.3192175e-01	2.4198794e-01	2.0025937e-01	-2.4688254e-01	-1.0615987e-01	1.7205140e-01	-1.3926083e-01	3.6344666e-02	1.9565670e-01	-1.6213296e-02	3.4229380e-01	1.9347696e-01	1.9673312e-01	-2.3072490e-01	2.1501906e-02	-3.3099461e-02	-3.0979112e-01	1.9237103e-01	2.5742355e-01	-1.0643530e-01	3.3447754e-01	2.9306898e-01	-1.6784213e-02	1.8474681e-02	-2.5269550e-01	-9.4062975e-03	4.2968363e-02	3.2389391e-02	-1.2435431e-02	6.6176698e-02	4.0796317e-02	4.9812987e-02	1.4260435e-02	2.1700837e-02	-1.0015771e-01	1.3250218e-01	-3.1227469e-01	-2.1542221e-01	-1.2173751e-01	3.0894476e-01	2.3533200e-01	1.2070365e-01	6.2819868e-02	-5.7433136e-02	-2.4030101e-01	1.4154156e-01	5.2436697e-03	-1.0144528e-01	-2.2666217e-01	-1.5075374e-01	-2.5843945e-01	-2.8207225e-01	-2.8755015e-01	-1.0939049e-01	-1.4873089e-01	-1.9637428e-02	-2.1316303e-01	2.5359628e-01	-2.7882138e-01	1.2393720e-01	-1.2383773e-01	1.8438108e-01	2.8847640e-02	-1.2261715e-02	-1.4564151e-01	7.4193619e-02	2.7358374e-01	2.9180406e-02	3.0040926e-01	4.4575755e-02	4.1807011e-02	6.2233236e-02	7.4547552e-02	1.1328284e-01	8.5708991e-02	-2.3522221e-02	1.1120051e-01	1.2713858e-01	1.7986454e-01	-2.5994888e-02	2.5418755e-01	6.0975067e-02	-3.3216879e-02	-1.8976769e-01	3.2627735e-01	-2.3908492e-02	-8.8286616e-02	-2.1514112e-01	2.8699452e-01	-2.4892092e-01	2.0539044e-01	-1.5962872e-01	4.3166381e-01	-6.8053714e-04	1.5633970e-01	-1.5898760e-01	-2.9175431e-01	-2.7295092e-02	-2.2773136e-01	2.2252999e-01	2.7996510e-01	1.8758675e-01	1.6746809e-01	3.1887814e-01	2.4661365e-01	1.4112547e-01	9.5683947e-02	6.4065596e-03	2.1169734e-01	2.2700433e-02	1.5749966e-01	-4.6059996e-01	-2.7408332e-01	2.4986107e-02	2.8196052e-01	-2.2359931e-01	2.4527918e-01	2.5634766e-02	3.6866888e-02	-2.1820830e-01	3.3744189e-01	-3.2336542e-01	1.8141492e-01	1.3690056e-01	1.1552436e-01	9.8157451e-03	3.2163966e-01	-3.2325625e-01	-4.3170536e-01	-5.4359847e-01	5.2615080e-02	1.3218498e-01	-1.4927754e-01	5.7165634e-02	-1.6730128e-01	1.1800782e-01	-9.5974587e-02	-1.8908243e-01	-2.9692802e-01	-1.4376295e-01	-2.0519887e-01	9.5515704e-04	-2.8708333e-01	-4.0180936e-01	-7.8494459e-02	-2.8051960e-01	-9.3651459e-02	-9.6013382e-02	1.8459532e-01	-6.7390464e-02	1.5890460e-01	1.1057398e-01	1.6188213e-01	-2.0514371e-01	3.3951944e-03	2.6097348e-01	3.2720143e-01	-1.2479014e-02	-3.0684149e-01	-2.2970849e-01	-8.4379822e-02	-3.0319330e-01	4.0803134e-02	8.3840325e-02	4.5134895e-02	-1.2604678e-01	4.5571472e-02	-1.6833326e-01	-3.0284068e-01	-4.2832208e-01	-9.6960403e-02	-3.3025831e-02	2.4477994e-01	-9.1059774e-02	-8.7114247e-03	4.0246698e-01	1.5697609e-01	-2.5342518e-01	3.9115876e-01	2.8336713e-01	-2.4523008e-01	1.8022719e-01	-1.6136423e-01	8.2957745e-02	-4.2650083e-01	1.7014059e-01	2.9841766e-01	8.6149931e-02	2.1115154e-01	2.9237662e-02	-2.1493509e-01	1.8140173e-01	1.3431524e-01	3.3555114e-01	1.8323734e-01	1.2367893e-01	2.3084366e-01	-3.5317230e-01	6.3395731e-02	-4.2591959e-01	-1.9608408e-01	1.7188430e-01	3.7309894e-01	-6.5864377e-02	9.9173792e-02	-1.7606096e-01	2.8069225e-01	-2.3432171e-01	-9.1849089e-02	1.8262139e-01	-2.6495990e-01	3.7931919e-02	1.7768373e-01	1.5692689e-02	1.8657689e-03	1.8673524e-01	-2.7032942e-02	-1.9283749e-01	1.1850031e-01	-2.7674964e-01	2.0095372e-01	-7.1974255e-02	-3.1677350e-01	1.6012359e-01	-2.2439562e-01	4.3747760e-02	1.2661225e-01	-2.7209723e-01	-2.1724179e-01	1.1962097e-01	-1.6344704e-01	1.3476209e-01	1.0975750e-01	5.6166559e-02	-2.2194095e-02	-4.4263959e-02	2.1997665e-01	1.3514043e-01	-8.3325624e-02	4.7182989e-01	7.6933824e-02	-1.5313496e-01	-3.9763901e-02	2.6110420e-01	-1.5635005e-01	-2.1721581e-01	1.3584059e-01	2.0767513e-01	-1.9509426e-01	1.6170333e-01	3.1746481e-02	1.4336988e-01	-4.1434860e-01	-1.4792557e-01	1.8721031e-02	1.1877028e-01	-1.3913916e-01	-1.6385958e-02	-2.6434872e-01	-2.6629277e-02	1.5822321e-01	-1.8789892e-01	-1.4362909e-01	-1.9956347e-01	2.0539169e-01	3.8147297e-02	6.4596497e-02	-1.6137896e-01	-2.3722498e-01	1.1549234e-01	-8.0488101e-02	-2.6174590e-01	-1.6614416e-01	-1.0387226e-01	-2.0891352e-01	-2.5903016e-01	-2.1392515e-01	-3.5834029e-02	1.1168477e-02	1.9663915e-01	2.5755745e-01	1.7008872e-01	3.0413741e-01	-6.0742516e-02	3.3710873e-01	-5.6646895e-03	-1.5958076e-02	1.0302442e-01	-7.7745192e-02	-1.5366015e-01	-3.1365830e-01	3.2947841e-01	-2.1487285e-01	-1.2627219e-01	-3.5360467e-02	-5.1003702e-02	-3.0768067e-01	-1.0813331e-01	-1.0015368e-01	9.8831169e-02	-2.3309200e-01	1.9259799e-02	-2.2303922e-01	-3.9886135e-01	-2.0290755e-01	-3.7483725e-01	-1.6497436e-01	1.4470813e-01	2.0607536e-01	-1.0577125e-01	2.0600075e-01	-5.8806837e-02	2.0954746e-01	1.8022534e-01	1.6362192e-01	1.9528329e-01	8.4838077e-02	-2.4812520e-01	2.1108285e-01	-2.9673249e-01	-3.5569564e-01	-2.5549665e-01	-3.5704049e-01	1.8967956e-01	-4.3844827e-02	-2.9311699e-01	2.7270621e-01	2.5506216e-01	1.3514905e-01	-1.5279238e-01	-3.3762196e-01	8.6191177e-02	8.5856818e-02	-1.3722265e-01	3.8124681e-02	-4.2269355e-01	3.3714068e-01	-2.1374130e-01	-7.1689524e-02	2.6237825e-01	1.2567470e-02	-8.2357399e-02	1.8263917e-02	2.0854619e-01	3.2485393e-01	-1.7474996e-01	2.8385293e-01	-7.8627032e-01	2.0567465e-01	1.7657991e-01	2.6904461e-01	-9.7517796e-02	2.6983133e-01	3.1707394e-01	-3.6874941e-01	1.2149753e-02	-2.0533222e-01	-1.4505446e-01	9.1344059e-02	1.1315683e-01	-2.7385706e-01	-1.8282490e-02	3.2272029e-01	8.7707803e-02	-2.2041304e-01	-3.4322464e-01	9.3609802e-02	7.6798357e-02	-2.8028521e-01	2.0252942e-01	2.5747269e-01	-1.4361052e-01	-3.1440315e-01	-2.7524921e-01	-1.1059920e-01	-2.8290650e-01	-2.5745484e-01	1.7234287e-01	-2.9773799e-01	-6.6124342e-02	-6.7294866e-02	4.5104170e-01	-1.3613979e-02	-1.4244594e-01	-1.5086715e-01	-4.1262683e-02	1.8847057e-01	-1.0006360e-01	-6.0872603e-02	-4.3299451e-02	2.2009338e-01	-1.7892073e-01	1.9973628e-01	-1.0152617e-01	-7.9531580e-02	-1.4548977e-01	6.5215223e-02	-1.8416676e-01	-1.0242637e-01	7.6197036e-02	-5.3217217e-02	8.6886346e-02	2.9643664e-01	7.3812693e-02	2.6282474e-01	1.0668453e-01	6.6924363e-02	-2.8894752e-01	-5.6368168e-02	3.0901844e-02	1.9953634e-01	-2.0193441e-01	1.3631876e-01	1.3672225e-01	1.1090528e-01	1.2075196e-01	6.9657028e-02	-1.3030702e-01	-2.0455340e-01	2.9286346e-01	7.8004360e-02	1.6330382e-01	9.2825396e-03	-2.9734083e-02	-8.4806427e-02	7.1603745e-02	-2.1506703e-01	2.6816624e-01	1.0782138e-02	-4.4440523e-02	-3.7366957e-03	-3.3903696e-02	2.5733742e-01	3.2610610e-01	1.3451277e-01	2.1376920e-01	2.0535159e-01	2.4800164e-01	-4.9220931e-02	2.4405718e-01	-2.6296684e-01	1.9629797e-01	-2.6086101e-01	-1.0967312e-01	-9.4103189e-03	5.1292449e-02	-1.6768993e-01	1.5339544e-01	-8.3502069e-02	1.5446511e-01	-1.6496313e-01	2.8440914e-01	-7.9303823e-02	-1.6720368e-01	3.2507181e-01	-1.8206254e-01	1.9110030e-01	2.1476464e-01	3.2083613e-01	-2.7364051e-01	-1.7528534e-01	-5.3057492e-02	-1.4338894e-01	-2.2141129e-01	1.7687497e-01	2.3749295e-01	1.6817822e-01	7.6993704e-03	6.4401917e-02	-1.3643801e-01	-3.6206180e-03	2.4175963e-01	-3.5089061e-02	-2.4532770e-01	8.8268459e-02	2.4629609e-01	-2.6688561e-01	2.4259439e-01	1.2063667e-01	-1.2064965e-01	9.6060693e-02	2.2051272e-01	-5.3840424e-03	5.5609815e-02	-1.9667155e-01	9.8370709e-02	-3.1480780e-01	-1.2685899e-01	-1.6191640e-01	-2.9343787e-01	2.0211472e-01	2.6250076e-01	2.2674887e-01	-1.7180115e-01	2.9246956e-01	3.5525981e-01	1.9936994e-01	-2.6140383e-01	-1.3714129e-01	-2.8119752e-01	-7.6126970e-02	1.9903082e-01	-3.0636138e-01	-1.9191432e-01	8.8961296e-02	-3.1786248e-02	-1.7941645e-01	-9.8317631e-02	-2.6008013e-01	3.1732377e-01	-2.5360471e-01	-5.8058228e-02	-2.3340508e-01	1.1179321e-01	1.3080145e-01	-2.2070246e-02	-9.0087332e-02	1.4311297e-01	-1.6728169e-03	-1.1079036e-01	-1.8911242e-01	2.0518170e-01	3.5724035e-01	-2.7204058e-01	2.1655636e-01	9.4081521e-02	2.5975341e-01	1.7184912e-01	-3.0191603e-01	-4.0514448e-01	-3.8076833e-01	-2.6005211e-01	7.5280458e-02	1.9890878e-01	1.1168143e-01	-6.8994433e-02	-4.5555089e-02	1.1278371e-01	-2.0161311e-01	-1.6817598e-03	2.2289945e-02	8.4868334e-03	7.2074108e-02	2.7822867e-01	-3.5126853e-01	-1.0855834e-01	7.4653216e-02	2.9963577e-01	8.8847898e-02	-2.1812813e-01	1.0835352e-01	-2.1836604e-01	-1.7775919e-01	2.5041297e-01	-1.6507581e-01	1.5847756e-01	-4.6777463e-01	3.0172658e-01	1.9342397e-01	-1.1484609e-02	-7.7896066e-02	3.8227562e-02	-5.0087035e-01	-2.7536088e-01	-5.3994101e-01	-2.0766741e-02	-1.3346048e-01	1.7020449e-01	3.4477133e-01	-1.3757396e-01	4.9526226e-02	1.6874478e-03	1.3301194e-03	-2.3141481e-01	3.2265320e-01	-1.1013325e-01	-4.1961749e-03	3.3456510e-01	7.1180537e-02	-3.1805706e-01	7.2334498e-02	-3.1225797e-02	-1.5710214e-01	2.9825231e-01	-2.4475566e-01	-6.8642288e-02	-2.5268278e-01	1.3228691e-01	6.9652170e-02	-7.5490102e-02	9.6934877e-02	1.4122903e-02	-2.1178329e-01	1.5389849e-02	4.3544006e-02	-6.3301206e-02	-1.3998759e-01	1.2161939e-01	-2.7507511e-01	-2.1026643e-01	1.5416658e-02	1.9956730e-01	2.3892878e-01	-6.8359561e-03	7.2250806e-02	3.0513233e-01	-1.5178700e-01	-4.9394969e-02	-2.1611932e-01	-2.0002043e-01	2.3333217e-01	-9.7721912e-02	-3.9898247e-02	-1.7661598e-01	-7.0200646e-03	1.0574029e-01	1.7339364e-01	1.7427738e-01	1.4553786e-02	-1.4761327e-01	-1.6242576e-01	1.2100565e-01	-1.7912647e-01	-9.6221618e-02	1.3727733e-01	2.4135347e-01	-3.0731326e-01	2.0310262e-01	-1.0339924e-01	-1.3556045e-01	8.6419843e-03	7.2199076e-02	1.9044960e-01	-1.5184942e-01	-2.6917496e-01	3.1244138e-01	-2.9268149e-01	-1.6605239e-01	-3.6698040e-02	-8.9926556e-02	-7.6757938e-02	-1.8310095e-01	1.0222237e-01	-8.9946434e-02	-2.9429328e-01	-1.6707137e-01	-1.0614181e-01	-2.7042404e-01	2.0193598e-01	-2.2250719e-01	-5.9896868e-01
-1.4234711e-01	-1.5872911e-01	-9.0821609e-02	-1.9019967e-01	1.9547959e-01	2.7151111e-01	1.0509899e-01	-1.2126231e-01	1.4347672e-01	1.4601934e-01	2.5835142e-01	-4.8482053e-02	1.2635143e-01	-2.3945938e-01	1.0443254e-01	-4.2601070e-01	-2.2032504e-01	1.1996712e-01	7.1274266e-02	-2.3565738e-01	-1.7895091e-01	4.0264809e-01	-1.2980175e-01	-9.5516093e-02	3.5418352e-01	-3.7352532e-01	3.9426774e-01	-5.2406996e-02	1.4627853e-01	-1.6879351e-01	1.2611645e-01	-5.5170432e-02
