9
input	28
dense	32
relu	0
dense	32
relu	0
dense	32
relu	0
dense	1
linear	0
7.999999979801942e-06
-7.4123621e-02	4.4735018e-02	-8.0030136e-02	1.1382236e-01	-4.3774255e-02	3.3242693e-03	-1.0915616e-01	-8.0623358e-02	8.7335058e-02	-2.0165494e-02	-9.5478483e-02	-5.4714415e-02	-9.8860122e-02	-8.4854007e-02	-9.3462631e-02	-9.1190353e-02	9.6124180e-02	1.8954699e-01	-1.5024830e-02	1.2878696e-02	5.0651990e-02	1.1161233e-01	-2.3184994e-02	-6.4098835e-02	3.3814244e-02	6.2085822e-02	-1.0635124e-01	-4.3820851e-02	1.1475447e-02	-5.9878905e-03	2.5048865e-02	-1.0751623e-01
-7.2202094e-02	-4.0662650e-02	-4.4119172e-02	4.6145737e-02	-4.7427397e-02	-7.6683030e-02	5.6984462e-02	-8.0525704e-02	-3.2057792e-02	7.6679453e-02	-5.5241875e-02	-7.3637225e-02	4.2919787e-03	1.5620706e-03	2.1735746e-03	-1.8380588e-02	-4.8654187e-02	-1.8184736e-02	-6.8399951e-02	1.3939846e-01	4.7198564e-02	-4.5413896e-02	-3.2718014e-02	-3.8245372e-02	-5.6349259e-02	-1.1330714e-02	-6.4590074e-02	-1.1763690e-01	-1.0213344e-01	-1.7728100e-02	3.1591728e-02	-3.5803437e-02
-3.4762364e-02	1.4657465e-02	-1.8954650e-02	-9.4068274e-02	-3.5818290e-02	-5.4263499e-02	7.6934667e-03	-3.4537595e-02	-2.2106338e-02	3.2759383e-02	-2.5100678e-02	-2.4070870e-02	4.0525381e-02	-2.8678814e-02	-2.0045971e-02	1.6390286e-02	6.6747487e-02	-9.5650787e-04	-3.1931459e-03	-1.7381160e-02	-1.8658968e-02	-3.8828251e-03	1.0152281e-02	-3.9371137e-02	-4.4409469e-02	-2.6298473e-02	-7.3176138e-02	3.0149423e-02	1.8708102e-02	-7.7196665e-02	7.9217911e-02	-2.6147362e-02
1.0535048e-02
1.2410126e-01	3.7150819e-02	-4.1909993e-02	-2.2945106e-01	3.4908384e-02	-1.5343855e-01	-6.8546049e-03	-4.1432667e-04	1.2269103e-01	1.7840870e-01	-2.7158389e-02	1.5653980e-01	1.4602464e-01	-2.3913224e-01	2.1231799e-01	-2.8409666e-01	-1.6620766e-01	1.2771986e-01	-7.8737117e-02	-9.5067151e-02	2.1597032e-02	2.9011938e-01	-3.0895302e-03	1.0206801e-01	-4.6641361e-02	-1.5016126e-02	-9.4785297e-01	3.2891375e-01	-1.5984841e-01	-2.8884713e-02	5.7979953e-02	-8.8862658e-02	-8.2626343e-02	-1.4420618e-01	4.7266288e-03	1.0888033e-01	1.8157920e-01	3.3152238e-01	-7.8899689e-02	3.0981225e-01	-2.3167260e-01	8.1991665e-02	8.4803648e-02	-2.8112847e-01	-1.6611032e-01	-4.1456914e-01	2.1971270e-01	-2.6574957e-01	1.6712733e-01	5.0258901e-02	-5.8384597e-02	-4.1515267e-01	4.2442191e-02	3.7185948e-02	3.9011672e-01	9.9949189e-02	2.7705845e-01	-2.5281267e-02	-6.9949061e-02	-1.2903209e-01	2.8564664e-02	8.4025584e-02	3.4558419e-02	-2.8035589e-02	-8.5738860e-02	-1.5591778e-01	1.7641300e-01	-1.2049829e-01	2.3712441e-01	-3.6706235e-02	2.1706995e-01	2.2900341e-01	2.5770196e-01	1.7299743e-01	-1.9239706e-01	1.7549215e-01	-1.8612990e-01	-8.1023663e-02	6.6798322e-02	-1.9059831e-01	-3.1619068e-02	1.7248964e-02	1.2788181e-01	-7.6350681e-03	1.8359321e-01	1.5597916e-01	8.1458054e-02	1.0012657e-01	-7.0048340e-02	3.2400277e-01	-1.7416232e-03	2.7160180e-01	3.1931528e-01	-1.1038280e-01	4.0585171e-02	1.5238987e-01	-2.0782766e-01	2.4089967e-01	-9.3697101e-02	-8.1325788e-03	1.6242494e-01	-4.9857965e-01	-2.0315489e-01	-3.9375748e-02	-3.2534268e-01	1.4279270e-01	3.8683720e-02	4.5221053e-02	-1.5133119e-01	-1.0772973e-02	1.9121872e-02	-5.6035048e-01	-8.5737012e-02	-6.7960098e-02	-1.5614714e-01	-1.7009510e-02	-4.8890347e-03	3.2182883e-02	-5.0692547e-02	2.2250152e-01	-5.1445238e-02	-2.8506157e-01	-1.1083346e-01	2.2110862e-01	1.3845120e-01	-2.5165262e-02	-1.5178604e-01	-4.7269315e-02	-1.0675655e-01	-2.0414327e-01	1.4513570e-01	2.7305320e-01	-3.9738402e-02	-2.9463854e-01	-2.6673943e-02	-7.0658915e-02	3.1875110e-01	2.8853232e-01	1.6525880e-01	-2.7374262e-02	2.0283623e-02	1.8006153e-01	-1.7614110e-01	5.0841335e-02	-3.3424541e-02	-6.2495809e-02	-2.9111493e-01	2.9545686e-01	1.2556951e-01	7.2580598e-02	-2.4981946e-01	-1.9395803e-01	1.3297372e-01	2.1374358e-01	2.6496652e-01	-1.1710951e-01	1.7826866e-01	-2.2190183e-01	2.9744243e-02	1.5904051e-01	-1.9359167e-01	1.4148328e-01	1.5696999e-01	-2.9031479e-01	1.1693233e-01	-2.1433899e-02	1.1069757e-01	5.5430915e-02	2.3287132e-01	-9.7644977e-02	-1.4553788e-01	1.5824871e-01	-1.2606836e-02	5.6326631e-02	2.3466429e-01	-1.2184814e-01	2.0567132e-02	-2.7320513e-01	3.9214429e-02	-1.0045438e-01	-4.7748167e-02	8.1244662e-02	-2.4207729e-01	4.5813313e-03	1.4781043e-01	-1.8346328e-01	1.1495239e-01	2.2573350e-01	3.7856531e-01	1.1390954e-01	5.9749164e-02	-3.6492875e-01	-1.4101355e-01	-3.4482472e-02	5.1858568e-01	-1.8763173e-01	-2.7246380e-01	6.0510091e-02	1.6818245e-01	-1.0869299e-01	-2.7270919e-02	-1.0208649e-01	-4.5349654e-02	2.2112741e-01	-2.0584978e-01	5.0589401e-02	-1.4873901e-01	-2.7852908e-01	2.2488821e-01	-1.1701658e-01	-1.5392771e-01	3.0003956e-01	1.6028620e-01	3.4190524e-01	-2.8344241e-01	-2.6061982e-01	2.6230741e-01	2.6739123e-01	-2.0887779e-02	-2.0540953e-02	-1.0134433e-01	2.3546549e-02	-6.7670697e-01	3.1856273e-03	1.8891600e-01	1.2427548e-01	-1.6418599e-01	-1.1497478e-02	2.3751415e-01	-3.3183560e-01	1.2055835e-01	-4.1247770e-02	-2.0292645e-02	-6.2941454e-02	4.5542940e-02	2.2479597e-01	3.0825081e-01	2.2049904e-01	2.0420077e-01	-2.9637390e-01	-2.0971997e-01	2.2802132e-01	2.0969051e-01	1.7204918e-01	-6.3820072e-02	-3.4061208e-01	4.5887791e-03	-1.2921805e-02	1.0152978e-02	4.3972749e-03	-6.8508513e-02	9.8669298e-02	2.2886192e-02	1.9869725e-01	-2.2353564e-01	7.8808196e-02	2.5893149e-01	2.0366717e-02	1.9123028e-01	-2.2965011e-01	4.2402402e-02	9.6268222e-02	1.3703217e-01	2.7134588e-01	-2.2006980e-01	-3.3664739e-01	2.2086851e-01	-1.5856138e-01	1.6677661e-01	9.6774183e-02	1.1521364e-02	2.0550252e-01	-3.1575060e-01	2.1651750e-02	-2.6313630e-01	-1.4085598e-01	3.0158424e-01	-1.8149090e-01	-1.5653361e-01	9.9960804e-02	-1.0405244e-01	4.7126699e-02	-8.3560847e-02	-4.0251240e-02	-1.2581126e-01	-5.8580291e-02	5.4444648e-02	-4.3678563e-03	-2.8954321e-01	-4.4995025e-02	-9.1911666e-02	2.2878154e-01	1.5340608e-01	5.1373567e-02	-1.0952108e-01	-2.3800645e-02	1.0928396e-01	-1.3194101e-01	8.3884209e-02	-5.3780373e-02	2.6555526e-01	2.8973550e-01	5.8593951e-02	9.2458479e-02	-6.2883347e-02	-3.3584796e-02	-1.8970384e-01	7.2630502e-02	-6.4821308e-03	7.9758108e-02	-1.7367236e-01	7.3071517e-02	1.2780951e-01	-1.1975216e-01	-9.1562942e-02	-1.8039714e-01	1.0585313e-01	-1.0322622e-01	-3.2646778e-01	-3.2528874e-01	2.7762726e-01	9.5072098e-02	-2.1607488e-01	9.5968001e-02	5.5146616e-02	-8.9218065e-02	9.8380357e-02	1.6429682e-01	5.5570865e-01	4.7123876e-01	-4.6977255e-02	1.1319797e-01	1.4006828e-01	1.9758897e-02	7.4934356e-02	1.7971623e-01	-1.8974704e-03	-2.7811500e-01	9.0390623e-02	-1.3030490e-02	-2.5264671e-01	2.7352604e-01	-1.3507637e-01	1.6587862e-01	9.2251161e-03	-1.0369075e-01	1.5007564e-01	-2.7873743e-01	5.8831174e-02	-2.2742559e-01	2.2467370e-01	-2.3160832e-01	-2.0111024e-01	6.1858315e-02	1.6183876e-01	2.6198697e-01	3.2044873e-01	3.8789493e-01	-9.5097460e-02	-2.1021214e-01	1.4862420e-01	5.1910363e-02	2.0375428e-01	-5.3506579e-02	2.2660135e-01	-4.1352015e-02	-7.2778299e-02	-4.4520077e-01	-7.0789037e-03	-6.0313135e-02	-4.0923151e-01	-1.8096070e-01	-2.9254827e-01	-2.4092039e-01	1.0330828e-01	-3.7682509e-01	-3.4796110e-01	-1.1154687e-01	3.2769859e-01	1.7872286e-01	1.4431685e-01	-5.5599654e-01	-3.9522794e-01	1.5930097e-01	-3.0192724e-01	-2.3388863e-01	1.4620935e-02	-3.0839261e-02	-4.0889136e-03	-6.6913337e-02	-1.3550556e-01	1.0855226e-01	-3.1195062e-01	1.9979039e-01	-1.9927879e-01	1.2198398e-01	-1.9667931e-01	1.4443125e-01	1.0565128e-01	-7.0052519e-02	-1.4151253e-01	-5.4967370e-02	-2.4270175e-01	1.0138923e-01	2.3392700e-01	8.0995344e-02	7.9227701e-02	1.6930076e-01	4.7891002e-02	8.6113796e-02	-2.5085202e-01	1.9426198e-01	2.0642668e-02	1.4696603e-01	7.9893947e-02	-2.1878098e-01	-1.8364406e-01	1.2190995e-02	-2.8049591e-01	-3.5054737e-01	-1.1792067e-01	2.6634228e-01	-1.2694718e-01	-6.4126492e-02	-1.7894860e-01	1.0909236e-01	-8.7764770e-02	-1.8131144e-01	-1.3569333e-01	-2.9156718e-01	-1.6335912e-02	-3.1468764e-02	6.4088427e-02	-1.9653481e-01	-3.9578490e-02	3.0281305e-01	-1.1561503e-01	6.4217523e-03	-1.3752377e-02	-3.4131940e-02	3.8950136e-01	4.4443037e-02	-1.8869955e-02	2.2866049e-01	-2.8663728e-01	4.6356078e-02	1.2808737e-01	-3.2625595e-01	-1.0586423e-01	1.5142769e-01	-1.4052604e-01	-4.1658446e-02	-6.2951989e-02	-1.0065721e-01	-1.6909657e-01	-1.3709293e-01	2.1799572e-01	3.2993776e-01	2.2353734e-01	2.0708340e-01	3.0357054e-01	-1.6467708e-01	-2.9577566e-02	-1.8569405e-01	-9.9612065e-02	2.1665692e-01	1.9346061e-01	-2.0413853e-01	-3.2198641e-01	-6.4161379e-04	1.8525880e-02	-2.0544732e-01	-9.8981559e-02	1.5415836e-02	-1.5617481e-01	2.2532028e-01	-2.8596926e-01	1.0416747e-02	-1.0012643e-01	-3.1262219e-02	4.9427906e-03	-9.2286453e-02	4.3088827e-02	-1.5797164e-01	1.2315625e-01	1.3332829e-01	-7.6129483e-03	1.0052796e-01	3.8694814e-02	-3.1145161e-01	2.1991390e-01	-3.1970167e-01	4.2188454e-02	1.6569038e-01	2.8823245e-01	-1.9515932e-01	1.0018422e-01	-1.4189222e-01	1.6795455e-02	-3.0792135e-01	1.5374835e-01	-1.6601481e-02	6.4301175e-01	-5.3231394e-01	9.1562442e-02	8.0088027e-02	-8.1019392e-03	-1.6825871e-01	1.2699911e-01	8.0327451e-02	-1.3376832e-01	9.2302240e-02	2.6779813e-01	3.1961843e-01	-1.7005613e-03	3.1512076e-01	2.9708186e-02	1.3191587e-01	-1.5239246e-01	-1.7917415e-02	-3.4723308e-02	-1.2991607e-01	-1.0983986e-01	-1.6786343e-01	-4.1397959e-02	-1.2406701e-01	-4.2140290e-02	3.3796492e-01	-8.6771600e-02	3.3662837e-02	2.3871477e-01	3.0555081e-01	9.6226826e-02	7.1379982e-02	1.8333437e-01	-6.0360089e-02	1.0872642e-01	-1.2306401e-01	2.6009971e-01	2.9738545e-01	2.4059285e-01	-1.5079644e-01	6.4835139e-02	-6.9179699e-02	-1.7182629e-01	1.7622038e-03	-1.1098929e-03	2.0167698e-01	-1.3313857e-01	1.4548422e-01	9.1587164e-02	-2.6594248e-01	-1.3001564e-01	-5.3085268e-02	1.1910015e-01	-6.5006220e-01	3.2225210e-02	-2.5263634e-02	-2.8889936e-01	-1.0510789e-01	8.6853072e-02	4.4620991e-02	-3.9665622e-01	1.6791272e-01	-2.5079143e-01	1.9600397e-01	-2.6584297e-02	-5.9215792e-02	2.5722796e-01	1.0339247e-01	3.7219673e-01	2.9653633e-01	1.2125297e-02	-2.0484067e-01	-1.8473370e-01	-3.1924081e-01	5.8455355e-02	-4.1629869e-02	-2.2488959e-01	-7.7142231e-03	-2.0224403e-01	1.9678836e-01	5.5509796e-03	1.6795738e-02	-1.1584776e-01	-7.5674537e-03	7.7464782e-02	2.8188613e-01	-2.1238121e-01	-7.1634471e-02	-3.8894154e-02	1.0549372e-01	9.9658474e-02	-8.2840428e-02	1.5923746e-01	2.6318783e-01	1.3017040e-02	3.1191558e-01	-8.9557081e-02	2.6839757e-01	-2.6336052e-02	-1.2035563e-01	1.2685548e-01	-1.1774610e-01	-2.1447784e-01	-2.4255899e-01	1.5325958e-01	-2.7726108e-01	-2.3294076e-01	2.0467646e-02	-2.2759762e-02	4.2266685e-01	-2.4435740e-02	7.8623176e-02	3.1096938e-01	1.0516214e-01	-1.8441787e-01	1.7746264e-01	-1.4153321e-01	1.6818112e-01	9.2933871e-02	5.5500888e-03	1.9441816e-01	1.8482445e-01	3.1485939e-01	3.0172417e-01	2.8556761e-01	9.6601993e-02	-3.0119851e-01	-3.2677475e-01	1.6179749e-01	-2.8604288e-02	1.8008785e-01	4.0530069e-03	6.5995321e-02	-2.4825495e-01	-3.2104275e-01	1.3561913e-01	-1.8272692e-01	5.4808490e-02	3.2743043e-01	-3.8231667e-02	5.0805646e-01	4.0954765e-02	1.4061724e-01	5.2882750e-02	6.5141685e-02	-1.6394806e-01	-2.7912557e-02	-7.2315127e-02	1.8622158e-02	-2.1080345e-01	1.0131159e-01	-1.6379904e-02	2.1394493e-01	-1.5296255e-01	5.3785551e-02	2.3739734e-01	-6.3724652e-02	-2.0074350e-01	3.4147418e-01	-1.8914944e-01	2.1427149e-01	-3.2119721e-02	-2.0779699e-01	2.4927679e-01	-3.7432036e-01	1.2217034e-01	3.7054061e-03	1.9528480e-01	-4.5625079e-01	5.3239834e-02	-5.7708260e-02	-3.3976524e-03	2.4234094e-02	-1.3279061e-01	1.4820896e-01	-1.2936036e-01	9.3926638e-02	-5.8480207e-02	-5.3397846e-01	8.4570073e-02	3.3897434e-03	1.5170191e-01	2.7506945e-01	9.7660713e-02	-1.2209252e-01	-9.3813417e-03	1.1896957e-01	-4.7435299e-03	1.7734192e-02	-1.0658031e-01	2.3902930e-01	1.5081546e-01	7.7820078e-02	1.8737400e-01	2.1745229e-01	-2.4044953e-02	-8.4842801e-01	1.8860060e-01	1.1711548e-01	6.9208458e-02	-3.5923019e-02	1.7189570e-01	-2.0603657e-01	2.0569217e-01	8.4451810e-02	2.8512675e-01	1.0712752e-01	-2.2276679e-01	-3.6869366e-02	2.4522606e-01	2.2322033e-02	-2.4062239e-01	2.2935337e-01	-2.6234424e-01	7.2697490e-02	8.3091229e-02	2.0321363e-01	-1.4777654e-01	-3.3254370e-01	-1.7413251e-02	-2.0113887e-02	-3.7240437e-01	-1.2097807e-01	2.8458461e-02	1.5962571e-01	-4.7492463e-02	-1.6448110e-01	2.9949790e-01	-1.3697051e-01	1.2581889e-01	3.0104372e-01	-9.7441949e-02	1.3089689e-02	2.6597628e-01	-1.3780904e-01	9.1742896e-02	6.3584760e-02	-2.3422812e-03	-3.0707869e-01	-1.9371656e-01	-2.2150041e-01	3.1469744e-01	-1.0864231e-01	4.5158193e-01	5.0545961e-02	1.1226473e-01	1.4377257e-01	2.0226058e-01	6.3436918e-02	3.0361062e-01	-1.0162055e-01	-3.7501287e-02	3.4141791e-01	6.1715297e-02	5.6841578e-02	7.1713284e-02	-2.0415670e-01	-2.4148087e-01	-3.7300670e-01	-8.9138806e-02	7.1363963e-02	-4.8529533e-01	-3.0924574e-02	-3.1884465e-01	-4.2678791e-01	-4.6282122e-01	1.5465944e-01	-7.9884425e-02	-6.6573108e-03	4.9848143e-02	-1.3345793e-01	-1.9674231e-01	-2.2221842e-01	1.7289765e-01	6.1405126e-02	2.1530609e-01	4.9630601e-02	-1.1380716e-02	1.9139233e-01	-2.5663875e-02	-7.9027750e-02	6.0218461e-02	-1.4670721e-01	-3.0234084e-01	2.8481576e-01	1.5532573e-01	3.0367139e-03	-2.1690825e-01	2.6771545e-02	-1.7217901e-01	-2.1451935e-01	2.3706219e-01	-1.4494470e-01	1.0899001e-01	1.5085767e-01	-3.3880752e-02	-6.8799920e-02	4.4742008e-03	1.5414841e-01	-1.4672382e-01	2.6400469e-02	2.6835799e-01	2.3394422e-01	-2.6730198e-01	1.0577868e-01	1.8188018e-02	1.2962346e-01	-8.0978237e-02	1.1917797e-01	-1.7209889e-01	-1.6374205e-01	2.2038409e-02	5.7941351e-02	-2.8476453e-01	2.5648754e-03	8.6920790e-02	-1.4600530e-01	1.2426911e-01	3.4136802e-01	2.2880593e-01	2.0297569e-01	-2.8090528e-01	-3.0186763e-01	2.5555876e-01	-2.9379413e-01	-1.1369561e-01	-1.3675815e-01	-3.9673205e-02	2.4769539e-02	-2.0408386e-01	9.9218629e-02	-7.7756830e-02	7.0897371e-02	2.4934687e-01	-1.1324221e-01	2.2631623e-02	-3.3150062e-01	2.5926713e-02	2.3271134e-03	1.7858446e-02	-9.0604134e-02	9.4544701e-03	-3.4354490e-01	-2.2871954e-02	4.7128059e-02	2.2558471e-02	2.1807520e-01	-1.3684736e-01	1.7454539e-01	-3.7583124e-02	-9.3501903e-02	1.1771891e-01	2.6031485e-01	5.9909005e-02	7.0372507e-02	1.8366069e-02	2.6075223e-01	1.5718575e-01	-1.0835323e-01	-2.3018606e-01	-3.5222318e-02	4.3768978e-01	-1.4868163e-01	3.1705458e-02	5.0206596e-01	-2.2382914e-01	1.0912388e-01	1.2917130e-01	2.1384503e-01	-1.3071102e-01	9.0863243e-02	-4.5323569e-01	-1.2692358e-01	-3.2754266e-01	-2.8909960e-01	9.1892190e-02	-3.2421690e-01	-8.1520244e-02	-3.2118547e-01	1.3517648e-01	-1.5479803e-01	-8.6652003e-02	-1.3385415e-01	-1.8819850e-02	-5.2827168e-01	-3.6793870e-01	-3.2806590e-01	3.4001645e-01	-3.2358807e-02	-1.7319034e-01	3.4767084e-02	4.1473992e-02	-8.1543344e-01	-1.7153312e-02
-3.4103164e-01	-1.7335176e-02	-2.5287753e-01	4.1509200e-02	2.7975944e-01	-1.0923155e-01	2.5959581e-01	9.4057871e-03	1.1715005e-01	3.5360295e-02	2.7326035e-01	-2.3357524e-01	2.4551816e-01	5.5241305e-03	-2.4508250e-01	1.1369675e-01	1.4728691e-01	5.1100612e-01	-1.4708200e-01	-2.3403996e-01	-2.5593150e-01	6.4121193e-04	-2.1526405e-01	-6.1795145e-02	-5.0679591e-02	-4.5348741e-02	2.8236186e-02	-1.4706360e-01	2.7485302e-01	-3.2152256e-01	1.9292596e-01	-5.7441536e-02	-2.7919215e-01	-2.8974497e-01	2.2115804e-01	-2.8471816e-01	-2.2034758e-01	8.5503429e-02	-9.7446121e-02	-2.6736394e-01	1.3647655e-01	1.6762504e-01	1.2604906e-01	-8.8929877e-02	-8.5735947e-02	5.7265162e-03	8.0827862e-02	-2.8611693e-01	1.4254831e-01	-4.6468115e-01	1.3471505e-01	-6.2202051e-02	-2.0672129e-02	-2.1321559e-01	6.6180967e-02	1.4768584e-01	6.2378302e-02	-3.0838695e-01	-1.0752635e-01	2.4955422e-02	2.1703020e-01	-1.1180937e-01	-4.4299923e-02	2.8249881e-01	-4.1068021e-02	3.7952617e-02	9.5792681e-02	-1.3638431e-01	1.3387986e-02	2.7255574e-01	-2.5747624e-01	-1.9891126e-01	-1.1660454e-01	-7.2497517e-02	9.2831761e-02	1.6957314e-01	7.7477545e-02	-4.1792035e-01	-1.8951616e-01	1.8365140e-01	9.2143975e-03	2.6916763e-01	-2.2110745e-01	-9.3785830e-02	3.7069187e-02	-2.0997324e-03	-2.6411572e-01	1.2269340e-02	1.0420419e-01	2.4817316e-01	1.2413179e-01	-1.3767934e-01	3.4845803e-02	2.1267526e-01	1.3724381e-01	-1.1898624e-01	1.4979036e-01	9.6764565e-02	-6.8172932e-02	-9.2180008e-03	-1.7763789e-01	-2.0836809e-01	-2.7243048e-01	-5.4653216e-02	-4.4342306e-02	-8.3444692e-02	-2.2814348e-01	-2.2056063e-01	1.8076657e-01	-1.1430744e-01	-2.8122303e-01	-8.3856292e-02	3.0289084e-01	1.0493539e-01	1.6389026e-01	-6.3873567e-02	5.2705295e-02	-2.7141112e-01	-1.2412459e-01	-1.1076970e-01	-1.4425726e-01	-1.1303001e-01	2.3690343e-01	-8.0615558e-02	2.6308966e-01	1.0003732e-01	-1.3542467e-01	2.3780338e-01	-2.2228712e-01	-2.4490802e-01	6.7969672e-02	2.3392713e-01	4.5379281e-02	7.9890959e-02	-3.0320928e-01	-2.1793389e-01	1.4113116e-01	3.7647989e-02	-2.8667298e-01	-2.4797799e-01	-1.4636683e-01	-2.3538561e-01	2.2850338e-01	4.2215154e-02	-9.3771726e-02	-4.4630021e-02	4.3898005e-02	3.3230036e-02	-2.3382464e-01	-3.4110168e-01	-1.6638424e-01	-1.3702652e-01	8.5222140e-02	-3.2138026e-01	-7.4471109e-02	1.7699262e-01	1.9423215e-01	1.6519058e-01	1.6406849e-01	-1.1912502e-01	-2.5512541e-02	-2.6979142e-01	8.3189934e-02	-2.8614524e-01	2.5663087e-01	-1.0927793e-01	2.4581552e-01	3.1980786e-01	3.0084215e-02	-1.4432763e-01	-7.0216972e-03	5.5742029e-02	-1.6353576e-01	3.5402411e-01	1.6098801e-02	1.9094570e-01	-1.2941374e-01	1.4277710e-01	-2.4704850e-01	1.3922404e-01	1.0675704e-01	6.8346858e-02	-1.3053930e-01	1.3145973e-01	2.6345734e-02	-2.4992548e-01	1.7594213e-02	6.7771785e-02	-2.5204757e-01	1.2387159e-01	6.5387778e-02	1.4347422e-01	-1.9830588e-01	5.0875306e-02	1.2716651e-01	-4.2165449e-01	2.5778240e-01	-2.0919153e-01	-3.1099513e-01	-8.5803367e-02	-2.4098115e-01	-1.2882133e-02	-1.8365316e-01	1.6997023e-01	-6.3894846e-02	-1.9962862e-01	-2.0036542e-01	-5.4944701e-02	-2.8550845e-01	3.5486065e-02	3.1887999e-01	1.8212704e-01	3.1321326e-01	-2.5331229e-01	8.2565054e-02	-1.5375981e-01	-3.5595283e-01	-1.4175031e-01	2.9760107e-01	1.0151418e-01	-1.4785880e-01	-1.0893112e-01	6.1662890e-02	8.6013466e-02	-2.5977740e-01	7.6363228e-02	-7.6328658e-02	-2.8006497e-01	2.1787609e-01	-2.5010589e-01	6.0839456e-02	-2.3100805e-01	-1.0659868e-01	9.0234637e-02	-1.2280750e-01	1.5610196e-01	1.3399638e-01	2.0756798e-02	1.3385603e-01	3.0700016e-01	-2.1420361e-01	1.5839784e-01	-1.5796700e-01	9.3257492e-03	5.9864711e-02	-3.0419549e-01	4.2027873e-03	-9.1055021e-02	6.5729450e-03	1.8259026e-01	-4.0355738e-02	2.6123136e-02	2.0231918e-01	4.7727622e-02	1.8187891e-01	2.0100583e-01	-2.2039738e-01	-2.3835237e-01	-2.5175908e-01	1.8673444e-01	-1.7635106e-01	2.5001273e-01	-3.3354419e-01	-1.2877651e-01	-7.0939943e-02	-6.6123938e-04	9.0070583e-02	2.3529325e-01	-7.9729017e-03	2.1999362e-01	1.6342227e-01	-2.4061112e-01	-2.7639586e-01	-9.6787542e-02	-7.9570085e-02	-1.5425903e-01	-1.7110759e-01	-5.1678129e-02	1.4304645e-01	-2.6518911e-01	-5.3713746e-02	-1.7058823e-01	-1.7870027e-01	-1.9660962e-01	1.6794656e-01	-1.0429753e-01	2.9032245e-01	4.9903721e-02	5.4454077e-02	1.0262266e-01	-6.9742776e-02	2.5278106e-01	-1.5318802e-01	-4.9888968e-02	7.4086145e-02	2.2724657e-01	-1.6898113e-01	-1.1352746e-01	-2.3061933e-01	-2.8089407e-01	9.0795740e-02	-6.0356863e-02	-4.4244714e-02	-1.9269374e-01	3.9299455e-01	2.3034848e-01	-3.1144449e-01	-2.8306699e-01	1.8503621e-01	-6.1304518e-03	2.6676121e-01	-1.4610578e-01	1.1698168e-01	-2.1177080e-02	-5.9906594e-02	-4.5241565e-02	-2.0853411e-01	-1.3823017e-01	-2.2013615e-01	-7.9196878e-02	1.5361585e-01	1.3184349e-01	7.0980005e-02	-1.7929075e-02	-5.0805587e-02	-1.3214526e-01	3.7136573e-01	-1.6690575e-01	-1.7866378e-01	-9.7787887e-02	1.2430985e-01	5.0218809e-01	2.3769909e-01	-2.6262555e-01	6.1537661e-02	2.4684165e-02	1.6801256e-01	-1.5801778e-01	2.0750864e-01	-1.1497179e-01	-1.3751391e-01	-9.8792240e-02	-2.3360941e-01	-2.5239015e-02	-5.0508595e-01	-2.3360023e-01	-3.4776095e-02	4.6378426e-02	-2.7111236e-02	-9.0285994e-02	4.3228772e-02	-3.5644442e-01	1.2795736e-01	-3.7135754e-02	2.9906705e-02	1.3679777e-01	-6.4210497e-02	1.1108146e-01	2.7626386e-01	2.4864186e-01	-3.2494000e-01	2.6094590e-03	-4.1991183e-01	-8.3181791e-02	3.0046430e-01	3.2802990e-01	1.6572745e-01	6.3912980e-02	-3.5728642e-01	-4.8374459e-02	4.6623303e-03	1.1988264e-01	-9.1600195e-03	7.3341347e-02	2.5572535e-01	1.7240202e-01	1.0098451e-01	-1.6424562e-01	2.2345731e-02	2.0121488e-01	-3.1818753e-01	1.6555166e-01	-9.6643507e-02	5.7567354e-02	-1.7052294e-01	-2.9079229e-02	1.7920795e-01	-8.8881359e-02	1.5666302e-01	1.3979205e-01	1.1474474e-01	1.5747230e-01	2.7712908e-01	-2.1245252e-01	-3.3477388e-02	5.7841048e-02	6.8029314e-02	-1.0360811e-01	1.9703104e-01	-8.7707393e-02	-2.1530457e-01	-2.0368671e-01	-2.5526404e-01	-1.7547880e-01	-3.3801880e-01	-1.1510688e-01	-5.1123936e-02	5.8921400e-02	-2.2847342e-01	1.6363341e-01	-1.5464628e-02	9.4703607e-02	-1.9177568e-01	4.1138846e-03	1.5699205e-01	1.9647746e-01	-2.8447118e-01	-2.5303528e-01	3.0431038e-01	-2.8473935e-01	-2.3317567e-01	-2.3066190e-01	-2.0643243e-01	-2.2422595e-01	-2.6329049e-01	1.6881648e-01	-2.9225975e-01	-1.8048799e-01	2.1433629e-01	-1.6554832e-02	-2.1383302e-01	-1.1414061e-01	2.6517388e-01	1.7037025e-01	2.0543733e-01	4.3058693e-03	-6.0684305e-02	-1.6599727e-01	-2.8656077e-01	-1.2632748e-01	-1.9373536e-02	-1.5905696e-01	2.5508044e-02	-2.9991063e-01	2.7155653e-01	-2.0547152e-02	4.1823532e-03	-2.2592109e-01	-7.2064035e-02	-2.2661151e-01	-7.7034302e-02	1.6582808e-01	-2.1768405e-01	1.1160031e-01	-1.1830085e-01	1.7552176e-01	-1.5300855e-01	8.9051902e-02	4.6082415e-02	-5.0985299e-02	2.6082242e-02	-7.3680185e-02	-1.0803246e-01	2.8378084e-01	-3.8193592e-01	-3.8596693e-01	1.9339243e-01	2.1793367e-01	1.0454711e-01	1.6099988e-01	-2.3071040e-01	1.0685842e-01	-7.0795804e-02	2.9222766e-02	-7.1302012e-02	9.2855923e-02	1.6010450e-01	-1.2456071e-01	-4.5295501e-01	1.0909060e-01	1.2016528e-01	8.5391872e-02	2.7674492e-02	-2.6757786e-01	1.1696834e-02	1.8433750e-01	-1.5239887e-01	1.8694842e-01	1.3297946e-02	-9.3402497e-02	-2.5887180e-02	1.7930779e-01	-2.5026182e-02	2.2294458e-02	-2.2664860e-02	2.5794604e-01	-1.8665656e-01	1.2019182e-01	-4.7007918e-01	-2.3887725e-01	2.6874027e-01	-1.4465578e-01	2.8040740e-01	-3.5870623e-02	2.2735205e-01	5.7852048e-02	-2.3054171e-02	2.0665851e-01	-2.4178363e-01	-3.9687540e-02	-2.1503739e-01	9.3982674e-02	-9.4767794e-02	-1.4838211e-01	2.2316478e-01	-1.7004447e-01	1.5404569e-01	-1.0302150e-01	-2.2520363e-02	-3.1269580e-01	6.3244373e-02	-1.7891642e-01	-1.8963142e-01	-1.7505474e-01	-2.7127066e-01	-2.4165563e-01	-1.9609025e-01	-1.8771538e-01	-2.9567504e-01	-2.4832690e-01	-3.0398130e-01	1.6833417e-01	-2.2096050e-01	1.8256184e-01	-1.9295458e-01	2.2938547e-01	-1.8864854e-01	1.0083365e-01	2.2457200e-01	-5.7828534e-02	1.6418526e-01	-4.8797451e-02	-2.7961624e-01	1.9579488e-01	2.2440249e-01	-1.7476979e-01	-3.1840634e-01	2.4645308e-01	1.0997174e-01	-7.1525909e-02	-6.3755113e-04	3.4280691e-02	2.6876342e-01	-1.2687944e-01	2.4676618e-01	-1.9559948e-02	-2.1653788e-01	-1.3518654e-01	1.1208347e-01	-9.1982029e-02	-2.4376689e-01	-6.5442359e-01	1.3568567e-01	-3.1871343e-01	1.6232365e-01	1.5575308e-01	4.9595755e-02	2.1035488e-01	-8.1469990e-02	-2.5889310e-01	-3.2019773e-01	2.8164345e-01	-1.2381407e-02	-3.3193573e-01	1.8147625e-01	-2.9503044e-01	-2.9998356e-01	9.6707076e-02	8.1355780e-02	1.7490743e-01	3.7694338e-03	1.1168656e-01	2.6335727e-02	6.8856977e-02	-1.4044061e-01	-3.2592046e-01	-2.0042494e-01	5.2427385e-02	-1.8988939e-01	-2.0831338e-01	3.3147983e-02	-2.7228111e-01	-2.4527034e-01	-6.7391612e-02	-1.0401604e-01	9.8537192e-02	-2.8164491e-01	1.1497154e-01	2.2219147e-01	3.6871891e-02	-1.0282000e-01	1.0212750e-01	-3.1969023e-01	1.2461898e-01	8.5821867e-02	-2.5235319e-01	-3.1207014e-02	1.4320132e-01	2.8165430e-01	-1.0569640e-02	-3.6711553e-01	2.2150220e-01	-5.3116351e-02	1.2848997e-01	1.3910706e-01	-2.0841476e-01	1.2724394e-01	1.9260831e-01	-2.7523220e-01	-4.0868399e-01	-4.4706464e-02	-1.8321853e-02	-1.9825098e-01	1.7282878e-01	3.0256104e-02	9.9526159e-02	-3.0212426e-01	-1.6894281e-01	-1.2825383e-01	2.5371626e-01	-1.7636265e-01	-6.3568115e-02	2.3123661e-01	-2.1170583e-01	-1.9307743e-01	-2.7968678e-01	2.8228208e-02	1.4076693e-01	-1.7385561e-02	-1.2807637e-01	2.5396588e-01	-4.3074626e-02	9.1196142e-02	-4.9435076e-01	-2.3241796e-01	1.7417270e-01	1.3497686e-01	1.5936862e-01	-5.0201821e-01	1.2164581e-01	1.5053885e-02	1.6837503e-01	1.1747772e-01	-1.6623670e-01	-1.3933480e-02	-1.7653157e-01	-9.2637353e-03	-1.8843344e-01	-5.5195087e-01	-1.1084884e-01	4.0943021e-01	-3.1198703e-02	-1.2210027e-01	2.2212280e-01	2.0166880e-01	1.9721928e-01	1.6108982e-01	-6.0125187e-02	-1.0776000e-01	3.0530542e-01	-1.1074519e-01	-1.0554344e-01	-2.5622563e-02	6.7129657e-02	2.3013963e-01	-1.4111389e-01	-9.9320501e-02	1.8837346e-01	1.0388609e-01	-1.9806570e-01	-3.5753113e-01	-3.4574330e-02	-1.7100985e-01	-1.1164209e-01	2.3564376e-01	-3.4051949e-01	2.1037543e-01	3.4986740e-01	-4.8723888e-01	-6.6119689e-03	6.8537571e-02	4.1701682e-02	-4.5556301e-01	-2.0817646e-01	2.2552118e-01	1.3378685e-02	4.1464519e-02	-5.2358530e-02	3.6024038e-02	-8.2579330e-03	-1.3516311e-01	2.4692595e-01	-2.4969359e-03	-2.2843052e-01	-9.5732793e-02	-3.8182965e-01	1.6034363e-01	2.8038338e-01	-5.9880055e-02	2.9407918e-01	2.0696168e-01	1.7806354e-01	1.2335036e-01	2.1637703e-01	-1.8638387e-01	-7.4111797e-02	1.6742623e-01	-1.8311945e-01	1.5240258e-01	-2.9306442e-01	2.5160374e-02	-4.8701316e-02	5.1397476e-02	-3.1894261e-01	3.8516022e-02	4.8740648e-02	-5.7106633e-02	-1.7633729e-01	1.5760855e-01	-2.5536144e-01	-1.1682528e-01	-1.6917722e-01	-2.2453970e-01	6.2810883e-02	-1.7601742e-01	1.3836150e-01	4.1305568e-02	-2.7166879e-01	2.1767126e-01	-1.1872322e-01	-1.2603422e-01	-2.6493698e-02	-1.8239142e-01	1.7420620e-01	-2.8029147e-01	-1.8665018e-02	-1.1026375e-01	6.0569122e-02	2.2042842e-01	-1.5702689e-01	-2.1945773e-01	-2.9697740e-01	-6.1763640e-02	-2.7511889e-01	-9.5011845e-02	-8.6787432e-02	-1.6874601e-01	1.0028880e-01	-7.2205968e-02	7.0138574e-02	-1.8171838e-02	2.1176759e-02	1.4986552e-01	7.3321655e-02	-1.3960072e-01	1.1849413e-01	-2.0447952e-01	2.9486999e-01	-3.0762568e-01	-1.0162111e-01	1.1484706e-01	-4.1807723e-01	-8.8654444e-02	1.9696463e-02	1.6530594e-01	-2.6858181e-01	-1.4499617e-01	-3.1619199e-02	-4.9039075e-01	-3.8441667e-01	-1.5403119e-01	1.2041050e-01	-9.5897697e-02	2.9827687e-01	-5.5844173e-02	1.5599556e-01	1.3954151e-01	-3.5683376e-01	-1.6406111e-01	-2.2749521e-01	1.2025684e-01	9.9927440e-02	2.8855333e-01	1.7726159e-01	1.7271972e-01	5.1866114e-02	-1.5157875e-01	-5.4940883e-02	1.8467230e-01	-1.1325808e-01	2.0444198e-01	-2.4538291e-01	-4.6208717e-02	-6.2913015e-02	-3.0813012e-01	-7.9868026e-02	-1.6766648e-01	1.8625258e-01	7.6490581e-02	2.9015866e-01	-4.6865765e-02	7.9547770e-02	2.1131879e-01	2.2553956e-02	2.5597933e-01	-2.5086269e-01	7.7371359e-02	-1.1027101e-01	-1.4364457e-01	-1.9942458e-01	-3.7038201e-01	-6.2373027e-02	-3.7412819e-02	8.2150206e-02	-2.0395356e-01	4.1596126e-02	3.9279545e-03	-4.0392853e-02	2.8932831e-01	-1.5403755e-01	2.1817406e-01	5.0255578e-02	-9.9565290e-02	-3.9230725e-01	-2.8557199e-01	1.2331574e-01	-7.8037031e-02	-2.1009350e-01	-1.3615887e-01	1.1840969e-01	1.6194977e-01	2.7318734e-01	2.8799778e-01	-3.7974703e-01	1.2740880e-01	1.7248180e-02	-2.5635177e-01	-1.3783472e-02	-2.5311989e-01	-2.5147393e-01	3.7429068e-02	-2.1869273e-01	2.3636638e-01	-5.0043937e-02	-2.9634765e-01	-2.4232836e-01	8.4246598e-02	1.6166642e-01	-2.9807103e-01	2.5385061e-01	7.0224285e-02	1.4959519e-01	-2.5618604e-01	1.5106136e-01	2.1126176e-01	-1.8259439e-01	-2.1186537e-01	4.6513774e-02	2.4802572e-01	-7.7807486e-02	1.7980085e-01	6.5844528e-02	-1.6347781e-01	9.0956718e-02	4.4627044e-01	2.9692125e-01	2.8864935e-01	-3.0982029e-01	-3.9984725e-02	1.8608631e-01	1.5315598e-01	-1.1349628e-01	2.0116481e-03	-1.0220156e-01	-1.5570508e-01	9.7251631e-02	-2.2128199e-01	1.1258779e-01	-1.9934848e-01	1.3718933e-01	-1.2007207e-01	1.4179109e-01	1.0218133e-01	-8.1575274e-02	-3.2620627e-01	2.4697392e-01	1.6256063e-01	1.0209937e-01	-7.1727023e-02	1.2867820e-01	-6.3576125e-02	8.1035364e-03	2.1346013e-01	3.2490271e-01	-6.6416726e-02	3.0954814e-02	-7.6808542e-02	1.5099271e-01	2.6334628e-01	3.4498167e-01	6.4789370e-02	1.6321836e-01	-1.7454740e-01	-1.6372228e-01	-4.9303811e-02	1.9023055e-01	-8.9940213e-02	1.0755845e-02	-3.4781364e-01	-2.6530262e-02	1.8997201e-01	-2.6335216e-01	3.4303233e-01	8.0141306e-02	-1.8184902e-01	-1.1457585e-02	-4.2083701e-03	2.6805565e-01	2.7179646e-01	-2.8940177e-01	1.4735250e-01	3.2022007e-02	-1.1553635e-01	7.0391282e-02	6.0969431e-02	2.3256555e-01	-4.5174152e-01	6.7132510e-02	1.1702097e-01	-2.8157562e-01	-1.2235118e-01	2.0066690e-01	1.4584130e-01	1.8824613e-01	1.2430554e-01	-3.2559308e-01	4.1324053e-02	-2.0953380e-02	-3.3814728e-01	-1.5244180e-01	-2.3200174e-01	2.1039604e-01	1.9113421e-01	-2.0308955e-01	-2.5449374e-01	1.5623777e-01	2.1667603e-01	-7.1644239e-02	-9.6389823e-02	2.9571772e-01	3.0271981e-02	-3.3485422e-01	1.0326298e-01	-1.2367104e-01	-1.7072742e-01	-2.5893712e-01	-2.2787539e-02	2.8959757e-01	-1.7976940e-01	-1.8932393e-01	-1.8119626e-02	-4.5689148e-01	1.5865836e-01	-1.1139435e-01	-2.7929160e-01	-3.1528968e-02	1.5449691e-01	2.1616243e-01	-1.8566322e-02	-9.7488567e-02	1.4357235e-01	-1.6817456e-01	-2.6984403e-01	-1.3948645e-01	7.3426709e-02	-3.5613647e-01	1.4177196e-01	-1.5345670e-01	1.4361420e-01	3.8690541e-02	2.1716447e-01	-1.4083562e-02	-1.7626889e-01	1.8347754e-01	-1.1553920e-01	1.5651429e-01	1.9084477e-01	-1.9867620e-01	-2.0931108e-01	-1.5919919e-01	7.7745810e-02	-4.7257792e-02	-1.3831748e-01	1.2784618e-01	-5.1221102e-02	9.6299253e-02	-1.1012416e-01	1.1799725e-01	7.5639494e-02	-2.3257160e-01	8.9111619e-02	2.5028937e-02	1.9698399e-01	-2.7144486e-02	8.3430380e-02	-8.7902106e-02	-7.9276234e-02	9.4204992e-02	-1.9846015e-01	2.8340584e-01	-1.8047434e-01	8.1969790e-02	2.1113975e-01	-3.4702946e-02
-1.4616339e-01	1.6657281e-01	1.7841965e-01	-2.9035923e-01	2.3312795e-01	1.4120106e-01	2.8995052e-01	2.1018238e-01	2.1526748e-01	-3.2469681e-01	1.8162675e-01	4.1501781e-01	-2.3656197e-01	-2.6422131e-01	2.8722042e-01	1.0528124e-01	2.6281178e-01	-1.9417445e-01	3.0843547e-01	-1.8521655e-01	1.2205501e-01	-1.4929697e-01	-1.8145137e-01	2.7709910e-01	1.5606561e-01	-2.7442896e-01	1.5176797e-01	2.7933154e-01	6.9304131e-02	4.5882504e-02	3.9550364e-02	3.8137045e-02	1.7851667e-01	1.5736143e-01	1.2846050e-01	2.0203300e-02	-2.5489265e-01	1.7710084e-01	2.4345095e-01	-2.5652918e-01	-2.8089809e-01	1.4640079e-01	8.4299833e-02	-2.8514257e-01	3.0123246e-01	-1.5753804e-01	3.0669984e-01	-1.1472894e-01	-5.3632975e-02	-8.2657799e-02	-2.1940289e-01	-1.7060031e-01	2.5417644e-01	-1.9962178e-01	2.7386025e-01	1.5297785e-01	-1.2062653e-01	-2.3714404e-01	-1.1275188e-01	-5.7946846e-02	2.4655335e-01	-1.9602975e-02	2.6759154e-01	1.3143264e-01	-1.1179826e-01	-2.6271859e-01	-2.3789397e-01	3.2192194e-01	-2.3542954e-01	-1.2286665e-01	-3.4491435e-02	-2.7649406e-01	-3.0709046e-01	1.4053291e-01	1.9175105e-01	-4.3557040e-02	-1.1309960e-01	-2.4654534e-01	-1.7906994e-01	7.0075482e-02	5.7617268e-03	1.3316649e-01	4.4159129e-02	-1.4268310e-01	1.0001624e-01	-1.1768062e-01	-7.8246266e-02	5.3529765e-02	-1.2820989e-02	-5.3929251e-01	-3.0969870e-01	-2.3085375e-01	2.3717875e-02	4.3117523e-02	-1.0094089e-01	5.0849104e-03	2.8587816e-02	2.1280083e-01	-2.7194256e-01	-1.0999286e-03	2.3546645e-01	1.7404741e-01	-1.9051152e-01	-1.4390837e-02	5.3367838e-02	-2.4130031e-01	2.2934397e-01	-1.1919039e-01	1.9801702e-01	1.3447273e-01	-6.0127813e-02	1.4315744e-01	2.1255285e-01	7.0840791e-02	1.6934651e-01	5.9480488e-02	-1.1802833e-01	1.9632153e-01	-1.7810754e-01	9.7514406e-02	-3.1511715e-01	1.2028366e-01	-6.4117506e-02	3.0135912e-01	1.6532399e-01	2.4842563e-01	-9.7562961e-02	1.2459862e-01	1.4247368e-01	-2.2124097e-01	2.6315907e-01	1.7387696e-01	-2.9013804e-01	1.5807128e-01	2.5988695e-01	2.3822920e-01	-6.9568157e-02	-3.0073953e-01	3.8632352e-02	2.6141235e-01	1.2499859e-01	4.4576067e-02	-5.6381124e-01	-3.3756560e-01	2.2778007e-01	6.4836584e-02	-1.3086468e-01	-4.7668222e-02	-1.9065663e-01	6.9442593e-02	-7.8636825e-02	-5.5944134e-02	-3.2027140e-01	-1.9228324e-02	2.6016921e-01	2.2463471e-02	-3.7725490e-02	-1.0978647e-01	-2.1056244e-01	-3.6494457e-03	2.8885213e-01	9.1456613e-03	-2.0092333e-02	-3.8304418e-01	3.8225353e-02	1.7781457e-01	-1.0942493e-01	2.7176991e-01	2.2816670e-01	-2.1935925e-01	1.0161220e-01	2.8040749e-01	1.2067733e-01	1.7557840e-01	-3.4575447e-02	-3.1301084e-01	-3.6694549e-02	-2.8578034e-01	-1.1677863e-02	-3.0360422e-01	-1.4595288e-01	5.6317568e-01	-2.2485593e-01	-1.8138419e-01	1.7946169e-01	-2.5155431e-01	1.1038383e-01	-2.2874470e-01	2.0564960e-01	-5.0814424e-02	-1.3406509e-01	8.3370693e-03	8.4241115e-02	-1.3051426e-01	-2.5630650e-01	8.9718960e-02	3.1146787e-02	3.3356037e-02	-2.5447705e-01	-1.5138759e-01	-1.4885011e-02	2.3610707e-01	1.2632337e-02	6.4240638e-03	-5.1007136e-03	-8.4153175e-02	2.2076796e-01	1.6770370e-01	-1.1833924e-01	2.7728420e-02	-2.1467212e-01	9.8382339e-02	-3.4117550e-01	-4.7185150e-01	2.9222152e-01	2.9739213e-01	-5.1980275e-01	-2.2363135e-01	-2.2511874e-01	1.0836221e-01	9.0381101e-02	4.5983464e-02	3.0776489e-01	-2.0355377e-01	3.9880835e-02	-2.1235448e-01	-2.2523232e-01	-1.0519575e-01	1.3287888e-01	-1.9210295e-01	-1.1813103e-01	7.7240542e-02	-1.6194524e-01	-1.1266337e-01	5.9391856e-03	-1.8558237e-01	6.1826196e-02	2.0424888e-01	-1.4711174e-01	-1.8801239e-01	-2.6656359e-01	-1.6442551e-01	-7.5318784e-02	1.2463521e-01	-1.0529142e-02	4.9548887e-02	-2.1606106e-01	1.0485446e-01	-6.3341320e-02	-1.0679113e-01	2.3482370e-01	-9.6748762e-02	5.5454671e-02	-1.0322291e-01	2.0187272e-01	-1.6508016e-01	4.1236486e-03	-1.5558928e-01	7.6347098e-02	-7.5432979e-02	-1.1953244e-01	2.8568625e-01	-1.7201297e-02	4.2507298e-02	-1.9833654e-01	-1.7122629e-03	1.6369611e-01	-2.1168831e-01	2.1993163e-01	-1.4271076e-01	-2.1580979e-01	-2.0154339e-01	-5.6684282e-02	2.1492410e-01	-2.7921918e-01	7.5649813e-02	-1.0186793e-01	3.1152627e-01	1.4707489e-01	-1.7332951e-02	1.7527948e-01	2.1980120e-01	-2.4840164e-01	-1.5826085e-01	3.0565989e-01	3.6717519e-01	1.8942888e-01	1.9876365e-02	1.4170532e-02	2.4613473e-01	-2.2861473e-01	-3.2423854e-02	-2.2161843e-01	-1.8743569e-01	-4.2600146e-01	9.6347965e-02	1.9290045e-01	2.4530320e-01	-6.3291520e-02	-2.1923131e-01	2.6367915e-01	-2.9639584e-01	-3.4082142e-01	2.1680649e-01	4.1202068e-02	-1.9173529e-02	-1.1393443e-01	1.3767704e-01	1.2206669e-01	-1.6423230e-01	-2.3752624e-01	1.8265593e-01	-2.9418373e-01	4.8087008e-02	-1.8404284e-01	1.5465559e-01	-3.6287931e-01	1.4310668e-01	7.2433747e-02	-1.3075989e-01	-2.8354142e-02	-8.1273980e-02	-2.9862888e-02	1.6076992e-01	9.4044551e-02	-1.2994000e-01	1.8055108e-01	2.3462276e-01	-1.7981072e-01	-1.5743050e-01	1.6912627e-01	2.0320904e-01	-8.1680037e-02	1.6905005e-01	-1.8991721e-01	2.8860992e-01	1.7345946e-01	2.9546401e-01	-1.5752117e-01	-1.2830882e-01	7.4724577e-02	-3.1691145e-02	-6.9978083e-03	1.8339694e-01	6.7314535e-02	9.8215103e-02	4.3820817e-02	-1.1486422e-01	-3.8670015e-03	3.3948800e-01	2.3991868e-02	-1.0502942e-02	2.6651617e-02	1.1871513e-01	1.7255664e-01	-3.2382086e-02	4.2461149e-02	-1.4048254e-01	3.2691013e-02	4.0740725e-01	-1.0676227e-01	1.1648293e-02	1.6785012e-01	3.8490358e-01	1.8066235e-01	-7.6359063e-02	-1.7713739e-01	-3.3521435e-01	2.3114067e-01	-6.4245965e-03	-1.1711685e-01	-1.4980808e-01	2.6689058e-02	3.9276838e-02	8.5534446e-02	2.3640385e-01	1.0451626e-01	-3.4300190e-01	-2.6702681e-01	-3.3559355e-01	1.5742649e-01	-1.6551100e-01	-3.0529976e-01	-1.8633397e-01	-2.0771523e-01	-1.0897169e-01	1.2731719e-01	5.9774153e-02	-1.7376171e-03	-1.8176632e-01	9.4164565e-02	-7.7886507e-02	2.6119721e-01	-6.7224875e-02	-1.7370641e-01	-3.4300923e-01	3.7923198e-02	1.8020782e-01	3.7930582e-02	3.6611568e-02	-1.8530659e-01	3.0671213e-02	2.1541266e-01	-1.7100459e-01	-1.9462749e-01	-2.9486063e-01	1.7009364e-01	2.2125408e-01	2.2133863e-01	7.9307027e-02	3.3606943e-02	-1.7863163e-01	-1.9906883e-01	2.0134178e-01	5.8013014e-03	1.6790119e-01	-1.2883551e-01	2.5208464e-01	1.1592779e-01	2.9691097e-01	1.3581003e-02	2.3639332e-01	1.1137441e-01	2.6730293e-01	-3.0645090e-01	2.2764961e-01	-1.8045782e-01	-2.6077271e-01	3.3912356e-03	1.7476875e-01	2.2324519e-01	-5.9161142e-02	-2.7471742e-01	-2.8277285e-02	-5.6667188e-03	-7.4448220e-02	3.9188020e-02	-3.2473037e-01	9.7590059e-02	-6.6812634e-02	-7.8957126e-02	-3.9076895e-02	-6.2882453e-02	1.2347008e-01	1.4762919e-01	-9.3190759e-02	2.4761865e-01	-2.2211064e-01	-7.7006109e-02	-2.3650979e-01	2.6758751e-01	-2.8581837e-02	-9.0049125e-02	1.8293600e-01	2.4363291e-01	-6.8250229e-03	1.9231696e-02	2.9891652e-01	-2.6264884e-02	1.8087175e-01	-1.7833580e-01	2.3057906e-01	3.5224989e-01	2.3952478e-01	-2.2077917e-01	3.2244444e-02	-6.3062631e-02	-2.8133908e-01	2.2806394e-01	-2.6282981e-01	-2.2599332e-01	-2.1086539e-01	-3.2275251e-01	8.8226430e-02	-4.0640343e-02	-8.4597088e-02	-2.3937984e-01	-8.4459975e-02	1.7295295e-01	1.4551394e-01	2.4055545e-01	7.3753013e-03	9.1608658e-02	-1.7140600e-01	5.7715744e-02	1.2426471e-01	-1.1951295e-01	2.7461645e-01	-2.1906506e-01	-3.5600126e-01	-1.4325060e-01	-3.0729958e-01	1.8476428e-01	2.5257394e-01	3.9965108e-02	2.6648430e-02	-6.7482121e-02	-2.8632444e-01	1.8806386e-01	-1.0255033e-02	-6.8630660e-01	3.6242685e-01	-2.0530424e-01	2.3389907e-01	-1.3494503e-01	-7.7138655e-02	2.9964504e-01	-1.5513612e-01	-1.9609384e-01	-1.3600037e-01	-3.0988557e-02	-2.5712737e-01	2.3980276e-01	1.8608254e-01	3.6601145e-02	2.1484996e-01	1.6711076e-01	-1.4239080e-01	1.0511629e-01	-1.0126982e-01	-2.2896925e-01	4.5858532e-01	-5.2401900e-01	-5.8126103e-02	-1.5810929e-01	-2.2148916e-01	1.7869249e-02	-2.6274556e-01	-3.8733654e-02	1.5540537e-01	3.8990997e-02	1.9755617e-01	3.0853540e-01	-5.1395708e-01	2.6533085e-01	-2.5216067e-01	8.9579999e-02	-2.8339654e-01	9.4639465e-02	-4.4538626e-01	-2.9217798e-01	-6.5302747e-01	2.9871944e-01	-1.8892215e-01	1.7735195e-01	-2.2832474e-01	5.3320341e-02	-1.4713851e-01	-7.4396916e-02	1.9212289e-01	4.5941077e-02	2.3214030e-01	-1.2320319e-01	-6.5441765e-02	2.6938710e-01	3.6241445e-01	1.9035992e-03	8.3664376e-03	1.6841535e-01	1.3756517e-01	1.7586194e-01	3.8993195e-02	-1.7662221e-01	6.8693116e-02	1.0201564e-01	-1.8559374e-01	-1.7165187e-01	-2.3766087e-01	-2.3250042e-01	-8.0992043e-02	1.5506192e-01	1.3833955e-01	2.1140921e-01	1.6811267e-01	-1.9973044e-01	2.1658647e-01	2.1044904e-01	3.7674956e-02	-1.9262278e-02	-2.4667984e-02	2.2936937e-01	-1.1263122e-01	-1.9808446e-01	9.7829945e-02	1.9148660e-01	-1.4696686e-03	-4.5029875e-02	2.6993233e-01	-3.3709951e-02	-9.5146991e-02	1.5384047e-01	-2.0470168e-01	-2.6283318e-01	5.7523016e-02	-1.4942828e-01	4.7312956e-03	1.3812846e-01	1.4685933e-01	-9.1286555e-02	-2.0656742e-01	6.2813195e-03	-4.3712877e-02	-1.1969901e-01	-4.5774117e-02	1.4907191e-02	-1.5126981e-01	2.1583506e-01	2.9600641e-02	-3.9395779e-02	2.5212208e-02	-3.0837479e-01	4.3829266e-02	-1.7135462e-01	6.6476002e-02	-5.0194152e-02	-2.8334379e-01	-2.1968786e-01	1.8039213e-01	-1.1949918e-01	3.2954690e-01	1.0837530e-01	-1.8072873e-02	-2.5984922e-01	-2.7066514e-01	-2.8811961e-01	-1.3267410e-01	-9.2759512e-02	-7.6652050e-02	1.4509851e-01	2.3078074e-01	-2.2735570e-01	-1.9238669e-01	1.9166821e-01	4.3556813e-02	7.0824102e-03	1.8775247e-01	2.5983559e-02	-6.0868014e-02	-1.5063080e-01	-2.5250757e-01	-2.1239874e-01	1.8232131e-01	-1.7742059e-01	2.1622939e-01	2.4864294e-01	-1.1925051e-01	-9.1939300e-02	-1.8247709e-01	-5.9281897e-02	4.3095373e-02	-2.1035412e-01	1.6876383e-01	-3.1015527e-01	1.7102152e-01	-1.2155987e-01	1.8291759e-01	1.4381847e-01	-5.7899531e-02	8.9631498e-02	2.7146798e-01	-1.0697760e-01	2.6577210e-01	1.2953469e-01	-1.0974020e-02	6.8714149e-02	1.0725692e-01	2.2822624e-01	-2.8312543e-02	-9.3484648e-02	1.1516007e-01	1.8080284e-01	-4.0231690e-02	3.2413661e-01	-7.8951903e-02	2.2826139e-02	-1.7991544e-01	5.6029655e-02	1.4050898e-02	-2.6797934e-02	1.3934982e-01	-8.0351522e-03	-1.4179398e-02	2.7854741e-01	-4.4358484e-02	2.0363066e-01	-6.0543060e-02	-1.1522824e-01	-1.4769045e-01	1.4106527e-01	-2.1933052e-01	-2.7972120e-01	-1.6276798e-01	-2.2804716e-01	3.2188651e-01	-1.0566810e-01	-2.4075505e-01	-2.1795812e-01	7.5835824e-02	-1.9809626e-01	1.0403179e-01	2.0903152e-01	7.0227154e-02	-2.7629840e-01	2.0966107e-01	1.4203724e-01	-8.7548383e-02	1.7928679e-01	-2.4349002e-02	-2.2857511e-01	-1.7506960e-01	-3.7940443e-01	6.1315924e-02	-2.8969082e-01	-1.6936742e-01	-3.8452163e-02	-1.1129146e-01	2.1044062e-01	2.6353356e-01	-2.6538321e-01	2.7609169e-01	-2.2369656e-01	9.5664360e-02	-1.5138292e-01	-2.4596705e-01	-3.9174676e-01	-3.7031221e-01	-3.1481782e-01	-1.4717270e-01	-2.8898039e-01	-1.8481543e-02	2.4736348e-01	2.6990274e-01	-2.4572039e-01	2.1842069e-03	-1.4895807e-01	-4.6669770e-02	-3.3512285e-01	-2.0495465e-01	2.1884888e-01	-1.4568870e-01	-2.1144104e-01	1.3227098e-01	1.3903026e-01	1.7180134e-02	2.6568159e-01	-2.5290990e-01	1.1103291e-01	4.5173179e-02	-2.6225518e-02	-3.0401236e-01	2.5169374e-02	1.3309844e-01	-2.5715765e-01	2.4717642e-01	8.9529574e-02	-1.6792257e-01	3.2289192e-01	-5.5873938e-02	-1.0750530e-01	2.9448918e-01	-1.2767941e-01	9.7483620e-02	2.3650777e-01	1.5932374e-02	-1.9688662e-02	3.0544138e-01	1.6280492e-01	-1.0153131e-01	-9.2680991e-02	5.8003500e-02	-2.0205508e-01	-1.6844111e-02	2.3908101e-01	-8.6626790e-02	-3.7034634e-01	1.1211798e-01	1.6302323e-01	-6.7368276e-02	2.7891049e-01	-8.5242070e-02	1.4520124e-01	-8.1888080e-02	-1.8506555e-01	-3.7025893e-01	-8.1228584e-02	3.0312367e-02	-6.2837400e-02	-3.0522370e-01	7.0341893e-02	3.9932093e-01	-2.5107521e-01	2.2860008e-01	-2.7678329e-01	-1.1430736e-01	1.0829177e-01	1.2998548e-01	-1.2212493e-01	1.4809804e-01	1.9147730e-01	2.9854989e-01	9.5180117e-02	-2.4329002e-01	-1.3859247e-01	5.1473979e-02	-2.0271887e-01	1.5391999e-01	-2.2752687e-01	3.2410491e-01	-6.8472393e-02	-2.3941763e-01	-3.1524763e-01	3.2295579e-01	1.9462295e-01	-1.9511600e-01	1.0872554e-01	5.0225735e-02	1.3115534e-01	-8.3342716e-02	7.9632968e-02	-3.4757476e-02	7.6014712e-02	1.9077486e-01	-3.7661634e-02	7.2364450e-02	8.3625309e-02	1.8363707e-01	2.7658975e-01	-1.6215022e-01	8.9963637e-02	3.7585223e-01	8.0315687e-02	1.1115102e-02	1.9442471e-02	2.7032450e-01	-9.7887069e-02	-1.1995922e-01	3.0297195e-04	-1.5006135e-01	-6.9066003e-02	2.0207243e-01	-6.8066409e-03	-4.2181695e-01	2.8596786e-01	1.9121553e-01	2.6455719e-02	2.0152298e-01	3.0604222e-01	-8.2287751e-02	-1.3208841e-01	-1.7607175e-02	5.4176010e-02	-7.5903684e-02	-2.3344632e-02	5.2963066e-01	3.1095186e-01	-1.3811347e-01	2.6386726e-01	-4.8232783e-02	2.2019960e-01	6.0422130e-02	2.0602767e-01	4.7546003e-02	1.4987236e-02	-1.1823047e-01	-1.6801585e-02	1.2238840e-01	1.6513151e-01	-1.4589894e-01	1.2857674e-01	1.3227987e-01	2.0485464e-01	-1.3937995e-01	1.3295779e-01	-2.6464412e-01	-9.1276884e-02	1.3363864e-01	6.4136878e-02	-1.7568764e-01	-7.2848037e-02	-4.3283768e-02	1.1498427e-01	2.3189160e-01	2.7717188e-01	2.8706849e-01	-2.8115720e-01	-1.9639857e-01	1.8871066e-01	-1.2800965e-01	-1.6678527e-01	-7.5917840e-02	4.8816539e-02	-2.1837144e-01	-1.1095127e-01	-1.5751414e-01	1.5890273e-01	-1.4507058e-01	9.1763452e-02	-2.5240123e-02	6.3174687e-02	-5.9472263e-02	2.2751194e-01	6.1499365e-02	7.5642861e-02	2.7670350e-03	4.0557664e-02	-3.4703943e-01	6.1485678e-02	-6.6116855e-02	-7.4328609e-02	-9.9429443e-02	-1.7802367e-01	-8.2684219e-02	-1.1569778e-01	1.3639510e-01	6.9900833e-02	-2.6434383e-01	1.5475810e-01	4.2014542e-01	-6.6308692e-02	-1.2215531e-01	9.7817834e-03	-2.7454050e-02	-5.3567398e-02	2.0177779e-01	4.6915047e-02	-2.2137144e-01	4.9422020e-03	-2.5737435e-01	4.9499899e-02	-1.8491323e-01	-1.2492207e-01	3.7967689e-02	2.5477168e-01	8.3737604e-02	-9.0238236e-02	2.4880095e-01	1.8854527e-01	-4.9784544e-01	2.0549394e-01	-1.5559053e-01	6.0913015e-02	9.0319633e-02	3.0660897e-01	2.8702536e-01	2.2374384e-01	-5.6450784e-02	3.0324826e-01	2.2225942e-01	-7.4871905e-02	1.0950679e-01	-9.8322472e-03	-4.9064364e-02	2.2171119e-01	-5.0032333e-02	-6.9266550e-02	4.0114063e-01	1.9344220e-01	1.4640208e-01	-4.7817117e-01	-8.1404381e-02	1.2703981e-01	-6.9478233e-03	-2.2837085e-01	-2.5698450e-01	8.6152978e-02	-1.8670757e-01	1.7268974e-01	1.9980322e-01	6.2049747e-02	7.4481457e-02	4.4898566e-02	-2.7435762e-01	-1.4586985e-01	-2.2025780e-01	7.2567579e-03	-3.8978398e-02	9.8864913e-02	1.0481174e-01	-2.2486143e-01	2.8668985e-01	-9.3866751e-02	-1.6274381e-01	-4.2050993e-01	-2.8374770e-01	-4.0382850e-01	-1.8971486e-01	-1.5890698e-01	-2.7988368e-01	-4.0863222e-01	-2.1884929e-01	-1.3435532e-01	3.0616841e-01	-5.0991241e-02	9.9509649e-02	1.8544830e-01	1.0815208e-01	-1.7941123e-01	-2.1601276e-01	-6.7755170e-02	3.6830608e-02	-1.0899556e-01	-1.5920824e-01	8.5240640e-02	2.5566500e-01	7.0820250e-02	1.1244354e-01	5.0584618e-02	-1.1550827e-01	-2.3493963e-01	3.3159770e-02	7.8217395e-02	-1.3039797e-02	1.6685680e-01	4.4011968e-01	8.7738149e-02	-3.0336281e-02	-1.7715521e-01	-2.5533709e-01	5.5541106e-02	2.1072845e-01	1.6566312e-01	1.5970454e-01	-1.6334090e-01	-2.5218672e-01
1.3286860e-01	-1.8133055e-01	9.8050885e-02	-1.3915843e-01	-2.1165729e-01	-2.4198188e-01	-1.0136594e-01	-1.8001378e-01	5.0659634e-02	-2.0375204e-01	4.3887373e-02	-2.0121191e-01	1.6428715e-01	-1.2676248e-01	-1.7086573e-01	-6.8806416e-01	2.2656050e-01	2.2188067e-01	-1.6196370e-01	-3.2543960e-01	-9.6986130e-02	3.4175324e-01	-1.4866187e-01	-9.5691964e-02	-8.8338412e-02	1.1689474e-01	-4.2137566e-01	-1.6948700e-01	2.7457452e-01	1.3220371e-01	-1.9332729e-01	1.2843117e-01
