9
input	12
dense	32
relu	0
dense	32
relu	0
dense	32
relu	0
dense	1
linear	0
7.999999979801942e-06
0.0000000e+00	-8.8442020e-02	-8.4414057e-02	-1.2456916e-01	-1.0632402e-01	1.0913941e-01	-1.3379347e-01	8.2072102e-02	-1.3250415e-01	4.5001857e-02	-2.0904792e-02	-9.3110062e-02	-1.3831829e-01	-5.2005813e-02	-8.7136768e-02	-7.1949676e-02	5.5946954e-02	7.6695740e-02	-3.9626986e-02	-2.6407989e-02	-1.0284024e-01	-1.0819375e-01	-8.7558828e-02	-1.0483016e-01	4.4105131e-02	4.9128465e-02	2.4997225e-01	-4.1261367e-02	0.0000000e+00	7.4723777e-03	8.2749017e-02	4.5775376e-02
-6.5736182e-02	-9.6594803e-02	-7.1628369e-02	-3.2312274e-02	1.7008644e-02	-8.7801665e-02	9.0083443e-02	-5.9757836e-02	-1.1749529e-01	4.4284001e-02	1.6074855e-02	4.1131090e-02	-2.9745320e-02	5.1716581e-02	7.9539590e-02	-1.7456328e-02	-3.0654266e-02	2.1878423e-02	-4.8247140e-02	-4.6869975e-02	-6.5535076e-02	-3.8521584e-02	-2.7575938e-02	1.4583968e-01	-1.0800797e-02	-6.4973429e-02	6.9879808e-02	1.0348108e-03	1.6635655e-01	-2.6526831e-02	1.4574909e-02	-1.6157325e-01
2.6419826e-02	-3.2718119e-03	3.6872435e-02	-4.7715459e-02	-4.4749662e-02	-4.5107219e-02	-1.4430762e-02	-1.0728750e-03	-2.7936904e-02	2.3589905e-02	2.3488685e-02	1.9953689e-02	-5.4538816e-02	-2.6350562e-02	2.7205484e-02	-4.7508725e-03	-5.1124056e-04	-4.8609726e-02	-7.7401876e-02	8.1108017e-03	-4.6176605e-02	5.6069675e-03	9.1942977e-03	6.2059142e-02	-1.3501187e-02	-7.7124171e-02	1.8702425e-02	-9.9089950e-02	5.4474566e-02	1.9371137e-02	-6.5767385e-02	-5.1451746e-02
2.9045433e-02
2.6982635e-02	1.0448584e-01	-2.4774355e-01	-3.2914418e-01	2.6600334e-01	-2.8718525e-01	-3.1637847e-03	-8.7980002e-02	2.4249324e-01	4.7559619e-02	-8.6589903e-02	6.5273911e-02	2.9661249e-02	3.1064487e-01	-3.1824883e-02	2.2656235e-01	9.9093936e-02	-1.2676369e-01	5.0775174e-02	2.0279068e-01	3.3527052e-01	-4.0996629e-03	1.4929281e+00	-1.0171060e-01	-1.2026833e-01	-4.3219551e-01	-3.9913964e-01	4.9245786e-02	3.2245326e-01	2.0966478e-01	2.7521384e-01	3.1235683e-01	-2.8286231e-01	3.5223141e-02	-1.1887715e+00	3.0926773e-01	1.7830601e-01	3.5016125e-01	3.4745368e-01	2.9867682e-01	-2.8553417e-01	6.3577153e-02	-1.9928020e-01	-4.9225286e-02	3.9186814e-01	2.4354964e-02	5.9995323e-01	-6.7801344e-01	-1.0758778e-01	1.4995185e-01	2.2835247e-01	-3.3430830e-01	2.7637914e-01	1.1159956e-02	-9.6930489e-02	2.4983847e-01	1.0232935e-02	2.8371518e-02	-8.6431986e-01	1.1847684e+00	-5.7863045e-02	-4.5902096e-02	4.4555190e-01	-6.7615174e-02	-3.9486396e-01	-4.3735084e-01	-3.4569651e-01	4.0655687e-01	2.4068256e-01	-2.9637918e-01	-8.4028542e-02	1.3495006e-01	-3.7483495e-01	-3.8276434e-02	4.6443537e-02	1.9010514e-01	7.4721262e-02	2.5148216e-01	-1.2284669e-01	2.2457133e-01	-2.6054746e-01	-4.9413051e-02	3.1492165e-01	7.4936694e-01	-3.9328283e-01	1.0597759e-01	-1.6256371e-01	4.5761719e-01	1.9970982e-01	-9.4037727e-02	2.7986774e-01	-5.0179128e-02	8.4327020e-02	-1.0541216e-02	-5.7355654e-01	5.2350342e-01	1.0526031e-01	2.1896650e-01	-1.2857611e-01	-7.0232652e-02	2.9965127e-01	-2.3297999e-02	2.4788901e-01	2.3728314e-01	-3.3012745e-01	2.1509312e-01	1.3086381e+00	-7.0333481e-01	-2.4438938e-01	-4.4784527e-02	-1.2195527e-01	-2.0572071e-01	-1.6894816e-01	9.9731669e-02	3.7850133e-01	-1.9190623e-01	-3.3223817e-01	6.5577389e-03	-1.7747554e-01	-1.6668719e-01	-1.7720440e-01	1.9739817e-01	-3.3852461e-01	-1.5077066e-01	-5.5676371e-02	4.0790606e-01	9.6181683e-02	3.5952798e-01	4.6351541e-02	-3.3317674e-02	-6.9175911e-01	6.6249329e-01	-1.3655868e-01	-2.7232188e-01	-2.4332365e-01	9.6580297e-02	2.1135999e-01	3.4831181e-01	6.4825013e-02	-2.0197339e-01	-2.7363461e-01	5.2792117e-02	6.5417475e-01	4.0543232e-02	4.1293100e-01	-2.2789624e-01	8.0226921e-02	4.3803230e-02	-3.2019068e-02	-1.3881014e-01	6.3645288e-02	-1.9759020e-02	-2.2167501e-01	-5.7846729e-02	9.6811116e-01	-1.3526276e-01	4.2376316e-01	-4.1350704e-02	1.9680221e-01	-3.5474157e-01	1.8131691e-01	-2.0475183e-01	-6.2135469e-02	-1.3645530e-01	-4.0174395e-02	2.5341615e-01	1.6165507e-01	-7.6288581e-01	2.1404047e-01	1.8247354e-01	2.0404294e-01	1.7781280e-01	1.7511511e-01	2.1039951e-01	-3.4585074e-01	5.2761123e-02	4.6783254e-01	-2.4039478e-03	1.3009121e+00	-5.1014078e-01	-2.1919328e-01	1.9026533e-01	-1.0570234e-01	1.0354454e-01	2.4345714e-01	2.4152833e-01	-2.2380126e-01	-4.6046907e-01	-3.0078828e-01	2.7974400e-01	1.2298670e+00	-6.8378693e-01	-2.7786724e-02	-3.8586441e-01	4.8270635e-02	-2.5990082e-02	2.6243678e-01	2.9066315e-01	1.8965082e-01	-3.2609925e-02	5.2524101e-02	3.6537874e-02	-4.9100494e-01	2.6121534e-02	1.1363679e-02	-2.0389226e-01	1.2355465e-01	-6.0022402e-01	-6.8896063e-02	1.9847542e-01	-2.1378036e-01	-2.9949102e-01	2.1125048e-01	2.7265724e-02	6.5350372e-01	6.5194952e-01	4.2467600e-01	2.2987923e-01	-1.9647239e-01	-2.2957356e-01	2.7456868e-01	2.2540857e-01	-1.1764525e-02	-2.9430667e-01	2.9884905e-01	1.0578885e-02	1.4381577e+00	1.5213344e-01	-2.6190820e-01	2.3016150e-01	3.9312489e-02	7.1082532e-02	-8.8110752e-02	-5.6619350e-02	-2.5423998e-01	-2.0747288e-01	3.2083705e-01	9.1784641e-02	-1.3596310e-01	3.0589226e-01	2.0720920e-01	-1.7487004e-01	3.1303227e-02	1.8276691e-01	1.7305554e-01	1.0465030e-01	5.4024480e-02	7.6493397e-02	-2.0196560e-01	-8.0771938e-02	8.2709098e-01	-9.7553408e-01	5.0933999e-01	-2.6944956e-01	1.6892429e-02	2.2511569e-01	1.2749407e-01	-4.1529468e-01	9.0636894e-02	7.3149994e-02	-1.1459126e-01	-8.4620155e-02	2.0761146e-01	-5.9086239e-01	9.4630353e-02	1.9423731e-01	1.2244003e-01	3.2826934e-02	2.6602340e-01	2.2502132e-02	-1.3909839e-01	-1.6614276e-01	-1.7203037e-01	-8.8701524e-02	1.2108650e+00	-5.1412588e-01	-3.9907923e-01	3.4408964e-02	-2.9269627e-01	-1.5853849e-01	-1.2361697e-01	-2.2171664e-01	-1.0336289e-01	-1.7146428e-01	-2.3861779e-01	2.3535709e-01	-7.1988739e-02	7.4319983e-01	-5.1897611e-02	1.2693074e-01	3.2573140e-01	2.8433394e-02	2.4558696e-01	-2.4180703e-01	-2.4460761e-01	-2.7789074e-01	1.3711140e-01	-9.2096981e-03	1.7018320e-01	6.5081114e-01	-3.6083348e-02	1.5533222e-01	2.8826238e-03	-1.8006173e-01	-2.9487529e-01	1.3734117e-01	-3.5730742e-02	4.4309077e-01	1.3529016e-02	2.0259131e-01	-1.2575846e+00	1.0582373e+00	-3.7414122e-01	-6.7327774e-01	-4.4515365e-01	-2.2066616e-01	7.5826660e-02	7.2837490e-01	2.7389657e-01	2.0836923e-01	1.2271990e-01	1.6419370e-01	1.0538513e-01	1.6417800e-01	2.4845114e-01	2.7735671e-01	-3.0318090e-01	-1.7302203e-01	-2.8881222e-01	7.2844796e-02	1.0085265e-01	8.8508658e-02	-1.5692510e-01	-1.3827886e-01	-9.4668543e-01	5.6038445e-01	-3.5365257e-01	-8.2267314e-02	-2.7830148e-01	1.9990000e-01	-3.1528226e-01	8.1907928e-02	3.7134737e-02	1.8100390e-01	3.2931724e-01	1.5180096e-01	1.6074356e-01	-1.9767967e-01	-4.2667493e-01	2.4035157e-01	-5.8778889e-02	-3.2248598e-02	1.7473938e-01	3.1016460e-01	4.1314334e-01	1.4378504e-01	2.5059211e-01	9.2331231e-02	-1.3432705e+00	2.8422090e-01	5.6185150e-01	-4.5858052e-01	-5.6776196e-01	-4.6273515e-01	-2.2354867e-01	-2.3048939e-02	6.2572181e-01	3.8986349e-01	4.5889646e-02	-6.0374397e-03	-1.4483379e-01	4.7974873e-02	-4.6884394e-01	1.9753969e-01	-2.5830573e-01	2.2749683e-01	3.5082766e-01	2.9728985e-01	-3.4652177e-02	-4.8043543e-01	-1.2619142e-01	1.0298286e-01	3.6260912e-01	8.0438548e-01
-3.4316778e-03	-5.2549320e-01	-2.1875176e-01	-6.1562601e-02	1.8406294e-01	-7.7789432e-01	-8.6635873e-03	-2.0404041e-01	1.8435452e-02	5.7566803e-02	-5.2012438e-01	2.7592307e-01	2.5193354e-01	2.3977122e-01	-2.3340121e-01	1.4586130e-01	-1.1358492e-01	-2.2569081e-01	-7.6228470e-02	-9.1945656e-02	1.3709223e-01	-3.3155221e-01	-2.8758714e-01	2.7712378e-01	-3.0823782e-01	-9.2923798e-02	1.0528560e-01	-4.8664591e-01	2.3667452e-01	3.8939830e-02	8.8637725e-02	-4.4856489e-02	2.3274329e-01	1.0170701e-01	-1.8375632e-01	-3.6790612e-01	-5.0061654e-02	-5.6445289e-02	2.3468329e-01	1.5196176e-01	8.2364745e-02	-9.5966476e-01	-1.3241731e-01	2.5798550e-01	-2.5262687e-01	-3.1866166e-01	-1.3309158e-01	4.5947023e-02	-2.6709653e-02	1.9123787e-01	1.8723388e-01	-3.9719343e-02	1.9183224e-01	-8.0834314e-02	1.3357767e-01	-4.0786707e-01	-7.5214088e-01	-9.2235627e-03	-1.5325421e-01	2.1943597e-01	-1.5765901e-01	1.5210693e-01	-2.2691216e-01	2.2037247e-01	2.4908423e-02	8.9307852e-02	-3.1715408e-01	2.8037548e-01	-1.4380197e-01	-5.2416748e-01	6.3250422e-02	6.2618122e-02	2.1964286e-01	-2.2581059e-01	-8.1441723e-02	-3.2058090e-02	3.7074527e-01	5.3856153e-02	7.2578299e-01	1.4629349e-01	-3.1709921e-02	-6.2082070e-01	6.4827394e-01	-1.5728410e-02	1.4840084e-01	7.9505354e-02	3.5110265e-01	4.7126140e-02	-2.7013379e-01	-2.0973320e-01	2.7210328e-01	-2.7892810e-01	1.6652527e-01	-2.9996755e-02	-4.3601042e-01	1.4131969e-01	-8.5480720e-02	-3.4055740e-01	3.4007881e-02	3.3976391e-01	-1.2781908e-01	2.3226272e-01	-3.6530399e-01	9.4828054e-02	6.7348793e-02	-3.4157607e-01	-2.3170628e-02	-3.4856063e-01	7.3194005e-02	8.9257270e-02	-4.3153039e-01	-4.3583125e-01	2.3388386e-01	-9.5873617e-02	-5.6773865e-01	-2.1962431e-01	4.3626013e-03	1.6240647e-02	8.3552778e-02	1.5737012e-01	-1.4593561e-01	7.1566826e-01	-3.4858918e-01	2.6073095e-01	4.4928432e-02	3.1141919e-01	-1.4718165e-01	-4.1806668e-01	-2.7010509e-01	-1.3535069e-01	-2.8102627e-02	2.7399069e-01	2.0167377e-02	-1.5034723e-01	2.0974676e-01	-1.6063447e-01	1.3936265e-02	7.5726084e-02	-3.4916237e-01	-9.6161485e-02	-2.2632398e-02	-3.0102855e-01	4.3448317e-01	6.9281057e-02	-5.1791972e-01	2.9860887e-01	2.1372519e-01	1.8689668e-01	1.4424779e-01	-2.8167719e-01	-1.2511973e-01	-2.5839752e-01	3.9004183e-01	-2.9151246e-01	5.8216798e-01	-3.2617018e-01	-9.4685346e-02	-2.7115762e-01	3.8913465e-01	-1.3111918e-01	-1.9616967e-01	1.0031031e-02	-3.2594681e-02	2.5694132e-01	-3.1941107e-01	-3.5014626e-01	-5.5306192e-02	5.8377679e-02	-9.5018283e-02	4.8057955e-02	-1.7938970e-02	-1.8117778e-01	1.6640061e-01	4.0641031e-01	3.6881819e-01	2.8310037e-01	1.8285348e-01	-8.0190636e-02	6.9415319e-01	7.3573045e-02	3.0523619e-01	-8.0566347e-02	3.6098826e-01	-3.9474937e-01	-3.6620289e-01	-4.7656637e-01	-5.1765317e-01	2.0039286e-01	-3.6438197e-02	-2.8413850e-01	-3.7767440e-01	-1.8713707e-01	-8.0896512e-02	-8.3693173e-03	-8.1890166e-02	5.0956920e-02	2.8123096e-01	-6.2550776e-02	-2.0300199e-01	4.8223281e-01	1.6618158e-01	3.2972801e-02	-1.8338938e-01	2.9250059e-01	-2.4114737e-01	-4.2531928e-01	-1.6332541e-01	-1.1083365e-02	-2.4213032e-01	-4.4647628e-01	-5.2177988e-02	1.4942767e-01	2.4470858e-01	-2.4823146e-01	2.3318034e-01	-4.4232961e-02	-9.8444067e-02	4.7915798e-02	-8.6203641e-01	-3.3216777e-01	4.9995691e-02	1.1354098e-01	2.6926357e-01	3.5047975e-01	9.0522766e-03	6.2541641e-02	7.7881493e-02	-1.1006676e-01	3.8921973e-01	-6.2991314e-02	3.3367310e-02	1.3506290e-01	-4.3951571e-02	-2.0151979e-01	2.6277992e-01	1.3129626e-01	-2.2024660e-01	-6.4417221e-02	-2.5773522e-01	-1.0379014e-02	-2.1134118e-02	5.1373857e-01	-3.0456465e-01	1.7216861e-01	2.6954678e-01	-1.4451651e-01	-4.8744470e-02	1.5774725e-01	5.5818349e-01	1.1470855e-01	-2.5407842e-01	2.2176643e-01	2.6496568e-01	2.1197009e-01	-3.9078283e-01	-1.2263928e-01	4.6461314e-02	3.1468427e-01	8.6233757e-02	5.7672632e-01	3.0685636e-01	1.1424753e-01	1.3269258e-01	-2.4701081e-02	1.7377755e-01	-2.3517406e-01	-2.2652103e-01	-3.7140128e-01	-2.0917185e-01	-3.3157043e-02	3.1991565e-01	-1.4282447e-01	-3.6073808e-02	-3.4181553e-01	2.4728225e-01	-8.6512350e-02	-3.0728692e-01	-6.2977523e-02	1.7332159e-01	-1.6583796e-01	-5.0703311e-01	2.8127149e-01	1.2633006e-01	-1.0068908e-01	8.1896186e-03	9.7828461e-03	3.3921421e-01	-4.1759714e-01	-4.4703394e-02	-5.4043584e-02	1.1459473e-01	1.9356042e-01	1.3700534e-01	2.1404551e-01	-1.0767125e-01	5.0226277e-01	-3.3209452e-01	-2.3063105e-02	-6.7504060e-01	2.5390708e-01	-2.8263706e-01	-4.6064496e-02	-8.6944923e-02	2.4312592e-01	3.0953455e-01	7.7664264e-02	-4.3644663e-02	2.5273058e-01	2.2142103e-01	-3.0891892e-01	2.5305992e-01	1.1580145e-01	4.7849712e-01	-4.7954741e-01	-3.8165441e-01	-1.5764794e-01	3.0617222e-01	-3.7321765e-02	3.6819643e-01	4.1109154e-01	1.8777236e-01	2.5960827e-01	-1.6104667e-01	3.4503728e-01	7.0812419e-02	-8.5713632e-02	-1.3830039e-01	-2.0972238e-01	1.7192566e-01	3.8740367e-03	-3.1380403e-01	-1.2886260e-01	1.1730458e-01	1.7352355e-01	6.6867071e-01	2.5633720e-01	-1.1007138e-01	-5.4092330e-01	6.3667345e-01	2.6847935e-01	3.3530951e-01	2.5435415e-01	2.1586381e-01	-1.4476743e-01	-3.4084028e-01	-4.3789688e-01	-7.2246887e-02	-1.9726055e-02	2.5213501e-01	-2.8755566e-01	-6.2598151e-01	-8.7483160e-02	-2.0267271e-01	2.0252195e-01	-3.2471010e-01	8.4697068e-02	2.7027756e-01	1.0408708e-01	4.7784485e-03	-3.4764719e-01	-2.0692216e-01	-8.2476825e-02	-6.3182741e-01	-1.4296715e-01	1.0010576e-01	-3.2300147e-01	4.5335671e-01	3.2178900e-01	-3.4828451e-01	-1.5858190e-01	1.4420213e-01	-7.5531982e-02	-4.0476167e-01	-2.8615543e-01	-1.3135552e-01	1.2257403e-01	4.7827107e-01	-1.5271331e-01	-3.4934256e-02	1.1880731e-01	-1.4496991e-01	-4.0224544e-03	-8.1574476e-01	3.6369333e-01	-9.3324989e-02	4.8156284e-02	1.6858286e-01	4.0279347e-01	-3.4660980e-01	-5.2198774e-01	-1.2798290e-01	-6.0364407e-01	-7.5069614e-02	1.0273157e-02	-4.7229251e-01	1.7089953e-01	4.0470189e-03	4.4182286e-01	-3.5960965e-02	5.5104580e-02	-3.5615066e-01	1.6571386e-01	-1.9849433e-02	1.9292277e-01	3.2093740e-01	3.4058753e-01	2.1180354e-01	-1.8417816e-01	-3.9731047e-01	-2.2482634e-01	4.6059042e-02	-1.3592970e-01	2.9822886e-03	-3.0452460e-01	-1.1495423e+00	-1.5957923e-01	1.2713662e-01	1.0855682e-01	-3.7717089e-02	3.0055871e-02	2.1425530e-01	-4.7533575e-02	1.2546362e-01	3.3917493e-01	-2.2149800e-01	-4.8824424e-01	2.7179483e-01	-7.2983876e-02	2.7933624e-01	-8.5340105e-02	-2.8011799e-01	-3.8213632e-01	-3.3213606e-01	-3.1874921e-02	-9.2943825e-02	-1.8121669e-01	2.7067649e-01	1.0064150e-01	-8.0484360e-02	-5.0666863e-01	-3.1758678e-01	2.3391120e-01	2.6710400e-01	1.3707300e-01	2.4409533e-02	-2.9873118e-01	-6.1341375e-01	-3.7437791e-01	-1.1755575e-01	-8.8031683e-03	1.7177549e-01	2.3147300e-01	1.1860124e-01	-3.7979528e-01	-1.1224527e-01	-1.1245357e-01	-1.2847170e-01	-5.2634263e-01	-1.5875579e-01	-3.8182434e-01	1.4830802e-01	-1.9674133e-01	-4.1584492e-01	-1.4052927e-01	4.4568375e-02	-8.7219805e-02	-5.9162623e-01	-2.8760812e-01	-2.3703435e-02	2.6777616e-01	1.8381781e-03	-1.0367657e-01	2.6389113e-01	5.2774858e-01	1.6918892e-01	1.3667771e-01	-7.8028977e-02	3.8119718e-01	5.4028642e-01	-8.7555744e-02	-1.4807090e-01	4.0492713e-03	-3.1463307e-01	-1.5567018e-01	-2.2629559e-02	2.4761546e-01	6.8741411e-02	-3.0342096e-01	-3.0442357e-01	-3.1221619e-01	2.6493639e-02	1.3353685e-01	-1.6234872e-01	-2.0453963e-02	-4.8800319e-02	2.0312898e-01	1.3961855e-01	-9.5983125e-02	-4.5198202e-03	6.8721712e-02	-1.5437344e-01	-2.0935474e-01	-8.7891631e-02	-4.8977073e-02	-1.3213044e-01	6.9460422e-02	2.5345671e-01	-4.3962102e-02	2.1792331e-01	4.2913705e-02	-1.5766637e-01	-3.1824452e-01	-1.2008908e-01	9.2183039e-02	-2.5898448e-01	1.9029897e-01	1.5071908e-01	1.3168800e-01	-1.1037959e-01	-2.0885570e-01	-1.2793471e-01	-2.1357526e-01	-2.0176385e-01	-1.1939614e-01	-3.0926801e-02	-1.4989641e-01	1.0230928e-01	5.4667454e-02	1.6585243e-01	1.2442750e-01	-1.4052221e-01	-2.6864871e-01	1.5656774e-01	-1.8867026e-01	1.0123142e-01	-1.5412755e-02	-4.3815322e-02	7.5480737e-02	-2.7156204e-01	-2.7540302e-01	8.5174739e-03	-8.4313229e-02	-2.6107866e-01	-3.7431668e-02	2.7688012e-01	-4.7987808e-02	1.7173536e-01	5.1349983e-02	8.9618459e-02	-9.2018001e-02	3.0706176e-01	4.0009335e-01	-9.6697249e-03	-6.9014668e-01	2.3020828e-01	6.8489127e-02	1.7207137e-01	-2.8860670e-01	-6.1657363e-01	-2.0276314e-01	-1.7875761e-01	4.5048721e-02	-3.7110233e-01	-2.7491671e-01	-1.8907426e-01	-1.4840297e-01	1.7496178e-01	-8.3953097e-02	1.7615306e-01	5.5796111e-01	-1.6082948e-01	-1.8674003e-01	-2.8013176e-01	2.9213426e-01	-1.8177472e-01	-1.8502593e-01	4.3728650e-03	1.5537907e-01	-2.4519764e-01	3.2167816e-01	-2.8475779e-01	-4.2231372e-01	-2.0700230e-01	-1.1839683e-01	2.1703292e-01	1.8938488e-01	-4.5954654e-01	-7.8337125e-02	-9.5873974e-02	1.5814558e-01	4.7688410e-01	2.8114241e-01	-2.2793956e-01	7.0644063e-03	5.2338567e-02	1.8095857e-01	2.8566435e-01	-1.2326287e-01	-2.7891030e-03	-2.6355091e-01	-8.1268889e-01	-5.0115532e-01	-3.1706500e-01	2.0422615e-01	1.3927194e-01	7.8424968e-02	-5.4499751e-01	-4.6627140e-01	2.1435061e-01	3.3251324e-01	2.0410573e-01	9.5454067e-02	3.3233251e-02	-1.3969932e-01	-1.9655038e-01	1.0327748e-01	-3.2174259e-01	2.7118915e-01	2.9428840e-01	5.9509691e-02	-2.8038087e-01	3.1238499e-01	-3.0955350e-01	-9.6799031e-02	1.4041415e-01	-1.8757020e-01	-4.4177208e-02	1.7382939e-01	4.1865610e-02	3.5655233e-01	-3.1555942e-01	-1.8984631e-02	-5.3876215e-01	3.4071546e-02	-3.1874750e-03	1.5901904e-01	2.1778139e-01	4.2377964e-01	-1.4816398e-02	-3.4978473e-01	-1.8309844e-01	5.6838262e-01	1.9669491e-01	1.6474368e-01	7.0756212e-02	-1.5798837e-01	8.6211495e-02	1.4869052e-01	1.0912491e-01	-4.6165578e-02	1.3956111e-02	3.7955627e-02	2.4745454e-01	9.9404849e-02	5.7441479e-01	2.7224666e-02	-1.0439128e-01	-6.6497415e-02	7.0721662e-01	1.5095717e-01	1.4883316e-01	1.5801643e-01	2.4143183e-01	-1.3150111e-02	-2.0414776e-01	4.3674249e-02	-4.1939732e-01	1.3754342e-01	-8.1374511e-02	-2.9028589e-01	-6.7554313e-01	2.7382547e-01	-2.9942214e-01	1.6575146e-01	1.1544762e-01	-1.0716960e-02	-2.8539219e-01	6.1859343e-02	2.7048990e-02	-2.8559911e-01	3.0995888e-01	-2.0549549e-01	9.3868710e-02	3.1238136e-01	3.4667888e-01	7.5217813e-02	5.8579171e-01	-8.3901145e-02	2.6271944e-03	-1.8535753e-01	6.4059144e-01	2.4612613e-02	-2.2949088e-01	1.7615213e-01	8.6142145e-02	1.0465828e-01	-5.7028002e-01	2.9945532e-02	-1.3383432e-01	2.5941607e-01	2.3233917e-01	-1.5680481e-01	-6.9012946e-01	-6.7454092e-02	6.7647576e-02	-1.8216778e-01	4.2070401e-01	4.1083553e-01	-2.1866021e-01	-3.8763484e-01	9.4794028e-02	-2.9202953e-01	9.7258978e-02	1.0124320e-01	-2.1911226e-01	1.4361010e-01	1.9713216e-01	3.3276093e-01	-2.8788793e-01	-1.9325086e-01	1.9011578e-01	4.2669073e-02	-5.8999054e-02	-1.8800421e-01	-1.7290322e-01	1.9348480e-01	4.2980541e-02	-4.4473061e-01	-4.2901197e-01	-8.3141424e-02	-4.8940140e-01	1.5167198e-01	-1.8078920e-01	-8.2101457e-02	-7.3640418e-01	-6.4415914e-01	3.0254331e-01	2.9006004e-01	-3.6627597e-01	2.2862785e-01	-2.0027889e-01	-2.5912160e-01	-9.4469450e-02	6.1376941e-01	-2.3611499e-01	3.0438355e-01	-6.0578394e-01	7.8067649e-03	-2.7582020e-01	-1.0617725e-01	1.9833532e-01	2.4817687e-01	1.2411413e-01	-2.5212952e-01	8.8700458e-02	8.9325704e-02	2.0421496e-01	-1.7961480e-01	-2.1871105e-01	2.4948362e-01	4.6573460e-01	-5.4343092e-01	-2.4584356e-01	3.2825347e-02	-9.3014374e-02	2.4055742e-01	2.0226914e-01	2.3635386e-01	-4.1415662e-02	-4.5240870e-01	7.6610394e-02	3.0022886e-01	2.2917050e-01	-1.2552850e-01	-2.7100950e-01	-6.0150404e-03	-1.2630072e-01	-2.2489482e-01	4.1662148e-01	1.7889813e-01	-1.4603339e-01	-2.8733826e-01	-2.9494241e-01	1.1396421e-01	4.6463691e-02	1.1426390e-01	-2.3752107e-01	1.5550029e-01	1.5033878e-01	2.4186969e-01	6.5174654e-02	1.5830973e-01	4.8714584e-01	4.0606469e-01	-4.7066122e-02	-7.5061098e-02	3.9918631e-02	1.8914932e-01	7.8867257e-01	1.3555439e-01	-6.1484590e-02	-5.4807872e-02	-1.6169259e-02	1.7331085e-01	9.6226454e-02	-1.8117322e-01	-1.5925282e-01	-5.9031361e-01	1.8113869e-01	3.4812704e-02	-2.1392660e-01	1.3951273e-01	1.6753638e-01	6.1980937e-02	6.2496334e-01	1.6964579e-01	-3.4079847e-01	6.5675855e-02	2.1268912e-01	-2.1775775e-01	3.6100775e-01	-6.3632235e-02	9.9314004e-02	-2.3032424e-01	-8.2704037e-01	-7.8119829e-02	1.3077833e-01	1.1388618e-01	2.1243599e-01	1.4734343e-01	-9.8821884e-01	-2.2190161e-01	1.6279250e-02	3.3523992e-01	8.3263837e-02	-2.1872476e-01	3.7903707e-02	-1.8665308e-01	2.0934108e-01	-2.2185577e-01	-2.0507966e-01	-9.3432128e-02	-1.1676892e-01	-7.0383683e-02	4.0258792e-01	-2.9799759e-01	-4.0249392e-01	2.7482459e-01	-3.6028421e-01	-1.3228592e-01	-2.3751546e-01	-1.1593796e-01	-6.5552406e-03	-3.9207664e-01	2.7653888e-01	2.0944841e-01	3.5759228e-01	5.4358196e-01	-6.2798554e-01	1.4855371e-01	2.0056400e-01	-2.8796542e-01	-5.9593290e-01	5.4334000e-02	-3.1733543e-02	-3.1929937e-01	2.6748748e-02	1.7728913e-01	3.9573246e-01	1.6488002e-01	2.0793773e-01	-3.9113367e-01	7.4500032e-02	-4.9097896e-01	2.0636247e-01	7.6406926e-02	-7.1929798e-02	9.9330075e-02	-4.2773411e-01	-2.3004673e-01	-3.1423214e-01	-3.2642579e-01	-1.1586358e-02	1.6880131e-01	1.5868974e-01	3.8798022e-01	-2.7251780e-01	-1.7303632e-01	-6.9645697e-01	4.8817393e-01	-6.3408494e-01	1.5297686e-01	-4.9874365e-02	-1.6716030e-01	8.2837299e-02	-1.3520080e-01	-6.1699644e-02	-1.7357025e-01	-4.1396517e-01	-5.8705622e-01	1.9033652e-02	-3.7479848e-01	-2.1073835e-01	9.0346351e-02	7.9262637e-02	-2.3713128e-01	1.6028976e-01	-3.8309497e-01	-2.4168111e-01	2.8697914e-01	-2.1443737e-01	-2.1605843e-01	-5.3078723e-01	3.2352000e-01	3.0625266e-01	-2.4139899e-01	-1.7552155e-01	-1.1728097e-01	2.5718322e-01	-2.4821225e-01	6.0015541e-01	4.6049675e-01	1.9470770e-02	2.8277701e-01	7.2818995e-04	-3.6388052e-01	2.3477235e-01	-1.2880565e-01	5.1311523e-02	-2.2903169e-02	1.7565353e-01	-2.5860092e-01	-2.0613517e-01	-8.1989154e-02	5.1151346e-02	-1.4622521e-02	-1.1757406e-01	-2.3356383e-01	2.4522448e-01	-2.1667710e-01	-4.8218783e-02	-1.8253580e-01	2.5391540e-01	1.9948164e-01	-2.3630503e-01	-9.5565572e-02	2.4665669e-03	-1.9162130e-01	-3.3190262e-01	2.1603285e-01	-1.6174576e-01	-2.5838715e-01	-6.0421385e-02	1.7558008e-01	4.9304292e-02	1.1003665e-01	1.3189405e-01	2.9430208e-01	-1.9827245e-02	-2.9651977e-02	-4.3043435e-02	1.3317162e-01	-6.2051713e-01	-4.1049156e-02	-2.3410499e-01	-3.7610573e-01	-2.7542827e-01	-1.1880628e-01	-4.3693583e-02	-1.8432255e-01	-1.1481902e-02	-3.1866142e-01	1.4513274e-01	-7.5978987e-02	1.1626184e-01	2.7040327e-01	-5.6340307e-01	3.0311531e-01	-2.8161885e-02	1.8248931e-01	1.2023874e-01	3.2983935e-01	-3.5570558e-02	-2.9529026e-01	4.0134782e-01	2.2726592e-01	-3.5194579e-01	2.8979665e-01	-1.4361218e-01	-5.8005184e-01	-3.1404874e-01	8.5438535e-02	2.7913895e-01	-1.2249563e-01	1.1010371e-01	1.6549648e-01	-3.2458463e-01	8.0523573e-02	-7.6304726e-02	6.6244848e-02	1.9091296e-01	3.2466763e-01	-5.3167261e-02	1.4819762e-01	1.2073305e-01	9.7600687e-03	5.2853471e-01	1.0824569e-01	1.7964800e-01	-1.8601912e-01	1.0498304e-01	-1.5879351e-01	-1.9249635e-02	3.0226955e-01	4.8093643e-02	2.9834348e-01	-3.8625091e-01	-3.4610370e-01	-3.3590755e-01	9.7046360e-02	-2.3214212e-01	3.0613083e-01	-4.7690701e-02	-2.5786829e-01
-2.3535772e-01	-8.3699919e-02	5.0511148e-02	3.6499378e-01	2.7677450e-01	1.6530244e-01	2.3146945e-01	2.9623699e-01	2.9605439e-01	2.3036994e-01	-2.6869848e-01	-4.1410789e-02	-5.0396342e-02	5.0661404e-02	2.8779477e-01	-7.7284896e-03	2.8420004e-01	-8.5747652e-02	1.6871990e-01	-8.7513380e-02	-9.0364441e-02	-1.1758677e-01	1.9154474e-01	1.5265147e-01	1.1648351e-01	2.8325066e-01	-4.2870572e-01	-3.6491703e-02	4.8193121e-01	9.4760492e-02	-1.9122945e-01	-3.3435735e-01	-2.7760649e-01	-2.0188969e-01	-9.2340276e-02	5.7115322e-01	-1.4976521e-01	-6.4340182e-02	-3.0265504e-01	-2.7840281e-01	-1.1298574e-01	1.3060145e-01	9.8537378e-02	2.0719440e-01	-4.5206302e-01	4.1226607e-02	7.2984688e-02	-2.1142824e-01	-1.0016961e-01	1.3854028e-01	-4.6692488e-01	-3.7637448e-01	1.8730281e-01	4.9286168e-02	2.4356212e-01	-4.5169953e-01	-1.0476439e-01	3.2572314e-01	-3.5145842e-02	2.4343523e-01	7.2363800e-01	5.2317899e-02	3.6229485e-01	-2.2310899e-01	9.4316646e-02	-4.1303566e-01	-1.9897921e-01	-3.6433330e-01	2.5471288e-01	-2.5443780e-01	3.3550355e-01	-5.0247673e-02	-5.2484483e-02	-4.0503356e-01	-1.6463831e-01	1.7944792e-01	-4.6920252e-01	6.5842643e-02	-3.7097093e-01	-1.0736918e-01	1.5422368e-01	2.4021667e-01	-1.8676028e-01	5.7707369e-01	2.0728652e-01	-3.4363654e-01	-8.8429266e-01	-4.7636077e-01	-2.0766260e-01	-2.8617373e-01	3.7167960e-01	-3.5041994e-01	-1.6137265e-01	2.4469483e-01	4.2039335e-01	-7.7491932e-02	8.4778182e-02	1.9334230e-01	-2.1045591e-01	1.0997635e-01	6.6494167e-02	-2.9553932e-01	1.2674606e-01	-1.4111821e-01	-2.8570566e-01	1.6210021e-01	1.1644885e-01	-2.8414041e-01	2.3552336e-02	1.0759542e-01	1.9609824e-01	-2.9037327e-02	7.6926827e-02	-6.7750454e-02	-2.0665230e-01	1.2168866e-01	-2.1087873e-01	-2.5882074e-01	-2.1698704e-01	-2.3782648e-01	-3.0970949e-01	1.6112968e-01	1.7097689e-01	-2.4702661e-01	-2.2689736e-01	1.6993344e-01	9.8857231e-02	2.0316842e-01	3.3504289e-01	-1.7354198e-02	1.0773536e-01	1.4650907e-01	-6.1135209e-01	-7.0957176e-02	1.9752616e-01	3.0164364e-01	1.9035006e-01	-1.6541283e-01	-3.3457330e-01	-4.0016210e-01	-1.2724974e-02	2.9838496e-01	-2.8620693e-01	2.8189579e-01	-1.5164420e-01	-2.1520190e-01	-1.8581247e-01	2.5067985e-01	6.7326641e-03	-4.5639813e-02	-4.3626774e-02	1.1908799e-01	2.1089059e-01	3.2342333e-01	-1.7262369e-01	8.2071692e-02	-2.6551002e-01	1.2941824e-01	7.7202171e-02	4.1412908e-01	-1.0129844e-01	-3.9882490e-01	2.2835596e-01	-7.7798307e-02	7.1324751e-02	2.3438124e-01	-4.4809565e-01	-1.5565078e-01	-1.5812954e-02	8.6588107e-02	-2.8536698e-01	-1.0680440e-03	-9.0145446e-02	-9.4075672e-02	2.5909925e-01	1.5267643e-01	1.0551678e-01	-2.8564643e-02	-2.9032318e-02	3.8072713e-02	2.2868818e-01	1.0261876e-01	-3.0671766e-01	6.1517913e-02	-1.9407894e-01	-1.7629945e-01	-2.8748075e-02	1.9354130e-01	-1.1141935e-01	1.1847761e-01	1.8259750e-01	-3.2295945e-01	-4.7424743e-01	-1.4970200e-01	1.9445336e-01	-6.4693421e-01	6.5454990e-02	-5.9250787e-02	-2.1653783e-01	-3.2541984e-01	1.5706893e-02	7.6991883e-03	7.9271443e-02	6.5864630e-02	-1.6819513e-01	-1.3305032e-01	3.2378506e-02	-2.1574050e-02	9.0904906e-02	-8.4917992e-02	1.6879825e-01	-1.0126656e-01	-9.9133857e-02	1.2340309e-01	1.2981737e-01	-5.3606379e-01	-1.4472593e-01	-2.1446319e-01	2.7950507e-01	-3.7764797e-01	2.4091369e-01	-2.8186387e-01	3.5442272e-01	-4.6085680e-01	2.8749784e-02	-1.1143848e-01	2.3698336e-01	-1.1217164e-01	1.2854227e-01	-9.2929907e-02	9.7785920e-02	4.2873621e-02	1.8195768e-01	2.8627539e-01	-2.7526671e-01	-3.4864494e-01	-1.8976761e-01	-2.0771754e-01	-5.8561232e-02	-1.1396785e-01	2.4428442e-01	-3.2860520e-01	-1.8738961e-01	8.6118504e-02	-1.6766021e-01	-6.7335509e-02	-1.9210781e-01	-1.7549226e-01	3.0186094e-02	-1.2636958e-01	-4.1699823e-02	-3.8686767e-02	1.2605579e-01	7.3698670e-02	4.6038933e-02	1.2289552e-02	-1.7924498e-01	-1.5646338e-01	-9.3168885e-02	4.1539231e-01	-1.2708330e-01	-3.0658147e-01	1.1110099e-01	2.6602143e-01	6.2067661e-02	6.3736364e-02	-2.4117036e-01	2.6106033e-02	-2.2086988e-01	1.6724050e-02	6.3995360e-03	-7.4710310e-02	-1.0361105e-02	-2.1271778e-03	-2.1092618e-01	-3.0250973e-01	1.6086771e-01	-8.0360763e-02	4.0909728e-01	-2.8728458e-01	9.3846761e-02	4.3738708e-02	-1.3630915e-01	3.1011960e-01	1.8495616e-01	1.0926050e-01	-1.5793464e-01	3.2793131e-02	5.5635892e-02	2.0477828e-01	-7.1500331e-02	-2.7396581e-01	-3.3535361e-01	-8.4187247e-02	2.4044205e-01	3.4908339e-01	1.0332621e-02	2.9478276e-01	-5.5792867e-03	1.8072796e-01	-6.0494858e-01	1.3495044e-01	3.4351027e-01	2.0549592e-01	1.6123682e-02	4.5021433e-02	-4.3363786e-01	-4.4336930e-01	-4.8991159e-02	-1.0411804e-01	-2.1289915e-01	-5.4643028e-03	1.0061421e-01	-1.2812595e-01	-1.2569027e-01	-4.8034983e-03	-1.2945554e-01	-4.5137506e-02	-7.3539428e-02	-2.4104895e-01	-3.1595927e-01	1.8919690e-01	4.7919720e-01	-1.0198503e-01	-4.4596311e-01	-1.3406954e-02	1.2508859e-01	1.4757594e-01	-2.5687197e-01	-9.3481146e-02	2.9574281e-01	2.5152054e-01	3.3789432e-01	5.2524950e-02	-3.2873419e-01	-2.6407838e-03	1.0077143e-01	-2.8584144e-01	3.7164146e-01	1.2333783e-01	3.2845414e-01	-2.1041876e-01	2.8350613e-01	-7.9832815e-02	-1.9737960e-01	7.5557046e-02	2.0335889e-01	-1.8370622e-01	-6.9908285e-01	-2.3706672e-01	-2.2481123e-01	-2.2943833e-01	-4.1193254e-03	-9.1019019e-02	-6.9838487e-02	5.9264991e-03	-1.9469781e-01	4.0953320e-01	3.3285457e-01	-2.3700905e-01	6.3994147e-02	-8.5009493e-02	4.4942102e-01	-3.5498652e-01	3.9037222e-01	-1.0855088e-01	-8.0376968e-02	4.1748728e-03	2.6531324e-01	-1.2778379e-01	1.1927976e-01	1.3439672e-01	3.3407906e-01	2.6418880e-01	1.1032885e-01	8.4767438e-02	1.6434161e-01	3.2569292e-01	-2.8298825e-01	-1.3842273e-01	-2.2771446e-01	8.0158010e-02	-9.5284367e-03	-2.9889790e-02	4.1687652e-03	7.0054121e-02	-3.7374490e-01	-5.0796065e-02	2.2907549e-01	-5.5128228e-02	-4.4793469e-01	-1.8826585e-01	1.5114720e-01	-3.2282226e-02	-4.7402684e-02	-1.2554927e-01	-9.5696032e-02	4.9647294e-02	2.8311497e-01	1.6934559e-01	1.5554139e-01	-1.4303331e-01	2.8584409e-01	-2.7304048e-02	-3.9681399e-01	1.3409410e-01	-3.3487450e-02	1.9207211e-01	-2.2348118e-01	-2.1534945e-01	1.1677896e-01	-2.1130170e-01	4.7641242e-01	-1.4955209e-01	-8.1893653e-03	-9.0164565e-02	-4.6833571e-02	3.2618177e-01	7.9104766e-02	2.6501140e-01	2.3079488e-01	-2.4780239e-01	2.0519541e-01	-1.2831233e-01	3.7757385e-01	3.2787791e-01	-3.9296088e-01	-1.6082084e-01	-5.0784326e-01	3.1330296e-01	4.6584595e-02	1.2215462e-01	-2.8223807e-01	3.1842190e-01	-7.2181344e-02	-3.0447338e-02	-1.9577953e-01	1.3300888e-01	-1.3593136e-01	3.3687901e-02	-1.0416792e-01	-3.6928958e-01	-3.8775164e-01	4.4331113e-01	1.0322993e+00	1.8143143e-01	6.0460526e-01	-2.8008351e-01	1.1269991e-01	-2.4086326e-01	-2.1284263e-01	3.6052135e-01	-2.0861459e-01	2.6511805e-02	2.0140426e-01	-1.8994795e-01	1.3054158e-01	9.0081505e-02	-2.3692857e-01	-7.5863086e-02	5.3570479e-02	-2.3882288e-02	2.6688224e-01	9.8656081e-02	-1.8833834e-01	3.1589776e-02	-1.0607243e-01	-8.2225569e-02	-2.1392033e-01	-1.4193244e-02	1.7360288e-01	3.9250970e-02	2.1720114e-01	-9.6953340e-02	-1.0316785e-01	4.0111294e-01	3.4960315e-01	-1.2175485e-02	-1.5570956e-01	3.2330194e-01	-3.9682109e-02	-1.2616654e-01	4.0199193e-01	-1.1491375e-01	1.2842198e-01	4.0754908e-01	9.1278136e-02	2.0742081e-01	2.7449414e-01	-3.8860929e-01	5.6254107e-01	-1.1653715e-01	4.3555218e-01	-4.3834778e-03	1.3897048e-01	7.4699879e-02	1.5187259e-01	1.7428397e-01	1.6263790e-02	2.8985468e-01	2.1568333e-01	-2.5266534e-02	-2.2892608e-01	-3.1304690e-01	2.2306295e-01	-3.7972435e-02	-9.0049781e-02	-6.2173452e-02	-3.2374358e-01	-6.7406401e-02	3.1749246e-01	2.3055512e-01	-1.6075540e-01	2.4740726e-01	-4.7668748e-02	2.6270401e-01	-2.0305660e-01	-2.3618087e-01	-4.4840989e-03	-2.0586891e-02	3.6999685e-01	7.1843393e-02	-4.2012814e-01	4.1713145e-01	-2.0748043e-01	1.0348254e-01	2.3764271e-01	1.6887942e-01	2.8666076e-01	1.5100716e-01	2.1050674e-01	-4.0128601e-01	1.5355717e-02	2.5249380e-01	-8.6343791e-03	1.2614256e-01	-3.4399587e-01	-3.6194944e-01	6.4486057e-02	3.6051223e-01	7.8696376e-01	1.6573738e-01	-3.3671626e-01	-4.3551254e-01	3.4059990e-02	2.3268148e-01	-7.5779364e-02	-2.0007814e-01	-2.7810017e-02	3.9085504e-01	-6.8008816e-01	-5.3063035e-01	2.3093584e-01	-3.3934824e-02	4.5141410e-02	-3.8573515e-01	2.4556465e-01	-3.7740171e-01	-1.7268534e-01	2.9561815e-01	1.4994206e-01	-5.1553443e-02	1.3806842e-01	-1.2716474e-01	-2.4544922e-01	-4.4129559e-01	-1.9539192e-02	1.9977967e-01	-6.9787890e-01	4.9613692e-02	-1.8668167e-02	-1.9541869e-01	3.0603322e-01	-2.4401520e-01	6.7262125e-01	-1.7844974e-01	-2.5962490e-01	-5.8721557e-02	-2.3358048e-01	3.5569331e-01	-3.6382312e-01	-7.2624885e-02	1.8708892e-01	1.6780163e-01	1.8794519e-01	-1.5101944e-01	-3.3520207e-02	1.9885470e-01	-3.7493655e-01	9.1279358e-02	-9.0339027e-02	4.8294187e-02	2.3169488e-02	-2.2928561e-01	-1.0138953e-01	1.9423522e-01	-9.0939067e-02	9.2222214e-02	2.4665695e-01	-1.7328839e-01	1.7333736e-01	-7.1920998e-02	-3.5715890e-01	1.7858285e-01	1.0904985e-01	-2.2885491e-01	-8.4638782e-03	2.6615387e-01	-1.6493128e-01	-3.5434657e-01	-3.3068657e-01	3.9532325e-01	1.9007796e-01	-9.5763028e-02	-2.3763831e-01	1.1461094e-01	2.0171069e-02	-3.4034699e-01	-2.6753902e-01	3.2690004e-01	-5.6376833e-01	-3.8621557e-01	3.2388121e-01	-1.3238996e-01	-2.1430540e-01	-1.4225793e-01	-6.0156137e-02	-2.3226443e-01	-3.8395304e-02	3.7737271e-01	3.5434383e-01	-2.1645842e-01	-1.6389757e-01	1.3745070e-01	-7.8970931e-02	1.8342693e-01	6.4198703e-01	-1.8930101e-03	4.3543398e-01	8.2932599e-02	2.4424328e-01	-3.0026847e-01	3.9234254e-01	-2.6131964e-01	-2.0173860e-01	4.4269210e-01	-1.8719721e-01	-1.6306704e-01	1.1841039e-01	-4.6861002e-01	2.5408903e-01	-2.6470172e-01	5.8583480e-01	-3.1893748e-01	-3.2832152e-01	-1.8522033e-01	-2.8902802e-01	-9.3063700e-01	4.6231431e-01	6.8088478e-01	-1.3889739e-01	-1.7196018e-01	2.9636854e-01	-6.0525572e-01	-4.4482714e-01	4.0507981e-01	-2.6697323e-01	1.5518491e-01	-5.2021736e-01	-3.9683990e-03	-9.8801732e-02	2.9481232e-02	4.4466347e-01	-3.9467521e-02	5.4251760e-01	-4.1696167e-01	-4.5131871e-01	-6.2892862e-02	-2.4943283e-01	1.9825384e-01	7.0795096e-02	-5.0339466e-01	2.8164530e-01	-3.1453869e-01	4.3735826e-01	-8.2341850e-02	-4.9167588e-01	-2.8765142e-01	-1.8970384e-01	1.9168767e-01	2.6347142e-01	2.6359081e-02	1.8984322e-01	3.1243414e-01	-1.6421673e-01	-3.8997975e-01	-2.3050544e-01	2.9200006e-02	1.9552174e-01	-4.0532090e-04	-5.1751751e-01	4.3604366e-02	1.3841745e-01	-2.0354183e-01	2.2744620e-01	4.6470102e-02	2.7585250e-01	-2.3449324e-01	-1.4615785e-01	4.0943125e-01	-1.5541074e-01	-2.0809576e-01	-4.2306386e-02	-5.4196769e-01	5.6331468e-01	-6.6672224e-01	4.0511194e-01	-1.2472058e-01	-6.2220883e-01	-2.4924374e-01	-1.4234629e-01	-4.9539495e-01	6.0354769e-02	7.8929178e-02	-9.0604294e-03	1.9977325e-01	2.6712009e-01	-5.1544219e-01	1.4294219e-01	2.6262587e-01	1.6061163e-01	-4.9760342e-01	-6.8432891e-01	1.8131331e-01	2.5923172e-01	1.3953839e-01	2.1392962e-01	-3.6806849e-01	1.5179724e-01	-2.5156698e-01	-5.0626570e-01	-2.8939856e-02	1.5699307e-02	-3.0333716e-02	-8.2199506e-02	-6.7390984e-01	-2.2325295e-01	-1.9681652e-01	-2.4841902e-01	-7.9560854e-02	1.6551995e-01	5.3490967e-02	-2.7057061e-01	1.5496802e-01	-4.3359183e-02	1.7659642e-01	3.3745296e-02	-2.3259202e-01	-2.3695411e-01	-2.1747819e-01	2.2054072e-01	3.6742434e-01	-6.1405587e-01	-8.3672985e-02	-1.2485725e-01	1.3313501e-01	2.4184340e-01	-8.0171838e-02	1.8975532e-01	5.5645857e-02	4.0668538e-01	-3.7836841e-01	-4.2957071e-02	1.3905531e-01	1.7637724e-01	-1.1723644e-01	1.2649117e-01	-7.5428331e-01	3.1575185e-01	-1.5783226e-01	4.8644152e-01	-2.2716290e-01	-5.3601485e-01	1.6823861e-01	4.6132252e-02	-3.3193490e-01	-1.3965766e-01	2.8592607e-01	3.6896959e-01	1.7042387e-01	-1.2612048e-01	-6.9814175e-01	-2.4782373e-01	1.6456781e-01	-1.8034454e-01	-1.0717425e-01	-8.3462912e-01	-2.7164283e-01	-2.4292623e-01	1.1299418e-01	4.9915675e-02	-2.4752098e-01	7.3256917e-02	-3.1692557e-02	1.7828527e-01	3.4339055e-01	-2.1954176e-01	-3.6902127e-01	2.8960845e-01	-5.5741680e-01	5.1467395e-01	-2.3585479e-01	1.9048600e-01	-1.0507425e-02	-4.1102806e-01	2.5581780e-01	1.0734741e-01	-4.7879669e-01	1.0844149e-01	5.6002861e-01	1.5823834e-01	1.1033931e-01	5.3135699e-01	-1.8814756e-01	-1.5763105e-01	-1.0758358e-02	-5.7971913e-01	-3.2450494e-01	-5.8240569e-01	2.0541872e-01	-2.6482266e-01	2.5708169e-01	-1.1418854e-01	-4.7040980e-02	5.0209057e-02	-1.2660761e-02	-3.5240158e-01	1.0375631e-01	3.1910384e-01	-4.9446705e-01	-3.1149996e-02	1.8101171e-01	3.9227924e-01	1.7385978e-01	3.9728814e-01	1.6592360e-01	-2.2419497e-01	2.5218621e-01	-2.8081930e-01	-2.7639785e-01	1.0768737e-01	-1.7587516e-01	7.2266974e-02	-7.7221340e-01	-2.9309586e-01	-1.0856649e-01	-2.5092453e-01	-5.0381857e-01	-1.4724058e-01	-3.3143604e-01	5.1400566e-01	2.1861051e-03	-1.4976561e-01	-3.0956805e-01	-2.3989269e-01	1.5936975e-01	1.4493114e-01	-1.3744473e-01	3.1308558e-02	-2.4364818e-02	2.2373195e-01	-4.1627895e-02	2.9632005e-01	3.3724579e-01	-7.8253910e-02	-2.8344512e-01	-3.8841754e-01	2.7226374e-01	4.3105286e-01	-2.9000312e-01	3.7857383e-02	3.2356754e-02	-2.6764500e-01	4.3887228e-01	2.4034187e-01	-1.0423809e-01	-5.9678936e-01	-4.1062942e-01	-1.4857440e-01	-3.4718707e-01	-2.5743532e-01	-8.4721260e-02	-2.5441572e-01	-3.2280901e-01	-2.4482054e-01	1.5510948e-01	3.9301550e-01	-3.4986579e-01	-1.4975278e-01	6.7510091e-02	-2.0372371e-01	-6.6570319e-02	5.2062802e-02	3.0713427e-01	4.0333039e-01	-7.1858519e-01	-1.9214086e-01	-2.7783233e-01	-1.2390671e-01	6.3905939e-02	-1.5797253e-01	5.5960260e-02	-1.2378502e-01	2.1978943e-01	2.8999427e-01	-1.2022243e-01	1.8048894e-02	-2.8682283e-01	-1.8105713e-01	3.8618591e-02	5.2091993e-02	4.2112991e-02	-1.0888972e-01	-1.3975404e-01	6.0511377e-02	2.4658315e-01	2.0403482e-01	8.4667847e-02	-2.6561496e-01	2.4113099e-01	3.9125648e-01	-1.5485993e-01	-2.1525408e-01	4.1826835e-01	1.7717397e-01	1.6234055e-01	-2.2288440e-02	-5.5509472e-01	3.9653432e-02	-5.7849157e-01	3.7221169e-01	-4.7788538e-02	-6.6585198e-02	-3.0292735e-01	1.4962210e-01	-3.3968127e-01	2.3201397e-01	-1.4135613e-01	1.6146810e-01	3.6236095e-01	-4.9463701e-02	1.4999278e-01	-3.3241755e-01	4.0427305e-02	2.9220259e-01	-8.8526368e-02	-7.4749537e-02	2.9928869e-01	-2.0001164e-01	-3.2784888e-01	1.4642148e-01	-3.2585332e-01	6.9030747e-02	-6.8263963e-02	1.6533570e-01	8.2930205e-03	-5.2032705e-02	-4.3723886e-03	-4.8638180e-02	-2.8883877e-01	-2.8908012e-02	-8.9766234e-03	-1.0935106e-01	-1.9996661e-01	1.2256776e-01	-4.2745858e-02	1.7353976e-01	2.0471700e-01	-2.5397176e-01	-8.3481096e-02	-1.2789496e-02	-6.2656000e-02	-1.3126691e-01	1.8363883e-01	-2.5718173e-01	-1.0968814e-01	6.4231283e-03	3.5122208e-02	-2.3480561e-01	-1.0475741e-01	-1.5155731e-01	-1.0395952e-01	-2.3957585e-01	2.1693316e-01	2.4573524e-01	-2.6774892e-01	-4.1564137e-02	-4.9745538e-03	-2.1003133e-01	-1.5309289e-01	-2.4290007e-01	-2.8875732e-01	1.1237179e-01	1.1784451e-01	-6.7953169e-03	-2.5294003e-01	-9.5265403e-02	-1.3559730e-01	1.9343281e-01	-9.1209501e-02	-1.6913819e-01	-1.8560898e-01	-3.3658680e-01	-4.0006846e-02	-2.8163061e-01	1.1733260e-01	-4.8096601e-02	-1.5360148e-01	-1.4899530e-01	1.4144048e-01	2.0651530e-02	1.9984499e-01	1.5393038e-02	2.5569541e-02
-3.5248858e-01	-5.1525778e-01	-2.1150082e-01	2.9495862e-01	-8.1061743e-02	-4.4100749e-01	-5.3140193e-01	1.4377128e-01	-3.1834590e-01	2.3820660e-01	4.5560580e-01	2.2160409e-01	-4.8246598e-01	4.2960620e-01	-2.2515239e-01	2.7490819e-01	1.5351245e-01	7.3688895e-01	2.3282832e-01	5.1342642e-01	9.8087066e-01	2.4917831e-01	8.3378458e-01	-1.2032712e-01	5.6261206e-01	7.6074725e-01	-5.4280400e-01	1.7809558e-01	-1.3885275e-01	2.7076271e-01	6.0907479e-02	3.3274347e-01
