0.003249948
0.006357854
0.01235713
0.02197433
0.03533686
0.05173294
0.06954984
0.08630006
0.1011361
0.1164142
0.1343605
0.155741
0.1812035
0.1751292
0.1667851
0.1568338
0.1449586
0.1308514
0.1142049
0.09537207
0.07608397
0.05825195
0.04471336
0.03678204
0.03228236
0.02942665
0.0271179
0.02478719
0.02272956
0.02124942
0.02006612
0.01887786
0.01768465
0.01648648
0.01528331
0.01407515
0.01286198
0.01164378
0.01042056
0.009192271
0.007958942
0.006720542
0.005477056
0.004228472
0.002974776
0.001715967
0.0004520314
 0
 0
 0
